0 0.24609375 0.12734375 0.24375 0.1421875
0 0.715625 0.4359375 0.23125 0.121875
0 0.72109375 0.2109375 0.2359375 0.1328125
0 0.50234375 0.7234375 0.2265625 0.1171875
0 0.48671875 0.434375 0.228125 0.1296875
0 0.46953125 0.109375 0.2171875 0.13125
0 0.246875 0.2453125 0.246875 0.146875
0 0.4796875 0.21328125 0.2328125 0.109375
0 0.6890625 0.0953125 0.24375 0.1390625
0 0.46875 0.03203125 0.2234375 0.0640625
0 0.4828125 0.5265625 0.215625 0.1328125
0 0.6984375 0.5359375 0.21875 0.1109375
0 0.2796875 0.53828125 0.2234375 0.10625
0 0.2796875 0.63203125 0.2203125 0.1015625
0 0.2859375 0.715625 0.196875 0.0984375
0 0.2921875 0.78984375 0.20625 0.1234375
0 0.26875 0.4359375 0.228125 0.109375
0 0.25703125 0.34921875 0.2125 0.1015625
0 0.2984375 0.8625 0.215625 0.0734375
0 0.096875 0.86328125 0.19375 0.0703125
0 0.09140625 0.803125 0.1828125 0.115625
0 0.08671875 0.703125 0.1734375 0.125
0 0.08671875 0.6078125 0.1734375 0.10625
0 0.08203125 0.43984375 0.1640625 0.121875
0 0.08125 0.52734375 0.1625 0.109375
0 0.0796875 0.33515625 0.159375 0.1453125
0 0.0734375 0.20859375 0.146875 0.1203125
0 0.0765625 0.11484375 0.153125 0.125
0 0.46953125 0.3140625 0.228125 0.1203125
0 0.50625 0.79765625 0.234375 0.1203125
0 0.49921875 0.61875 0.2140625 0.1359375
0 0.69453125 0.32265625 0.2234375 0.134375
0 0.71328125 0.625 0.21875 0.1296875
0 0.709375 0.75625 0.20625 0.1359375
0 0.89609375 0.3078125 0.2078125 0.1078125
0 0.91328125 0.21015625 0.1734375 0.1140625
0 0.89921875 0.09375 0.2015625 0.11875
0 0.9046875 0.41171875 0.190625 0.0890625
0 0.90078125 0.5046875 0.1984375 0.1015625
0 0.90625 0.59140625 0.1875 0.090625
0 0.90703125 0.675 0.1859375 0.0953125
0 0.90234375 0.75 0.1953125 0.1
0 0.91328125 0.828125 0.1734375 0.1046875
0 0.2546875 0.0375 0.215625 0.075
0 0.07890625 0.03671875 0.1578125 0.0734375