0 0.75390625 0.12734375 0.24375 0.1421875
0 0.284375 0.4359375 0.23125 0.121875
0 0.27890625 0.2109375 0.2359375 0.1328125
0 0.49765625 0.7234375 0.2265625 0.1171875
0 0.51328125 0.434375 0.228125 0.1296875
0 0.53046875 0.109375 0.21875 0.13125
0 0.753125 0.2453125 0.246875 0.146875
0 0.5203125 0.21328125 0.2328125 0.109375
0 0.3109375 0.0953125 0.24375 0.1390625
0 0.53125 0.03203125 0.2234375 0.0640625
0 0.5171875 0.5265625 0.215625 0.1328125
0 0.3015625 0.5359375 0.2203125 0.1109375
0 0.7203125 0.53828125 0.2234375 0.10625
0 0.7203125 0.63203125 0.2203125 0.1015625
0 0.7140625 0.715625 0.1953125 0.0984375
0 0.7078125 0.78984375 0.20625 0.1234375
0 0.73125 0.4359375 0.228125 0.109375
0 0.74296875 0.34921875 0.2125 0.1015625
0 0.7015625 0.8625 0.215625 0.0734375
0 0.903125 0.86328125 0.19375 0.0703125
0 0.90859375 0.803125 0.1828125 0.115625
0 0.91328125 0.703125 0.1734375 0.125
0 0.91328125 0.6078125 0.1734375 0.10625
0 0.91796875 0.43984375 0.1640625 0.121875
0 0.91875 0.52734375 0.1625 0.109375
0 0.9203125 0.33515625 0.159375 0.1453125
0 0.9265625 0.20859375 0.146875 0.1203125
0 0.9234375 0.11484375 0.153125 0.125
0 0.53046875 0.3140625 0.228125 0.1203125
0 0.49375 0.79765625 0.234375 0.1203125
0 0.50078125 0.61875 0.2140625 0.1359375
0 0.30546875 0.32265625 0.2234375 0.134375
0 0.28671875 0.625 0.21875 0.1296875
0 0.290625 0.75625 0.20625 0.1359375
0 0.10390625 0.3078125 0.2078125 0.1078125
0 0.08671875 0.21015625 0.1734375 0.1140625
0 0.10078125 0.09375 0.2015625 0.11875
0 0.0953125 0.41171875 0.190625 0.0890625
0 0.09921875 0.5046875 0.1984375 0.1015625
0 0.09375 0.59140625 0.1875 0.090625
0 0.09296875 0.675 0.1859375 0.0953125
0 0.09765625 0.75 0.1953125 0.1
0 0.08671875 0.828125 0.1734375 0.1046875
0 0.7453125 0.0375 0.215625 0.075
0 0.92109375 0.03671875 0.1578125 0.0734375