0 0.55390625 0.16171875 0.115625 0.10625
0 0.24609375 0.16328125 0.153125 0.121875
0 0.73828125 0.18203125 0.0875 0.0828125
0 0.40703125 0.15703125 0.121875 0.071875
0 0.64921875 0.15546875 0.125 0.0703125
0 0.4828125 0.26015625 0.121875 0.0640625
0 0.49453125 0.3828125 0.121875 0.0609375
0 0.565625 0.24296875 0.121875 0.05625
0 0.23203125 0.23046875 0.1171875 0.0609375
0 0.32109375 0.1890625 0.13125 0.078125
0 0.3796875 0.7609375 0.1296875 0.0609375
0 0.73125 0.38203125 0.1109375 0.059375
0 0.39765625 0.4125 0.128125 0.059375
0 0.6671875 0.278125 0.121875 0.06875
0 0.3109375 0.38046875 0.1265625 0.0546875
0 0.49375 0.56328125 0.1234375 0.065625
0 0.3078125 0.440625 0.1265625 0.0640625
0 0.734375 0.5640625 0.1015625 0.0671875
0 0.22578125 0.2953125 0.1109375 0.0765625
0 0.3140625 0.321875 0.13125 0.06875
0 0.40546875 0.2296875 0.125 0.0703125
0 0.56640625 0.35859375 0.1265625 0.0625
0 0.665625 0.221875 0.1171875 0.065625
0 0.3 0.72734375 0.128125 0.0546875
0 0.73046875 0.50234375 0.1125 0.0578125
0 0.65546875 0.46015625 0.1296875 0.0640625
0 0.325 0.259375 0.115625 0.0609375
0 0.225 0.5328125 0.1203125 0.0625
0 0.65546875 0.58203125 0.1171875 0.059375
0 0.309375 0.5 0.1265625 0.05625
0 0.64140625 0.6890625 0.121875 0.05625
0 0.39609375 0.8140625 0.1296875 0.0578125
0 0.66171875 0.6390625 0.1265625 0.0546875
0 0.565625 0.48125 0.128125 0.0609375
0 0.6609375 0.3390625 0.121875 0.06875
0 0.30546875 0.6140625 0.125 0.0546875
0 0.73515625 0.32265625 0.1140625 0.0703125
0 0.46796875 0.6140625 0.125 0.046875
0 0.39453125 0.58671875 0.134375 0.0625
0 0.553125 0.70546875 0.1265625 0.05625
0 0.3921875 0.2921875 0.1296875 0.0578125
0 0.73203125 0.25234375 0.109375 0.06875
0 0.49765625 0.19921875 0.13125 0.0703125
0 0.48984375 0.44609375 0.1234375 0.0578125
0 0.48359375 0.50234375 0.1328125 0.0625
0 0.5703125 0.29609375 0.121875 0.065625
0 0.29765625 0.78828125 0.121875 0.0703125
0 0.48671875 0.32734375 0.128125 0.065625
0 0.31875 0.84609375 0.1328125 0.0578125
0 0.22890625 0.35859375 0.11875 0.0671875
0 0.40390625 0.35234375 0.1265625 0.0703125
0 0.33046875 0.8890625 0.1203125 0.0484375
0 0.22421875 0.64921875 0.125 0.059375
0 0.66171875 0.52421875 0.1234375 0.065625
0 0.72265625 0.67578125 0.1140625 0.0578125
0 0.47109375 0.7828125 0.1203125 0.059375
0 0.56640625 0.54375 0.1234375 0.0625
0 0.39296875 0.64609375 0.1265625 0.0546875
0 0.22578125 0.5875 0.1265625 0.0640625
0 0.39609375 0.7015625 0.125 0.059375
0 0.578125 0.42265625 0.1296875 0.0703125
0 0.72734375 0.61953125 0.109375 0.0625
0 0.73828125 0.44453125 0.1078125 0.0703125
0 0.71796875 0.8203125 0.1171875 0.0484375
0 0.5546875 0.7609375 0.121875 0.0546875
0 0.56796875 0.60078125 0.1234375 0.0546875
0 0.221875 0.4234375 0.1109375 0.0671875
0 0.21640625 0.74609375 0.1109375 0.059375
0 0.3078125 0.55859375 0.1203125 0.0640625
0 0.39921875 0.53125 0.1265625 0.0609375
0 0.22265625 0.79296875 0.1171875 0.0703125
0 0.2234375 0.48125 0.11875 0.0625
0 0.39921875 0.46953125 0.128125 0.059375
0 0.2984375 0.67578125 0.1296875 0.0625
0 0.4640625 0.7296875 0.1234375 0.046875
0 0.6390625 0.74296875 0.1234375 0.0578125
0 0.4828125 0.6703125 0.121875 0.0515625
0 0.640625 0.790625 0.1265625 0.05
0 0.2171875 0.88359375 0.121875 0.05
0 0.7046875 0.9 0.1296875 0.0390625
0 0.56328125 0.6515625 0.1328125 0.0546875
0 0.55625 0.815625 0.125 0.0578125
0 0.6515625 0.39765625 0.125 0.06875
0 0.721875 0.72109375 0.1125 0.059375
0 0.21875 0.84140625 0.11875 0.0703125
0 0.48203125 0.8421875 0.134375 0.0609375
0 0.409375 0.871875 0.1265625 0.05
0 0.225 0.69609375 0.1203125 0.05
0 0.72578125 0.7734375 0.1140625 0.046875
0 0.47109375 0.896875 0.1421875 0.0453125
0 0.6375 0.84609375 0.140625 0.05625
0 0.55078125 0.8796875 0.115625 0.0609375
0 0.71953125 0.8671875 0.121875 0.04375
0 0.61796875 0.88984375 0.115625 0.0546875