0 0.49666941875 0.3947602828125 0.47112315625 0.39512879375 0.40725739843750003 0.4054469515625 0.395719409375 0.409933378125 0.39595807031249997 0.41797612187500005 0.415609090625 0.42497772031250003 0.4603151171875 0.41797612187500005 0.5035472750000001 0.41981864062499996 0.531058765625 0.42055566093749996 0.537936553125 0.4095004953125 0.5271284453125 0.40102487968749995 0.49666941875 0.3947602828125
0 0.266261528125 0.4187131296875 0.280508496875 0.424609215625 0.317354121875 0.42313518749999995 0.3631163046875 0.42609678124999995 0.376798371875 0.4223981796875 0.39595807031249997 0.41945013593749997 0.392519175 0.40581544375 0.352234621875 0.39991936875 0.315388996875 0.4002878609375 0.27215683749999997 0.407289471875 0.266261528125 0.4187131296875
0 0.44164664218749994 0.41981864062499996 0.423901753125 0.42568233437499997 0.423960746875 0.4345588578125 0.42739967500000003 0.442297478125 0.47210566875 0.442297478125 0.4991258015625 0.44414000937500003 0.5055123671875 0.4345588578125 0.5015821828125 0.421661171875 0.47800101250000004 0.4187131296875 0.44164664218749994 0.41981864062499996
0 0.4224869125 0.4408234484375 0.42052182031249996 0.42682023906250005 0.4043097609375 0.42424071249999995 0.34388296406249996 0.428662771875 0.3419178390625 0.4386124265625 0.3473218578125 0.4445085 0.4141352546875 0.4445085 0.4224869125 0.4408234484375
0 0.29921875 0.43359375 0.0609375 0.0171875
0 0.44375 0.45546875 0.1171875 0.0171875
0 0.31796875 0.45546875 0.1 0.0203125
0 0.29921875 0.4765625 0.0625 0.015625
0 0.38046875 0.47890625 0.071875 0.015625
0 0.46875 0.478125 0.084375 0.0203125
0 0.44921875 0.5 0.1171875 0.0171875
0 0.3234375 0.496875 0.1 0.0171875
0 0.38515625 0.51796875 0.071875 0.01875
0 0.4421875 0.5375 0.0984375 0.01875
0 0.46953125 0.52109375 0.0609375 0.0203125
0 0.32734375 0.5328125 0.0984375 0.015625
0 0.30703125 0.51484375 0.0671875 0.015625
0 0.3140625 0.54765625 0.0640625 0.0125
0 0.38515625 0.553125 0.065625 0.015625
0 0.4671875 0.5578125 0.0640625 0.015625