0 0.4083367296875 0.3412927125 0.2218918265625 0.3389747015625 0.211003934375 0.3494310046875 0.2054105796875 0.367563278125 0.2218918265625 0.383789246875 0.3249000359375 0.3853345703125 0.3506520875 0.3930612109375 0.4186375078125 0.3891978765625 0.42069766406250003 0.37606260625 0.4093667734375 0.35597333125 0.4083367296875 0.3412927125
0 0.7111806781250001 0.36626805625 0.7019099421874999 0.327634828125 0.67203765 0.3168174640625 0.5226757609375 0.3291800984375 0.42996840000000003 0.34849671249999997 0.4176073953125 0.35390536875 0.42584801875 0.3747673046875 0.4186375078125 0.3956292421875 0.5010440203125001 0.3909932734375 0.5731497515624999 0.3855846703125 0.6936693203125001 0.38172133750000004 0.7111806781250001 0.36626805625
0 0.2012901984375 0.43580784687499996 0.31991749375 0.43459213906249994 0.3228398796875 0.41417316875 0.330050459375 0.393311284375 0.3115089875 0.3886752625 0.20747080625 0.387902628125 0.1940796171875 0.3964019296875 0.193049575 0.41880918906250003 0.2012901984375 0.43580784687499996
0 0.41142692812500004 0.45589704218750005 0.4763220796875 0.45666972968749997 0.503104175 0.44507978281250005 0.4948635515625 0.4002652109375 0.3393211953125 0.3987198875 0.332110615625 0.42112714687499997 0.3349800078125 0.43980608749999994 0.41142692812500004 0.45589704218750005
0 0.6895490078125001 0.44662510624999996 0.7194214421875 0.438125803125 0.726631953125 0.391765909375 0.6771880734375 0.3848119296875 0.5072244859375 0.39253859687500003 0.50001390625 0.4242178984375 0.5192061359375 0.4441510421875 0.6895490078125001 0.44662510624999996
0 0.3836147203125 0.4995638546875 0.41029257656249996 0.49194555781249993 0.4093667734375 0.460930653125 0.3310805734375 0.4431593625 0.20438046718749997 0.4392960546875 0.18995930625 0.44779535625 0.193049575 0.48411057343749997 0.27957646875000003 0.4848832625 0.3836147203125 0.4995638546875
0 0.4176073953125 0.48720124687500005 0.4309984421875 0.5049725109375001 0.5916912234375 0.5011092046875001 0.69778963125 0.505745171875 0.7317823765625 0.4933825640625 0.7245718671875 0.44856801874999996 0.5041342890625 0.4493406796875 0.481472434375 0.45938533125000003 0.4176073953125 0.45861266875 0.4176073953125 0.48720124687500005
0 0.311806909375 0.53018116875 0.31871956875 0.49801853281249997 0.2888472046875 0.4887465953125 0.1940796171875 0.4895192296875 0.18274872656250002 0.5018818656249999 0.1858389953125 0.51578985 0.18995930625 0.532015765625 0.311806909375 0.53018116875
0 0.4176073953125 0.5590590203125 0.47220169843750004 0.55983168125 0.5020741328125 0.5482417078124999 0.4989838640625 0.50960850625 0.3259301484375 0.4995638546875 0.3176894546875 0.51965315625 0.32339345937499997 0.53626410625 0.4176073953125 0.5590590203125
0 0.7286920375 0.5513323796875 0.716331103125 0.5088358453125 0.5092846421874999 0.507290521875 0.50516433125 0.532015765625 0.5215234453125001 0.554512921875 0.6936693203125001 0.5698763328124999 0.7286920375 0.5513323796875
0 0.4124569703125 0.5875225734375 0.42998970937500003 0.60404541875 0.6936693203125001 0.6284737859375 0.7245718671875 0.6076118484374999 0.7204514140625 0.5674332984375 0.6864588109375 0.5736146421874999 0.5010440203125001 0.55584335 0.4763220796875 0.563569990625 0.4176073953125 0.564342653125 0.4124569703125 0.5875225734375
0 0.3815545640625 0.5952492140625 0.4021819921875 0.5875345859375 0.4093667734375 0.5620246671875 0.3094488328125 0.534981440625 0.18995930625 0.5372993984375001 0.18480888281250002 0.5465713875 0.1920195328125 0.5743872765625 0.290907359375 0.5782506109375001 0.3815545640625 0.5952492140625
0 0.492803396875 0.6098047953125 0.3249000359375 0.5897155203125 0.3145991859375 0.6121227796875 0.32696019062500004 0.628348721875 0.463961075 0.649983346875 0.49795375000000003 0.63143939375 0.492803396875 0.6098047953125
0 0.5072244859375 0.6584826875 0.407975265625 0.66052984375 0.4155472390625 0.6862986046875 0.4989838640625 0.7032972078124999 0.6751278484375 0.7380671015625 0.69675951875 0.7427030968749999 0.7286920375 0.721841159375 0.7245718671875 0.676253953125 0.6833684703125 0.6971159171875 0.5072244859375 0.6584826875
0 0.6854286968750001 0.6917072328125 0.7235417546875 0.6669819890625 0.722511640625 0.62371279375 0.6895490078125001 0.6337574171875 0.50516433125 0.61289548125 0.5020741328125 0.6314394609375 0.5072244859375 0.651528709375 0.6854286968750001 0.6917072328125
0 0.3166594125 0.5921585671875 0.2919374015625 0.58056859375 0.19510973125 0.5767052875 0.17862841406250002 0.589067921875 0.1878991515625 0.6207471453125 0.3115089875 0.6261558015625 0.3166594125 0.5921585671875
0 0.371253715625 0.6847532546874999 0.4093667734375 0.6754812921875 0.39803588125 0.6484380375 0.3104789453125 0.6314394609375 0.20644062343749997 0.62371279375 0.177598371875 0.6298940843749999 0.18995930625 0.65925535 0.2888472046875 0.6638913171875 0.371253715625 0.6847532546874999
0 0.413768540625 0.77002273125 0.5793302890625001 0.8137882624999999 0.6792481593749999 0.8446948234375 0.7297222921875 0.8106975640625 0.7245718671875 0.7813362984375 0.6813083859375 0.802970896875 0.4907431703125 0.7488844140625 0.41348715468749997 0.7396124515625 0.413768540625 0.77002273125
0 0.690579121875 0.8000052484375001 0.7245718671875 0.770644009375 0.727662065625 0.7343287921874999 0.6885188953125 0.746691428125 0.503104175 0.709603575 0.4989838640625 0.7242841671875 0.50001390625 0.7474641156249999 0.690579121875 0.8000052484375001
0 0.49692370781250006 0.7327835234375 0.4989838640625 0.7088308875 0.4804423921875 0.704967553125 0.31871956875 0.679469621875 0.32077979375 0.7165575015625001 0.4680813875 0.7420554593750001 0.49692370781250006 0.7327835234375
0 0.20644062343749997 0.7434757578125 0.35271224375 0.76511035625 0.39185534375 0.76511035625 0.40627650312499997 0.7566110546875 0.4000960359375 0.7326584453125 0.30326829375000003 0.7156598421875 0.193049575 0.70406986875 0.18274872656250002 0.721841159375 0.20644062343749997 0.7434757578125
0 0.3060136359375 0.7118003234375 0.31871956875 0.7126942203125 0.3176894546875 0.681014971875 0.29811794062499997 0.6701976593750001 0.1940796171875 0.66247101875 0.1765683296875 0.675606315625 0.1889292640625 0.7011042203125 0.3060136359375 0.7118003234375
0 0.4155472390625 0.82834383125 0.4155472390625 0.8522964140625 0.42687813124999996 0.8584777046875001 0.5844807140625 0.90870090625 0.6586466015625 0.9264721984375001 0.68748878125 0.9264721984375001 0.717361215625 0.8947930015625 0.7183913296875 0.87315835 0.6679173375 0.8978835937499999 0.4907431703125 0.8407064390625001 0.4155472390625 0.82834383125
0 0.668947309375 0.895690634375 0.7194214421875 0.8655567078124999 0.721481528125 0.8246055218749999 0.6761579609374999 0.8516487500000001 0.50001390625 0.79833498125 0.4917732828125 0.81533353125 0.49371572812500003 0.8360660609374999 0.668947309375 0.895690634375
0 0.4855928171875 0.8184241765625 0.48765297187499995 0.7960169171875 0.40318630468750005 0.7736096578125 0.32180976562499997 0.7666556796874999 0.3145991859375 0.7929262718750001 0.47517725000000005 0.834328078125 0.4855928171875 0.8184241765625
0 0.3908253015625 0.854614396875 0.41039681562499997 0.8453424343749999 0.4042163484375 0.8190718406249999 0.30841871875 0.7951192328125 0.1909894203125 0.78661993125 0.1940796171875 0.8082545296875001 0.20636931406249998 0.8204242203125001 0.3908253015625 0.854614396875
0 0.3115089875 0.77502995625 0.29811794062499997 0.7611220000000001 0.20026015625000002 0.7510774015624999 0.1837788390625 0.7588040421875 0.1909894203125 0.78661993125 0.29790305156249997 0.7900095281249999 0.3115089875 0.77502995625
0 0.49371572812500003 0.9220961875 0.6339245921875001 0.9680710749999999 0.6823383578125 0.964980375 0.71427101875 0.932528490625 0.717361215625 0.9054852375 0.6648269984375 0.937164459375 0.4948635515625 0.8884866062500001 0.48765297187499995 0.90471255 0.49371572812500003 0.9220961875
0 0.45881065000000004 0.9085758828125 0.481472434375 0.9124391890625001 0.48353266093749997 0.88925926875 0.401126078125 0.85835270625 0.334170771875 0.8452174109374999 0.32696019062500004 0.8552620609374999 0.336230996875 0.8753513109375 0.45881065000000004 0.9085758828125
0 0.2033503546875 0.845990071875 0.3094896 0.869087725 0.3228398796875 0.8475354218750001 0.2012901984375 0.825900796875 0.2033503546875 0.845990071875