0 0.19502476875000002 0.8131474781250001 0.20380841562500002 0.8336884343750001 0.223959125 0.8371765234374999 0.4869518109375 0.8325257546874999 0.50038560625 0.8143101828124999 0.495218775 0.7922189453125 0.1994082203125 0.7964059421874999 0.19502476875000002 0.8131474781250001
0 0.49831887343750003 0.8290376671875 0.7731952875 0.8267122562500001 0.7819789875 0.8019080828125 0.7757787203125 0.7933816765625 0.5143361015625 0.7933816765625 0.5040024046875 0.8073340046874999 0.49831887343750003 0.8290376671875
0 0.6853588484375 0.7352468453125 0.6140563390625 0.734859253125 0.5913222140625 0.744160828125 0.59235554375 0.7705152843749999 0.6130229375 0.7836925375 0.7080929734375 0.7875681765625 0.7680284921875 0.7910562390625 0.7819789875 0.7705152843749999 0.7855957515624999 0.755012671875 0.7793955546875 0.7433856999999999 0.6853588484375 0.7352468453125
0 0.490625 0.7671875 0.184375 0.05
0 0.28984375 0.76796875 0.19375 0.04375
0 0.334375 0.7140625 0.30625 0.046875
0 0.64375 0.71171875 0.2890625 0.0375
0 0.70390625 0.65703125 0.18125 0.0453125
0 0.490625 0.66328125 0.184375 0.05
0 0.28125 0.66015625 0.19375 0.0515625
0 0.653125 0.609375 0.2921875 0.0421875
0 0.3296875 0.61171875 0.3125 0.046875
0 0.27578125 0.5484375 0.1953125 0.0578125
0 0.4890625 0.55546875 0.1875 0.0515625
0 0.70234375 0.546875 0.1984375 0.0515625
0 0.65859375 0.496875 0.2890625 0.0390625
0 0.31875 0.49453125 0.296875 0.0421875
0 0.48984375 0.4421875 0.1765625 0.053125
0 0.70234375 0.43046875 0.2015625 0.053125
0 0.27265625 0.43046875 0.1921875 0.0640625
0 0.65390625 0.375 0.290625 0.0421875
0 0.17107828281249998 0.38917128437500004 0.4856345125 0.40227955625 0.484386278125 0.3779356125 0.4612938796875 0.3535917171875 0.16983002656249999 0.3386108609375 0.163588834375 0.3587413875 0.17107828281249998 0.38917128437500004
0 0.168563075 0.1295813984375 0.1723265171875 0.1753772734375 0.1985395453125 0.195507815625 0.37329299374999997 0.20533901875 0.3789100703125 0.159928265625 0.37641360156250003 0.13090283593750002 0.2690650625 0.12622131718750002 0.2353626078125 0.12388055 0.168563075 0.1295813984375
0 0.38140658125 0.1842721765625 0.3832789546875 0.20814792187500003 0.49187572656249995 0.217042825 0.5755077281250001 0.21751095937499998 0.58799015625 0.190826296875 0.583621271875 0.15477858125 0.39139245625 0.14916077656249999 0.38140658125 0.1842721765625
0 0.5973518921875 0.144479259375 0.5961037015625 0.18286770937500002 0.5992243078125 0.21517020781250001 0.7920772203124999 0.20721162031249998 0.8014390421875 0.1744409734375 0.795197828125 0.144479259375 0.7639918406249999 0.13652065625 0.6079619921875 0.13698880625 0.5973518921875 0.144479259375
0 0.48501041718750004 0.28445670624999997 0.486882746875 0.2465363890625 0.4656627203125 0.21517020781250001 0.1735747515625 0.199721184375 0.1617164828125 0.21844725937499998 0.16733355781249998 0.2502816390625 0.17488126406249999 0.25910429687500003 0.48501041718750004 0.28445670624999997
0 0.5149681265625 0.2296829140625 0.4987410375 0.2587083609375 0.5013210875 0.2859566046875 0.634175040625 0.2802433375 0.7702330546875 0.2774344359375 0.7970701578125 0.2732210671875 0.8089285328125 0.2549631578125 0.810176725 0.235300734375 0.8114249171875001 0.222660628125 0.8020631796875 0.21002053906249998 0.5149681265625 0.2296829140625
0 0.3701724296875 0.33688976249999997 0.38140658125 0.3106732171875 0.3832789546875 0.2858611734375 0.37079656875 0.2779025703125 0.1748229859375 0.2661987640625 0.1629647171875 0.2956923453125 0.17628530625 0.33018393437500004 0.3701724296875 0.33688976249999997
0 0.381977496875 0.34176728437500004 0.49125158906250005 0.3565521375 0.58237308125 0.3495298359375 0.5892383484375 0.32331332343749997 0.5854936875 0.3003738796875 0.5817489421875 0.29335160937500004 0.3882718921875 0.289606375 0.382654815625 0.3181636859375 0.381977496875 0.34176728437500004
0 0.6060895765625001 0.34438016718750003 0.7365306 0.33876236249999997 0.79394955 0.33314452656250004 0.803311371875 0.3111414171875 0.7989425734375 0.2835204046875 0.7970701578125 0.27837076875 0.5948554234375 0.2900745734375 0.5911107640625 0.312077684375 0.6060895765625001 0.34438016718750003