0 0.25745289531250004 0.2107944796875 0.27750493593750003 0.2399364578125 0.42447056875 0.23060029062499998 0.42789511718749995 0.1684915859375 0.2800114296875 0.1750720109375 0.25745289531250004 0.2107944796875
0 0.25389918749999996 0.17350821562500002 0.13588744218749998 0.18165246875000002 0.12711466875 0.200453746875 0.123354884375 0.22019511875000003 0.1346342390625 0.24087651875 0.251186615625 0.23805632031249999 0.251186615625 0.200453746875 0.2561996046875 0.1807124078125 0.25389918749999996 0.17350821562500002
0 0.12279886874999998 0.2633753703125 0.1296211640625 0.29258006718749996 0.23740085312499998 0.2944601890625 0.337386740625 0.2998157859375 0.35019353125 0.2681383921875 0.3364077703125 0.2521572796875 0.2561996046875 0.2418166125 0.1346342390625 0.247456959375 0.12279886874999998 0.2633753703125
0 0.36385429375 0.3003794921875 0.4454406640625 0.2991604921875 0.638441421875 0.2831793953125 0.6873183640625 0.28505955 0.681052084375 0.2314758796875 0.6346817234375 0.2211351796875 0.3589663046875 0.242756640625 0.353953403125 0.27941918593750004 0.36385429375 0.3003794921875
0 0.251186615625 0.3593246359375 0.26747887187499997 0.3555643609375 0.26747887187499997 0.309501225 0.24366713281250002 0.2944601890625 0.1170886921875 0.3029208 0.11332890625 0.33206274687500004 0.12702791093750002 0.36170060937500004 0.251186615625 0.3593246359375
0 0.2679959953125 0.3691014328125 0.353953403125 0.3771858546875 0.4329081921875 0.3762457625 0.457973221875 0.36214481875 0.4542134375 0.3217220796875 0.4454406640625 0.307621103125 0.27875822656250004 0.309501225 0.2624658828125 0.33206274687500004 0.2679959953125 0.3691014328125
0 0.648467571875 0.366845121875 0.7098769 0.3471037828125 0.7136365984374999 0.2963403109375 0.6447077 0.28787973125 0.4654927046875 0.300100553125 0.4554667265625 0.3367630828125 0.4780252625 0.366845121875 0.648467571875 0.366845121875
0 0.4427964203125 0.1692791734375 0.436667890625 0.2032739453125 0.44669395312500004 0.2295957578125 0.627162153125 0.21361469375 0.67478580625 0.21549480000000001 0.6760390953125001 0.155330671875 0.6158828859375001 0.14687009374999999 0.44669395312500004 0.15909093125 0.4427964203125 0.1692791734375
0 0.114582196875 0.4006874359375 0.136895678125 0.41984994374999995 0.2499334109375 0.4157285046875 0.2937971921875 0.42512914375 0.343927253125 0.423248990625 0.351446821875 0.3969272265625 0.3401675546875 0.3771858546875 0.13338094843749998 0.364024971875 0.11332890625 0.3771858546875 0.114582196875 0.4006874359375
0 0.374894853125 0.3773934171875 0.35940235781249996 0.394518934375 0.3568807546875 0.41073896875000004 0.3724486546875 0.4330514 0.663544071875 0.44039091093750005 0.7018674921875 0.42387699687499997 0.7018674921875 0.363937603125 0.6513131375000001 0.370053865625 0.46703424375 0.370053865625 0.4352338890625 0.3786166453125 0.374894853125 0.3773934171875
0 0.12375369218750001 0.4396803203125 0.1376773015625 0.4719600171875 0.24035500937499998 0.4763779140625 0.272970725 0.46965002812499995 0.2860169671875 0.4665918859375 0.28846310937499997 0.44029194374999997 0.2900939453125 0.4292826890625 0.25503203124999996 0.420719909375 0.1327230109375 0.42255478281250003 0.12375369218750001 0.4396803203125
0 0.356140796875 0.42989429218749997 0.289278584375 0.42989429218749997 0.2868323296875 0.4598640203125 0.2945132453125 0.47539940156249993 0.38060255625 0.484940671875 0.45235716562499995 0.4892220625 0.4711112234375 0.4782128078125 0.47274200312500003 0.4506896171875 0.47355742031250003 0.44151521406249994 0.45235716562499995 0.4378454484375 0.370817875 0.43478730624999995 0.356140796875 0.42989429218749997
0 0.4784497609375 0.439068696875 0.47355742031250003 0.46047562343750004 0.4724440828125 0.48915694062500004 0.5404196328124999 0.49717321718749996 0.6284821015625 0.5032894796875 0.6733287546875 0.5002313390625 0.6912673921875 0.48616394218750003 0.6904520859375001 0.447631475 0.6880058328125 0.43662219999999996 0.6619133484375 0.44151521406249994 0.4784497609375 0.439068696875
0 0.3887565125 0.5031905125 0.3830488109375 0.48728824531250003 0.28520160625 0.478113840625 0.14821550625 0.4756673125 0.15877219375 0.500162971875 0.38631031562499996 0.523374171875 0.3887565125 0.5031905125
0 0.3963190328125 0.5249265421875 0.664359378125 0.553955503125 0.6765903140625 0.53499509375 0.6774057328125 0.5166462859375 0.6733287546875 0.50563703125 0.46784966250000004 0.49279286093749997 0.40017203125 0.48973472031250004 0.39283349218749997 0.507471903125 0.3963190328125 0.5249265421875
0 0.482526740625 0.627251703125 0.486201621875 0.643241378125 0.5730353499999999 0.66578416875 0.6676209390625 0.6792399625 0.6888212499999999 0.6621144250000001 0.68963655625 0.6162424265625 0.6651747968749999 0.6082912921875 0.5061731375 0.5893308828125 0.4833421015625 0.597893640625 0.482526740625 0.627251703125
0 0.46214190312500003 0.64865863125 0.476112759375 0.6363626078125 0.4800805421875 0.6095145625 0.46866502343749994 0.586272740625 0.32597127812500004 0.5679239546875 0.308032584375 0.5789332515625001 0.3047710234375 0.597893640625 0.3137403984375 0.6266400796875 0.46214190312500003 0.64865863125
0 0.30276776875 0.608159653125 0.298247846875 0.5838262453125 0.3137403984375 0.5648658125 0.1898005421875 0.55079840625 0.1808312234375 0.5544681828125 0.1767542453125 0.575875109375 0.184092784375 0.594223896875 0.30276776875 0.608159653125
0 0.3333097625 0.6706772046875 0.3251558046875 0.6333679859375 0.308032584375 0.628474971875 0.29906326562499996 0.611349434375 0.1800158609375 0.5954471453125 0.172677321875 0.6180773203125 0.18078425625 0.6349868546875 0.3333097625 0.6706772046875
0 0.39038729375000003 0.6908608625 0.6522092578125 0.7409199046875 0.6912673921875 0.72144219375 0.6855596890625 0.6755701968750001 0.6513131375000001 0.6841329765624999 0.4596957046875 0.65416326875 0.3406483 0.6388726250000001 0.3406483 0.6737353453125 0.39038729375000003 0.6908608625
0 0.432787746875 0.7460062093750001 0.421082603125 0.7643077203125 0.5428657765625 0.7992176953125 0.6284821015625 0.8206246437500001 0.6871904140625 0.8304107140625 0.69860604375 0.815731609375 0.6994213499999999 0.8059456234375 0.6937135343749999 0.79738284375 0.6431591796875 0.79738284375 0.432787746875 0.7460062093750001
0 0.4857883 0.73622018125 0.4889531296875 0.747110796875 0.645605434375 0.794324703125 0.6880058328125 0.79187820625 0.7018674921875 0.7723061921875 0.6994213499999999 0.7460062093750001 0.6774057328125 0.7374434296875 0.6513131375000001 0.7453945640625 0.4931268390625 0.714813275 0.4857883 0.73622018125
0 0.3251558046875 0.71848301875 0.46784966250000004 0.7502875984374999 0.4833421015625 0.73622018125 0.4833421015625 0.7099202390625 0.46784966250000004 0.7056388499999999 0.317817321875 0.6744459578125 0.318632684375 0.681785446875 0.3096634203125 0.7050272890625 0.3251558046875 0.71848301875
0 0.298247846875 0.7111435296875 0.312924925 0.6915714734375 0.3096634203125 0.670164525 0.18572356406249999 0.639583215625 0.181646640625 0.6469227671875 0.18572356406249999 0.6634366390624999 0.1881697625 0.6811738015625 0.298247846875 0.7111435296875
0 0.4066951515625 0.76007366875 0.412402909375 0.7435597125 0.2052930390625 0.690348184375 0.1995853359375 0.7001342125 0.20203147812500002 0.7117551328125 0.384679534375 0.7576271296875 0.4066951515625 0.76007366875