0 0.1331701515625 0.240489521875 0.0718832890625 0.30241511718749997 0.10842745625000001 0.33881991875 0.206443165625 0.3238795171875 0.25445835625 0.2595396734375 0.1331701515625 0.240489521875
0 0.507466590625 0.23202734375 0.2569313515625 0.2615054328125 0.31324346875 0.332251009375 0.35990138437499997 0.290192696875 0.45353259687499997 0.29752442343749996 0.5065014828125001 0.323498040625 0.5395435359375 0.308575584375 0.507466590625 0.23202734375
0 0.6677788921875 0.31709650312500004 0.72099564375 0.2838897734375 0.723710596875 0.2192867234375 0.6518161874999999 0.2097823671875 0.576455846875 0.221857065625 0.554001803125 0.2563200484375 0.6677788921875 0.31709650312500004
0 0.836017 0.1958078609375 0.7772715546875 0.2057993265625 0.7263028390625 0.22103469062499997 0.731020415625 0.27116229999999997 0.7508846734375 0.3084730390625 0.8349580218750001 0.281900553125 0.8737140453125001 0.2274276828125 0.836017 0.1958078609375
0 0.3602793390625 0.385226375 0.303218696875 0.34497848124999997 0.1920363125 0.359471665625 0.18685428906249998 0.4294974140625 0.22239716562499998 0.484466603125 0.3376400140625 0.48245503437500004 0.3555955125 0.4104131125 0.3602793390625 0.385226375
0 0.4533761421875 0.2885610890625 0.3610879921875 0.2847923515625 0.321301815625 0.3536288984375 0.41849529375000005 0.418281253125 0.5144684203125001 0.41301961093750006 0.57002709375 0.3672195125 0.4533761421875 0.2885610890625
0 0.5729635390625 0.3886868046875 0.588110209375 0.3758699296875 0.6590033046875 0.328008959375 0.6508823718750001 0.30304573125 0.56696301875 0.2650598671875 0.5285487375 0.2657303921875 0.5282695765625001 0.3231180765625 0.5544736296874999 0.356731721875 0.5729635390625 0.3886868046875
0 0.2016542984375 0.32343952656249997 0.17757558125 0.3382055234375 0.1098042234375 0.3447681171875 0.0823534421875 0.38649116562499997 0.114959878125 0.41999305937500003 0.1559664015625 0.421070496875 0.178013659375 0.36330285625 0.221362096875 0.35178692968749997 0.26474183125 0.3420636734375 0.293037465625 0.3487426171875 0.24109872812500002 0.3084053203125 0.2016542984375 0.32343952656249997
0 0.15965137499999998 0.412040115625 0.1046847765625 0.41837920000000006 0.0882263359375 0.42942575937500005 0.0887269953125 0.458108425 0.121333425 0.491610315625 0.1660875046875 0.48724270625 0.1718953578125 0.4530702890625 0.15965137499999998 0.412040115625
0 0.187070865625 0.368524396875 0.1594323390625 0.3994914515625 0.1678348921875 0.440588675 0.19475617812499998 0.44191197656250003 0.187790559375 0.40975572812500005 0.187070865625 0.368524396875
0 0.7885817187499999 0.3400928609375 0.7814909343750001 0.30076595 0.718935353125 0.3126171390625 0.663968753125 0.318956221875 0.5956679031250001 0.3685651640625 0.6969193890625001 0.372177446875 0.7284619250000001 0.3447286796875 0.7885817187499999 0.3400928609375
0 0.891799621875 0.30959978125 0.8440778078125 0.29070742968749996 0.7839893046874999 0.297135915625 0.7845525453125 0.32940391406249997 0.814441571875 0.353987178125 0.8976725171875 0.352534375 0.891799621875 0.30959978125
0 0.81556559375 0.3450014921875 0.7822732109375 0.3455826125 0.727150159375 0.34295836562500004 0.7072883625 0.37916930937500004 0.7618193468750001 0.421254575 0.7650061203125 0.45706320468749995 0.8235012359375 0.4327304015625 0.8958312625 0.39381040624999997 0.865629321875 0.351300478125 0.81556559375 0.3450014921875
0 0.697075846875 0.381140784375 0.5908902046875 0.38837389375 0.624247621875 0.4648997890625 0.6756231203125 0.47296909062500003 0.7651938656249999 0.4678192 0.7578840453125 0.41594362812499996 0.697075846875 0.381140784375
0 0.532115925 0.47009437812500005 0.5747471328125 0.490868803125 0.63086904375 0.4773367015625 0.5920142234375 0.379388215625 0.5922332625 0.3919368828125 0.5347057093750001 0.398320665625 0.532115925 0.47009437812500005
0 0.41337339218749997 0.41837065625000003 0.365588990625 0.39589297343749996 0.350163153125 0.466097528125 0.38411264375 0.5031624015625 0.525838709375 0.47737679999999993 0.5247748125 0.41642613749999996 0.41337339218749997 0.41837065625000003
0 0.2198987953125 0.4880966390625 0.1947248875 0.440119309375 0.1742685625 0.44226958906249997 0.1661187953125 0.489035371875 0.1925105984375 0.5334050171875 0.2198987953125 0.4880966390625
0 0.1158047375 0.4683950546875 0.074829503125 0.46911028125 0.033387357812500004 0.516457184375 0.0852322265625 0.5514164874999999 0.1583132359375 0.555520490625 0.182172915625 0.5282058265625 0.16237124218750001 0.494480428125 0.123956959375 0.4951509515625 0.1158047375 0.4683950546875
0 0.8897780031250001 0.5606848515625 0.8904013624999999 0.5230165078125 0.7886179296875 0.48892888437500004 0.7057937671875 0.51368635625 0.7845286328125 0.548176284375 0.782374465625 0.5715256515625 0.7946184453125 0.612555825 0.8897780031250001 0.5606848515625
0 1 0.50504379375 0.8852144203125001 0.44599889375 0.8888055171874999 0.431590509375 0.8038897687500001 0.48328267968749994 0.81944323125 0.4937704640625 0.887746540625 0.51768320625 0.883594659375 0.573345271875 0.9315980968750001 0.608371621875 1 0.5807722640625 1 0.50504379375
0 1 0.5792279953125 0.930161165625 0.5994306390624999 0.934409378125 0.6226682546875 1 0.6140608890625 1 0.5792279953125
0 0.9303802046874999 0.6119793078125 0.883532075 0.569759940625 0.79340055 0.6161635078125001 0.8157005906249999 0.646258875 0.9294126390624999 0.629928321875 0.9303802046874999 0.6119793078125
0 0.89142905 0.4351311390625 0.8946133671875 0.3974180890625 0.7700341515625 0.45159579843750003 0.7665369234375 0.471382184375 0.8013288171875 0.4833273828125 0.89142905 0.4351311390625
0 0.635834490625 0.46828396406249995 0.602917603125 0.4903770859375 0.6417386703125 0.5130112234374999 0.7401788781249999 0.5023268828125 0.791147590625 0.48709151874999995 0.7639446828125 0.469634215625 0.635834490625 0.46828396406249995
0 0.397042571875 0.510109559375 0.35931423281249997 0.4766970671875 0.2185557375 0.48453365625 0.19763250000000002 0.5333156156250001 0.20659829375 0.60668084375 0.21803116562499997 0.6746233625 0.304352553125 0.6300795124999999 0.37352955312499997 0.6306652374999999 0.40932030468749997 0.6264540765625 0.416189590625 0.57971064375 0.397042571875 0.510109559375
0 0.1902625578125 0.5513763875000001 0.07776840625 0.5640992546875 0.05840726875 0.6289928625 0.089701934375 0.660724446875 0.1537257421875 0.65960690625 0.1725886796875 0.639552309375 0.2086297546875 0.6496824859375 0.2081916796875 0.62458515625 0.19001222812500002 0.5370350546875 0.1902625578125 0.5513763875000001
0 0.06549559687499999 0.5947980984375 0.068679909375 0.5570850453125 0.0413831296875 0.5342497453124999 0.000477071875 0.5316948484374999 0.0033849249999999996 0.6982857375 0.052098759375000005 0.6344826203125 0.06549559687499999 0.5947980984375
0 0.7701166609375 0.603084253125 0.7743311203125 0.55100751875 0.7029974921875 0.50024948125 0.6341334062499999 0.517590428125 0.63372908125 0.5678074375 0.6252976953125 0.5984392265625 0.679171565625 0.6028784953125 0.7701166609375 0.603084253125
0 0.776396334375 0.6693235125 0.8069087234375001 0.656238428125 0.7827962578125 0.5956900765625 0.6253289859375 0.600231896875 0.615804875 0.641642034375 0.63429478125 0.6735971171874999 0.666337971875 0.6748310125 0.776396334375 0.6693235125
0 0.6007809015625 0.5881078937499999 0.5066827859374999 0.627407846875 0.43038370937500003 0.5857025453125 0.416673965625 0.60746040625 0.44369158437499995 0.6876833875 0.525329146875 0.6683262640625001 0.5542481484375 0.6373368671875 0.5814197640625001 0.653001496875 0.6197088843749999 0.6451603125 0.6192395171875 0.618270315625 0.6007809015625 0.5881078937499999
0 0.5103628359375 0.47133410312499996 0.3970888703125 0.5127619906249999 0.4094893078125 0.562755496875 0.49019304999999996 0.6366617406249999 0.63123070625 0.571437478125 0.6262315093749999 0.5051758671875 0.5787913125 0.5024175078125 0.5592712578125 0.48482610625 0.5103628359375 0.47133410312499996
0 0.4388200125 0.702114121875 0.438475809375 0.6823947859375 0.42083570625 0.634278503125 0.3133308921875 0.630782815625 0.23200624687500002 0.6680666015625001 0.2343819109375 0.7307875796875 0.4388200125 0.702114121875
0 0.11033607031249999 0.7630619953125 0.23231194687499998 0.731973971875 0.21027281250000002 0.654392334375 0.1845112015625 0.6370211296875 0.1562679453125 0.6597902109375 0.09097293437500001 0.656474721875 0.09206133125 0.718828790625 0.11033607031249999 0.7630619953125
0 0.003289540625 0.69282110625 0.0048747546875 0.7836379828125 0.0879112765625 0.75454298125 0.08946001249999999 0.6609563484375001 0.0524860046875 0.6393256375 0.003289540625 0.69282110625