0 0.8150383437500001 0 0.7804820234375 0.0209964375 0.7976619859375 0.07718955937500001 0.8350664453125001 0.0406170484375 0.8803738531249999 0.0339950078125 0.8699805390625001 0 0.8150383437500001 0
0 0.8659271078125 0.0954205390625 0.8949788296875001 0.103296415625 0.8797560796875 0.038125978125 0.83519495 0.04616371875 0.8006571109375 0.081859815625 0.8160182468749999 0.1218511296875 0.8659271078125 0.0954205390625
0 0.8545891296875 0.10447287031250001 0.8229179140625 0.1392925546875 0.8354124281249999 0.18016027343750002 0.9159088578125001 0.1502247671875 0.9070898125 0.12137896875000001 0.89706454375 0.0998657734375 0.8545891296875 0.10447287031250001
0 0.8481639546874999 0.23212134843749999 0.9311674562500001 0.201158665625 0.9091636640624999 0.15481928125 0.83046009375 0.18446733906249999 0.8481639546874999 0.23212134843749999
0 0.950344396875 0.26285833593749997 0.9330697906250001 0.20635565156250002 0.8549351125 0.24401609687499998 0.8558346390624999 0.282842803125 0.872638971875 0.29167010625 0.950344396875 0.26285833593749997
0 0.9668106296874999 0.316716959375 0.9517577109375001 0.26748108125000003 0.8654724203124999 0.29386114218750004 0.8872192015625 0.32910718437500003 0.9395992859375 0.3158859609375 0.9668106296874999 0.316716959375
0 0.971436575 0.3318477421875 0.9640940718750001 0.3139831171875 0.8887810171874999 0.33421564843749996 0.8844712015624999 0.366256071875 0.90948 0.38653991875 0.945184259375 0.3700380703125 0.9840699203125001 0.373169559375 0.971436575 0.3318477421875
0 0.9555930625 0.41433644062499997 0.98894471875 0.420897696875 0.9790598125000001 0.368060215625 0.9350225812499999 0.367558840625 0.9053085765625 0.39340120624999997 0.9023035671875 0.41945675312499997 0.9224885390625 0.44959432968749996 0.9555930625 0.41433644062499997
0 1 0.43250774999999997 0.9970206796875001 0.42680756718749996 0.9522025453125 0.423751965625 0.909064840625 0.46207730781249995 0.9315925343749999 0.49987758437499996 0.9792871734374999 0.47133096406249997 1 0.47416737031249995 1 0.43250774999999997
0 1 0.4870320625 0.9795441828125 0.48242430937499997 0.9267687062500001 0.5097313171875 0.95281541875 0.5436627374999999 0.99125779375 0.5207378031250001 1 0.5218133171875 1 0.4870320625
0 1 0.5196756875 0.9883911703124999 0.52161421875 0.955029634375 0.5457787625 0.943820159375 0.5603777640625001 0.9473293 0.587234715625 0.968305059375 0.5892007218749999 1 0.577768646875 1 0.5196756875
0 1 0.5771914515625001 0.9990569828125 0.5770059328125 0.9625718171875001 0.5909535499999999 0.9703808890625 0.616495875 0.9688091953125 0.6421132109375 1 0.6305815390625 1 0.5771914515625001
0 1 0.626793409375 0.9781899640624999 0.6420382046875 0.9798704031250001 0.68341914375 1 0.6772649093750001 1 0.626793409375
0 0.7184345140625 0.115376728125 0.759743509375 0.091575384375 0.8100378828125001 0.0817848078125 0.79989596875 0.01785398125 0.774748778125 0.0227492671875 0.745301665625 0.028959174999999997 0.703864165625 0.0472138515625 0.7184345140625 0.115376728125
0 0.6393355453125 0.159110571875 0.721044128125 0.10340697343750001 0.70007825 0.070715159375 0.6250123249999999 0.132766840625 0.6393355453125 0.159110571875
0 0.719739321875 0.10939184843750001 0.6334738 0.155316728125 0.6553490890625 0.19610944218749998 0.6896200359375 0.1800458046875 0.7348335671874999 0.169015615625 0.719739321875 0.10939184843750001
0 0.8014380171875001 0.08441404999999999 0.7603959140625001 0.0885829421875 0.719739321875 0.10939184843750001 0.738481096875 0.1706934375 0.7823997046875 0.13492233125 0.8257845343750001 0.1384161421875 0.8014380171875001 0.08441404999999999
0 0.7930655140625 0.1903140484375 0.8311124968750001 0.181474896875 0.8265654375 0.1409703671875 0.7788806796875 0.13879117968750002 0.734181165625 0.1720080578125 0.7518850234375 0.21966207031249999 0.7930655140625 0.1903140484375
0 0.7262337015625 0.1716448578125 0.6867534140625 0.18092221875 0.639058771875 0.20946883125000001 0.6671912 0.23996960625 0.7379473125 0.2099583515625 0.7262337015625 0.1716448578125
0 0.7190375046875 0.266013303125 0.7535654593750001 0.2610430125 0.73898523125 0.22360593281250002 0.7022430578125001 0.2264602015625 0.6608055578124999 0.24471487500000003 0.678123903125 0.2757288671875 0.7190375046875 0.266013303125
0 0.8298076906249999 0.18745978125 0.7980178515625 0.1860069859375 0.7481089921875 0.2124375796875 0.7637271390625 0.26352223124999996 0.8037313296875 0.24570576718749998 0.8432116203125 0.236428403125 0.8298076906249999 0.18745978125
0 0.722803659375 0.3039635984375 0.7652790703125001 0.299356503125 0.7565605859375 0.2657132671875 0.70444739375 0.259302028125 0.6718667640625 0.28602080937499996 0.684361278125 0.326888528125 0.722803659375 0.3039635984375
0 0.8581773609375001 0.29050549999999997 0.8506351796875 0.24533071562500003 0.8292739093750001 0.2267246921875 0.797088678125 0.2393576875 0.7701127859375 0.2587769609375 0.7763501609375 0.309936628125 0.8107496125000001 0.2994196609375 0.8581773609375001 0.29050549999999997
0 0.7025890390625 0.36600342812500003 0.7373838890625 0.34140067812499997 0.776211771875 0.335115759375 0.7660599765625 0.30191073125 0.725017871875 0.30607962031249997 0.6848851796875 0.318349415625 0.7025890390625 0.36600342812500003
0 0.863129696875 0.2861984453125 0.7772595718749999 0.31803753437500004 0.7855826593749999 0.365766553125 0.8760097281249999 0.3437061828125 0.8872192015625 0.32910718437500003 0.863129696875 0.2861984453125
0 0.7858396703125 0.3768599015625 0.774126059375 0.338546409375 0.742207715625 0.3315469421875 0.69816060625 0.361771378125 0.702055259375 0.405268340625 0.7858396703125 0.3768599015625
0 0.8332575359375 0.3986715390625 0.897361115625 0.3930380140625 0.872362196875 0.3420283671875 0.8313200937499999 0.3461972578125 0.7840208468750001 0.3606580890625 0.798077178125 0.406634278125 0.8332575359375 0.3986715390625
0 0.8658085218749999 0.46413016875 0.8560422375 0.4475651640625 0.9055557000000001 0.43522035625 0.885766128125 0.3909969921875 0.8026341171875 0.41641300000000003 0.8183807671875 0.47304432968750004 0.8658085218749999 0.46413016875
0 0.70700759375 0.4009612859375 0.7217163296875 0.443945034375 0.7992435984374999 0.42582852656250003 0.783753959375 0.380290540625 0.70700759375 0.4009612859375
0 0.8160380453125 0.4653816328125 0.798205684375 0.41218095000000005 0.7201545140625 0.4388365671875 0.7293870171875 0.4946664921875 0.762096146875 0.473494384375 0.8160380453125 0.4653816328125
0 0.819804196875 0.5033319234375 0.8073096828124999 0.46246420156249995 0.76196764375 0.4679477140625 0.730691821875 0.4886816109375 0.74449114375 0.523564459375 0.780195403125 0.50706260625 0.819804196875 0.5033319234375
0 0.9019081734375 0.433542540625 0.8125190234374999 0.4692504875 0.819804196875 0.5033319234375 0.830746784375 0.5083653796875 0.9223501484375 0.47477346093749995 0.9019081734375 0.433542540625
0 0.741100628125 0.5329799828125 0.751380928125 0.5717316828125 0.839069871875 0.5560943984375 0.8242326343749999 0.507563978125 0.741100628125 0.5329799828125
0 0.829441978125 0.5143502640625 0.8457125234375 0.5624424765625 0.933144465625 0.5357118484375001 0.9440969328125 0.5100195046875 0.9081455484375001 0.4847022015625 0.829441978125 0.5143502640625
0 0.9539818359375 0.5628569859375 0.9308017421875 0.5280491515625 0.8399792859374999 0.564195303125 0.8532547109375 0.6076172640624999 0.9444626796875 0.5881111296875 0.9539818359375 0.5628569859375
0 0.8569022359374999 0.6092950796875 0.8319033203125 0.5582854328125 0.7582805859375 0.5891731015625 0.7539707734375 0.621213528125 0.7729893203125 0.6321568578125001 0.8569022359374999 0.6092950796875
0 0.9706378984375 0.627589221875 0.9904472406249999 0.6103609765625 0.965309934375 0.584530459375 0.9413390500000001 0.577894196875 0.8496071796875 0.6059394453125 0.8773442140625001 0.6505260078124999 0.9706378984375 0.627589221875
0 0.776231575 0.678646259375 0.8723918796874999 0.6548330625000001 0.87265876875 0.6352006078125 0.850911990625 0.5999545656249999 0.8099983875 0.609670125 0.766475175 0.63135545 0.776231575 0.678646259375
0 0.775974565625 0.6675529109375 0.793935434375 0.726300271875 0.8843624968749999 0.7042399015624999 0.8695252578125 0.6557094765625 0.775974565625 0.6675529109375
0 0.9626904421875 0.627226021875 0.8718679781249999 0.6633721734375 0.8844910046875001 0.7097865703124999 0.981956115625 0.6799884953124999 0.983399309375 0.6488244875 0.9626904421875 0.627226021875