0 0.96971689375 0.11487061093749999 0.8758683125 0.146164440625 0.880075115625 0.20632455312500003 0.9253804375 0.1784252 0.9790482859375 0.18291614218750002 0.96971689375 0.11487061093749999
0 0.9434312546875001 0.24036516406250003 0.9703671703125 0.2549691515625 0.97013764375 0.1862871609375 0.924245896875 0.184000378125 0.88197453125 0.21168757500000002 0.888067978125 0.2552282328125 0.9434312546875001 0.24036516406250003
0 0.9732099062499999 0.25202245156249997 0.9301608968749999 0.24678896562500002 0.8909234859374999 0.2742640125 0.8939829781249999 0.318016815625 0.9846191609374999 0.30618307499999997 0.9732099062499999 0.25202245156249997
0 0.8947733921875001 0.3729199859375 0.9838925968750001 0.3611923171875 0.9726745593749999 0.309766246875 0.8881062890625 0.32117567812500003 0.8947733921875001 0.3729199859375
0 0.9951106296875001 0.4126183796875 0.9827452859375001 0.3447850125 0.985792009375 0.36655534375 0.898763440625 0.38638058124999997 0.890821659375 0.42540682968750004 0.90543054375 0.43812488906249997 0.9960729921875 0.4263808 0.9951106296875001 0.4126183796875
0 0.9918982312500001 0.43207848125000003 0.8978456593749999 0.4386552765625 0.911332771875 0.47893099218749996 0.9661351609375 0.47784675468750004 0.9987565500000001 0.48655733593750006 0.9918982312500001 0.43207848125000003
0 1 0.53797395625 0.99078923125 0.48161862187500004 0.9117152093750001 0.484400090625 0.9001658171875 0.51543484375 0.9202817265625001 0.5415074234375 0.9593406921875 0.5332803125 1 0.5463583 1 0.53797395625
0 0.9595574499999999 0.579979825 0.9910443000000001 0.59426558125 0.9932878390625 0.5391502625 0.9498563921875001 0.5284476703125 0.9145962578125 0.5474008296874999 0.9056983828125 0.5727543265625 0.9188030625 0.607560946875 0.9595574499999999 0.579979825
0 1 0.6110081921875 0.9976858625 0.6020449234374999 0.9540631968750001 0.5886077859375 0.9026899687500001 0.616931446875 0.9163683031250001 0.6599417187500001 0.9700233828125 0.642450175 1 0.6539865390624999 1 0.6110081921875
0 1 0.6693125984375 0.967754303125 0.653600534375 0.909357075 0.6686757578125 0.9273951171875 0.7086332421875 0.9706225796875 0.6946187953125 1 0.7054619921875 1 0.6693125984375
0 1 0.6968732890625 0.9675886218749999 0.69483095 0.929103315625 0.7112617109375 0.914698415625 0.723260690625 0.9120596703125001 0.750924428125 0.9323540265625001 0.7577490765625 0.986773978125 0.7511957375 1 0.7570655140625 1 0.6968732890625
0 1 0.7683171875 0.9655363031249999 0.7526808203125 0.9262861171875001 0.758173384375 0.9281983031250001 0.7855188875 0.92081740625 0.8107663046875 0.9676524734375 0.8047433625 1 0.8086758625 1 0.7683171875
0 1 0.8001025796875 0.979023415625 0.7929565390625 0.9301104859375 0.81286439375 0.922359925 0.8546251953124999 0.978488071875 0.85070033125 1 0.8538483484375 1 0.8001025796875
0 0.7930465437499999 0.22614979062499999 0.8393079562500001 0.21192319531249998 0.8912676125000001 0.2137856609375 0.8957802328125 0.1475199859375 0.8698004015624999 0.14658875 0.8392696468749999 0.14597574687499998 0.7941427734375 0.15462716875 0.7930465437499999 0.22614979062499999
0 0.7048834328125 0.25155021093749996 0.7983495796875 0.214787284375 0.7850536828125 0.1772461109375 0.696712121875 0.22189446875000002 0.7048834328125 0.25155021093749996
0 0.7956980625 0.2204685359375 0.6999500656250001 0.24639934375 0.7123026390625 0.2922502375 0.7498446296875 0.28412920625 0.7970621296875 0.283575353125 0.7956980625 0.2204685359375
0 0.8821657500000001 0.214422128125 0.840633715625 0.209082565625 0.7956980625 0.2204685359375 0.8002873046874999 0.28609775000000004 0.85185175 0.2605086390625 0.8939574406249999 0.27405185625 0.8821657500000001 0.214422128125
0 0.849799428125 0.3183585125 0.8894320484374999 0.3183350484375 0.894148659375 0.2767864015625 0.8474920359375 0.26356141875 0.7957363749999999 0.28641598125 0.8024034765625 0.33816029062499997 0.849799428125 0.3183585125
0 0.78796026875 0.2842118171875 0.7468106734375 0.2843413609375 0.69315559375 0.30183289375 0.714036375 0.3388436734375 0.7908285453125 0.32523007656249997 0.78796026875 0.2842118171875
0 0.7593800078124999 0.3768917671875 0.7946529140624999 0.379921090625 0.7887506828124999 0.3391149875 0.75176958125 0.3334571921875 0.706642709375 0.3421086125 0.7167134328125 0.37712738749999997 0.7593800078124999 0.3768917671875
0 0.886780528125 0.3240163078125 0.8556761203125 0.31519964843750004 0.8003128437499999 0.330062715625 0.8041372109375 0.3847537265625 0.8477471078125 0.37620838437500004 0.8888967046875 0.376078840625 0.886780528125 0.3240163078125
0 0.7544721796875 0.415705865625 0.797521190625 0.4209393484375 0.7965523296875 0.3852841125 0.7464793203125 0.3668021875 0.7081852265624999 0.3859675 0.711244721875 0.42972030468750005 0.7544721796875 0.415705865625
0 0.8913953125 0.43361048125 0.8942125093750001 0.386698815625 0.8773217734375001 0.3631486328125 0.8426225234375 0.368322965625 0.8115308796875 0.3814887859375 0.8060621687499999 0.4340817140625 0.8424696125000001 0.43153585781250003 0.8913953125 0.43361048125
0 0.720372125 0.4730488078125 0.7603744109374999 0.45651196875 0.8001982468750001 0.4592230578125 0.797712409375 0.423673896875 0.756180375 0.418334334375 0.713705021875 0.4213045 0.720372125 0.4730488078125
0 0.8972720046875 0.430451625 0.805118846875 0.4423914421875 0.8024928671874999 0.49203766406250005 0.8969278781250001 0.490929965625 0.911332771875 0.47893099218749996 0.8972720046875 0.430451625
0 0.8002237890625 0.5031880234375 0.7973555125 0.4621697625 0.7673856375 0.4477779296875 0.7169557328125 0.46779186250000004 0.7109133671875 0.512181134375 0.8002237890625 0.5031880234375
0 0.8421510265625001 0.5359791640625 0.9068201515625001 0.5451966703125 0.8937027046875 0.488407575 0.8521706703125 0.483068009375 0.8021104296875 0.4865685625 0.8055523625 0.5357904734375001 0.8421510265625001 0.5359791640625
0 0.8594497421874999 0.6089634109375 0.85356028125 0.5901397937499999 0.9053287140625 0.589267709375 0.8958188796875 0.5404701078125 0.8078342140625001 0.546622596875 0.8105240406249999 0.6068887859375 0.8594497421874999 0.6089634109375
0 0.7167900546875 0.509022278125 0.7215577453125 0.5554035578125001 0.802339959375 0.5552505546875001 0.797381053125 0.5061347234375 0.7167900546875 0.509022278125
0 0.809950384375 0.5986851343749999 0.804417821875 0.5413656515625 0.7211753078124999 0.549934459375 0.7176060125 0.60789040625 0.754765559375 0.59430026875 0.809950384375 0.5986851343749999
0 0.8050425578124999 0.637499228125 0.8019830656250001 0.593746425 0.7559001015625 0.58872509375 0.7202575265625 0.6022091484375001 0.7259685390625 0.6402807046875 0.765027503125 0.6320535859375 0.8050425578124999 0.637499228125
0 0.90210354375 0.5867453171875 0.8055906703125 0.6017379203125001 0.8050425578124999 0.637499228125 0.8147180765625001 0.645066415625 0.9129391390625001 0.6327022890625 0.90210354375 0.5867453171875
0 0.7204742890625 0.6489086656249999 0.721825584375 0.690033003125 0.812092096875 0.694712634375 0.808458946875 0.642756178125 0.7204742890625 0.6489086656249999
0 0.8120665593749999 0.6507476750000001 0.8172166843750001 0.7025980546875 0.90975228125 0.6961273359375 0.9264262578125001 0.6729780046875 0.8966348312499999 0.6393382375 0.8120665593749999 0.6507476750000001
0 0.924182715625 0.7280933218750001 0.909178625 0.6879236828125 0.811148778125 0.703022365625 0.8143994921875001 0.7495097312500001 0.90902571875 0.751136584375 0.924182715625 0.7280933218750001
0 0.8176246609375 0.7520321203125 0.8045072140625 0.695243021875 0.7246810906250001 0.7090687734375 0.7131317015625 0.7401035312500001 0.729448778125 0.7554500625 0.8176246609375 0.7520321203125
0 0.9259292218749999 0.7966692453124999 0.9494359812500001 0.784033803125 0.9304546125 0.7523860453125 0.9082608437499999 0.7401983796875 0.8111743171875 0.7469873312499999 0.828460259375 0.7979890968750001 0.9259292218749999 0.7966692453124999
0 0.722080653125 0.8026799609375 0.822583571875 0.8011479515625 0.8273129499999999 0.78158179375 0.8138258359374999 0.7413060765624999 0.7711592625 0.741541690625 0.72318965625 0.7531398171875 0.722080653125 0.8026799609375
0 0.7243497359375 0.7915296015625 0.728747759375 0.8544242687500001 0.8231827640624999 0.853316571875 0.819549615625 0.8013601078124999 0.7243497359375 0.7915296015625
0 0.9181531203125 0.7944650796875 0.82012326875 0.809563759375 0.822048228125 0.8588917468749999 0.9252026593749999 0.8516784875000001 0.9337180984375 0.8208558921875 0.9181531203125 0.7944650796875