0 0.033444815625 0.208333334375 0.0822185046875 0.2008928578125 0.125418059375 0.2232142859375 0.125418059375 0.168650790625 0.03762541875 0.1463293625 0.033444815625 0.208333334375
0 0.083612040625 0.20585317343749998 0.04180601875 0.2108134953125 0.045986621875 0.272817459375 0.06967670000000001 0.2579365046875 0.121237459375 0.2678571421875 0.12402452343749999 0.2281746015625 0.083612040625 0.20585317343749998
0 0.0362318828125 0.3199404765625 0.11984392343750001 0.324900790625 0.11984392343750001 0.2852182546875 0.0822185046875 0.2628968265625 0.0431995546875 0.270337303125 0.0362318828125 0.3199404765625
0 0.125418059375 0.3273809515625 0.04738015625 0.3224206375 0.0404124859375 0.3695436484375 0.1226309921875 0.374503971875 0.125418059375 0.3273809515625
0 0.11984392343750001 0.3869047625 0.0390189546875 0.374503971875 0.0404124859375 0.354662696875 0.03205128125 0.429067459375 0.11705685625 0.43402777812500004 0.1295986609375 0.4216269828125 0.11984392343750001 0.3869047625
0 0.034838351562499995 0.4836309515625 0.064102565625 0.473710315625 0.1142697890625 0.47123016093750003 0.12402452343749999 0.43402777812500004 0.03762541875 0.43402777812500004 0.034838351562499995 0.4836309515625
0 0.12681159687500002 0.503472221875 0.1142697890625 0.4761904765625 0.04180601875 0.47867063749999994 0.0362318828125 0.5381944468750001 0.0738573 0.5233134953125 0.1100891875 0.528273809375 0.12681159687500002 0.503472221875
0 0.0766443703125 0.565476190625 0.11566332187499999 0.5877976203124999 0.125418059375 0.5555555531249999 0.11566332187499999 0.533234125 0.0822185046875 0.5183531734375 0.0431995546875 0.5307539718750001 0.048773690625 0.5803571421875 0.0766443703125 0.565476190625
0 0.0822185046875 0.572916665625 0.0431995546875 0.5877976203124999 0.033444815625 0.6398809515625 0.0710702328125 0.6225198390625 0.121237459375 0.6349206374999999 0.13099219687500002 0.595238096875 0.0822185046875 0.572916665625
0 0.0738573 0.6324404765625 0.0390189546875 0.6522817453124999 0.034838351562499995 0.6870039718750001 0.0738573 0.6696428578125 0.1142697890625 0.6795634953125 0.128205128125 0.6423611124999999 0.0738573 0.6324404765625
0 0.0390189546875 0.7341269828125 0.06270903125 0.721726190625 0.1128762546875 0.7242063515625 0.13099219687500002 0.716765875 0.12681159687500002 0.6919642859375 0.1128762546875 0.6820436484375 0.0766443703125 0.6696428578125 0.0390189546875 0.6746031734375 0.0390189546875 0.7341269828125
0 0.1184503921875 0.7242063515625 0.0822185046875 0.721726190625 0.0404124859375 0.7440476203124999 0.0445930859375 0.776289684375 0.083612040625 0.768849209375 0.12681159687500002 0.7713293625000001 0.1184503921875 0.749007934375 0.1184503921875 0.7242063515625
0 0.128205128125 0.811011903125 0.1184503921875 0.7738095234375 0.07246376875 0.7589285718750001 0.03065775 0.776289684375 0.03065775 0.8209325406250001 0.0766443703125 0.811011903125 0.128205128125 0.811011903125
0 0.206243034375 0.23561507656249997 0.20066889687499997 0.1711309515625 0.158862878125 0.1661706375 0.13099219687500002 0.168650790625 0.1073021171875 0.1711309515625 0.11566332187499999 0.2306547625 0.163043478125 0.225694446875 0.206243034375 0.23561507656249997
0 0.294035675 0.225694446875 0.21042363437499997 0.19097222187500001 0.20066889687499997 0.225694446875 0.2884615390625 0.252976190625 0.294035675 0.225694446875
0 0.206243034375 0.2876984109375 0.24944258437500003 0.2852182546875 0.2842809375 0.29017857187499996 0.2926421390625 0.24801587500000002 0.2034559640625 0.2306547625 0.206243034375 0.2876984109375
0 0.2034559640625 0.29017857187499996 0.2034559640625 0.2306547625 0.1616499421875 0.2232142859375 0.12402452343749999 0.2306547625 0.11705685625 0.2852182546875 0.15468227343750002 0.270337303125 0.2034559640625 0.29017857187499996
0 0.158862878125 0.272817459375 0.11705685625 0.2876984109375 0.12402452343749999 0.324900790625 0.1602564109375 0.3224206375 0.204849496875 0.3373015890625 0.20763656562500002 0.29017857187499996 0.158862878125 0.272817459375
0 0.2146042375 0.324900790625 0.285674471875 0.3323412671875 0.3023968796875 0.2976190484375 0.25222965625 0.2852182546875 0.2146042375 0.2876984109375 0.2146042375 0.324900790625
0 0.2508361203125 0.3298611125 0.2173913046875 0.3373015890625 0.2146042375 0.374503971875 0.24665551875 0.3695436484375 0.285674471875 0.3670634953125 0.2926421390625 0.33482142812500004 0.2508361203125 0.3298611125
0 0.206243034375 0.37946428593750003 0.206243034375 0.3298611125 0.15468227343750002 0.3199404765625 0.12681159687500002 0.3298611125 0.128205128125 0.376984125 0.16583054531250002 0.374503971875 0.206243034375 0.37946428593750003
0 0.2578037890625 0.3596230171875 0.2132107015625 0.37946428593750003 0.2146042375 0.4117063515625 0.2536231875 0.404265875 0.294035675 0.4141865046875 0.294035675 0.374503971875 0.2578037890625 0.3596230171875
0 0.1295986609375 0.429067459375 0.17419175 0.42410714218749995 0.20763656562500002 0.42410714218749995 0.1992753609375 0.376984125 0.17001114687500002 0.3670634953125 0.137959865625 0.364583334375 0.12402452343749999 0.3869047625 0.1295986609375 0.429067459375
0 0.2146042375 0.4141865046875 0.2146042375 0.446428571875 0.2508361203125 0.44146825468750006 0.2884615390625 0.4538690484375 0.29124860625000004 0.406746028125 0.25222965625 0.406746028125 0.2146042375 0.4141865046875
0 0.1142697890625 0.47123016093750003 0.128205128125 0.481150790625 0.2146042375 0.4761904765625 0.20903010156250001 0.4315476203125 0.12402452343749999 0.426587303125 0.1142697890625 0.47123016093750003
0 0.29960980937500004 0.4885912671875 0.29124860625000004 0.4489087328125 0.24386845156249998 0.43402777812500004 0.2173913046875 0.4489087328125 0.2173913046875 0.4861111125 0.29960980937500004 0.4885912671875
0 0.168617615625 0.47123016093750003 0.13099219687500002 0.47867063749999994 0.1226309921875 0.5307539718750001 0.1811594203125 0.5183531734375 0.2146042375 0.5158730171875 0.2146042375 0.47123016093750003 0.168617615625 0.47123016093750003
0 0.132385728125 0.5257936484375 0.12681159687500002 0.5704365046875 0.17419175 0.5679563515625 0.17001114687500002 0.585317459375 0.2146042375 0.5803571421875 0.2132107015625 0.5257936484375 0.132385728125 0.5257936484375
0 0.22017837031249998 0.4885912671875 0.21878483906250001 0.533234125 0.2926421390625 0.528273809375 0.294035675 0.4861111125 0.22017837031249998 0.4885912671875
0 0.2647714609375 0.565476190625 0.29960980937500004 0.5753968265625 0.2926421390625 0.5233134953125 0.21599776875 0.520833334375 0.2146042375 0.572916665625 0.2647714609375 0.565476190625
0 0.2968227421875 0.5704365046875 0.263377925 0.560515875 0.22157190624999998 0.5679563515625 0.22157190624999998 0.6076388875000001 0.2578037890625 0.6001984109375 0.294035675 0.6051587328125 0.2968227421875 0.5704365046875
0 0.1226309921875 0.6101190484375 0.2132107015625 0.6150793625000001 0.22157190624999998 0.6076388875000001 0.21878483906250001 0.5753968265625 0.1295986609375 0.5679563515625 0.1226309921875 0.6101190484375
0 0.21878483906250001 0.612599209375 0.21878483906250001 0.659722221875 0.30100334375000004 0.6498015890625 0.29960980937500004 0.612599209375 0.21878483906250001 0.612599209375
0 0.137959865625 0.6150793625000001 0.1128762546875 0.6473214281249999 0.1295986609375 0.667162696875 0.2146042375 0.667162696875 0.21599776875 0.620039684375 0.137959865625 0.6150793625000001
0 0.13377926406250001 0.716765875 0.22017837031249998 0.7093253984375 0.22017837031249998 0.667162696875 0.1295986609375 0.659722221875 0.1184503921875 0.6969246015625 0.13377926406250001 0.716765875
0 0.2982162765625 0.7093253984375 0.312151615625 0.6944444468750001 0.29960980937500004 0.667162696875 0.2257525078125 0.659722221875 0.2173913046875 0.7118055531249999 0.2982162765625 0.7093253984375
0 0.13377926406250001 0.7068452375 0.1142697890625 0.7192460281249999 0.0989409140625 0.749007934375 0.121237459375 0.7589285718750001 0.21042363437499997 0.7539682546875001 0.22296544218749997 0.7068452375 0.13377926406250001 0.7068452375
0 0.22017837031249998 0.7018849234375 0.21042363437499997 0.739087303125 0.21599776875 0.7564484109375 0.3079710140625 0.751488096875 0.3037904109375 0.7068452375 0.25919732500000003 0.6994047625 0.22017837031249998 0.7018849234375
0 0.21878483906250001 0.7564484109375 0.21878483906250001 0.8035714281249999 0.305183946875 0.7986111124999999 0.305183946875 0.741567459375 0.21878483906250001 0.7564484109375
0 0.11566332187499999 0.78125 0.125418059375 0.8085317453125 0.22017837031249998 0.8085317453125 0.21878483906250001 0.7638888875000001 0.128205128125 0.7564484109375 0.11566332187499999 0.78125