0 0.8845187859375001 0.0640099234375 0.7449745984375 0.0808639828125 0.706398196875 0.1651795234375 0.9226425578124999 0.1993957265625 0.9432166375 0.154427434375 0.8845187859375001 0.0640099234375
0 0.8349004062500001 0 0.8025957375000001 0.0035254718749999996 0.6298224515624999 0.0339900625 0.671004896875 0.0654852265625 0.7388680125 0.066438040625 0.82686335625 0.019916696875 0.9228120499999999 0.0185010484375 0.9195498171875001 0 0.8349004062500001 0
0 0.8475961484375001 0.0162609453125 0.739309865625 0.0689439140625 0.780412959375 0.0797828078125 0.9126043671874999 0.0616414640625 0.9120037999999999 0.01782305 0.8475961484375001 0.0162609453125
0 0.635487175 0.0459101296875 0.5171969921875 0.0822705765625 0.42904293437499996 0.087479384375 0.29480098125 0.134403909375 0.37435605 0.141046465625 0.47207215312499995 0.1496543078125 0.5273596078125 0.1399056375 0.5885949328125 0.10327037187500002 0.70298779375 0.06501334375 0.635487175 0.0459101296875
0 0.7232336703125 0.159627190625 0.738584878125 0.10524470625 0.7163678078125 0.060070303125 0.5994031796875 0.10394836562500001 0.5239041421875 0.14051492968749998 0.623387659375 0.1591462625 0.7232336703125 0.159627190625
0 0.515305153125 0.1523662953125 0.39340079375000003 0.1480234953125 0.13946373125 0.20313458125 0.20065398750000002 0.2672747859375 0.21250465625 0.314277065625 0.31608927656249997 0.275342040625 0.542903815625 0.2482674328125 0.67766698125 0.22450505 0.68522355 0.1663294015625 0.515305153125 0.1523662953125
0 0.37347234375 0.13603472187500001 0.280979115625 0.1368410765625 0.049904759375 0.180169503125 0.1403474375 0.20814632500000002 0.24614132031249997 0.181740659375 0.37347234375 0.13603472187500001
0 0 0.27527313750000004 0.1483801484375 0.27390829375000003 0.1399849421875 0.226296721875 0.0516721703125 0.19019299218750002 0 0.20398912187499998 0 0.27527313750000004
0 0 0.3702317578125 0.1918512234375 0.338589084375 0.17646572656249998 0.27153982656250003 0 0.27457682031249997 0 0.3702317578125
0 0.7454056703124999 0.3055770703125 0.7343593484375 0.2429302640625 0.688917084375 0.22768891562500002 0.2686758171875 0.3095401390625 0.20330510624999998 0.28231001718750004 0.20523123124999998 0.3336460484375 0.327736165625 0.38180725781249997 0.7454056703124999 0.3055770703125
0 0.760518803125 0.18922577812500002 0.7417121375 0.2442175546875 0.797158303125 0.2757814234375 0.9540591781250001 0.2765371734375 0.95462545625 0.198923840625 0.760518803125 0.18922577812500002
0 0.761402509375 0.194237521875 0.703384584375 0.168294690625 0.6869116015625 0.155696625 0.6763414234375 0.21698743281250002 0.7348012015625 0.2454361390625 0.761402509375 0.194237521875
0 0.757301409375 0.251803878125 0.7423920625 0.3086922359375 0.752475315625 0.3456710234375 0.9843089546874999 0.3874735453125 0.9583983515625001 0.28093962499999997 0.757301409375 0.251803878125
0 0.24324135624999998 0.3269438359375 0.233917375 0.37509599531250004 0.3448890671875 0.45888 0.708959178125 0.3817657046875 0.741667065625 0.34499302656249997 0.7350392734375 0.3074049453125 0.34633905 0.3862784140625 0.24324135624999998 0.3269438359375
0 0.245167478125 0.3782798625 0.24332071093750002 0.34760010625 0.1919305765625 0.35924535625 0.20936662031250003 0.3975114328125 0.2267233078125 0.4151212453125 0.261719815625 0.41153419687500004 0.245167478125 0.3782798625
0 0 0.44500098593750004 0.218486815625 0.4088222109375 0.186265846875 0.3473252859375 0 0.37362842500000004 0 0.44500098593750004
0 0.27256235625 0.533643934375 0.3577028 0.53155029375 0.706104278125 0.426193403125 0.71337770625 0.40682442500000005 0.691681853125 0.3848121640625 0.33062535625 0.4588112953125 0.25649694218749997 0.402120003125 0.197029028125 0.44877875781250004 0.27256235625 0.533643934375
0 0.940951534375 0.4648807625 0.99969445 0.454522803125 0.9847508078124999 0.3899794203125 0.8342396531249999 0.3648429375 0.743434478125 0.3550165171875 0.7188837234375 0.3774319546875 0.737203471875 0.42070977656249997 0.940951534375 0.4648807625
0 1 0.48770528593750007 0.9927835171874999 0.455741384375 0.9133078031249999 0.46975509843749996 0.7182380890625 0.43438901718749995 0.713695134375 0.489449503125 0.9157551375 0.5442532640625 1 0.529398621875 1 0.48770528593750007
0 0.265209571875 0.5323566484375 0.23395166562499997 0.4965277375 0.2427887234375 0.546645178125 0.30140721875 0.6164064203125 0.4339611203125 0.5801146796875 0.7111233796875001 0.4950705359375 0.70184446875 0.44244721875000004 0.36593929375 0.537849325 0.265209571875 0.5323566484375
0 0 0.5168792015625 0.208800340625 0.47512476406250004 0.1910018046875 0.45500908124999995 0.23282988906250002 0.4295471875 0.20767856562499998 0.40814421406249995 0 0.451809721875 0 0.5168792015625
0 0 0.5437443296875 0.0046848046875 0.5703131781249999 0.2310174109375 0.52029916875 0.1910811609375 0.47566535312499997 0 0.5093581171875 0 0.5437443296875
0 0.2275619421875 0.5209084609375 0.0051160984375 0.5727591734375 0.014002990625 0.6231592359375 0.2389707625 0.5654048671874999 0.2275619421875 0.5209084609375
0 0.7120070843749999 0.50008228125 0.31522908437499997 0.613969253125 0.2658101421875 0.5761750546875 0.29811046874999997 0.658328253125 0.3267172578125 0.679121928125 0.7290806296875 0.5564987546875 0.7120070843749999 0.50008228125
0 0.017906603125 0.645297728125 0.050457259374999994 0.82990166875 0.30525946875 0.7190784765625 0.26612756718749997 0.6588001328125 0.229125575 0.590394884375 0.017906603125 0.645297728125
0 0.330614575 0.6810185093750001 0.3320988484375 0.729848665625 0.3718763828125 0.7331699421875 0.7076228437500001 0.5964552984375 0.714375059375 0.5539241828125 0.330614575 0.6810185093750001
0 0.3066643875 0.7472523578125 0.05271500312500001 0.842705965625 0.0624559921875 0.897949871875 0.3375597984375 0.8012316687500001 0.3066643875 0.7472523578125
0 0.586705053125 0.9614194734374999 0.9247852015625 0.757114990625 0.9138182359375 0.7151244546875 0.7071809921875001 0.5939494296875 0.365566021875 0.7782069375 0.32285422812500003 0.798657090625 0.44760271406249996 0.9807794031249999 0.586705053125 0.9614194734374999
0 0.3259472 0.8161982 0.06172310156250001 0.893793428125 0.0747871328125 0.9678832328125001 0.357646959375 0.85453298125 0.3259472 0.8161982
0 0.15049295000000001 1 0.321642315625 0.9332274859374999 0.3447088 0.8619818921875 0.074360090625 0.9654613671875 0.080450184375 1 0.15049295000000001 1
0 1 0.528056571875 0.9331118265624999 0.5618630765625 0.719359865625 0.5013695671875 0.727675715625 0.528324871875 0.9265183218749999 0.6457067359375 1 0.6075437234375001 1 0.528056571875
0 1 0.5977078265625 0.9148263671875 0.6400169921875001 0.7398095234375 0.5365204828125 0.705855434375 0.586431815625 0.8900718296875001 0.7218953671875 1 0.66910341875 1 0.5977078265625
0 1 0.6722364562500001 0.8805891390625 0.7287349859375001 0.92140909375 0.77838055 1 0.7368311375000001 1 0.6722364562500001
0 0.5694277265625 0.9644659328125 0.68602985625 0.9387382671875001 0.9492115359375 0.8148187531250001 0.90758723125 0.7808177187500001 0.5694277265625 0.9644659328125
0 1 0.74192803125 0.911926403125 0.785220165625 0.925465125 0.8215896656250001 0.9467984875000001 0.8617523265625 1 0.8238316203125 1 0.74192803125
0 0.657139925 0.956751253125 0.768598540625 0.94226565625 0.9351065343749999 0.8560625890625 0.9087090046874999 0.8477982671875001 0.657139925 0.956751253125