0 0.8420665546875 0.12518409375 0.6949806953125 0.1006381953125 0.5056076484375 0.1570937625 0.501930503125 0.21354933437499998 0.5184776609374999 0.23073146875 0.6747563890625 0.203730978125 0.8365508390624999 0.216003928125 0.8420665546875 0.12518409375
0 0.501930503125 0.2184585140625 0.501930503125 0.14727540625 0.42287185312500003 0.20127638750000001 0.42287185312500003 0.26509572656249997 0.501930503125 0.2184585140625
0 0.41919470625 0.27000490625 0.41919470625 0.216003928125 0.34197462968750003 0.2380952375 0.3548446421875 0.2749140859375 0.41919470625 0.27000490625
0 0.28314028125 0.2896416296875 0.28314028125 0.3068237625 0.3474903484375 0.3043691703125 0.3438132015625 0.26018654531249996 0.3015260140625 0.2626411390625 0.28314028125 0.2896416296875
0 0.82735796875 0.22827687812500003 0.6747563890625 0.2061855671875 0.5056076484375 0.2356406484375 0.503769075 0.3092783515625 0.6784335359375 0.3166421171875 0.818165103125 0.32400589218750003 0.82735796875 0.22827687812500003
0 0.507446221875 0.31909671093749997 0.5056076484375 0.2258222890625 0.421033278125 0.27000490625 0.41367898593749997 0.31418753125 0.507446221875 0.31909671093749997
0 0.421033278125 0.328915071875 0.4265489953125 0.28227786093749996 0.34932891875 0.2675503203125 0.3346203359375 0.31173293750000003 0.421033278125 0.328915071875
0 0.7997793703125 0.328915071875 0.672917815625 0.328915071875 0.5092847953125 0.3215512984375 0.5056076484375 0.3951890046875 0.66924066875 0.4221894953125 0.82919654375 0.41482572187500005 0.82919654375 0.35100638281249996 0.7997793703125 0.328915071875
0 0.42287185312500003 0.31173293750000003 0.4265489953125 0.336278840625 0.4265489953125 0.3780068703125 0.5000919296874999 0.39764359374999997 0.5000919296874999 0.326460478125 0.42287185312500003 0.31173293750000003
0 0.3456517765625 0.326460478125 0.3291046125 0.3657339234375 0.41000183906250004 0.4025527734375 0.421033278125 0.3534609734375 0.41367898593749997 0.333824253125 0.3456517765625 0.326460478125
0 0.2923331515625 0.3043691703125 0.3052031609375 0.331369659375 0.2923331515625 0.34855179375 0.32542746562499997 0.36818850937500003 0.340136053125 0.3166421171875 0.2923331515625 0.3043691703125
0 0.672917815625 0.439371621875 0.49825335624999995 0.4025527734375 0.49641478437500003 0.483554246875 0.667402096875 0.5449189999999999 0.8218422500000001 0.5081001484375001 0.801617946875 0.43200785625 0.672917815625 0.439371621875
0 0.503769075 0.40746195468749996 0.42287185312500003 0.3780068703125 0.41184041406249994 0.459008346875 0.49089906250000004 0.48600883437500003 0.503769075 0.40746195468749996
0 0.40264754375 0.4614629375 0.4081632671875 0.4025527734375 0.3291046125 0.373097690625 0.3143960265625 0.3780068703125 0.31991175 0.41482572187500005 0.31991175 0.43200785625 0.40264754375 0.4614629375
0 0.25188453593750004 0.4221894953125 0.2757859875 0.446735396875 0.31623460312499996 0.439371621875 0.30888030781250003 0.3780068703125 0.25188453593750004 0.38291605 0.25188453593750004 0.4221894953125
0 0.18937304531250002 0.3436426125 0.21879022187500002 0.38046146406250003 0.30704173749999997 0.358370153125 0.2886560046875 0.30191458125000004 0.1948887640625 0.3092783515625 0.18937304531250002 0.3436426125
0 0.8365508390624999 0.4099165453125 0.8034565171875 0.4295532625 0.8108108093749999 0.483554246875 0.921125209375 0.47128129375 0.9266409250000001 0.439371621875 0.8365508390624999 0.4099165453125
0 0.9560581015625 0.571919490625 0.959735246875 0.50319096875 0.9395109375 0.48846342812500004 0.825519396875 0.48846342812500004 0.8236808218749999 0.5056455578125 0.820003675 0.51546391875 0.825519396875 0.58664703125 0.9560581015625 0.571919490625
0 0.8218422500000001 0.603829159375 0.8218422500000001 0.5081001484375001 0.6710792421875 0.5424644062499999 0.4927376375 0.47619047343750004 0.487221915625 0.5326460453124999 0.661886375 0.6185567015625 0.8218422500000001 0.603829159375
0 0.48354476875 0.5326460453124999 0.48538334375 0.48109965312499997 0.41000183906250004 0.454099165625 0.40264754375 0.50319096875 0.48354476875 0.5326460453124999
0 0.3971318265625 0.5179185046875 0.4008089734375 0.459008346875 0.323588896875 0.42464408125 0.3143960265625 0.4737358875 0.3971318265625 0.5179185046875
0 0.3180731734375 0.49091801406249996 0.30888030781250003 0.43691703593750003 0.2592388296875 0.43200785625 0.2482073890625 0.47864506718750005 0.3180731734375 0.49091801406249996
0 0.2482073890625 0.49091801406249996 0.257400259375 0.43200785625 0.20959735156249998 0.41728031562499995 0.20959735156249998 0.454099165625 0.2482073890625 0.49091801406249996
0 0.8034565171875 0.6062837531249999 0.7997793703125 0.684830634375 0.921125209375 0.6725576796875 0.9450266609375 0.645557190625 0.935833790625 0.5940107984375 0.8034565171875 0.6062837531249999
0 0.479867621875 0.6111929328125 0.65637065625 0.70446735625 0.8071336640625001 0.684830634375 0.8034565171875 0.5915562109375 0.661886375 0.6185567015625 0.503769075 0.5400098203125 0.481706196875 0.5498281796875 0.479867621875 0.6111929328125
0 0.4761904765625 0.603829159375 0.4761904765625 0.527736865625 0.4008089734375 0.5105547375 0.4008089734375 0.5498281796875 0.4761904765625 0.603829159375
0 0.39529325000000004 0.5792832578125 0.3971318265625 0.5228276843749999 0.31991175 0.483554246875 0.3217503203125 0.5326460453124999 0.39529325000000004 0.5792832578125
0 0.3180731734375 0.5498281796875 0.3180731734375 0.49091801406249996 0.25188453593750004 0.46882670624999995 0.250045965625 0.5228276843749999 0.3180731734375 0.5498281796875
0 0.2482073890625 0.5326460453124999 0.2482073890625 0.49091801406249996 0.2059202046875 0.454099165625 0.20775877812500002 0.5081001484375001 0.2482073890625 0.5326460453124999
0 0.654532084375 0.7093765359375 0.48354476875 0.6161021125 0.4725133296875 0.6995581750000001 0.6379849234375 0.8075601390625 0.7961022234375 0.78055964375 0.7961022234375 0.682376040625 0.654532084375 0.7093765359375
0 0.487221915625 0.613647521875 0.40264754375 0.5547373609374999 0.38610038750000003 0.6234658828125 0.4725133296875 0.6872852218750001 0.487221915625 0.613647521875
0 0.398970396875 0.5817378515625 0.3217503203125 0.5400098203125 0.323588896875 0.58664703125 0.39529325000000004 0.645557190625 0.398970396875 0.5817378515625
0 0.3143960265625 0.601374571875 0.31623460312499996 0.5498281796875 0.2537231125 0.525282278125 0.2537231125 0.571919490625 0.3143960265625 0.601374571875
0 0.25188453593750004 0.5768286703125 0.25188453593750004 0.5326460453124999 0.20959735156249998 0.5130093296875 0.213274496875 0.5424644062499999 0.25188453593750004 0.5768286703125
0 0.7979407984375 0.6995581750000001 0.7979407984375 0.7658321078125 0.9192866328125 0.7461953875 0.9431880843749999 0.6750122734375 0.9248023562500001 0.67010309375 0.7979407984375 0.6995581750000001
0 0.9248023562500001 0.8198330859375 0.9248023562500001 0.756013746875 0.7979407984375 0.773195878125 0.7997793703125 0.8591065312499999 0.9248023562500001 0.8198330859375
0 0.7942636515625 0.8566519375 0.801617946875 0.7781050578125 0.6508549375 0.8124693203125 0.474351903125 0.7069219421875 0.4725133296875 0.7609229281250001 0.645339215625 0.9081983296875 0.7942636515625 0.8566519375
0 0.46515903437499995 0.6946489953125 0.3971318265625 0.645557190625 0.39529325000000004 0.6921944015625 0.46515903437499995 0.7461953875 0.46515903437499995 0.6946489953125
0 0.391616103125 0.6995581750000001 0.38977753437499996 0.645557190625 0.31991175 0.5817378515625 0.31623460312499996 0.640648009375 0.391616103125 0.6995581750000001
0 0.32542746562499997 0.601374571875 0.2537231125 0.569464896875 0.257400259375 0.6185567015625 0.30888030781250003 0.6480117843750001 0.31255745625000003 0.6062837531249999 0.32542746562499997 0.601374571875
0 0.250045965625 0.6185567015625 0.2482073890625 0.5792832578125 0.20959735156249998 0.5424644062499999 0.2059202046875 0.5817378515625 0.250045965625 0.6185567015625
0 0.4688361796875 0.8296514500000001 0.46515903437499995 0.7486499734375001 0.38977753437499996 0.6995581750000001 0.38977753437499996 0.7609229281250001 0.4688361796875 0.8296514500000001
0 0.4761904765625 0.7633775140625 0.4761904765625 0.844378990625 0.6177606171875001 0.9769268562500001 0.7703622015625 0.9351988203125 0.779555065625 0.8615611171875001 0.6343077765625 0.9081983296875 0.4761904765625 0.7633775140625
0 0.38793895625 0.773195878125 0.38793895625 0.6897398156250001 0.3107188796875 0.6529209640625 0.3107188796875 0.6946489953125 0.38793895625 0.773195878125
0 0.30888030781250003 0.7093765359375 0.30888030781250003 0.6504663703125 0.25188453593750004 0.6185567015625 0.25188453593750004 0.67010309375 0.30888030781250003 0.7093765359375
0 0.2482073890625 0.6651939140625001 0.2482073890625 0.6111929328125 0.21143592500000002 0.5940107984375 0.21695164375 0.6332842421875 0.2482073890625 0.6651939140625001
0 0.7887479296875 0.9351988203125 0.9174480624999999 0.8910162015624999 0.922963778125 0.81492390625 0.921125209375 0.8321060359375 0.7961022234375 0.8615611171875001 0.7887479296875 0.9351988203125
0 1 0.8492881703125 0.93215664375 0.8124693203125 0.9192866328125 0.9106529234374999 0.930318075 0.94256259375 1 0.9032891484375 1 0.8492881703125
0 0.7887479296875 0.9302896390625 0.7924250765624999 0.9941089859375 0.8071336640625001 1 0.9156094859374999 0.972017675 0.9156094859374999 0.9131075093750001 0.7887479296875 0.9302896390625
0 0.922963778125 0.940108 0.913770915625 0.9621993156249999 0.935833790625 1 1 0.98183603125 0.9983452859374999 0.9180166906249999 0.922963778125 0.940108
0 0.7869093578124999 0.9769268562500001 0.768523625 0.9376534140624999 0.6508549375 0.9965635718750001 0.7924250765624999 1 0.7869093578124999 0.9769268562500001
0 0.474351903125 0.93274423125 0.5515719812500001 0.999018165625 0.608567753125 0.999018165625 0.6324692046875 0.9867452109375 0.48538334375 0.8492881703125 0.474351903125 0.93274423125
0 0.3971318265625 0.8296514500000001 0.4761904765625 0.8983799687499999 0.4761904765625 0.8566519375 0.4725133296875 0.837015215625 0.3934546796875 0.7658321078125 0.3971318265625 0.8296514500000001
0 0.39529325000000004 0.8222876796874999 0.38793895625 0.7781050578125 0.3143960265625 0.7020127625 0.303364590625 0.753559153125 0.39529325000000004 0.8222876796874999
0 0.31255745625000003 0.714285715625 0.2592388296875 0.682376040625 0.26107740625 0.726558665625 0.31255745625000003 0.773195878125 0.31255745625000003 0.714285715625
0 0.26107740625 0.6799214546875 0.22246736718750001 0.65537555 0.21695164375 0.6995581750000001 0.26107740625 0.7412862062500001 0.26107740625 0.6799214546875
0 0.382423240625 0.9180166906249999 0.3971318265625 0.8321060359375 0.3180731734375 0.7658321078125 0.3217503203125 0.8321060359375 0.382423240625 0.9180166906249999
0 0.4008089734375 0.8394698093749999 0.398970396875 0.9229258703125 0.4761904765625 0.9867452109375 0.479867621875 0.9131075093750001 0.4008089734375 0.8394698093749999
0 0.27210884062499996 0.7658321078125 0.2629159765625 0.7928325984375 0.31991175 0.8394698093749999 0.32542746562499997 0.7854688249999999 0.27210884062499996 0.7461953875 0.27210884062499996 0.7658321078125
0 0.27210884062499996 0.7511045671875001 0.21695164375 0.7216494859375 0.21695164375 0.7633775140625 0.27027026875 0.8075601390625 0.27210884062499996 0.7511045671875001
0 0.27027026875 0.81492390625 0.22614451406249997 0.7781050578125 0.21879022187500002 0.8222876796874999 0.264754553125 0.8615611171875001 0.27027026875 0.81492390625
0 0.3143960265625 0.8394698093749999 0.27210884062499996 0.8173785 0.266593121875 0.8713794781249999 0.30704173749999997 0.9057437421874999 0.3143960265625 0.8394698093749999
0 0.3934546796875 0.92783505 0.31991175 0.8419243968749999 0.31623460312499996 0.8910162015624999 0.38610038750000003 0.9769268562500001 0.3934546796875 0.92783505
0 0.382423240625 0.9695630812499999 0.31255745625000003 0.8811978406250001 0.3107188796875 0.920471284375 0.362198934375 0.999018165625 0.382423240625 0.9695630812499999
0 0.4504504515625 1 0.4706747578125 0.984290621875 0.4008089734375 0.9450171796875001 0.39529325000000004 1 0.4504504515625 1
0 0.555249128125 1 0.489060490625 0.9523809546875001 0.481706196875 0.9941089859375 0.555249128125 1
0 0.9266409250000001 0.9941089859375 0.9119323390625 0.9671084953125 0.8218422500000001 0.999018165625 0.9266409250000001 0.9941089859375
0 0.250045965625 0.38291605 0.213274496875 0.36818850937500003 0.2004044859375 0.4197349015625 0.25188453593750004 0.4221894953125 0.250045965625 0.38291605