0 0.7657344953125 0.053786764062500006 0.544630103125 0.11129810312499999 0.5381057984375001 0.17630275 0.55653434375 0.196799659375 0.738209684375 0.17194575781250002 0.9246759499999999 0.19263827656250002 0.9347097062499999 0.0880494515625 0.7657344953125 0.053786764062500006
0 0.5379079546875001 0.18196823281250002 0.5407766781250001 0.0998187640625 0.447244528125 0.15894883437500001 0.44467257031249996 0.23260008124999998 0.5379079546875001 0.18196823281250002
0 0.4402256171875 0.2381171828125 0.4424018890625 0.17579689375000002 0.352280271875 0.19817553125 0.36566833593750003 0.24118597656250002 0.4402256171875 0.2381171828125
0 0.35351453125 0.2237443828125 0.3045508359375 0.2248707328125 0.282217146875 0.2552889640625 0.2815246953125 0.27511815156249997 0.35598305468749997 0.274882096875 0.35351453125 0.2237443828125
0 0.541464615625 0.20194580312500002 0.5363724140625 0.28685382187499997 0.737908409375 0.30240019687499997 0.8990778484374999 0.3165369453125 0.9135585624999999 0.206431021875 0.7381107640625 0.1747784953125 0.541464615625 0.20194580312500002
0 0.5402258390625 0.298333165625 0.541860303125 0.1906148390625 0.44235016875 0.238191371875 0.4320713609375 0.288883940625 0.5402258390625 0.298333165625
0 0.439976053125 0.306177146875 0.4482292265625 0.2525776515625 0.3595914328125 0.2324651828125 0.34081440625 0.282860978125 0.439976053125 0.306177146875
0 0.7310401343749999 0.3163413296875 0.5422514734375 0.30124009687500003 0.535034721875 0.3860739296875 0.7230320078125 0.42383708125 0.9081650890624999 0.4217934859375 0.9107370453125 0.34814223593750004 0.8776344515625001 0.3214605140625 0.7310401343749999 0.3163413296875
0 0.528562134375 0.38868409375 0.53143085625 0.3065346203125 0.4427930625 0.2864221515625 0.44605295468749995 0.314897940625 0.4443712890625 0.3630545265625 0.528562134375 0.38868409375
0 0.43898683906249997 0.334504553125 0.43127998749999996 0.3115458625 0.352968209375 0.30030256718750004 0.3322644640625 0.34495869687499997 0.4242610765625 0.39071421093750003 0.43898683906249997 0.334504553125
0 0.3279164296875 0.347643053125 0.346990228125 0.288749034375 0.292246396875 0.27265636249999997 0.306030146875 0.30433584375 0.290465809375 0.3236456953125 0.3279164296875 0.347643053125
0 0.520850771875 0.4876816296875 0.7159613796875 0.5653999140625 0.8959078484375 0.5291408609375 0.8756043078125 0.440509803125 0.72658866875 0.44381464375 0.5262397359375 0.394275384375 0.520850771875 0.4876816296875
0 0.5324155546875 0.400163440625 0.44012218281250004 0.36290614374999997 0.424110440625 0.45594143281250005 0.5143781796875 0.49029179375 0.5324155546875 0.400163440625
0 0.3319677 0.353456915625 0.3147734140625 0.3585288671875 0.319663259375 0.4012425484375 0.318970809375 0.4210717328125 0.41338874062500003 0.458403221875 0.42213652343749997 0.390640021875 0.3319677 0.353456915625
0 0.30839975000000003 0.35830629531249997 0.242340690625 0.36167185156250004 0.240757946875 0.4069957015625 0.26738795 0.436287590625 0.3144249328125 0.42942157031250006 0.30839975000000003 0.35830629531249997
0 0.288096209375 0.2696752421875 0.1794471171875 0.27438971562500003 0.171688553125 0.313825509375 0.2041976203125 0.357503675 0.30706656718750003 0.33557018437499997 0.288096209375 0.2696752421875
0 1 0.44682203125 0.9168611515625 0.41642477187500004 0.8778277843750001 0.43775125312499996 0.88414973125 0.5003683078125001 1 0.49157575312499996 1 0.44682203125
0 0.898131321875 0.5263823078125001 0.893486528125 0.5375648890625 0.8969914734375 0.6199369375 0.9963853046875 0.6122388296875 0.9999526078125 0.510084625 0.9009483312500001 0.5066273203125 0.898131321875 0.5263823078125001
0 0.7203094140624999 0.562715553125 0.516898425 0.47903502343750004 0.5082495625 0.543965478125 0.7066200671875 0.6501595499999999 0.8920499109375 0.6396177359374999 0.8959078484375 0.5291408609375 0.7203094140624999 0.562715553125
0 0.5040004515625001 0.543817096875 0.5082023609374999 0.484403740625 0.42218372656250003 0.4502017625 0.4117070765625 0.5065598078125 0.5040004515625001 0.543817096875
0 0.4047398828125 0.5233336734375 0.41136310781249996 0.4554962859375 0.3235166875 0.41272189218750005 0.3109154765625 0.469005746875 0.4047398828125 0.5233336734375
0 0.3144721375 0.488983309375 0.30602563437499997 0.4262920671875 0.2488604828125 0.418623425 0.23423364218749998 0.4720003484375 0.3144721375 0.488983309375
0 0.23373903437500002 0.4861640484375 0.24673592968750002 0.4185492359375 0.1920910171875 0.39962382500000004 0.1906071953125 0.4421149296875 0.23373903437500002 0.4861640484375
0 0.8632908359375 0.732207878125 0.9924930312500001 0.723699003125 0.995606934375 0.6345284859375 0.8707054375000001 0.6417085671875 0.8632908359375 0.732207878125
0 0.6967841484374999 0.749082896875 0.8717890593750001 0.7325046421875 0.8712989656250001 0.624712121875 0.7066200671875 0.6501595499999999 0.5270737953125 0.553131425 0.501183446875 0.5635720937500001 0.49658585312500003 0.6343164156250001 0.6967841484374999 0.749082896875
0 0.4926335078125 0.6256698078125 0.495700071875 0.537854853125 0.4092857578125 0.514983834375 0.40770301406250004 0.560307684375 0.4926335078125 0.6256698078125
0 0.4001422859375 0.5940779921875 0.40454203906249997 0.528999153125 0.316893459375 0.48055928437500006 0.317039584375 0.537288278125 0.4001422859375 0.5940779921875
0 0.312098021875 0.556969084375 0.3144721375 0.488983309375 0.23887844062500002 0.46081776874999997 0.2345776125 0.523063865625 0.312098021875 0.556969084375
0 0.2320573703125 0.534320634375 0.23373903437500002 0.4861640484375 0.186358084375 0.4419665484375 0.1863063703125 0.50436103125 0.2320573703125 0.534320634375
0 0.48452645937499994 0.7359983046874999 0.6713838937500001 0.8673160843750001 0.8551837890625 0.8425363703125001 0.859140646875 0.7292267531250001 0.6944617546875 0.754674184375 0.5006371203125 0.6401302765625 0.48452645937499994 0.7359983046874999
0 0.504985153125 0.6374459156250001 0.4096297265625 0.5660473578125 0.38773892499999996 0.6446963671875 0.4850210671875 0.7218345984375001 0.504985153125 0.6374459156250001
0 0.4042924765625 0.5970591171875 0.3167428171875 0.5457865046875 0.3169878671875 0.5996827640625 0.39747140625 0.6705619828125 0.4042924765625 0.5970591171875
0 0.305771559375 0.6163082531249999 0.309973465625 0.55689489375 0.23872780312500003 0.526044990625 0.2368482953125 0.5798670578125 0.305771559375 0.6163082531249999
0 0.23452589375000002 0.5854583484375 0.23630648124999998 0.5344690171875001 0.1882330796875 0.5101007046875 0.1912951328125 0.54424196875 0.23452589375000002 0.5854583484375
0 0.8579018749999999 0.825614121875 0.9895130968749999 0.8090331640624999 0.9925051125 0.7233530312500001 0.8605727546875 0.7491301328125 0.8579018749999999 0.825614121875
0 0.8562674140625001 0.9333324515625 0.986425971875 0.897436884375 0.98909590625 0.8209799421874999 0.8576051109374999 0.83411234375 0.8562674140625001 0.9333324515625
0 0.6860579421875 0.873500903125 0.486354253125 0.744570715625 0.48205342343749996 0.806816815625 0.6758263359375001 0.9837552046875 0.8499926703125 0.9302771328125001 0.8616563796875001 0.8399262046875 0.6860579421875 0.873500903125
0 0.4762260796875 0.7300360578125 0.39959596406250003 0.6706361750000001 0.3955918984375 0.724384053125 0.47414872812500003 0.7895236078125001 0.4762260796875 0.7300360578125
0 0.3910460234375 0.732733896875 0.39109774218750004 0.6703394109375 0.3129366015625 0.5938689015625 0.306313371875 0.6617062890625001 0.3910460234375 0.732733896875
0 0.2975183875 0.669907746875 0.3034491640625 0.62189954375 0.3185188921875 0.6167533984375 0.236947215625 0.577034315625 0.239217896875 0.6338375078125 0.2975183875 0.669907746875
0 0.230719675 0.6335407421875 0.23017786093749998 0.5881427046875001 0.187046021875 0.5440935859375 0.18121416562499998 0.589269053125 0.230719675 0.6335407421875
0 0.475034509375 0.8859851640624999 0.47404980781250006 0.792356346875 0.388921471875 0.7326597046875001 0.386448434375 0.803478215625 0.475034509375 0.8859851640624999
0 0.8224140343749999 1 0.8327983828125 0.9353490859375 0.663079003125 0.9833100578125 0.48620361093750003 0.8097979343749999 0.48293920156250003 0.903278371875 0.5793976953125 1 0.8224140343749999 1
0 0.38382926875 0.8175677265625 0.3871925984375 0.72125455 0.299445096875 0.6756474203125 0.2977634328125 0.7238040046875 0.38382926875 0.8175677265625
0 0.2950453515625 0.7407262578125 0.297419465625 0.6727404828125 0.232844228125 0.6336149343749999 0.230766878125 0.6931024828125001 0.2950453515625 0.7407262578125
0 0.22671560781250003 0.6872886203124999 0.2288918828125 0.6249683359375 0.187093228125 0.6036553265625 0.19188414843749999 0.649201746875 0.22671560781250003 0.6872886203124999
0 0.9084874375 1 0.983643003125 0.9771306828125 0.9860093359375 0.909367721875 0.8519193796875 0.9360168046874999 0.8432564640625 1 0.9084874375 1
0 0.583970021875 1 0.4933641390625 0.9093148078125 0.4782011609375 0.999543540625 0.491272440625 1 0.583970021875 1
0 0.47898685781249994 0.8946317640625001 0.39049970156249997 0.8092920796874999 0.392176853125 0.8830917109374999 0.48076292968749995 0.9655986593750001 0.482444596875 0.9174420718749999 0.47898685781249994 0.8946317640625001
0 0.390349059375 0.8745193 0.383631425 0.8232332046874999 0.301715778125 0.7324506078125 0.28689110156250003 0.791493009375 0.390349059375 0.8745193
0 0.29909661718749997 0.7465401218750001 0.23877049218750002 0.70756295 0.23911446406249998 0.758626471875 0.296722503125 0.8145258890625 0.29909661718749997 0.7465401218750001
0 0.240993971875 0.704804403125 0.1973675234375 0.6749189828125 0.18921326875 0.725685740625 0.23852093437500002 0.7756229140625 0.240993971875 0.704804403125
0 0.3716192375 0.9844768359374999 0.39207793281250003 0.8859244468749999 0.3033929296875 0.8062502453124999 0.3049711640625 0.8828826125000001 0.3716192375 0.9844768359374999
0 0.39720849999999996 0.9967152140625 0.4829751640625 0.9997102531250001 0.4844185125 0.9827434859374999 0.39603028125 0.8945710546875001 0.39054239218750003 0.9908100390625 0.39720849999999996 0.9967152140625
0 0.31109978125 0.829208925 0.2510704203125 0.7817335437499999 0.25027904843750004 0.804395465625 0.2385681375 0.83518465625 0.30254984375 0.8913066468749999 0.31109978125 0.829208925
0 0.2508725765625 0.7873990234375 0.18832297656250002 0.751180403125 0.186641309375 0.799336990625 0.2464728296875 0.8524778625 0.2508725765625 0.7873990234375
0 0.246176065625 0.8609760812499999 0.19667056249999998 0.8167043875 0.1863917546875 0.8673969546875 0.23792289218749998 0.9145755765624999 0.246176065625 0.8609760812499999
0 0.29617617812499997 0.891084075 0.248201696875 0.8638830171875 0.239651759375 0.925980728125 0.2850070796875 0.967271303125 0.29617617812499997 0.891084075
0 0.2962233828125 0.950645815625 0.3293394609375 0.994345175 0.383970884375 0.9962529468750001 0.3024509234375 0.894139384375 0.2962233828125 0.950645815625
0 0.28866265625 0.9844161281250001 0.2939428515625 0.9931090984375001 0.33309958906250003 0.9944764812500001 0.292369959375 0.9391664687500001 0.28866265625 0.9844161281250001
0 0.24021613749999998 0.3615976609375 0.19831855781250002 0.343117396875 0.181369321875 0.40208560625 0.240757946875 0.4069957015625 0.24021613749999998 0.3615976609375