0 0.4676216796875 0.2231359765625 0.640213878125 0.1873153203125 0.6267747578125 0.1368583671875 0.44354171875 0.14748921875 0.4676216796875 0.2231359765625
0 0.43973645 0.159291746875 0.344674303125 0.16317053125 0.286203090625 0.1990421875 0.32245064375 0.2757454375 0.46315280937500003 0.2272977953125 0.43973645 0.159291746875
0 0.6485761953125 0.200174346875 0.5234709828125 0.2196439234375 0.558535178125 0.275770096875 0.6722802671875 0.2575890578125 0.662070990625 0.21651225468750002 0.6485761953125 0.200174346875
0 0.3097958203125 0.3246949859375 0.358266628125 0.3683356921875 0.565946178125 0.291579753125 0.56262815625 0.2533762328125 0.5253736171875001 0.2137426609375 0.4580203359375 0.22381891406249999 0.3274392625 0.2845199875 0.3097958203125 0.3246949859375
0 0.7274427984375 0.3435177640625 0.7056413609375001 0.28020178906250004 0.6809302984375 0.25985675 0.5742203171875 0.275615403125 0.5147977890625001 0.3144376921875 0.53322553125 0.3736691921875 0.7274427984375 0.3435177640625
0 0.5255268156249999 0.3684508703125 0.5126074453125 0.330930290625 0.5026302046875 0.31338119062500003 0.373664053125 0.37877233593750004 0.40463526875 0.45729237500000003 0.5255268156249999 0.3684508703125
0 0.6153126296875 0.366388871875 0.5242877890625001 0.3819928359375 0.403020346875 0.4526023 0.42885909062499994 0.5276434609375 0.6371140703125 0.4297048484375 0.6153126296875 0.366388871875
0 0.7461582531250001 0.392157925 0.71908048125 0.3306587359375 0.6154564875 0.3610932046875 0.6346916874999999 0.4226697375 0.7461582531250001 0.392157925
0 0.4396762984375 0.6104800125 0.5700253390625 0.5262512328125 0.5530686640625 0.4770054734375 0.41354984375 0.5460301921874999 0.4396762984375 0.6104800125
0 0.7578942671875 0.40910142968749996 0.633740371875 0.425620371875 0.5601037718749999 0.47458309062500004 0.5746380656250001 0.5167937421875 0.7695746125 0.4601639765625 0.7578942671875 0.40910142968749996
0 0.7959887734375 0.514022459375 0.7748509421875001 0.45834719062499996 0.6430865171875 0.49847118437500004 0.6727305234375 0.561709815625 0.7959887734375 0.514022459375
0 0.650785228125 0.5036895078125 0.5736867453125 0.519744371875 0.4454723828125 0.6215995984375 0.459431253125 0.68499291875 0.669356825 0.5576253359375001 0.650785228125 0.5036895078125
0 0.7745957375 0.5318809421874999 0.6149229140625 0.6052221734375001 0.6452305265625 0.676101509375 0.8204446375 0.6079012546875 0.8174143218750001 0.5591063984375 0.7745957375 0.5318809421874999
0 0.46661021406250003 0.6772748703125 0.489075259375 0.7482315453124999 0.63387040625 0.6773900484375 0.6086952671875 0.6099895937500001 0.46661021406250003 0.6772748703125
0 0.6938126828125 0.6515041328125 0.6252203781250001 0.6751223578125 0.49244895624999996 0.7523160234375 0.522092965625 0.8155546593749999 0.7202268484375 0.7053626125 0.6938126828125 0.6515041328125
0 0.7080592625000001 0.704306115625 0.8293267046875 0.6336966484375 0.8285749140625001 0.5972325703125 0.6950517109375001 0.6379621609374999 0.7080592625000001 0.704306115625