0 0.2265625 0.4140625 0.41875 0.1796875
0 0.7234375 0.53125 0.546875 0.2109375
0 0.27109375 0.69765625 0.4578125 0.1765625
0 0.2640625 0.24140625 0.44375 0.1671875
0 0.21484375 0.07421875 0.4296875 0.1484375
0 0.6828125 0.1484375 0.634375 0.2796875
0 0.69375 0.32890625 0.6125 0.2578125
0 0.70234375 0.52734375 0.5953125 0.2359375
0 0.27890625 0.5515625 0.4671875 0.15625
0 0.26328125 0.415625 0.4953125 0.20625
0 0.69140625 0.709375 0.609375 0.215625
0 0.29296875 0.9234375 0.4890625 0.153125
0 0.71796875 0.95078125 0.55625 0.0984375