0 0.303125 0.3515625 0.4953125 0.16875
0 0.309375 0.6265625 0.4984375 0.175
0 0.815625 0.88671875 0.36875 0.1953125
0 0.30546875 0.890625 0.5109375 0.2140625
0 0.29921875 0.21171875 0.4890625 0.165625
0 0.31171875 0.09765625 0.4875 0.1953125
0 0.3015625 0.4890625 0.5015625 0.140625
0 0.303125 0.76171875 0.490625 0.19375
0 0.59609375 0.0515625 0.0984375 0.103125
0 0.58515625 0.11640625 0.10625 0.1609375
0 0.58671875 0.228125 0.0984375 0.1421875
0 0.58125 0.3515625 0.1203125 0.1359375
0 0.5828125 0.47265625 0.1046875 0.1203125
0 0.575 0.59765625 0.1140625 0.15625
0 0.5796875 0.7140625 0.103125 0.1453125
0 0.58203125 0.815625 0.0890625 0.15625
0 0.58203125 0.925 0.1140625 0.15
0 0.87421875 0.0796875 0.2515625 0.125
0 0.86875 0.165625 0.2625 0.096875
0 0.859375 0.25390625 0.28125 0.1
0 0.8578125 0.3578125 0.284375 0.1046875
0 0.85625 0.45625 0.2875 0.1078125
0 0.853125 0.55 0.29375 0.1125
0 0.85390625 0.6359375 0.2921875 0.1203125
0 0.85 0.73125 0.3 0.1296875
0 0.6828125 0.07109375 0.09375 0.140625
0 0.66796875 0.153125 0.090625 0.1453125
0 0.6640625 0.24765625 0.0796875 0.1203125
0 0.67265625 0.35 0.0859375 0.103125
0 0.671875 0.45234375 0.0890625 0.1125
0 0.66796875 0.54453125 0.075 0.096875
0 0.65703125 0.6390625 0.1 0.1046875
0 0.66640625 0.7453125 0.08125 0.1140625