0 0.696875 0.3515625 0.4953125 0.16875
0 0.690625 0.6265625 0.4984375 0.175
0 0.184375 0.88671875 0.36875 0.1953125
0 0.69453125 0.890625 0.509375 0.2140625
0 0.70078125 0.21171875 0.4890625 0.165625
0 0.68828125 0.09765625 0.4875 0.1953125
0 0.6984375 0.4890625 0.5 0.140625
0 0.696875 0.76171875 0.490625 0.19375
0 0.40390625 0.0515625 0.0984375 0.103125
0 0.41484375 0.11640625 0.1078125 0.1609375
0 0.41328125 0.228125 0.0984375 0.1421875
0 0.41875 0.3515625 0.1203125 0.1359375
0 0.4171875 0.47265625 0.1046875 0.1203125
0 0.425 0.59765625 0.115625 0.15625
0 0.4203125 0.7140625 0.103125 0.1453125
0 0.41796875 0.815625 0.0890625 0.15625
0 0.41796875 0.925 0.1140625 0.15
0 0.12578125 0.0796875 0.2515625 0.125
0 0.13125 0.165625 0.2625 0.096875
0 0.140625 0.25390625 0.28125 0.1
0 0.1421875 0.3578125 0.284375 0.1046875
0 0.14375 0.45625 0.2875 0.1078125
0 0.146875 0.55 0.29375 0.1125
0 0.14609375 0.6359375 0.290625 0.1203125
0 0.15 0.73125 0.3 0.1296875
0 0.3171875 0.07109375 0.09375 0.140625
0 0.33203125 0.153125 0.090625 0.1453125
0 0.3359375 0.24765625 0.0796875 0.1203125
0 0.32734375 0.35 0.0859375 0.103125
0 0.328125 0.45234375 0.0890625 0.1125
0 0.33203125 0.54453125 0.075 0.096875
0 0.34296875 0.6390625 0.1 0.1046875
0 0.33359375 0.7453125 0.08125 0.1140625