0 0.3515625 0.19140625 0.3125 0.2359375
0 0.63125 0.31015625 0.246875 0.1921875
0 0.4984375 0.2109375 0.1796875 0.1984375
0 0.35078125 0.37734375 0.321875 0.2109375
0 0.1890625 0.34609375 0.1296875 0.1546875
0 0.36328125 0.52734375 0.3 0.203125
0 0.53125 0.46171875 0.1984375 0.2
0 0.675 0.45078125 0.18125 0.1578125
0 0.18046875 0.47578125 0.0921875 0.1359375
0 0.3703125 0.66015625 0.328125 0.215625
0 0.63984375 0.58359375 0.2578125 0.15625
0 0.18671875 0.60546875 0.1203125 0.1671875
0 0.190625 0.7015625 0.0953125 0.1234375
0 0.36328125 0.7953125 0.3140625 0.2171875
0 0.5375 0.71171875 0.184375 0.16875
0 0.68359375 0.690625 0.190625 0.1640625