0 0.49921875 0.85 0.0984375 0.059375
0 0.40703125 0.73046875 0.10625 0.05625
0 0.58828125 0.85625 0.0984375 0.0671875
0 0.6828125 0.81171875 0.10625 0.0734375
0 0.5875 0.73125 0.103125 0.0546875
0 0.6890625 0.76875 0.103125 0.0625
0 0.57578125 0.5796875 0.103125 0.0515625
0 0.29296875 0.6796875 0.1140625 0.05625
0 0.20859375 0.1578125 0.1109375 0.0703125
0 0.57734375 0.69375 0.1046875 0.0515625
0 0.20078125 0.64609375 0.0953125 0.0703125
0 0.2015625 0.2984375 0.10625 0.0703125
0 0.39453125 0.41640625 0.096875 0.059375
0 0.2984375 0.47109375 0.109375 0.05
0 0.58359375 0.61875 0.103125 0.05
0 0.42265625 0.78125 0.10625 0.0546875
0 0.66328125 0.478125 0.1 0.075
0 0.6671875 0.33984375 0.1015625 0.053125
0 0.4015625 0.28125 0.103125 0.05625
0 0.3921875 0.61796875 0.1015625 0.040625
0 0.3109375 0.20703125 0.0984375 0.0453125
0 0.20546875 0.209375 0.1125 0.0578125
0 0.4109375 0.20703125 0.1015625 0.04375
0 0.67734375 0.60703125 0.103125 0.08125
0 0.30859375 0.5875 0.109375 0.05625
0 0.3890625 0.45546875 0.1015625 0.0453125
0 0.31796875 0.8390625 0.10625 0.0515625
0 0.57734375 0.44375 0.1015625 0.04375
0 0.2046875 0.35078125 0.1171875 0.0796875
0 0.68359375 0.86015625 0.109375 0.053125
0 0.21171875 0.52578125 0.1125 0.059375
0 0.503125 0.80234375 0.09375 0.0421875
0 0.215625 0.440625 0.1140625 0.05
0 0.56171875 0.51796875 0.1015625 0.059375
0 0.4921875 0.6875 0.0984375 0.065625
0 0.20625 0.25625 0.1125 0.053125
0 0.5828125 0.2390625 0.09375 0.053125
0 0.31796875 0.88046875 0.1078125 0.05
0 0.59296875 0.81328125 0.1015625 0.0703125
0 0.20859375 0.6953125 0.1078125 0.065625
0 0.49296875 0.321875 0.1015625 0.059375
0 0.67265625 0.38359375 0.1015625 0.06875
0 0.68203125 0.7265625 0.096875 0.0546875
0 0.49453125 0.39609375 0.0984375 0.0515625
0 0.215625 0.48515625 0.1140625 0.053125
0 0.66875 0.4375 0.0984375 0.075
0 0.3015625 0.3890625 0.0953125 0.0546875
0 0.39296875 0.6546875 0.1 0.0390625
0 0.490625 0.64765625 0.096875 0.0546875
0 0.590625 0.7703125 0.0984375 0.05625
0 0.5703125 0.47734375 0.1 0.0484375
0 0.3171875 0.76953125 0.109375 0.046875
0 0.3953125 0.69140625 0.103125 0.0453125
0 0.396875 0.57421875 0.1 0.0515625
0 0.30703125 0.42734375 0.1015625 0.0515625
0 0.30390625 0.27109375 0.1015625 0.0453125
0 0.2859375 0.5125 0.096875 0.0453125
0 0.50078125 0.7640625 0.1015625 0.0484375
0 0.29921875 0.6359375 0.109375 0.0515625
0 0.29140625 0.35 0.1046875 0.0484375
0 0.4203125 0.86953125 0.109375 0.059375
0 0.6796875 0.6890625 0.1 0.0515625
0 0.50546875 0.28203125 0.0984375 0.0625
0 0.66640625 0.24921875 0.0984375 0.059375
0 0.51640625 0.20703125 0.096875 0.053125
0 0.40859375 0.82109375 0.1046875 0.053125
0 0.30859375 0.728125 0.10625 0.05
0 0.5859375 0.2890625 0.0890625 0.0421875
0 0.4125 0.24375 0.103125 0.0421875
0 0.58046875 0.6546875 0.0984375 0.0453125
0 0.21953125 0.8921875 0.1046875 0.0421875
0 0.21328125 0.603125 0.115625 0.0625
0 0.38515625 0.53359375 0.1046875 0.0390625
0 0.4890625 0.35859375 0.103125 0.0453125
0 0.38125 0.496875 0.10625 0.04375
0 0.665625 0.30078125 0.1 0.05
0 0.209375 0.734375 0.109375 0.0546875
0 0.5859375 0.39453125 0.0953125 0.0625
0 0.30625 0.3109375 0.103125 0.0484375
0 0.2140625 0.8171875 0.1078125 0.0546875
0 0.46796875 0.540625 0.0890625 0.046875
0 0.4875 0.4359375 0.096875 0.040625
0 0.30234375 0.55234375 0.103125 0.04375
0 0.39609375 0.3796875 0.1015625 0.05
0 0.66875 0.5734375 0.09375 0.059375
0 0.21171875 0.853125 0.1109375 0.046875
0 0.503125 0.2484375 0.09375 0.0625
0 0.21171875 0.771875 0.10625 0.0546875
0 0.66953125 0.5375 0.096875 0.084375
0 0.209375 0.39609375 0.1125 0.05
0 0.47734375 0.5 0.0859375 0.0421875
0 0.20859375 0.56484375 0.10625 0.0546875
0 0.40625 0.3203125 0.1015625 0.046875
0 0.4890625 0.609375 0.096875 0.053125
0 0.584375 0.35859375 0.0859375 0.04375
0 0.30546875 0.23671875 0.096875 0.04375
0 0.31484375 0.80234375 0.1046875 0.0359375
0 0.4765625 0.5734375 0.0859375 0.0578125
0 0.496875 0.7203125 0.084375 0.046875
0 0.5875 0.32734375 0.0859375 0.0515625
0 0.6765625 0.65390625 0.1015625 0.05
0 0.56171875 0.54765625 0.090625 0.046875
0 0.390625 0.346875 0.1 0.040625
0 0.48046875 0.465625 0.0890625 0.034375
0 0.65546875 0.51328125 0.0953125 0.065625