0 0.62578125 0.30390625 0.403125 0.259375
0 0.23984375 0.6296875 0.4765625 0.328125
0 0.6296875 0.7609375 0.3640625 0.2953125
0 0.8734375 0.5234375 0.253125 0.28125
0 0.590625 0.5265625 0.375 0.2625
0 0.23203125 0.3875 0.4140625 0.315625
0 0.26328125 0.8234375 0.3890625 0.25
0 0.63984375 0.89765625 0.4171875 0.203125
0 0.8828125 0.6953125 0.23125 0.2453125
0 0.89296875 0.88046875 0.2140625 0.2390625
0 0.86640625 0.31875 0.2671875 0.3078125
0 0.778125 0.10703125 0.3828125 0.2140625
0 0.525 0.0984375 0.38125 0.196875
0 0.22421875 0.16015625 0.446875 0.3203125