0 0.45078125 0.66875 0.21875 0.09375
0 0.846875 0.453125 0.1921875 0.0796875
0 0.84453125 0.5578125 0.1875 0.0671875
0 0.86015625 0.6890625 0.2 0.071875
0 0.0796875 0.11875 0.159375 0.1296875
0 0.22578125 0.17578125 0.290625 0.1765625
0 0.4421875 0.303125 0.2 0.0890625
0 0.56953125 0.38125 0.159375 0.0953125
0 0.67890625 0.38984375 0.1640625 0.0859375
0 0.19140625 0.25703125 0.3828125 0.1828125
0 0.4640625 0.3859375 0.2890625 0.1359375
0 0.67890625 0.4609375 0.1875 0.08125
0 0.2140625 0.3609375 0.2953125 0.1796875
0 0.0609375 0.3125 0.121875 0.13125
0 0.1703125 0.43203125 0.340625 0.1359375
0 0.4203125 0.41953125 0.215625 0.096875
0 0.58203125 0.4921875 0.18125 0.090625
0 0.66328125 0.5703125 0.184375 0.0875
0 0.684375 0.509375 0.1328125 0.10625
0 0.21015625 0.5359375 0.2859375 0.128125
0 0.178125 0.6578125 0.35625 0.14375
0 0.0640625 0.54765625 0.128125 0.15625
0 0.20625 0.75859375 0.315625 0.1484375
0 0.43671875 0.75078125 0.228125 0.128125
0 0.43359375 0.6625 0.2171875 0.10625
0 0.396875 0.58671875 0.2046875 0.0828125
0 0.4015625 0.4953125 0.1875 0.1015625
0 0.065625 0.76875 0.13125 0.15
0 0.575 0.61796875 0.1421875 0.0921875
0 0.64921875 0.7015625 0.1765625 0.0703125
0 0.65546875 0.753125 0.125 0.0671875
0 0.84453125 0.78828125 0.190625 0.0640625
0 0.84296875 0.7359375 0.1765625 0.0578125