0 0.18203125 0.20078125 0.35 0.2578125
0 0.49375 0.2171875 0.371875 0.2609375
0 0.7859375 0.221875 0.315625 0.2515625
0 0.18125 0.54921875 0.3453125 0.228125
0 0.5109375 0.540625 0.3546875 0.2203125
0 0.82734375 0.55625 0.34375 0.234375
0 0.15 0.728125 0.2984375 0.2140625
0 0.46328125 0.71328125 0.371875 0.1828125
0 0.7671875 0.71796875 0.3890625 0.2421875
0 0.159375 0.3828125 0.315625 0.175
0 0.459375 0.390625 0.3421875 0.1875
0 0.76796875 0.38984375 0.35625 0.20625
0 0.23515625 0.0703125 0.3859375 0.140625
0 0.60859375 0.07734375 0.3953125 0.1546875
0 0.2640625 0.84375 0.328125 0.1078125
0 0.89375 0.07734375 0.209375 0.1546875
0 0.57109375 0.834375 0.3421875 0.1296875