0 0.64296875 0.615625 0.0984375 0.059375
0 0.528125 0.20234375 0.09375 0.0578125
0 0.6484375 0.83828125 0.0984375 0.05625
0 0.625 0.21953125 0.09375 0.075
0 0.1859375 0.3296875 0.0984375 0.0515625
0 0.621875 0.2671875 0.09375 0.0484375
0 0.3703125 0.23046875 0.096875 0.0609375
0 0.4390625 0.19140625 0.1 0.0546875
0 0.553125 0.24375 0.090625 0.046875
0 0.46328125 0.28125 0.09375 0.0453125
0 0.64296875 0.696875 0.096875 0.0578125
0 0.1828125 0.596875 0.109375 0.04375
0 0.3078125 0.203125 0.1015625 0.0625
0 0.54296875 0.690625 0.096875 0.053125
0 0.18984375 0.4046875 0.103125 0.04375
0 0.5515625 0.3828125 0.0984375 0.046875
0 0.18359375 0.64375 0.1109375 0.05625
0 0.2921875 0.62890625 0.1 0.053125
0 0.553125 0.84609375 0.0953125 0.05
0 0.55390625 0.28828125 0.09375 0.053125
0 0.63671875 0.66015625 0.0984375 0.0640625
0 0.5546875 0.8046875 0.0953125 0.04375
0 0.18671875 0.44375 0.103125 0.0453125
0 0.1828125 0.2875 0.10625 0.065625
0 0.54765625 0.7671875 0.1015625 0.053125
0 0.28828125 0.32890625 0.1 0.0484375
0 0.20078125 0.2046875 0.1078125 0.059375
0 0.45 0.63359375 0.096875 0.04375
0 0.18984375 0.36875 0.0984375 0.04375
0 0.46484375 0.48046875 0.096875 0.0453125
0 0.5578125 0.50546875 0.09375 0.0421875
0 0.628125 0.3109375 0.09375 0.0453125
0 0.18671875 0.76640625 0.103125 0.0375
0 0.6296875 0.38984375 0.090625 0.053125
0 0.64921875 0.7984375 0.0921875 0.0578125
0 0.46328125 0.32109375 0.096875 0.0421875
0 0.55078125 0.3375 0.096875 0.0484375
0 0.371875 0.84921875 0.09375 0.046875
0 0.5421875 0.58984375 0.096875 0.0453125
0 0.6328125 0.51171875 0.0921875 0.065625
0 0.2765625 0.70625 0.10625 0.053125
0 0.18359375 0.52421875 0.1046875 0.053125
0 0.18671875 0.484375 0.103125 0.04375
0 0.4625 0.2390625 0.0953125 0.05
0 0.37734375 0.309375 0.090625 0.0625
0 0.1890625 0.725 0.1078125 0.046875
0 0.3609375 0.7296875 0.084375 0.05
0 0.63046875 0.35 0.09375 0.04375
0 0.1875 0.559375 0.1015625 0.0390625
0 0.4515625 0.675 0.0953125 0.065625
0 0.18984375 0.80234375 0.1078125 0.040625
0 0.275 0.66328125 0.0953125 0.04375
0 0.5609375 0.465625 0.0984375 0.0453125
0 0.4765625 0.44296875 0.096875 0.046875
0 0.37265625 0.81015625 0.090625 0.0421875
0 0.2828125 0.75546875 0.1 0.0515625
0 0.375 0.6578125 0.0984375 0.04375
0 0.190625 0.684375 0.1078125 0.046875
0 0.1890625 0.2421875 0.1046875 0.0703125
0 0.3796875 0.45390625 0.0953125 0.046875
0 0.1953125 0.84296875 0.103125 0.0421875
0 0.54921875 0.725 0.0984375 0.0421875
0 0.19921875 0.87734375 0.1078125 0.0421875
0 0.63984375 0.58125 0.096875 0.059375
0 0.29296875 0.86171875 0.096875 0.046875
0 0.47109375 0.4015625 0.0953125 0.040625
0 0.63359375 0.43046875 0.090625 0.0609375
0 0.290625 0.40234375 0.096875 0.0453125
0 0.540625 0.546875 0.0984375 0.0453125
0 0.63515625 0.47109375 0.0828125 0.065625
0 0.3734375 0.771875 0.090625 0.040625
0 0.459375 0.78359375 0.0984375 0.05
0 0.2765625 0.24609375 0.09375 0.046875
0 0.45 0.596875 0.0984375 0.04375
0 0.4609375 0.85390625 0.096875 0.0390625
0 0.553125 0.42578125 0.0953125 0.0421875
0 0.37265625 0.271875 0.096875 0.059375
0 0.278125 0.7859375 0.1 0.05625
0 0.5453125 0.62578125 0.0953125 0.0390625
0 0.46171875 0.52421875 0.0953125 0.04375
0 0.28984375 0.43828125 0.1 0.0390625
0 0.28828125 0.58359375 0.1015625 0.0484375
0 0.45390625 0.5578125 0.0984375 0.04375
0 0.28515625 0.8234375 0.1 0.0515625
0 0.36953125 0.56875 0.096875 0.04375
0 0.375 0.5296875 0.0890625 0.040625
0 0.2859375 0.365625 0.1 0.046875
0 0.37734375 0.61328125 0.096875 0.046875
0 0.64375 0.73359375 0.096875 0.059375
0 0.44921875 0.73828125 0.0953125 0.0421875
0 0.5453125 0.6578125 0.0953125 0.04375
0 0.47578125 0.36328125 0.096875 0.0453125
0 0.28828125 0.5484375 0.1015625 0.040625
0 0.3796875 0.34453125 0.09375 0.040625
0 0.28671875 0.4703125 0.1015625 0.0421875
0 0.27890625 0.2890625 0.096875 0.046875
0 0.38046875 0.38359375 0.090625 0.040625
0 0.36328125 0.6921875 0.084375 0.0390625
0 0.4671875 0.82265625 0.096875 0.0421875
0 0.37265625 0.49453125 0.0921875 0.0375
0 0.6484375 0.7625 0.09375 0.0546875
0 0.2875 0.51328125 0.1015625 0.0421875
0 0.63046875 0.55234375 0.09375 0.059375
0 0.37578125 0.42265625 0.09375 0.040625
0 0.44921875 0.70625 0.0921875 0.04375