0 0.6671875 0.27890625 0.1015625 0.0515625
0 0.4890625 0.19921875 0.1 0.0578125
0 0.21015625 0.3921875 0.103125 0.05
0 0.66875 0.40625 0.10625 0.05
0 0.3734375 0.43984375 0.1015625 0.0625
0 0.20625 0.59375 0.103125 0.046875
0 0.46796875 0.79375 0.096875 0.0515625
0 0.465625 0.44140625 0.1015625 0.0546875
0 0.3796875 0.565625 0.1015625 0.05
0 0.5671875 0.55390625 0.1015625 0.05
0 0.56640625 0.43203125 0.1 0.0421875
0 0.20859375 0.71640625 0.109375 0.05
0 0.290625 0.415625 0.1 0.046875
0 0.2109375 0.31640625 0.103125 0.0515625
0 0.5734375 0.309375 0.0984375 0.0390625
0 0.48125 0.24140625 0.096875 0.05
0 0.6578125 0.2078125 0.10625 0.053125
0 0.203125 0.67890625 0.1046875 0.0546875
0 0.3859375 0.68984375 0.1046875 0.05
0 0.3015625 0.78828125 0.10625 0.0546875
0 0.3 0.4578125 0.0984375 0.0484375
0 0.6703125 0.8734375 0.1109375 0.05
0 0.66953125 0.4828125 0.1046875 0.0484375
0 0.38828125 0.85703125 0.103125 0.0671875
0 0.38515625 0.76875 0.1046875 0.0546875
0 0.29375 0.74375 0.109375 0.0515625
0 0.28984375 0.66640625 0.103125 0.046875
0 0.4765625 0.48046875 0.1015625 0.0421875
0 0.30625 0.271875 0.1015625 0.0484375
0 0.209375 0.27734375 0.103125 0.0515625
0 0.57109375 0.46875 0.1015625 0.0421875
0 0.48515625 0.359375 0.10625 0.04375
0 0.571875 0.34453125 0.103125 0.0453125
0 0.21484375 0.20078125 0.1 0.0578125
0 0.29296875 0.584375 0.1015625 0.0515625
0 0.48125 0.521875 0.096875 0.0453125
0 0.5671875 0.59296875 0.1 0.0515625
0 0.46484375 0.74609375 0.103125 0.05
0 0.46875 0.39609375 0.103125 0.0515625
0 0.21640625 0.23828125 0.1015625 0.0484375
0 0.66484375 0.528125 0.10625 0.05
0 0.6640625 0.56875 0.10625 0.0453125
0 0.296875 0.3109375 0.1015625 0.0453125
0 0.38984375 0.28203125 0.096875 0.0453125
0 0.47265625 0.70390625 0.1046875 0.0421875
0 0.58203125 0.8578125 0.1 0.0609375
0 0.209375 0.86875 0.103125 0.0515625
0 0.48828125 0.31171875 0.1 0.0546875
0 0.38984375 0.32265625 0.1 0.04375
0 0.66171875 0.64375 0.1078125 0.046875
0 0.20859375 0.51640625 0.103125 0.0453125
0 0.21015625 0.55390625 0.1078125 0.0421875
0 0.57734375 0.5078125 0.1046875 0.05
0 0.38515625 0.40390625 0.096875 0.0546875
0 0.56953125 0.390625 0.1046875 0.0484375
0 0.5703125 0.66796875 0.103125 0.046875
0 0.20625 0.6375 0.10625 0.0515625
0 0.67578125 0.83203125 0.109375 0.0578125
0 0.66796875 0.60703125 0.1078125 0.0421875
0 0.4703125 0.66328125 0.096875 0.046875
0 0.4765625 0.56171875 0.09375 0.04375
0 0.29296875 0.625 0.1046875 0.0546875
0 0.29609375 0.7046875 0.1046875 0.046875
0 0.559375 0.74296875 0.10625 0.0484375
0 0.553125 0.62734375 0.1046875 0.059375
0 0.290625 0.3765625 0.096875 0.04375
0 0.37734375 0.61328125 0.096875 0.046875
0 0.38671875 0.5265625 0.096875 0.0390625
0 0.56953125 0.2328125 0.0953125 0.05625
0 0.384375 0.3640625 0.1015625 0.05
0 0.37890625 0.48828125 0.103125 0.0484375
0 0.66796875 0.3265625 0.1015625 0.04375
0 0.66640625 0.684375 0.1046875 0.04375
0 0.21328125 0.353125 0.1 0.0421875
0 0.665625 0.3640625 0.10625 0.046875
0 0.20625 0.7625 0.109375 0.046875
0 0.3 0.865625 0.109375 0.0546875
0 0.571875 0.70859375 0.10625 0.040625
0 0.39375 0.20234375 0.0953125 0.0484375
0 0.6625 0.2484375 0.103125 0.0421875
0 0.21015625 0.4734375 0.10625 0.0453125
0 0.38515625 0.246875 0.1 0.0453125
0 0.20859375 0.43359375 0.10625 0.0515625
0 0.38515625 0.72578125 0.096875 0.0359375
0 0.66875 0.440625 0.1046875 0.0421875
0 0.6671875 0.72421875 0.1078125 0.0546875
0 0.671875 0.78828125 0.1078125 0.0421875
0 0.20703125 0.83046875 0.0984375 0.046875
0 0.30234375 0.5390625 0.103125 0.05
0 0.57578125 0.2734375 0.09375 0.040625
0 0.29921875 0.50078125 0.0984375 0.05
0 0.303125 0.2265625 0.0953125 0.0421875
0 0.3 0.82734375 0.0984375 0.0359375
0 0.38828125 0.8203125 0.0984375 0.0625
0 0.56328125 0.7796875 0.103125 0.0421875
0 0.58046875 0.81796875 0.103125 0.0453125
0 0.3890625 0.6515625 0.1015625 0.0359375
0 0.20703125 0.79765625 0.1046875 0.04375
0 0.4671875 0.5953125 0.096875 0.03125
0 0.48984375 0.82734375 0.096875 0.059375
0 0.6671875 0.75625 0.1078125 0.0421875
0 0.46796875 0.62421875 0.0953125 0.0359375
0 0.48203125 0.275 0.09375 0.0359375
0 0.48671875 0.8625 0.090625 0.034375
0 0.3015625 0.340625 0.090625 0.0359375