0 0.20703125 0.15546875 0.396875 0.2359375
0 0.58671875 0.14296875 0.40625 0.2109375
0 0.89375 0.13671875 0.2109375 0.2203125
0 0.196875 0.33046875 0.3765625 0.2203125
0 0.59453125 0.33359375 0.45625 0.2484375
0 0.8890625 0.309375 0.2203125 0.2109375
0 0.20703125 0.515625 0.409375 0.2328125
0 0.603125 0.5109375 0.4140625 0.2453125
0 0.8859375 0.49609375 0.225 0.21875
0 0.2 0.7015625 0.3921875 0.2421875
0 0.60703125 0.69375 0.4484375 0.209375
0 0.8703125 0.7 0.2578125 0.2421875
0 0.2 0.87421875 0.3921875 0.2484375
0 0.5921875 0.875 0.4328125 0.246875
0 0.88359375 0.8796875 0.2296875 0.2