0 0.61328125 0.2703125 0.2953125 0.253125
0 0.7203125 0.73828125 0.4703125 0.29375
0 0.23671875 0.4484375 0.3421875 0.2109375
0 0.271875 0.27265625 0.44375 0.3515625
0 0.28671875 0.62734375 0.421875 0.2359375
0 0.26328125 0.8125 0.5265625 0.375
0 0.71953125 0.915625 0.521875 0.16875
0 0.68203125 0.4234375 0.1984375 0.1875
0 0.496875 0.4890625 0.225 0.2484375
0 0.63203125 0.58359375 0.3203125 0.1984375
0 0.26328125 0.8125 0.5265625 0.375
0 0.81484375 0.603125 0.175 0.1734375
0 0.80390625 0.46015625 0.1984375 0.15625
0 0.81640625 0.33359375 0.246875 0.1703125
0 0.9421875 0.83046875 0.1125 0.3390625
0 0.928125 0.5140625 0.109375 0.1734375
0 0.9453125 0.3671875 0.109375 0.21875