0 0.38671875 0.2703125 0.2953125 0.253125
0 0.2796875 0.73828125 0.4703125 0.29375
0 0.76328125 0.4484375 0.3421875 0.2109375
0 0.728125 0.27265625 0.44375 0.3515625
0 0.71328125 0.62734375 0.421875 0.2359375
0 0.73671875 0.8125 0.5265625 0.375
0 0.28046875 0.915625 0.521875 0.16875
0 0.31796875 0.4234375 0.196875 0.1875
0 0.503125 0.4890625 0.2265625 0.2484375
0 0.36796875 0.58359375 0.3203125 0.1984375
0 0.73671875 0.8125 0.5265625 0.375
0 0.18515625 0.603125 0.175 0.1734375
0 0.19609375 0.46015625 0.1984375 0.15625
0 0.18359375 0.33359375 0.246875 0.1703125
0 0.0578125 0.83046875 0.1125 0.3390625
0 0.071875 0.5140625 0.109375 0.1734375
0 0.0546875 0.3671875 0.109375 0.21875