0 0.12109375 0.14921875 0.1921875 0.1171875
0 0.1046875 0.23515625 0.125 0.071875
0 0.7078125 0.125 0.1125 0.08125
0 0.1203125 0.3484375 0.1265625 0.096875
0 0.26328125 0.1328125 0.1421875 0.1078125
0 0.20859375 0.21484375 0.1328125 0.096875
0 0.2203125 0.2796875 0.1421875 0.0875
0 0.525 0.5015625 0.1484375 0.078125
0 0.39375 0.1125 0.18125 0.1171875
0 0.3078125 0.303125 0.1390625 0.0828125
0 0.21015625 0.4390625 0.1515625 0.0859375
0 0.24296875 0.66484375 0.1296875 0.0828125
0 0.221875 0.3578125 0.14375 0.0875
0 0.22109375 0.59296875 0.1359375 0.078125
0 0.734375 0.76875 0.1328125 0.078125
0 0.24921875 0.73046875 0.1390625 0.0984375
0 0.43984375 0.68671875 0.1453125 0.08125
0 0.48203125 0.21015625 0.1484375 0.06875
0 0.7296875 0.62890625 0.125 0.075
0 0.71640625 0.49296875 0.1453125 0.0734375
0 0.3171875 0.5390625 0.140625 0.084375
0 0.57890625 0.08828125 0.1484375 0.1234375
0 0.30546875 0.22265625 0.1375 0.078125
0 0.428125 0.5546875 0.146875 0.078125
0 0.49765625 0.27578125 0.1453125 0.0796875
0 0.40234375 0.328125 0.146875 0.0796875
0 0.3515625 0.74609375 0.140625 0.0953125
0 0.1296875 0.428125 0.1265625 0.0890625
0 0.6765625 0.05234375 0.121875 0.0921875
0 0.60390625 0.23515625 0.140625 0.0703125
0 0.4703125 0.13359375 0.109375 0.08125
0 0.409375 0.40546875 0.1515625 0.084375
0 0.30625 0.37578125 0.15 0.0828125
0 0.4 0.246875 0.1453125 0.0859375
0 0.51328125 0.42578125 0.1515625 0.0859375
0 0.13125 0.49453125 0.121875 0.084375
0 0.63125 0.528125 0.1484375 0.078125
0 0.53671875 0.64140625 0.1421875 0.075
0 0.15625 0.7671875 0.121875 0.0734375
0 0.33671875 0.60546875 0.134375 0.0796875
0 0.41328125 0.4796875 0.1515625 0.078125
0 0.2125 0.521875 0.1515625 0.08125
0 0.31171875 0.4609375 0.1546875 0.084375
0 0.7140625 0.41953125 0.1484375 0.0796875
0 0.34375 0.6765625 0.1296875 0.0828125
0 0.43984375 0.75859375 0.140625 0.078125
0 0.61015625 0.29765625 0.1484375 0.0703125
0 0.14453125 0.5640625 0.121875 0.08125
0 0.453125 0.8328125 0.1375 0.0859375
0 0.36640625 0.8109375 0.1265625 0.078125
0 0.69296875 0.19609375 0.1453125 0.065625
0 0.43125 0.62421875 0.140625 0.06875
0 0.52890625 0.78515625 0.1359375 0.071875
0 0.63984375 0.74609375 0.1453125 0.0828125
0 0.14609375 0.63828125 0.115625 0.0765625
0 0.53359375 0.57109375 0.1453125 0.075
0 0.6234375 0.36953125 0.153125 0.0765625
0 0.72578125 0.56015625 0.128125 0.0796875
0 0.63828125 0.59609375 0.1484375 0.0765625
0 0.709375 0.340625 0.140625 0.078125
0 0.11953125 0.28515625 0.13125 0.0703125
0 0.62890625 0.66875 0.128125 0.0671875
0 0.5421875 0.92734375 0.1328125 0.065625
0 0.53671875 0.70859375 0.134375 0.0796875
0 0.70625 0.271875 0.1375 0.0640625
0 0.1578125 0.7046875 0.11875 0.0625
0 0.72265625 0.69921875 0.1328125 0.075
0 0.521875 0.3484375 0.1578125 0.075
0 0.2515625 0.796875 0.146875 0.078125
0 0.61796875 0.44921875 0.15625 0.0765625
0 0.27421875 0.85 0.1359375 0.065625
0 0.53515625 0.8578125 0.1359375 0.065625
0 0.625 0.88046875 0.140625 0.0609375
0 0.36640625 0.93359375 0.1453125 0.0640625
0 0.16640625 0.828125 0.1359375 0.0703125
0 0.3578125 0.8734375 0.1359375 0.0734375
0 0.2765625 0.90859375 0.14375 0.059375
0 0.45859375 0.89921875 0.1375 0.0671875
0 0.73203125 0.83359375 0.14375 0.075
0 0.634375 0.8125 0.1421875 0.0640625
0 0.4546875 0.96171875 0.1453125 0.0578125
0 0.72734375 0.89375 0.1375 0.0625
0 0.17421875 0.88203125 0.1265625 0.0453125
0 0.18828125 0.9203125 0.1296875 0.0515625
0 0.3921875 0.18125 0.1421875 0.0578125
0 0.6265625 0.95625 0.15 0.078125
0 0.5984375 0.184375 0.1453125 0.0484375
0 0.2859375 0.96640625 0.1515625 0.059375
0 0.190625 0.96796875 0.1234375 0.0484375
0 0.7203125 0.9390625 0.1328125 0.0453125
0 0.5890625 0.12109375 0.1390625 0.0921875