0 0.43984375 0.340625 0.0671875 0.053125
0 0.49765625 0.3171875 0.0703125 0.046875
0 0.49453125 0.278125 0.071875 0.059375
0 0.309375 0.3109375 0.071875 0.040625
0 0.31875 0.82265625 0.075 0.0390625
0 0.3703125 0.3234375 0.06875 0.05
0 0.5625 0.43359375 0.06875 0.0359375
0 0.484375 0.35625 0.0703125 0.0359375
0 0.4359375 0.30703125 0.065625 0.0625
0 0.5625 0.4640625 0.06875 0.0375
0 0.5078125 0.45234375 0.0703125 0.0375
0 0.55625 0.340625 0.065625 0.0390625
0 0.24140625 0.32734375 0.0703125 0.040625
0 0.3140625 0.7296875 0.0703125 0.03125
0 0.3125 0.78828125 0.06875 0.0390625
0 0.5546875 0.3046875 0.0640625 0.0421875
0 0.3734375 0.77734375 0.0640625 0.0359375
0 0.56328125 0.49921875 0.0703125 0.0421875
0 0.503125 0.6953125 0.0671875 0.03125
0 0.5 0.5171875 0.0671875 0.0359375
0 0.31171875 0.56484375 0.065625 0.028125
0 0.303125 0.34453125 0.0703125 0.03125
0 0.56953125 0.66953125 0.071875 0.046875
0 0.50078125 0.8078125 0.0703125 0.0390625
0 0.4421875 0.50234375 0.0671875 0.0375
0 0.31328125 0.7609375 0.065625 0.0359375
0 0.50234375 0.48671875 0.0703125 0.0328125
0 0.571875 0.64140625 0.0703125 0.034375
0 0.56015625 0.3984375 0.06875 0.0390625
0 0.24765625 0.73984375 0.06875 0.0328125
0 0.56796875 0.7 0.0734375 0.0421875
0 0.43984375 0.703125 0.0703125 0.0375
0 0.50078125 0.384375 0.0703125 0.03125
0 0.5078125 0.41875 0.0703125 0.0359375
0 0.57421875 0.80390625 0.0734375 0.034375
0 0.5 0.5765625 0.06875 0.034375
0 0.4984375 0.63828125 0.0671875 0.034375
0 0.3734375 0.8109375 0.0640625 0.0421875
0 0.4359375 0.72890625 0.0703125 0.0359375
0 0.37578125 0.46640625 0.06875 0.03125
0 0.575 0.771875 0.071875 0.0328125
0 0.43828125 0.8203125 0.071875 0.0328125
0 0.24765625 0.77109375 0.06875 0.0328125
0 0.25 0.82734375 0.0671875 0.03125
0 0.4328125 0.76015625 0.0703125 0.0359375
0 0.37265625 0.7140625 0.0703125 0.03125
0 0.428125 0.38203125 0.0703125 0.0359375
0 0.2515625 0.80234375 0.0703125 0.028125
0 0.44296875 0.46953125 0.0671875 0.0375
0 0.36953125 0.74609375 0.0671875 0.0390625
0 0.51171875 0.66484375 0.075 0.03125
0 0.44375 0.43984375 0.06875 0.0375
0 0.24609375 0.47421875 0.06875 0.03125
0 0.31484375 0.703125 0.071875 0.03125
0 0.43984375 0.53671875 0.0703125 0.034375
0 0.240625 0.3609375 0.0671875 0.03125
0 0.24453125 0.60546875 0.065625 0.0359375
0 0.24921875 0.715625 0.0703125 0.028125
0 0.37265625 0.57890625 0.0671875 0.0328125
0 0.56484375 0.5265625 0.06875 0.0390625
0 0.31015625 0.67421875 0.0671875 0.0296875
0 0.43984375 0.59375 0.0703125 0.0328125
0 0.246875 0.57578125 0.06875 0.034375
0 0.44296875 0.65078125 0.0703125 0.034375
0 0.56640625 0.6109375 0.071875 0.0328125
0 0.44140625 0.6734375 0.06875 0.0359375
0 0.56640625 0.55546875 0.0671875 0.05
0 0.30625 0.3765625 0.0703125 0.0359375
0 0.3109375 0.434375 0.0671875 0.0421875
0 0.24296875 0.3890625 0.0671875 0.03125
0 0.30859375 0.40390625 0.06875 0.0359375
0 0.503125 0.60703125 0.06875 0.03125
0 0.55703125 0.36875 0.0671875 0.0375
0 0.309375 0.59609375 0.065625 0.0359375
0 0.246875 0.5 0.0671875 0.028125
0 0.50078125 0.78125 0.0703125 0.0390625
0 0.240625 0.415625 0.0671875 0.0296875
0 0.50390625 0.72109375 0.0671875 0.028125
0 0.246875 0.528125 0.0671875 0.028125
0 0.2421875 0.44375 0.0671875 0.03125
0 0.5 0.75234375 0.0703125 0.034375
0 0.3734375 0.353125 0.06875 0.046875
0 0.50546875 0.5484375 0.0703125 0.0296875
0 0.434375 0.7890625 0.0703125 0.0328125
0 0.24375 0.65859375 0.0703125 0.0390625
0 0.31015625 0.6234375 0.0671875 0.03125
0 0.309375 0.65078125 0.0671875 0.025
0 0.31328125 0.5390625 0.0671875 0.03125
0 0.4375 0.6203125 0.0671875 0.028125
0 0.56796875 0.58359375 0.06875 0.034375
0 0.3734375 0.5515625 0.0671875 0.03125
0 0.24765625 0.690625 0.06875 0.034375
0 0.2453125 0.63046875 0.065625 0.03125
0 0.37578125 0.38046875 0.06875 0.0390625
0 0.37578125 0.68828125 0.0703125 0.03125
0 0.37734375 0.440625 0.06875 0.0296875
0 0.37578125 0.41171875 0.06875 0.034375
0 0.43828125 0.56328125 0.0703125 0.028125
0 0.3734375 0.609375 0.0671875 0.0328125
0 0.4421875 0.4109375 0.0671875 0.0359375
0 0.3734375 0.52265625 0.0671875 0.028125
0 0.24765625 0.553125 0.0671875 0.0265625
0 0.56953125 0.7453125 0.0703125 0.0359375
0 0.3140625 0.51015625 0.065625 0.034375
0 0.378125 0.49609375 0.0671875 0.0296875
0 0.31328125 0.45859375 0.065625 0.040625
0 0.31015625 0.48828125 0.065625 0.034375
0 0.3734375 0.63515625 0.0640625 0.028125
0 0.378125 0.66015625 0.0671875 0.028125
0 0.56953125 0.72421875 0.0703125 0.034375