0 0.6359375 0.7171875 0.10625 0.075
0 0.80078125 0.3046875 0.1046875 0.05
0 0.7234375 0.85234375 0.10625 0.05625
0 0.425 0.15546875 0.115625 0.0640625
0 0.5015625 0.121875 0.1125 0.0828125
0 0.79609375 0.2546875 0.109375 0.05625
0 0.4203125 0.75546875 0.121875 0.0671875
0 0.5859375 0.16171875 0.109375 0.0703125
0 0.8203125 0.8078125 0.1078125 0.059375
0 0.8140625 0.55390625 0.10625 0.05625
0 0.53359375 0.603125 0.1125 0.05625
0 0.31640625 0.63203125 0.125 0.0515625
0 0.7953125 0.19375 0.103125 0.0859375
0 0.81953125 0.59453125 0.10625 0.05
0 0.815625 0.43046875 0.103125 0.0625
0 0.61953125 0.634375 0.1140625 0.0625
0 0.62578125 0.38359375 0.1140625 0.0734375
0 0.534375 0.55390625 0.109375 0.05
0 0.31953125 0.81015625 0.1234375 0.071875
0 0.828125 0.8515625 0.1109375 0.0640625
0 0.52578125 0.9140625 0.1046875 0.0578125
0 0.6296875 0.825 0.1109375 0.0703125
0 0.515625 0.33125 0.109375 0.05625
0 0.8234375 0.72109375 0.109375 0.0703125
0 0.72109375 0.63125 0.10625 0.05625
0 0.63359375 0.775 0.109375 0.071875
0 0.42734375 0.53203125 0.115625 0.05
0 0.4265625 0.484375 0.1171875 0.053125
0 0.82265625 0.76640625 0.1109375 0.0625
0 0.83046875 0.89921875 0.10625 0.0625
0 0.71875 0.50625 0.10625 0.0484375
0 0.7359375 0.90390625 0.1046875 0.065625
0 0.30546875 0.39453125 0.1203125 0.0734375
0 0.6296875 0.29453125 0.1078125 0.05625
0 0.31640625 0.5828125 0.125 0.0515625
0 0.71796875 0.41640625 0.1046875 0.0484375
0 0.69296875 0.190625 0.109375 0.0546875
0 0.425 0.8375 0.11875 0.0609375
0 0.321875 0.71875 0.1234375 0.0484375
0 0.4203125 0.25625 0.115625 0.05625
0 0.7125 0.59140625 0.1140625 0.0546875
0 0.72421875 0.721875 0.109375 0.0625
0 0.803125 0.3484375 0.103125 0.0484375
0 0.30546875 0.30546875 0.121875 0.0609375
0 0.6203125 0.534375 0.1109375 0.05
0 0.434375 0.9359375 0.1125 0.0484375
0 0.72421875 0.66953125 0.1140625 0.0609375
0 0.43125 0.57109375 0.1171875 0.0515625
0 0.71796875 0.36875 0.10625 0.046875
0 0.428125 0.71015625 0.11875 0.0671875
0 0.53125 0.7796875 0.1046875 0.06875
0 0.8171875 0.47734375 0.1015625 0.053125
0 0.5171875 0.41796875 0.1109375 0.0515625
0 0.6203125 0.25078125 0.109375 0.0515625
0 0.621875 0.48671875 0.10625 0.053125
0 0.42578125 0.6171875 0.1125 0.0625
0 0.7171875 0.23046875 0.0953125 0.04375
0 0.52734375 0.50546875 0.1203125 0.053125
0 0.6203125 0.58125 0.1140625 0.0515625
0 0.62890625 0.878125 0.1109375 0.0734375
0 0.62734375 0.43515625 0.1125 0.0640625
0 0.31875 0.15859375 0.1171875 0.0609375
0 0.30859375 0.4453125 0.1203125 0.06875
0 0.434375 0.6640625 0.1171875 0.0734375
0 0.82265625 0.6359375 0.1 0.05625
0 0.309375 0.2109375 0.1203125 0.059375
0 0.721875 0.81328125 0.0984375 0.0671875
0 0.725 0.7703125 0.0984375 0.0640625
0 0.32109375 0.859375 0.1234375 0.0703125
0 0.42265625 0.8890625 0.121875 0.0625
0 0.8171875 0.51171875 0.1015625 0.0484375
0 0.71640625 0.27734375 0.0984375 0.0515625
0 0.8203125 0.6734375 0.1015625 0.0640625
0 0.71640625 0.4625 0.1046875 0.0515625
0 0.31875 0.6765625 0.125 0.046875
0 0.52734375 0.459375 0.10625 0.046875
0 0.53125 0.378125 0.103125 0.059375
0 0.32109375 0.90859375 0.1171875 0.075
0 0.63125 0.67421875 0.1015625 0.05
0 0.62265625 0.33828125 0.1109375 0.0578125
0 0.31875 0.95 0.1140625 0.06875
0 0.3125 0.5328125 0.1203125 0.059375
0 0.42421875 0.4375 0.11875 0.05625
0 0.53125 0.290625 0.1078125 0.059375
0 0.5296875 0.22890625 0.1125 0.0625
0 0.3109375 0.4921875 0.1171875 0.0734375
0 0.3140625 0.26171875 0.1203125 0.05
0 0.63203125 0.91640625 0.109375 0.059375
0 0.525 0.86328125 0.1078125 0.0546875
0 0.809375 0.3890625 0.0953125 0.0453125
0 0.4296875 0.2125 0.115625 0.0546875
0 0.42578125 0.3875 0.1171875 0.04375
0 0.7109375 0.55078125 0.109375 0.0484375
0 0.30859375 0.34921875 0.1203125 0.0609375
0 0.53828125 0.696875 0.1046875 0.075
0 0.42421875 0.34296875 0.115625 0.0625
0 0.71015625 0.325 0.1046875 0.0515625
0 0.3203125 0.7703125 0.1203125 0.0578125
0 0.534375 0.7375 0.1046875 0.0703125
0 0.4296875 0.80234375 0.1203125 0.05
0 0.53125 0.6578125 0.109375 0.0671875
0 0.52265625 0.1890625 0.1046875 0.0515625
0 0.52890625 0.82109375 0.0953125 0.0546875
0 0.421875 0.30234375 0.1140625 0.046875
0 0.62578125 0.2125 0.0875 0.0359375