0 0.43234083281249996 0.319267078125 0.5307815125 0.3176707421875 0.6252313578125 0.322459746875 0.622570796875 0.28095502968749997 0.52546039375 0.28095502968749997 0.43766195156250004 0.285744034375 0.43234083281249996 0.319267078125
0 0.44697390625000005 0.4166435359375 0.5347723531249999 0.42143254218750004 0.6411947109375 0.4102581953125 0.63587359375 0.3719461421875 0.5347723531249999 0.38471682500000004 0.45096474375 0.3783314828125 0.44697390625000005 0.4166435359375
0 0.39908384531249996 0.47411160937499996 0.5374329109375 0.4757079421875 0.5999560484375001 0.45335924843750003 0.6039468859375 0.41983620468750005 0.5321117921875 0.4326068875 0.40307468281250003 0.4373958921875 0.39908384531249996 0.47411160937499996
0 0.40307468281250003 0.5666990578125 0.540093471875 0.5826624140625001 0.5999560484375001 0.55233204375 0.5959652078125 0.510827321875 0.5307815125 0.5347723515625 0.4110563625 0.5267906734375 0.40307468281250003 0.5666990578125
0 0.82477328125 0.3416157703125 0.7183509234375001 0.338423103125 0.7250023171875 0.37992781875000003 0.82477328125 0.3783314828125 0.82477328125 0.3416157703125
0 0.8340852359375001 0.42302887812499995 0.730323434375 0.4357995609375 0.7343142765625 0.477304278125 0.8314246781250001 0.46612993124999996 0.8340852359375001 0.42302887812499995
0 0.8287641171875 0.510827321875 0.7276628781250001 0.5251943421874999 0.735644553125 0.5666990578125 0.8300943984375 0.5587173859375001 0.8287641171875 0.510827321875
0 0.9005992109375001 0.600222103125 0.839406353125 0.5938367609374999 0.8380760734375 0.6305524734375 0.8966083734374999 0.6385341515625 0.9005992109375001 0.600222103125
0 0.9032597687499999 0.440588565625 0.839406353125 0.42941421875 0.8340852359375001 0.47411160937499996 0.8966083734374999 0.491671296875 0.9032597687499999 0.440588565625
0 0.7263325968750001 0.424625209375 0.6119285609375 0.424625209375 0.6119285609375 0.46932260000000003 0.7263325968750001 0.4709189359375 0.7263325968750001 0.424625209375
0 0.7250023171875 0.5251943421874999 0.617249678125 0.5156163265625 0.615919403125 0.5651027265625 0.7223417609375 0.57148806875 0.7250023171875 0.5251943421874999
0 0.3871113296875 0.4357995609375 0.2740375734375 0.4373958921875 0.2687164546875 0.48528595625 0.384450771875 0.48528595625 0.3871113296875 0.4357995609375
0 0.392432446875 0.5267906734375 0.2820192515625 0.5267906734375 0.28068897187499997 0.5762770734375 0.388441609375 0.5794697421875 0.392432446875 0.5267906734375
0 0.9099111671875001 0.5315796828125 0.840736634375 0.510827321875 0.8327549546874999 0.55233204375 0.89926893125 0.5682953953125 0.9099111671875001 0.5315796828125
0 0.393762728125 0.3863131609375 0.5294512359375 0.370349809375 0.5959652078125 0.3607717953125 0.5919743703125 0.319267078125 0.52546039375 0.32565241875 0.392432446875 0.34480844374999997 0.393762728125 0.3863131609375
0 0.2687164546875 0.3432121078125 0.16495465468749998 0.346404775 0.16229409687500002 0.39748750781250003 0.2647256171875 0.3863131609375 0.2687164546875 0.3432121078125
0 0.2687164546875 0.43420322499999997 0.163624378125 0.4357995609375 0.163624378125 0.48368961875 0.2660558984375 0.477304278125 0.2687164546875 0.43420322499999997
0 0.271377015625 0.5251943421874999 0.1609638171875 0.52040533125 0.170275771875 0.5682953953125 0.2700467359375 0.577873409375 0.271377015625 0.5251943421874999
0 0.427019715625 0.28734037031250004 0.34720294687500003 0.2937257125 0.3498635046875 0.336826765625 0.425689434375 0.3320377609375 0.427019715625 0.28734037031250004
0 0.0651836953125 0.5746807359375 0.1516518625 0.57148806875 0.1529821421875 0.52040533125 0.0611928578125 0.528387009375 0.0678442515625 0.53317601875 0.0651836953125 0.5746807359375
0 0.1489913015625 0.43899222968749996 0.0611928578125 0.443781234375 0.059862576562500006 0.4868822921875 0.15032158125 0.48209328281249997 0.1489913015625 0.43899222968749996
0 0.19289052499999998 0.2985147171875 0.1277068296875 0.303303721875 0.1316976703125 0.3432121078125 0.19555108593749998 0.34480844374999997 0.19289052499999998 0.2985147171875
0 0.3378909875 0.29212937499999997 0.267386175 0.300111053125 0.2700467359375 0.340019434375 0.33922126874999997 0.3352304296875 0.3378909875 0.29212937499999997
0 0.1516518625 0.355982790625 0.0611928578125 0.36236813125 0.059862576562500006 0.40068018125 0.1516518625 0.39748750781250003 0.1516518625 0.355982790625
0 0.43899222812499994 0.48528595625 0.3644965765625 0.493267634375 0.36981769531249997 0.52200166875 0.4416527890625 0.5124236578125 0.43899222812499994 0.48528595625
0 0.392432446875 0.6098001171874999 0.2820192515625 0.6082037812500001 0.28601008906250003 0.641726825 0.389771890625 0.6513048343750001 0.392432446875 0.6098001171874999
0 0.7156903625 0.3240560828125 0.601286325 0.32565241875 0.601286325 0.370349809375 0.7170206421875001 0.3719461421875 0.7156903625 0.3240560828125
0 0.794176853125 0.2937257125 0.7170206421875001 0.2937257125 0.7183509234375001 0.336826765625 0.7955071296875 0.3336340921875 0.794176853125 0.2937257125
0 0.275367853125 0.603414775 0.19156024375 0.600222103125 0.1942208046875 0.6369378140624999 0.271377015625 0.6401304875 0.275367853125 0.603414775
0 0.352524065625 0.4868822921875 0.2727072921875 0.491671296875 0.276698134375 0.5267906734375 0.356514903125 0.518809 0.352524065625 0.4868822921875
0 0.1370187890625 0.603414775 0.07981676875 0.600222103125 0.07848648750000001 0.6369378140624999 0.1370187890625 0.6305524734375 0.1370187890625 0.603414775
0 0.7263325968750001 0.4789006140625 0.6531672281249999 0.47251527343750005 0.6531672281249999 0.5156163265625 0.7250023171875 0.5251943421874999 0.7263325968750001 0.4789006140625
0 0.7156903625 0.6113964484375 0.6239010765625 0.6050111078125 0.6278919140625 0.648112165625 0.711699525 0.6544975078124999 0.7156903625 0.6113964484375
0 0.502845646875 0.60660744375 0.4070655203125 0.6082037812500001 0.40174440312500004 0.648112165625 0.501515365625 0.6529011703125 0.502845646875 0.60660744375
0 0.2647256171875 0.48528595625 0.1968813625 0.48528595625 0.1968813625 0.5156163265625 0.2647256171875 0.52040533125 0.2647256171875 0.48528595625
0 0.2647256171875 0.29691838125 0.204863040625 0.29691838125 0.2035327609375 0.338423103125 0.2633953375 0.336826765625 0.2647256171875 0.29691838125
0 0.19156024375 0.48209328281249997 0.1316976703125 0.48847862500000006 0.130367390625 0.518809 0.1942208046875 0.5156163265625 0.19156024375 0.48209328281249997
0 0.12105543437499999 0.48528595625 0.0611928578125 0.494863965625 0.0691745328125 0.5235980046875001 0.1237159921875 0.5092309859374999 0.12105543437499999 0.48528595625
0 0.433671109375 0.3831204921875 0.3578451828125 0.39748750781250003 0.3605057390625 0.43420322499999997 0.435001390625 0.42302887812499995 0.433671109375 0.3831204921875
0 0.37513881250000003 0.3416157703125 0.2820192515625 0.346404775 0.28334952812499997 0.39748750781250003 0.3777993734375 0.392698503125 0.37513881250000003 0.3416157703125
0 0.807479646875 0.553928375 0.7276628781250001 0.581066078125 0.7329839953125 0.6193781265625 0.8128007640625 0.5938367609374999 0.807479646875 0.553928375
0 0.5972954875 0.60660744375 0.5148181578125001 0.6161854578125 0.5161484390625 0.6592865125 0.5999560484375001 0.648112165625 0.5972954875 0.60660744375
0 0.8819752968750001 0.3017073859375 0.807479646875 0.2937257125 0.8061493656250001 0.336826765625 0.876654178125 0.3416157703125 0.8819752968750001 0.3017073859375
0 0.45096474375 0.5124236578125 0.546744865625 0.52200166875 0.6425249921875 0.5092309859374999 0.63986443125 0.4709189359375 0.544084309375 0.48209328281249997 0.46426754062500003 0.48209328281249997 0.45096474375 0.5124236578125
0 0.43234083281249996 0.5730844 0.3644965765625 0.577873409375 0.3671571375 0.6098001171874999 0.43766195156250004 0.6113964484375 0.43234083281249996 0.5730844
0 0.5361026296875 0.5842587515625 0.44697390625000005 0.56989173125 0.44431335 0.6018184390625 0.5361026296875 0.614589121875 0.5361026296875 0.5842587515625
0 0.7210114796875 0.37992781875000003 0.655827784375 0.3783314828125 0.6505066671875 0.41823986875 0.7210114796875 0.41983620468750005 0.7210114796875 0.37992781875000003
0 0.8939478125000001 0.3527901171875 0.840736634375 0.3432121078125 0.835415515625 0.37992781875000003 0.8886266953125 0.391102165625 0.8939478125000001 0.3527901171875
0 0.815461325 0.37992781875000003 0.7343142765625 0.3863131609375 0.7329839953125 0.43101055156249996 0.82078244375 0.424625209375 0.815461325 0.37992781875000003
0 0.8926175328125 0.387909496875 0.8274338374999999 0.3863131609375 0.8234429999999999 0.4326068875 0.8899569749999999 0.43101055156249996 0.8926175328125 0.387909496875
0 0.12238571093749999 0.30968906406249996 0.0638534140625 0.31447806875 0.0611928578125 0.3495974484375 0.126376553125 0.340019434375 0.12238571093749999 0.30968906406249996
0 0.2687164546875 0.391102165625 0.208853878125 0.39429483906249996 0.2022024796875 0.426221546875 0.2687164546875 0.4278178828125 0.2687164546875 0.391102165625
0 0.8897673906250001 0.5689828343750001 0.81659573125 0.5637144734375 0.81659573125 0.6005929906249999 0.8897673906250001 0.5953246296875 0.8897673906250001 0.5689828343750001
0 0.7214725734375 0.5760073125 0.6497643453124999 0.5619583515625 0.6497643453124999 0.6023491078125 0.7170822718750001 0.6128858296875 0.7214725734375 0.5760073125
0 0.3439068046875 0.5689828343750001 0.276588878125 0.5795195515625 0.28683291093749996 0.609373590625 0.352687403125 0.6058613515625 0.3439068046875 0.5689828343750001
0 0.1961000484375 0.5619583515625 0.1390261546875 0.5760073125 0.1404895890625 0.6058613515625 0.1990269140625 0.6023491078125 0.1961000484375 0.5619583515625
0 0.810742 0.470640121875 0.739033771875 0.4829329609375 0.7375703375 0.5233237171875 0.81659573125 0.5075186390625 0.810742 0.470640121875
0 0.8970845562499999 0.47766460000000005 0.819522596875 0.47942072187500007 0.8253763296875001 0.516299234375 0.8956211265625 0.5110308781249999 0.8970845562499999 0.47766460000000005
0 0.197563484375 0.395126965625 0.128782121875 0.39863920468749997 0.13463585312499998 0.435517721875 0.20049035 0.426737121875 0.197563484375 0.395126965625
0 0.1126843578125 0.395126965625 0.0687813625 0.41093204375000003 0.071708228125 0.43727384375 0.12292839062500001 0.426737121875 0.1126843578125 0.395126965625
0 0.7009845078125 0.289759775 0.638056878125 0.2774669359375 0.636593446875 0.3248821703125 0.7039113734375 0.323126053125 0.7009845078125 0.289759775