0 0.6514124390625 0.3529608921875 0.656701990625 0.309391428125 0.5562358484375001 0.2830870921875 0.46447551249999997 0.2642491859375 0.4524750125 0.29741650000000003 0.554626715625 0.322433134375 0.6514124390625 0.3529608921875
0 0.6509153796875 0.44792658750000003 0.65283381875 0.4069325109375 0.545764453125 0.392731428125 0.4602980296875 0.3634383046875 0.4487458484375 0.401910046875 0.538650328125 0.430636134375 0.6509153796875 0.44792658750000003
0 0.5999003140625 0.4812530875 0.6105245609375001 0.44772543750000005 0.5337326640625 0.44145168593750006 0.3993086203125 0.41144344374999997 0.38806575 0.4482671546875 0.5308862890625 0.48738985 0.5999003140625 0.4812530875
0 0.580723103125 0.5834309953125 0.584636409375 0.5395011953125 0.5125605859375 0.5465653203125 0.3902447671875 0.5058951703125001 0.3742545265625 0.5449339375 0.512915034375 0.5985285828125 0.580723103125 0.5834309953125
0 0.854138009375 0.4267872578125 0.744656740625 0.3946645359375 0.7434959265625001 0.439315 0.8470238796875 0.46469196874999996 0.854138009375 0.4267872578125
0 0.8479969437499999 0.5133591656250001 0.7381750734375 0.49843741250000007 0.734261771875 0.5423672109375001 0.8368930859375 0.5571353296875 0.8479969437499999 0.5133591656250001
0 0.8254799140625 0.602559525 0.7181012328125 0.590006475 0.71831666875 0.63501726875 0.8175768703124999 0.6523607828125 0.8254799140625 0.602559525
0 0.8824759906249999 0.714307246875 0.8204057890625001 0.69113979375 0.81191541875 0.728684165625 0.8709238109375 0.7527789890625 0.8824759906249999 0.714307246875
0 0.9161594609374999 0.550224834375 0.8522646984375 0.52139261875 0.8380990296874999 0.56609615 0.89938030625 0.6011601546875001 0.9161594609374999 0.550224834375
0 0.7362115 0.4858201953125 0.617854125 0.45483153125 0.6091934484375 0.5009763859375 0.7272415171875 0.5336130875 0.7362115 0.4858201953125
0 0.7153487328125 0.5892858046875 0.6057284609375 0.55021061875 0.5947636078125 0.600939246875 0.703626259375 0.63635803125 0.7153487328125 0.5892858046875
0 0.38310294375 0.4054714171875 0.265812509375 0.3764911140625 0.2510282203125 0.42449070625 0.37076184843750004 0.45583970156250003 0.38310294375 0.4054714171875
0 0.370977284375 0.5008505000000001 0.2567486546875 0.470942834375 0.24578380156250001 0.521671459375 0.3566413140625 0.554154515625 0.370977284375 0.5008505000000001
0 0.905410046875 0.6459642624999999 0.8378661468749999 0.605802525 0.8215666031250001 0.646489325 0.8872859359374999 0.6809862984375 0.905410046875 0.6459642624999999
0 0.6137115296875 0.38458629843750003 0.6176248453125 0.34065649531250003 0.5475751718749999 0.329231953125 0.4062385984375 0.3129749953125 0.39957279375 0.3561841234375 0.5430432453125 0.3764578203125 0.6137115296875 0.38458629843750003
0 0.27855679375000003 0.27781596406250003 0.170590784375 0.253006025 0.157940375 0.305022340625 0.26607668125 0.32123179375 0.27855679375000003 0.27781596406250003
0 0.260926134375 0.371753721875 0.1518931890625 0.3449354171875 0.14261389687499998 0.394376340625 0.2498222765625 0.41552988125 0.260926134375 0.371753721875
0 0.246047978125 0.46641214375000006 0.132747271875 0.43156038125 0.1331017203125 0.4835236390625 0.23446450468750002 0.520436825 0.246047978125 0.46641214375000006
0 0.45315621562499997 0.26301455156250003 0.3693440640625 0.247986675 0.36374519843750003 0.2932041703125 0.44311929375 0.3087990828125 0.45315621562499997 0.26301455156250003
0 0.027982081250000002 0.41277553593749994 0.0339353921875 0.41952129843749997 0.0231408453125 0.46164943281250004 0.11321562031250001 0.481775040625 0.124489784375 0.42939838124999996 0.027982081250000002 0.41277553593749994
0 0.1361358359375 0.344267809375 0.0443755 0.3254299015625 0.034647884375 0.3695664015625 0.1291607203125 0.389124975 0.1361358359375 0.344267809375
0 0.208771296875 0.21113210312500003 0.14040718593749998 0.1984198609375 0.1368031890625 0.240701634375 0.2025538140625 0.259645665625 0.208771296875 0.21113210312500003
0 0.3600196296875 0.243816309375 0.2855319046875 0.23295879843749998 0.2805516640625 0.27488023125 0.3530445125 0.288673475 0.3600196296875 0.243816309375
0 0.1549724390625 0.2592908765625 0.060150296874999995 0.241380334375 0.051350615625 0.2805727421875 0.1469303875 0.3021396796875 0.1549724390625 0.2592908765625
0 0.4271880390625 0.470613371875 0.34857156875 0.45867486093750004 0.3485089875 0.4897807421875 0.42468227187499996 0.4993505625 0.4271880390625 0.470613371875
0 0.354893171875 0.5865481078125 0.240973853125 0.5549924125000001 0.2386070953125 0.59068205625 0.344098625 0.6286762375 0.354893171875 0.5865481078125
0 0.7446880296875 0.3791115875 0.626021340625 0.34977095937499997 0.6173606687500001 0.3959158140625 0.7367849828125 0.42891284531249996 0.7446880296875 0.3791115875
0 0.83176358125 0.3690586703125 0.7519411640625 0.348159340625 0.7449660515625001 0.3930165 0.8254070859375 0.4106197734375 0.83176358125 0.3690586703125
0 0.23502054375 0.5482466546875 0.1489355 0.5222495921875 0.1445738703125 0.560874959375 0.22377767187500003 0.5850703609375 0.23502054375 0.5482466546875
0 0.3374225734375 0.4488397375 0.2539197234375 0.4321638296875 0.251243659375 0.46950150468749996 0.3353651203125 0.48288135 0.3374225734375 0.4488397375
0 0.0918906890625 0.5107719890625 0.033330615625 0.49198159218750004 0.024840245312500002 0.5295259640625 0.0866324265625 0.5387885109375 0.0918906890625 0.5107719890625
0 0.7256949703125 0.5418532421875 0.6512385390625 0.5154427890625 0.642887171875 0.55993961875 0.7153487328125 0.5892858046875 0.7256949703125 0.5418532421875
0 0.6890122671875 0.675757128125 0.5952883578125 0.6443020109375001 0.5910657375 0.6898798453125 0.676532159375 0.7191729687499999 0.6890122671875 0.675757128125
0 0.4697404265625 0.61315970625 0.370341215625 0.5888637421875 0.357103478125 0.6286231796874999 0.4593941984375 0.6605922734375 0.4697404265625 0.61315970625
0 0.2468994734375 0.4234097015625 0.176710796875 0.40503270625 0.17083391406249998 0.43634528906250003 0.2400946640625 0.45966637656250003 0.2468994734375 0.4234097015625
0 0.283398034375 0.2289420671875 0.2214668453125 0.212727071875 0.21204854375 0.25521554062499996 0.274289034375 0.2697825046875 0.283398034375 0.2289420671875
0 0.171824421875 0.400295309375 0.108656 0.3906724328125 0.101402865625 0.421624690625 0.16808141875 0.43562462343749997 0.171824421875 0.400295309375
0 0.098264634375 0.3844937109375 0.0344775859375 0.3781668921875 0.0371675 0.40999344843749996 0.0963774828125 0.409934834375 0.098264634375 0.3844937109375
0 0.4414788703125 0.36369806250000003 0.3602489140625 0.35799134062500004 0.3558872890625 0.39661672187499997 0.435122375 0.40525917031249997 0.4414788703125 0.36369806250000003
0 0.3889659875 0.3049945984375 0.2917006640625 0.2847153609375 0.2831789953125 0.337812675 0.38182057343750003 0.358452246875 0.3889659875 0.3049945984375
0 0.7951085734375 0.6412910203125 0.7072753875 0.6476875468750001 0.7053569484375 0.68868161875 0.7928808234375 0.683933128125 0.7951085734375 0.6412910203125
0 0.5674540734375 0.6387433765625 0.4802708015625 0.6262908921875 0.4732956890625 0.6711480625 0.5621645171874999 0.6823128453125 0.5674540734375 0.6387433765625
0 0.9210494359375 0.40108082031250003 0.8455260640625 0.372662 0.835798453125 0.41679849999999996 0.90781169375 0.4408402578125 0.9210494359375 0.40108082031250003
0 0.6331144265625 0.5504648249999999 0.6377853578125 0.5101914234375 0.536530296875 0.4957836390625 0.45395538437500005 0.4741636390625 0.434316009375 0.5018728921875 0.53155004375 0.5377050765625 0.6331144265625 0.5504648249999999
0 0.40329475937500003 0.5594533921875 0.3321781515625 0.5460204953125001 0.328744453125 0.5797017734375001 0.40137631875 0.6004474640625 0.40329475937500003 0.5594533921875
0 0.5084769734375 0.5990956140625 0.4190521125 0.560121 0.41011342187500005 0.5923609484375 0.502600090625 0.6304081953125 0.5084769734375 0.5990956140625
0 0.73936718125 0.438234 0.6722403109374999 0.41892963437499997 0.6590025734375 0.458689071875 0.7316344359375 0.47943476875 0.73936718125 0.438234
0 0.9235377625 0.4570608046875 0.8703436765625 0.43275928906249994 0.8577245609374999 0.469222665625 0.9106093312500001 0.49517221093749997 0.9235377625 0.4570608046875
0 0.83708083125 0.463817665625 0.75189243125 0.448429453125 0.741855509375 0.49421398437499997 0.8339251515624999 0.5114038609375 0.83708083125 0.463817665625
0 0.9153566937500001 0.49295715468749995 0.8482298234375 0.4736527890625 0.8351310984375001 0.5203646796875 0.904252840625 0.5367333140625 0.9153566937500001 0.49295715468749995
0 0.13366495312499999 0.20357065468750002 0.0721820859375 0.1926600765625 0.06262477968749999 0.2281960921875 0.13191681875 0.2359642375 0.13366495312499999 0.20357065468750002
0 0.2692775 0.3272568859375 0.20672769375 0.3143379484375 0.1936602546875 0.34549689687499996 0.26216337031250003 0.3651615921875 0.2692775 0.3272568859375
0 0.8773228625 0.6791223140625 0.8026434953124999 0.6538633093749999 0.7954978234375 0.6919360875 0.8722188109375001 0.7063171546875 0.8773228625 0.6791223140625
0 0.701851375 0.6407881859375 0.6303873578125 0.606860634375 0.6225611515625 0.648559396875 0.6901636890625 0.67767176875 0.701851375 0.6407881859375
0 0.312599534375 0.5312648453125 0.24091375468749998 0.5239083499999999 0.2457271890625 0.5575039796875 0.314537884375 0.57171603125 0.312599534375 0.5312648453125
0 0.161046259375 0.48397640781250006 0.09927796093749999 0.4830207015625 0.095007375 0.514237928125 0.1562480515625 0.526467975 0.161046259375 0.48397640781250006
0 0.81462179375 0.556189253125 0.7380537281249999 0.549456546875 0.728713509375 0.5907589078125 0.813532134375 0.5958476390625 0.81462179375 0.556189253125
0 0.902586921875 0.5868288500000001 0.82200445625 0.5676326078125 0.8209148015625001 0.6072909890625 0.8946077890625 0.6208792578125 0.902586921875 0.5868288500000001
0 0.1948859140625 0.31213879375000003 0.12304720625000001 0.2971339375 0.121957546875 0.3367923203125 0.1917890609375 0.3455654015625 0.1948859140625 0.31213879375000003
0 0.10707370624999998 0.289147546875 0.058591171875 0.2935724328125 0.0565151296875 0.3215600828125 0.11154687031249999 0.3245561703125 0.10707370624999998 0.289147546875
0 0.7361193359375 0.339721253125 0.67339906875 0.3099850984375 0.6626977796875 0.3585394171875 0.7326822109375 0.37496086093750003 0.7361193359375 0.339721253125