0 0.481632075 0.723992303125 0.582180840625 0.7065037359375 0.586608584375 0.6673158375 0.4736829203125 0.6825952984375 0.3650184296875 0.6900036625 0.3701534765625 0.73725855 0.481632075 0.723992303125
0 0.4657402515625 0.6062185343750001 0.5622679390624999 0.602095471875 0.5649284812500001 0.5575948765625001 0.4638995140625 0.5640946015625 0.342291415625 0.5914532859375 0.350320603125 0.6346817703125 0.4657402515625 0.6062185343750001
0 0.4663935 0.5509108140625 0.6142825000000001 0.527788634375 0.6170230703125 0.48511951093750005 0.458124215625 0.502187909375 0.3874707703125 0.5363698375 0.3845701359375 0.5753760109375 0.4663935 0.5509108140625
0 0.46279854687500005 0.43351467968749996 0.6006380703125 0.4263164046875 0.607799896875 0.3794391515625 0.44970785468749996 0.379842528125 0.3825087796875 0.42281838125000004 0.3891709296875 0.46989155 0.46279854687500005 0.43351467968749996
0 0.24760447187499998 0.6377002703125 0.133151696875 0.6531614546875 0.134992434375 0.69528538125 0.257320821875 0.684409971875 0.24760447187499998 0.6377002703125
0 0.2320327796875 0.52725239375 0.12111440625 0.553338965625 0.1202210703125 0.603152246875 0.2386949296875 0.57432555 0.2320327796875 0.52725239375
0 0.226023878125 0.42487151093750003 0.11799964999999998 0.44693167968749997 0.12192772031250002 0.5016942078125 0.2372673359375 0.4713994890625 0.226023878125 0.42487151093750003
0 0.1052355796875 0.3656056796875 0.0376428359375 0.3644443984375 0.034982298437499997 0.4089449890625 0.105549215625 0.4079113375 0.1052355796875 0.3656056796875
0 0.1176600421875 0.54454505 0.04500579375 0.53294010625 0.039931303125 0.5924559546875 0.11379252343749999 0.5965532703124999 0.1176600421875 0.54454505
0 0.37292651875 0.5196906578125 0.2415155375 0.5334879156250001 0.24383646718750002 0.5866006968749999 0.375167415625 0.570971965625 0.37292651875 0.5196906578125
0 0.363543275 0.4103473375 0.241054821875 0.4175597921875 0.24032154687500001 0.471036028125 0.36449716875 0.46730479843749995 0.363543275 0.4103473375
0 0.7661190421875 0.45448970156249996 0.6332609859375 0.47030016874999997 0.6326877796875 0.5274393546875 0.76241159375 0.5101608765625001 0.7661190421875 0.45448970156249996
0 0.747813275 0.35173118593749997 0.6239577796875 0.3627883265625 0.6220175328125 0.423772196875 0.7487671687499999 0.40868864531250004 0.747813275 0.35173118593749997
0 0.1152655703125 0.4546210390625 0.038110046875 0.4453927578125 0.027733953125 0.48897052187499995 0.1081837796875 0.5033297703125 0.1152655703125 0.4546210390625
0 0.47939117343750004 0.672711 0.6311411921875 0.6325603546874999 0.6275332515625001 0.5851237296875 0.4725689578125 0.6219748875 0.396693953125 0.6420502140625 0.4033560984375 0.6891233765625 0.47939117343750004 0.672711
0 0.8926891359375 0.5406824828125 0.7756623453125 0.567495971875 0.7732419015625001 0.6174909890625 0.8921959578124999 0.599653140625 0.8926891359375 0.5406824828125
0 0.8868402937500001 0.44196454999999996 0.7695734109375 0.46328362343749996 0.7686800703125 0.5130969046875 0.8892412562500001 0.496908803125 0.8868402937500001 0.44196454999999996
0 0.8749630749999999 0.3458050171875 0.759950075 0.3484458765625 0.7610640281250001 0.40906628593749994 0.888053765625 0.3994771625 0.8749630749999999 0.3458050171875
0 0.6804086828125 0.6359023875 0.59360385 0.65175539375 0.5943176453125 0.703218421875 0.6856237562499999 0.6849887578125 0.6804086828125 0.6359023875
0 0.9952841640625 0.32412249375 0.8961824671875 0.3395978546875 0.8972163875 0.3983867921875 0.9977860796875 0.3775996015625 0.9976304109375 0.3740372296875 0.9943107937500001 0.3721042984375 0.9952841640625 0.32412249375
0 1 0.428263421875 0.9998638874999999 0.425148590625 0.90219136875 0.44197873593750003 0.9058793406250001 0.49124683124999996 1 0.47487631406249997 1 0.428263421875
0 0.930533621875 0.598772859375 0.8571525937500001 0.6056643937499999 0.862527734375 0.6584137140624999 0.9371157390624999 0.6440145453125 0.930533621875 0.598772859375
0 0.7718748640624999 0.6213356734375 0.692705546875 0.6362800281250001 0.6963935234374999 0.6855481234374999 0.776929878125 0.666759090625 0.7718748640624999 0.6213356734375
0 1 0.5245842359374999 0.9049059671874999 0.5392286453125 0.9069868031249999 0.586847 1 0.5691617859375 1 0.5245842359374999
0 0.648218396875 0.42617721875000003 0.5662349671875 0.4469794546875 0.570649725 0.4777510734375 0.6557673921875 0.45841684843749997 0.648218396875 0.42617721875000003
0 0.7384235421875001 0.2773676234375 0.6188292296875 0.2805536734375 0.617855859375 0.3285354828125 0.744685528125 0.315283415625 0.7384235421875001 0.2773676234375
0 0.390105340625 0.631788275 0.2571672515625 0.6457672703124999 0.261095321875 0.7005297859375 0.39234624375 0.683069584375 0.390105340625 0.631788275
0 0.2574008546875 0.68624145 0.16898888750000002 0.7004447078125 0.1725167890625 0.7460498546875 0.2610888265625 0.7355095453125 0.2574008546875 0.68624145
0 0.8440338171875 0.270322725 0.755301715625 0.2772000734375 0.7525611453125001 0.319869190625 0.848928765625 0.312083190625 0.8440338171875 0.270322725
0 0.754875584375 0.4079617296875 0.6636495 0.4280228703125 0.669831453125 0.4641071859375 0.761217603125 0.4477089890625 0.754875584375 0.4079617296875
0 0.9768918734375 0.25451225312500003 0.9100194203124999 0.269834253125 0.9113799671875 0.30096932656250003 0.977205509375 0.29681790937499997 0.9768918734375 0.25451225312500003
0 0.3232653546875 0.4722114890625 0.24032154687500001 0.471036028125 0.2411153734375 0.524330534375 0.325426225 0.5216613140625 0.3232653546875 0.4722114890625
0 0.34563766875 0.316746196875 0.24910998125 0.32086924687499996 0.2466895421875 0.3708642640625 0.35237985 0.3656508375 0.34563766875 0.316746196875
0 0.605245359375 0.2858521859375 0.49047245781250004 0.293987471875 0.491266284375 0.3472819828125 0.6011377484375 0.33236598281249996 0.605245359375 0.2858521859375
0 0.8470620562500001 0.40987828593750003 0.76893965 0.4136520671875 0.7707003546875 0.4539445171875 0.8485826640624999 0.44467630937499997 0.8470620562500001 0.40987828593750003
0 0.8483100984374999 0.61408066875 0.7796704484375 0.6240899718749999 0.7801441453125 0.670058578125 0.8488638312499999 0.6618807578125 0.8483100984374999 0.61408066875
0 0.9232571921874999 0.397128865625 0.8501162609374999 0.40951483125 0.8548511453125001 0.4476123484375 0.923250696875 0.43210862343749995 0.9232571921874999 0.397128865625
0 0.9994808453124999 0.41638303906249996 0.998755509375 0.399784246875 0.9932638828125 0.38327488125000003 0.93137290625 0.40720906718750005 0.9356275937499999 0.4343177359375 0.9994808453124999 0.41638303906249996
0 0.6633098921875 0.5256362421875 0.5783522890625 0.548633415625 0.581880196875 0.5942385671875 0.6682048359375 0.5673967140625 0.6633098921875 0.5256362421875
0 0.7537226687499999 0.557219865625 0.6455383734375 0.575617078125 0.6511536125 0.6338608203125 0.7578107984375 0.6156453375 0.7537226687499999 0.557219865625
0 0.2264370234375 0.3640693765625 0.13609129375 0.40427674218750004 0.1442005140625 0.4493367078125 0.234466215625 0.407297859375 0.2264370234375 0.3640693765625
0 0.4733541875 0.288660590625 0.37770685 0.31292987031249997 0.382841896875 0.36018477031249996 0.477042159375 0.337928696875 0.4733541875 0.288660590625
0 0.156611990625 0.698235590625 0.075435378125 0.70237283125 0.071327765625 0.7488866234375 0.1572457515625 0.7478671515624999 0.156611990625 0.698235590625
0 0.450168565625 0.49577065156250005 0.5417948078125 0.48486688750000007 0.5555452437499999 0.4482515625 0.44511355625000004 0.45034723593750003 0.33580231718750003 0.47808355625 0.34077729843750004 0.5216755 0.450168565625 0.49577065156250005
0 0.6468708359375 0.32508261875 0.5658542890625 0.332882809375 0.5738834765624999 0.3761112984375 0.6515256875000001 0.36134866875 0.6468708359375 0.32508261875
0 0.5586989578125 0.34478030937500004 0.45268852812500004 0.34266783749999996 0.4542091359375 0.377465865625 0.557245396875 0.38177327031249997 0.5586989578125 0.34478030937500004
0 0.331201528125 0.5835680171875001 0.25018498125 0.5913682015624999 0.252185784375 0.6371550781249999 0.327093915625 0.630081809375 0.331201528125 0.5835680171875001
0 0.12085483125 0.652783809375 0.059210443749999994 0.64723266875 0.0550227984375 0.6919149890625 0.1165871546875 0.6956346578125 0.12085483125 0.652783809375
0 0.23588081718749998 0.5801834375 0.13541207500000002 0.5995034828125 0.1437613921875 0.6500578703125 0.23659461249999997 0.631646478125 0.23588081718749998 0.5801834375
0 0.1319577109375 0.5907095671875 0.0556825375 0.6016275171875 0.054789196875 0.6514408031250001 0.12969733125 0.6443675343749999 0.1319577109375 0.5907095671875
0 1 0.5847987531250001 0.936802103125 0.6017088937499999 0.942904028125 0.635961725 1 0.6244572359375 1 0.5847987531250001
0 0.8454354390625 0.513167809375 0.7690002015624999 0.520422803125 0.7708409390625001 0.5625467359375 0.8394005609375 0.5507059609375 0.8454354390625 0.513167809375
0 0.1313961125 0.397043753125 0.0476622984375 0.41308412343749995 0.04898294375 0.44330606250000004 0.1332450140625 0.43935446562499997 0.1313961125 0.397043753125
0 0.322823378125 0.372238134375 0.2450170140625 0.3693456515625 0.2418260375 0.41225612343750007 0.32484836875 0.4185784328125 0.322823378125 0.372238134375
0 0.7391010046875001 0.3145988875 0.66367894375 0.32762485468749997 0.6756075984375001 0.36873605 0.75235744375 0.34745097812500003 0.7391010046875001 0.3145988875
0 0.9072729765625 0.2986365171875 0.8402507109374999 0.3106628984375 0.8456356171875001 0.356603359375 0.9104496687499999 0.3326881296875 0.9072729765625 0.2986365171875
0 0.2259877796875 0.4748991125 0.1360623875 0.5038279328125 0.144631121875 0.545338965625 0.22633280781249998 0.5214393312500001 0.2259877796875 0.4748991125
0 0.1255424203125 0.494953471875 0.045168523437500004 0.510594 0.0451613828125 0.5490750390625 0.134111159375 0.53646450625 0.1255424203125 0.494953471875
0 0.9225329765625 0.493272034375 0.8473750421874999 0.5123423984375 0.8523197343750001 0.54820888125 0.9311017156249999 0.5347830671875 0.9225329765625 0.493272034375
0 0.9946831640625 0.482660696875 0.936412859375 0.5017466578125 0.9497573453125 0.5366135453124999 0.999363725 0.5124827984375 0.9946831640625 0.482660696875
0 0.35185378906250003 0.6887765906250001 0.274663725 0.6999876859375 0.27969645781249997 0.7378689656249999 0.352550990625 0.74337599375 0.35185378906250003 0.6887765906250001