0 0.24609375 0.2359375 0.1078125 0.090625
0 0.5859375 0.21015625 0.1171875 0.0671875
0 0.6890625 0.7375 0.103125 0.059375
0 0.68828125 0.69296875 0.1015625 0.0546875
0 0.403125 0.234375 0.1109375 0.0875
0 0.2390625 0.70078125 0.1015625 0.0546875
0 0.5421875 0.49140625 0.1125 0.059375
0 0.23984375 0.60390625 0.1046875 0.0484375
0 0.384375 0.53984375 0.1171875 0.0546875
0 0.46640625 0.51640625 0.1109375 0.059375
0 0.37578125 0.33125 0.10625 0.059375
0 0.45859375 0.62421875 0.1140625 0.053125
0 0.30234375 0.465625 0.109375 0.05625
0 0.3015625 0.5171875 0.1109375 0.0546875
0 0.2375 0.55390625 0.1015625 0.059375
0 0.5296875 0.38046875 0.121875 0.05625
0 0.6046875 0.62578125 0.11875 0.0546875
0 0.528125 0.33046875 0.115625 0.0546875
0 0.61015625 0.359375 0.115625 0.05625
0 0.60546875 0.8171875 0.1140625 0.0546875
0 0.6140625 0.46328125 0.1140625 0.0578125
0 0.615625 0.67734375 0.1140625 0.0546875
0 0.45390625 0.40546875 0.1046875 0.05625
0 0.5328125 0.6546875 0.1125 0.05625
0 0.6859375 0.49140625 0.1046875 0.059375
0 0.303125 0.30703125 0.10625 0.0625
0 0.3234375 0.8265625 0.1125 0.053125
0 0.603125 0.2578125 0.1140625 0.0453125
0 0.61328125 0.57265625 0.1171875 0.05625
0 0.45625 0.82578125 0.1203125 0.0515625
0 0.384375 0.48984375 0.1171875 0.05625
0 0.534375 0.85078125 0.1109375 0.0578125
0 0.2390625 0.6515625 0.0984375 0.05
0 0.384375 0.80390625 0.1109375 0.0546875
0 0.6765625 0.2796875 0.1015625 0.0546875
0 0.23828125 0.29140625 0.1015625 0.0703125
0 0.53515625 0.434375 0.115625 0.0578125
0 0.459375 0.56953125 0.1140625 0.0578125
0 0.68515625 0.60078125 0.109375 0.05
0 0.45859375 0.4609375 0.1140625 0.05625
0 0.31640625 0.7734375 0.109375 0.0578125
0 0.61328125 0.5203125 0.115625 0.059375
0 0.53359375 0.59921875 0.11875 0.053125
0 0.6828125 0.83203125 0.115625 0.05
0 0.24765625 0.79453125 0.109375 0.0578125
0 0.45703125 0.77421875 0.115625 0.0625
0 0.45703125 0.675 0.1125 0.05
0 0.30859375 0.41328125 0.115625 0.0578125
0 0.38671875 0.6484375 0.1125 0.0546875
0 0.684375 0.65 0.10625 0.0515625
0 0.45546875 0.35 0.1109375 0.05625
0 0.30234375 0.36171875 0.1109375 0.0515625
0 0.23671875 0.5015625 0.1015625 0.0546875
0 0.38828125 0.74921875 0.1171875 0.059375
0 0.5375 0.8 0.1109375 0.053125
0 0.30625 0.62109375 0.1140625 0.0515625
0 0.6015625 0.30703125 0.11875 0.0578125
0 0.38515625 0.3828125 0.1171875 0.0546875
0 0.378125 0.6984375 0.1046875 0.0515625
0 0.384375 0.43515625 0.109375 0.05625
0 0.30859375 0.56796875 0.109375 0.0609375
0 0.30234375 0.66953125 0.1109375 0.0546875
0 0.59765625 0.871875 0.1078125 0.0671875
0 0.32265625 0.72265625 0.1171875 0.0546875
0 0.68359375 0.4375 0.0984375 0.059375
0 0.47890625 0.2296875 0.11875 0.0734375
0 0.24375 0.74453125 0.1 0.05
0 0.61171875 0.4109375 0.109375 0.05
0 0.525 0.27578125 0.1140625 0.05625
0 0.6875 0.7828125 0.103125 0.0515625
0 0.53515625 0.746875 0.11875 0.0515625
0 0.23515625 0.396875 0.1015625 0.0609375
0 0.44921875 0.29765625 0.1203125 0.053125
0 0.46640625 0.875 0.1078125 0.0515625
0 0.6078125 0.7234375 0.1140625 0.0484375
0 0.2375 0.34296875 0.1078125 0.0546875
0 0.53671875 0.70234375 0.1203125 0.046875
0 0.6140625 0.76875 0.1125 0.0515625
0 0.54453125 0.54609375 0.1140625 0.0546875
0 0.678125 0.33125 0.103125 0.053125
0 0.4578125 0.7203125 0.115625 0.0484375
0 0.2375 0.4484375 0.1015625 0.0546875
0 0.6734375 0.22421875 0.090625 0.0625
0 0.6859375 0.5484375 0.0984375 0.059375
0 0.3875 0.59453125 0.115625 0.059375
0 0.31640625 0.2421875 0.0953125 0.0734375
0 0.68046875 0.38203125 0.10625 0.0578125
0 0.6796875 0.87578125 0.1140625 0.04375
0 0.24765625 0.87734375 0.1046875 0.04375
0 0.39453125 0.85859375 0.1 0.0546875
0 0.2453125 0.83515625 0.1046875 0.0546875
0 0.38203125 0.27578125 0.1 0.053125
0 0.33671875 0.8765625 0.115625 0.046875