0 0.32578125 0.29296875 0.071875 0.053125
0 0.325 0.33359375 0.075 0.0484375
0 0.53125 0.29921875 0.08125 0.046875
0 0.46328125 0.27734375 0.0765625 0.059375
0 0.6046875 0.346875 0.0828125 0.0421875
0 0.5984375 0.3109375 0.0796875 0.04375
0 0.54296875 0.36953125 0.078125 0.0390625
0 0.60703125 0.425 0.08125 0.04375
0 0.3984375 0.34375 0.0796875 0.0421875
0 0.540625 0.403125 0.075 0.0421875
0 0.53125 0.5703125 0.0828125 0.0390625
0 0.25703125 0.31796875 0.075 0.0390625
0 0.5421875 0.33203125 0.0796875 0.0375
0 0.6140625 0.73359375 0.078125 0.046875
0 0.39921875 0.3078125 0.078125 0.0421875
0 0.54375 0.44140625 0.08125 0.0421875
0 0.60703125 0.38671875 0.08125 0.04375
0 0.3921875 0.73046875 0.078125 0.0390625
0 0.54375 0.79609375 0.0828125 0.0390625
0 0.45546875 0.58671875 0.08125 0.0421875
0 0.4546875 0.6828125 0.08125 0.0390625
0 0.54375 0.8296875 0.08125 0.0421875
0 0.4703125 0.38515625 0.078125 0.0375
0 0.61484375 0.76796875 0.0796875 0.0375
0 0.46640625 0.32109375 0.0734375 0.0390625
0 0.6078125 0.45703125 0.08125 0.040625
0 0.540625 0.7265625 0.084375 0.040625
0 0.25546875 0.35078125 0.075 0.0390625
0 0.39140625 0.76796875 0.075 0.0421875
0 0.38984375 0.69765625 0.0796875 0.0390625
0 0.5375 0.66640625 0.0828125 0.0359375
0 0.2515625 0.61796875 0.075 0.0421875
0 0.38671875 0.628125 0.0796875 0.0359375
0 0.46796875 0.353125 0.078125 0.0359375
0 0.61015625 0.5484375 0.0796875 0.0484375
0 0.253125 0.68515625 0.075 0.0390625
0 0.534375 0.6046875 0.08125 0.0359375
0 0.4703125 0.45234375 0.08125 0.0375
0 0.46796875 0.41953125 0.078125 0.0390625
0 0.390625 0.6609375 0.078125 0.0359375
0 0.453125 0.715625 0.084375 0.0359375
0 0.60859375 0.67109375 0.0828125 0.04375
0 0.534375 0.53984375 0.08125 0.0359375
0 0.32890625 0.36796875 0.0703125 0.0390625
0 0.4625 0.4859375 0.0796875 0.0375
0 0.609375 0.64140625 0.0828125 0.0421875
0 0.53359375 0.63828125 0.0828125 0.034375
0 0.39453125 0.46875 0.075 0.046875
0 0.45625 0.65 0.08125 0.0390625
0 0.39296875 0.56796875 0.075 0.0359375
0 0.328125 0.45625 0.0734375 0.034375
0 0.25390625 0.7171875 0.075 0.04375
0 0.609375 0.57734375 0.08125 0.0390625
0 0.321875 0.7734375 0.078125 0.0421875
0 0.5296875 0.696875 0.0796875 0.034375
0 0.53984375 0.76015625 0.08125 0.0359375
0 0.3953125 0.4375 0.0734375 0.040625
0 0.25625 0.4421875 0.071875 0.040625
0 0.53515625 0.4765625 0.0828125 0.0375
0 0.25390625 0.65390625 0.075 0.040625
0 0.46015625 0.51796875 0.08125 0.0359375
0 0.61171875 0.6078125 0.0796875 0.0375
0 0.53125 0.50546875 0.08125 0.0359375
0 0.32421875 0.578125 0.078125 0.0375
0 0.32578125 0.43046875 0.071875 0.0328125
0 0.2578125 0.38359375 0.071875 0.0359375
0 0.471875 0.8109375 0.08125 0.0375
0 0.60625 0.51484375 0.0828125 0.040625
0 0.3921875 0.50390625 0.075 0.0375
0 0.61015625 0.703125 0.0828125 0.040625
0 0.46171875 0.77734375 0.0796875 0.046875
0 0.3203125 0.6453125 0.078125 0.04375
0 0.615625 0.8046875 0.075 0.0375
0 0.25234375 0.8078125 0.0734375 0.0421875
0 0.321875 0.61015625 0.0765625 0.0375
0 0.61328125 0.83359375 0.0765625 0.0328125
0 0.32265625 0.8359375 0.078125 0.0375
0 0.46328125 0.55390625 0.075 0.0359375
0 0.4609375 0.75078125 0.0765625 0.0390625
0 0.321875 0.6734375 0.071875 0.0359375
0 0.2578125 0.415625 0.071875 0.040625
0 0.24921875 0.7765625 0.0734375 0.046875
0 0.3921875 0.53828125 0.078125 0.0359375
0 0.39609375 0.3765625 0.0765625 0.04375
0 0.3234375 0.5484375 0.0765625 0.0359375
0 0.2546875 0.74765625 0.08125 0.0375
0 0.390625 0.8046875 0.078125 0.046875
0 0.2546875 0.55546875 0.0734375 0.0421875
0 0.2546875 0.528125 0.0734375 0.0421875
0 0.325 0.39765625 0.071875 0.034375
0 0.25234375 0.8359375 0.0796875 0.0375
0 0.39609375 0.40390625 0.0734375 0.0421875
0 0.32421875 0.7359375 0.0765625 0.0390625
0 0.25390625 0.58515625 0.0734375 0.0375
0 0.31953125 0.809375 0.0765625 0.0484375
0 0.39140625 0.83125 0.071875 0.0421875
0 0.32265625 0.70703125 0.0734375 0.040625
0 0.459375 0.61875 0.0765625 0.028125
0 0.25625 0.49765625 0.071875 0.0359375
0 0.6078125 0.48984375 0.08125 0.0390625
0 0.32578125 0.51640625 0.071875 0.03125
0 0.32421875 0.48984375 0.071875 0.0328125
0 0.38984375 0.60078125 0.071875 0.03125
0 0.2578125 0.47109375 0.071875 0.034375
0 0.46875 0.84375 0.0796875 0.03125