0 0.56953125 0.25546875 0.0890625 0.0546875
0 0.26484375 0.265625 0.0890625 0.0484375
0 0.484375 0.24296875 0.0875 0.053125
0 0.49921875 0.33125 0.0921875 0.04375
0 0.4203125 0.3390625 0.0890625 0.053125
0 0.4046875 0.6046875 0.090625 0.0453125
0 0.5578125 0.2171875 0.090625 0.0484375
0 0.5046875 0.7640625 0.090625 0.0484375
0 0.58515625 0.703125 0.0921875 0.0578125
0 0.18671875 0.246875 0.0859375 0.0546875
0 0.50078125 0.83671875 0.090625 0.05
0 0.178125 0.4296875 0.0859375 0.0484375
0 0.5875 0.771875 0.0921875 0.05
0 0.5796875 0.48359375 0.090625 0.0546875
0 0.409375 0.21953125 0.0890625 0.0609375
0 0.1796875 0.3921875 0.0875 0.0453125
0 0.565625 0.2953125 0.0921875 0.0546875
0 0.33671875 0.3203125 0.084375 0.0515625
0 0.2609375 0.3390625 0.0859375 0.046875
0 0.178125 0.46484375 0.084375 0.0421875
0 0.415625 0.640625 0.0875 0.0515625
0 0.33984375 0.84375 0.0890625 0.046875
0 0.259375 0.38046875 0.0859375 0.0390625
0 0.1796875 0.35625 0.0875 0.040625
0 0.34609375 0.2484375 0.0921875 0.0453125
0 0.3375 0.35859375 0.08125 0.0453125
0 0.26171875 0.3046875 0.0859375 0.0421875
0 0.41015625 0.41796875 0.0859375 0.046875
0 0.49453125 0.546875 0.090625 0.0390625
0 0.18125 0.31953125 0.0875 0.0359375
0 0.51015625 0.690625 0.090625 0.04375
0 0.490625 0.47734375 0.096875 0.0390625
0 0.4921875 0.44296875 0.0921875 0.0453125
0 0.25859375 0.83828125 0.084375 0.0484375
0 0.5796875 0.37421875 0.090625 0.05625
0 0.49375 0.58125 0.0921875 0.0375
0 0.3328125 0.3953125 0.084375 0.0421875
0 0.5875 0.81171875 0.09375 0.040625
0 0.18125 0.74453125 0.090625 0.04375
0 0.4140625 0.38125 0.090625 0.046875
0 0.1765625 0.57109375 0.0890625 0.0484375
0 0.33046875 0.50546875 0.078125 0.040625
0 0.26015625 0.73359375 0.0921875 0.0546875
0 0.41953125 0.3015625 0.0875 0.046875
0 0.5859375 0.58828125 0.090625 0.059375
0 0.58359375 0.62421875 0.090625 0.05
0 0.49375 0.36484375 0.090625 0.0359375
0 0.4203125 0.771875 0.0890625 0.0484375
0 0.25859375 0.4140625 0.0859375 0.0390625
0 0.3359375 0.6671875 0.084375 0.0546875
0 0.259375 0.52265625 0.0875 0.046875
0 0.1796875 0.8421875 0.0875 0.0390625
0 0.48984375 0.2890625 0.09375 0.0453125
0 0.58359375 0.51640625 0.0875 0.05
0 0.41796875 0.45546875 0.09375 0.046875
0 0.584375 0.66015625 0.090625 0.0484375
0 0.3296875 0.58671875 0.084375 0.04375
0 0.57265625 0.33984375 0.090625 0.059375
0 0.57578125 0.446875 0.0875 0.0484375
0 0.3328125 0.2859375 0.0890625 0.0421875
0 0.4265625 0.2703125 0.0890625 0.0421875
0 0.590625 0.7328125 0.0875 0.04375
0 0.5046875 0.72734375 0.0921875 0.0390625
0 0.17421875 0.81484375 0.0875 0.0546875
0 0.33359375 0.6265625 0.084375 0.046875
0 0.58515625 0.54921875 0.0890625 0.0515625
0 0.57890625 0.41015625 0.090625 0.046875
0 0.41875 0.8453125 0.090625 0.0453125
0 0.41484375 0.565625 0.0890625 0.0421875
0 0.25859375 0.63515625 0.0828125 0.0453125
0 0.259375 0.56015625 0.0875 0.04375
0 0.58828125 0.84296875 0.0890625 0.0375
0 0.3359375 0.5453125 0.0875 0.0421875
0 0.178125 0.66875 0.084375 0.0375
0 0.50234375 0.6546875 0.090625 0.040625
0 0.26015625 0.6984375 0.084375 0.0515625
0 0.25703125 0.77421875 0.0859375 0.0546875
0 0.409375 0.528125 0.0875 0.0421875
0 0.33671875 0.734375 0.084375 0.0515625
0 0.33515625 0.471875 0.0828125 0.0359375
0 0.503125 0.7984375 0.0859375 0.0390625
0 0.3390625 0.703125 0.084375 0.053125
0 0.3375 0.77109375 0.0859375 0.05
0 0.33125 0.43515625 0.0875 0.040625
0 0.48984375 0.4 0.0921875 0.040625
0 0.25625 0.45078125 0.084375 0.0390625
0 0.17734375 0.5359375 0.0875 0.0390625
0 0.184375 0.2828125 0.0796875 0.04375
0 0.2578125 0.6 0.0875 0.0421875
0 0.2609375 0.48515625 0.0859375 0.0375
0 0.49609375 0.6171875 0.0921875 0.0359375
0 0.178125 0.49921875 0.0828125 0.0375
0 0.49453125 0.51328125 0.09375 0.0390625
0 0.178125 0.70625 0.0859375 0.0359375
0 0.1734375 0.778125 0.090625 0.0515625
0 0.42578125 0.80859375 0.0921875 0.0421875
0 0.42578125 0.70703125 0.0859375 0.0328125
0 0.25859375 0.6671875 0.0828125 0.046875
0 0.42421875 0.6734375 0.0875 0.0390625
0 0.33671875 0.8015625 0.0875 0.04375
0 0.42265625 0.7375 0.0890625 0.040625
0 0.25546875 0.8109375 0.0859375 0.0546875
0 0.409375 0.4921875 0.0859375 0.0375
0 0.175 0.60859375 0.084375 0.0515625
0 0.175 0.6375 0.084375 0.0390625