0 0.3482795484375 0.39366144375 0.323790321875 0.3901477828125 0.29516129062499996 0.386206896875 0.260887096875 0.382266009375 0.2379032265625 0.38078817656249997 0.2286488984375 0.40073320625 0.23154318906250002 0.42194849218749997 0.26627466875 0.42194849218749997 0.309689015625 0.42194849218749997 0.33573762500000004 0.427841625 0.350209071875 0.4207698671875 0.3482795484375 0.39366144375
0 0.29328804062499997 0.4207698671875 0.271098484375 0.42194849218749997 0.2344374796875 0.4243057484375 0.2334727171875 0.45495005 0.2363670046875 0.46791494531250005 0.26434514062500003 0.4620218125 0.29907662031250004 0.4608431875 0.3260899921875 0.4608431875 0.3241604640625 0.42902025625 0.29328804062499997 0.4207698671875
0 0.40373353281249996 0.4690234484375 0.40670580312500004 0.44905212812500006 0.3987797453125 0.44360540468750004 0.384413765625 0.44118464062499996 0.3715339234375 0.441789828125 0.3527095359375 0.43331714843749997 0.335866665625 0.4302911921875 0.327940609375 0.4393690640625 0.33041750468750003 0.4496573203125 0.3319036375 0.46781306406249995 0.34131583125 0.469628640625 0.3680662734375 0.469628640625 0.385899903125 0.47023383281250003 0.40373353281249996 0.4690234484375
0 0.325959096875 0.487179196875 0.325959096875 0.46841825625 0.315060765625 0.4690234484375 0.2962363828125 0.4690234484375 0.26849518125 0.46599749218750003 0.2427354953125 0.46720787656249996 0.2412493625 0.4841532359375 0.240753984375 0.49807264531250006 0.262550640625 0.49625706875000003 0.28385191875000004 0.49746745312499996 0.305153196875 0.49807264531250006 0.3314082578125 0.5010986015625 0.325959096875 0.487179196875
0 0.413145721875 0.4781013203125 0.39283520156249996 0.4805220890625 0.3769830890625 0.4762857484375 0.353204915625 0.4738649796875 0.34825113281250003 0.487179196875 0.3502326453125 0.507755709375 0.37202930312500004 0.5113868578125 0.3903583109375 0.512597240625 0.414631859375 0.5150180046874999 0.4156226171875 0.505334940625 0.413145721875 0.4781013203125
0 0.3140700125 0.5398308625 0.315060765625 0.5265166453125001 0.315060765625 0.5029141765625 0.28731956875 0.5035193687499999 0.2575968546875 0.505334940625 0.23134179062500002 0.50170379375 0.2288648953125 0.5132024328125 0.229855653125 0.5307529859375 0.23134179062500002 0.54467239375 0.25214768906249996 0.5416464328124999 0.26899056093749996 0.5416464328124999 0.2907872171875 0.541041240625 0.3140700125 0.5398308625
0 0.411164209375 0.5132024328125 0.3908536890625 0.5162283890625 0.37995535937499997 0.513807625 0.3596448390625 0.5113868578125 0.3309128828125 0.5071505171874999 0.3254637171875 0.5265166453125001 0.327940609375 0.541041240625 0.3467649953125 0.5428568171875 0.368561653125 0.5440672015625 0.39184444375 0.5470931578125 0.413145721875 0.5458827734375 0.411164209375 0.5132024328125
0 0.28880570156249996 0.5713008234375 0.32199606875 0.5791683109375 0.325959096875 0.560407375 0.32249144687500003 0.5428568171875 0.31060235937499997 0.542251625 0.295245625 0.542251625 0.2734489671875 0.54467239375 0.25214768906249996 0.5458827734375 0.2422401171875 0.55011911875 0.2348094390625 0.5561710296875 0.23381868125 0.5646437140625 0.237781709375 0.5725112015625 0.2447170125 0.5749319703125 0.26849518125 0.5737215859375 0.28880570156249996 0.5713008234375
0 0.267999803125 0.6130590390624999 0.279888890625 0.61426941875 0.3001994109375 0.6112434625 0.30961160468750004 0.6088226953125 0.3091162265625 0.5924825265625 0.30663933125 0.5761423546875 0.299208653125 0.5761423546875 0.2808796453125 0.5791683109375 0.2655229109375 0.5761423546875 0.24917541875000002 0.577352734375 0.24025860468750002 0.5821942703125 0.23183716875 0.584615034375 0.227874140625 0.5979292468749999 0.22440649218750003 0.6130590390624999 0.2417447375 0.6148746109375 0.255119959375 0.612453846875 0.267999803125 0.6130590390624999
0 0.381936875 0.5821942703125 0.40521966562499995 0.5827994578125 0.413145721875 0.5803786953125 0.4141364796875 0.569485246875 0.411164209375 0.5591969906250001 0.4081919390625 0.5495139265625 0.40472428593750004 0.5470931578125 0.3948167171875 0.5470931578125 0.3868906578125 0.5470931578125 0.3680662734375 0.5470931578125 0.34924188749999996 0.546487965625 0.333885153125 0.5458827734375 0.3333897734375 0.54769835 0.3328943953125 0.5519346890625 0.329922125 0.5646437140625 0.3309128828125 0.5749319703125 0.33636204375 0.5779579265625 0.3517187828125 0.581589078125 0.381936875 0.5821942703125
0 0.40918269374999994 0.5985344390625 0.4042289078125 0.584615034375 0.392339821875 0.5803786953125 0.3789646015625 0.5803786953125 0.362617109375 0.5821942703125 0.35419567343749997 0.5791683109375 0.335866665625 0.5791683109375 0.32050993125 0.5840098421875 0.3175376609375 0.591877334375 0.31951917343749997 0.60095520625 0.3210053109375 0.6112434625 0.3210053109375 0.612453846875 0.33982969375 0.6112434625 0.357663321875 0.6076123156250001 0.378469221875 0.6094278859375 0.3967982296875 0.6088226953125 0.4126503421875 0.6100330781250001 0.40918269374999994 0.5985344390625
0 0.41909026562499996 0.42847561562500003 0.4195856453125 0.41455621249999997 0.4136411015625 0.4115302515625 0.3987797453125 0.41092505937499996 0.3849091453125 0.40729391093749995 0.36707551562499996 0.4012419953125 0.3556818109375 0.3970056546875 0.3522141609375 0.41092505937499996 0.353204915625 0.42726523125 0.359149459375 0.43755348749999995 0.3715339234375 0.43755348749999995 0.3824322546875 0.43755348749999995 0.3963028515625 0.441789828125 0.4136411015625 0.4423950203125 0.4185948875 0.4393690640625 0.41909026562499996 0.42847561562500003
0 0.9146407421875 0.337326375 0.9094635328124999 0.2993771578125 0.920680821875 0.2804025515625 0.9103263984375 0.2793484046875 0.883577471875 0.2825108375 0.8464741203124999 0.28778156093749996 0.8240395359375 0.2941064328125 0.791250528125 0.3088644625 0.763638734375 0.3204600546875 0.7567357859375 0.339434665625 0.7532843109375 0.3668424328125 0.754147178125 0.3689507234375 0.7662273390625 0.3700048671875 0.78607331875 0.3626258515625 0.82921675 0.3584092765625 0.8749487859375 0.3552468375 0.9086006609374999 0.3520844046875 0.9146407421875 0.337326375
0 0.8766745234375 0.388979478125 0.8749487859375 0.3678965765625 0.87236018125 0.353138546875 0.85510280625 0.361571709375 0.8343939593749999 0.361571709375 0.8162737218749999 0.36368 0.78607331875 0.3668424328125 0.768815946875 0.3721131578125 0.7567357859375 0.3868711875 0.7567357859375 0.40689994062499996 0.757598653125 0.42482040468750004 0.7783075 0.43009112812500006 0.7998792171875 0.4279828375 0.8205880640625001 0.4216579703125 0.8473369921874999 0.42060382343749997 0.8671829671875001 0.42060382343749997 0.8766745234375 0.40689994062499996 0.8766745234375 0.388979478125
0 0.9439782781250001 0.46382376406250003 0.9431154078124999 0.4448491578125 0.9388010640625 0.425874546875 0.9094635328124999 0.4216579703125 0.8887546859375 0.42060382343749997 0.8714973109375 0.42692869531250005 0.8464741203124999 0.43536185156249996 0.8110965078125 0.4311452703125 0.7774446328125 0.43430770937499996 0.757598653125 0.44379501406250005 0.7506957062499999 0.45960718749999996 0.754147178125 0.48701495625 0.7791703703125 0.48701495625 0.806782165625 0.48701495625 0.8395711734375 0.48701495625 0.8749487859375 0.48279837499999995 0.9180922171875 0.48279837499999995 0.9405268031249999 0.475419359375 0.9439782781250001 0.46382376406250003
0 0.8792631296875 0.49123153124999996 0.8525142015625 0.49439397031250004 0.8283538796875 0.49123153124999996 0.78952479375 0.49123153124999996 0.763638734375 0.49439397031250004 0.754147178125 0.507043709375 0.7524214437500001 0.5312890390625 0.7524214437500001 0.55131779375 0.7739931578125 0.55131779375 0.8050564281250001 0.55448023125 0.8412969109375 0.5555343749999999 0.8749487859375 0.5492095031249999 0.8775373906249999 0.5333973296875001 0.8784002624999999 0.5112602859375001 0.8792631296875 0.49123153124999996
0 0.9940246578125 0.3731673 0.9931617906250001 0.3447053890625 0.9931617906250001 0.316243478125 0.9828073671875 0.3204600546875 0.9491554875 0.329947359375 0.924995165625 0.3478678234375 0.8982462375000001 0.3647341421875 0.8861660812500001 0.384762896875 0.889617553125 0.402683359375 0.893069028125 0.41849553124999994 0.8956576328124999 0.42060382343749997 0.9146407421875 0.42060382343749997 0.9267209031249999 0.41322480781250004 0.9431154078124999 0.40689994062499996 0.9810816296875 0.3995209265625 0.9957503953125 0.39530434531249997 0.9940246578125 0.3731673
0 1 0.5333973296875001 0.998339 0.5102061421874999 0.9974761328125 0.48701495625 0.9966132625 0.47331106875 0.9828073671875 0.47331106875 0.964687125 0.471202778125 0.9482926203125001 0.475419359375 0.9293095125 0.48174423125 0.90773779375 0.49228567968750003 0.8878918140625001 0.5007188375 0.887028946875 0.5154768671875 0.8887546859375 0.5386680546875 0.8956576328124999 0.55448023125 0.9103263984375 0.557642665625 0.92154369375 0.5565885171875 0.9431154078124999 0.5534260843750001 0.9638242546875 0.5534260843750001 0.9853959718749999 0.54604706875 1 0.543938778125 1 0.5333973296875001
0 0.8803199640624999 0.6680361421875001 0.87631395625 0.6411189359375 0.870304946875 0.6215427874999999 0.8502749156249999 0.61787225625 0.828241875 0.612978221875 0.8001998312499999 0.6093076953125001 0.7621427656249999 0.6031901484375 0.7571352578125 0.6362249015625 0.7571352578125 0.65580105 0.78517730625 0.6606950890625 0.810214846875 0.6631421078125 0.836253890625 0.6631421078125 0.8642959359375 0.6692596546875 0.8803199640624999 0.6680361421875001
0 0.6438189953125 0.4438629109375 0.6600796171875001 0.4376550390625 0.661604053125 0.42586007812500004 0.6590633312499999 0.40289095 0.65550631875 0.3948207140625 0.6382294078124999 0.39792465 0.6255257984375 0.4059948859375 0.6123140406250001 0.4140651234375 0.5960534187500001 0.42151456718749997 0.5955452734375 0.43206795 0.597069709375 0.44075897499999994 0.597069709375 0.45627865468750006 0.604691875 0.45814102031250004 0.6234932171875001 0.45441629531250005 0.6331479640625 0.4482084234375 0.6438189953125 0.4438629109375
0 0.7149592171875 0.42772244375 0.7429071609375 0.42399771875000003 0.7515456171875 0.41468590625 0.7530700484375 0.3923375671875 0.756118915625 0.37681788125 0.73985829375 0.37247237499999997 0.7230895281249999 0.3761970984375 0.7093696296875 0.38488811875 0.6890438515625 0.38985441875000004 0.6677017859375 0.3923375671875 0.6671936406250001 0.39668307812500003 0.6651610640625 0.40537409843749994 0.6651610640625 0.41965220625 0.6661773515625 0.4364134625 0.679389109375 0.434551103125 0.6956497296874999 0.43020559062499997 0.7149592171875 0.42772244375
0 0.7484967499999999 0.510287153125 0.747480459375 0.4941466796875 0.7439234515625001 0.4929051078125 0.7271546859375 0.49538825624999994 0.7108940609375 0.49538825624999994 0.6920927171875 0.49476746875 0.67481580625 0.49600904375 0.6651610640625 0.502216915625 0.661604053125 0.5133910890625 0.6626203421875 0.5258068328125 0.6641447734375 0.5419473 0.67989725 0.544430453125 0.691584571875 0.543809665625 0.703780040625 0.5431888765624999 0.73985829375 0.5431888765624999 0.7484967499999999 0.5382225765624999 0.7505293265625 0.5264276203125 0.7484967499999999 0.510287153125
0 0.7512270078125 0.46144114218750004 0.7503876484374999 0.435805521875 0.7386366125 0.43272925156250003 0.7168132578125 0.439907221875 0.6790420687500001 0.439907221875 0.65889743125 0.439907221875 0.6387527984375 0.4522123203125 0.6387527984375 0.473746240625 0.6362347171875 0.490153034375 0.6521825531250001 0.490153034375 0.668130390625 0.4891276109375 0.68575694375 0.4870767640625 0.7084196578124999 0.4881021875 0.7403153312499999 0.49220388593750003 0.7512270078125 0.4809242125 0.7512270078125 0.46144114218750004
0 0.6588768265625 0.5290167875 0.6584425 0.5115067046874999 0.6558365234375 0.49293540468749997 0.640635015625 0.49930270468750004 0.6158782734375 0.5035475765624999 0.5950304921875 0.5115067046874999 0.5919901890625 0.527955571875 0.5932931734375 0.53856774375 0.5937275046875 0.55130235 0.6189185765625 0.549179915625 0.6375947140625 0.5422820046875 0.6571395124999999 0.5380371328125 0.6588768265625 0.5290167875
0 0.6691047546875 0.6038767640625 0.6924117421875 0.6038767640625 0.7225166015625 0.601503965625 0.750679209375 0.601503965625 0.7516503343750001 0.5765896015624999 0.7516503343750001 0.5504888375 0.7331989671875 0.5504888375 0.710863109375 0.5516752359375 0.6846427453125 0.5481160390625 0.648711140625 0.5457432468750001 0.6564801375 0.5504888375 0.6506533906249999 0.5481160390625 0.6351153984375 0.5540480343749999 0.6341442734375 0.571844009375 0.6341442734375 0.5931991765625 0.651624515625 0.5943855765625 0.6691047546875 0.6038767640625
0 0.5822587578125 0.5901484875 0.597984584375 0.5896558765625 0.6245975203125 0.587685428125 0.6306459109375 0.5857149859375 0.6298394593750001 0.574384921875 0.6302426859375 0.564040078125 0.6286297828125 0.5546804625 0.6120975046875 0.5517247984375 0.5995974875 0.5517247984375 0.58951683125 0.5517247984375 0.5758071375 0.5527100203125 0.56250066875 0.553695240625 0.5500006578125001 0.5492617390625 0.5407264515625 0.5596065765625 0.5403232265625 0.567488359375 0.5403232265625 0.58177409375 0.545565165625 0.5852223750000001 0.5560490484375 0.58670020625 0.570565196875 0.58670020625 0.5822587578125 0.5901484875
0 0.5754032265625 0.5497536953125 0.5895161296875 0.547290640625 0.5903225812499999 0.53497536875 0.59072580625 0.5216748765625 0.589112903125 0.5088669953125 0.58427419375 0.5034482765625 0.5697580640625 0.5024630546875 0.5572580640625 0.5024630546875 0.5419354843749999 0.5 0.5370967734375001 0.50935960625 0.5370967734375001 0.5162561578125 0.5354838703125 0.52955665 0.5366935484375001 0.54236453125 0.5439516125 0.5487684734375 0.557661290625 0.5502463046875 0.5754032265625 0.5497536953125
0 0.5899193546875 0.5024630546875 0.6076612906250001 0.5034482765625 0.6104838703125 0.49113300468750004 0.611290321875 0.4802955671875 0.6120967734375 0.4645320203125 0.5987903218749999 0.46403940937500004 0.58427419375 0.4645320203125 0.57217741875 0.46256157656249997 0.5600806453125 0.462068965625 0.548387096875 0.462068965625 0.542338709375 0.462068965625 0.5427419359375001 0.47142857187500004 0.5431451609375 0.48472906406250005 0.5427419359375001 0.49950738906250003 0.5504032265625 0.49852216718750003 0.5713709671875 0.49753694531250003 0.5899193546875 0.5024630546875
0 0.750512790625 0.3656711828125 0.7522839109375 0.3548525078125 0.7518411296874999 0.33862449687499996 0.750512790625 0.32293741875 0.7429855203125 0.31915088125 0.7305876687499999 0.31915088125 0.716418696875 0.3245602171875 0.7009213828124999 0.32996955625 0.687637971875 0.3370016953125 0.6703695359374999 0.3456566359375 0.655315 0.3510659703125 0.6407032453125 0.3548525078125 0.6398176859375 0.3629665125 0.6402604671875001 0.3754079859375 0.6420315890625 0.3932587984375 0.641146028125 0.39379973437500004 0.6491160765624999 0.3910950640625 0.660185584375 0.38839039375 0.6770112421875 0.3846038578125 0.6902946531249999 0.3797354578125 0.732358790625 0.36675304999999997 0.750512790625 0.3656711828125
0 0.475490278125 0.5085339609374999 0.4968791125 0.503508921875 0.5133320640625 0.50752895625 0.5297850125 0.5055189359375001 0.5306076609375 0.49345884218749997 0.5297850125 0.47335868437500006 0.511686765625 0.470343665625 0.4870073421875 0.46833365000000005 0.4656185046875 0.47134867031249994 0.44011643125 0.47737871875 0.429422015625 0.4864237875 0.42119554062500003 0.4894388125 0.42119554062500003 0.5065239453125 0.4302446609375 0.510543975 0.44587496406250005 0.5085339609374999 0.4606826203125 0.5055189359375001 0.475490278125 0.5085339609374999
0 0.48637908437500005 0.5453511140625 0.5070760640625 0.5436271374999999 0.52918420625 0.5424778234375001 0.52918420625 0.532133965625 0.52918420625 0.5114462515625 0.5155430125 0.5131702265625 0.5037833625 0.5131702265625 0.4915533265625 0.5114462515625 0.4765009765625 0.5102969359375 0.459567084375 0.5137448859375 0.445925890625 0.5131702265625 0.4271104515625 0.5131702265625 0.42287697968750004 0.52581271875 0.42287697968750004 0.53098465 0.4252289078125 0.5430524828125 0.43792933125 0.5436271374999999 0.45204090781249995 0.5447764578125 0.470385959375 0.5453511140625 0.48637908437500005 0.5453511140625
0 0.5251446609375 0.563957265625 0.5242500359375 0.5410055171875 0.506357540625 0.544284340625 0.47325643125 0.5475631578125 0.45536393906250006 0.5431913984375 0.42494670156250003 0.54537728125 0.4258413265625 0.5672360890625 0.4258413265625 0.580351375 0.4473123140625 0.581444315625 0.47146718125 0.5847231328125 0.5000951687499999 0.5781654921875 0.5251446609375 0.5792584328125 0.5251446609375 0.563957265625
0 0.5260392828125 0.581444315625 0.4911489234375 0.5836301921875 0.47057255624999994 0.5847231328125 0.44283919374999997 0.5825372515625 0.42494670156250003 0.5858160734375 0.4240520765625 0.6098607640625 0.43836606875 0.6120466453125 0.46162631093749995 0.6131395859375 0.48488655312500006 0.6120466453125 0.509936040625 0.6120466453125 0.5287231578125 0.6054890046875 0.5260392828125 0.581444315625
0 0.573454390625 0.4612208671875 0.5904522578125 0.45794204374999997 0.5904522578125 0.4382691140625 0.5859791328124999 0.41859618750000005 0.5645081453125 0.41859618750000005 0.543037153125 0.41750324687499996 0.539458653125 0.41531736406249997 0.539458653125 0.42078206875 0.539458653125 0.43389735468749996 0.539458653125 0.447012640625 0.540353278125 0.462313803125 0.5546672734375 0.4612208671875 0.573454390625 0.4612208671875
0 0.9966118390625001 0.6481136796875 0.9948225921875 0.62516193125 0.9661946046875001 0.6207901671875 0.9465128625 0.6207901671875 0.9277257453125 0.6295336953125 0.8928353828125 0.6273478124999999 0.8874676375 0.6459277984375 0.8874676375 0.66778660625 0.9035708796874999 0.6688795468750001 0.9384612375 0.6688795468750001 0.9706677265625 0.666693665625 0.9939279671874999 0.6645077875000001 0.9966118390625001 0.6481136796875
0 0.6351834875 0.3759715125 0.6307103671875 0.3628562265625 0.6137124953125 0.3628562265625 0.5859791328124999 0.36613504375 0.5573511453125 0.3715997484375 0.537669403125 0.3879938578125 0.5385640281249999 0.41094560625 0.5501941484375 0.41531736406249997 0.569875890625 0.41641030468749995 0.5985038796875 0.41531736406249997 0.6217641203125 0.41094560625 0.6333942375 0.394551496875 0.6351834875 0.3759715125
0 0.7517904921875 0.6458620093749999 0.7532116453125 0.6024573046875 0.7233674109375 0.5955125515625 0.6764693265624999 0.6041934921875 0.649467403125 0.5937763640625 0.60256931875 0.5972487390625 0.5926212375000001 0.607665871875 0.5926212375000001 0.6198191875 0.60256931875 0.63544488125 0.63809816875 0.6337086953125 0.66367894375 0.6337086953125 0.7134193343749999 0.6423896359375 0.7517904921875 0.6458620093749999
0 0.8415322578125 0.6078817734374999 0.845564515625 0.5965517234375 0.845564515625 0.5783251234375 0.8475806453124999 0.5586206890625001 0.820161290625 0.5566502468750001 0.8068548390625001 0.5566502468750001 0.7834677421875 0.5551724140625 0.7685483875 0.5532019703125 0.7552419359375 0.55369458125 0.7556451609375 0.5778325125 0.7556451609375 0.5881773406249999 0.7556451609375 0.604433496875 0.7649193546874999 0.6059113296875 0.7915322578125 0.6078817734374999 0.8177419359375 0.6088669953125 0.8415322578125 0.6078817734374999
0 0.5883081328124999 0.6256175515625 0.591130721875 0.6162579218750001 0.591130721875 0.6014795515625 0.58709845625 0.5911346953125001 0.5681467859375 0.588179025 0.553227390625 0.587686409375 0.5395176734375 0.5871937984375 0.534275721875 0.59852388125 0.5350821781249999 0.6098539609375 0.5350821781249999 0.6187209796875 0.5427434875 0.6187209796875 0.5548402984374999 0.6201988171874999 0.5741951890625 0.6246323296875 0.5883081328124999 0.6256175515625