0 0.43724441562500005 0.169801465625 0.31141868437500003 0.22727272968749998 0.44353570312499996 0.2612330171875 0.5520603984375 0.1854754421875 0.43724441562500005 0.169801465625
0 0.324001259375 0.3317659375 0.434098771875 0.3369905984375 0.5394778234375 0.2951933109375 0.5221767859375 0.23510971875000003 0.4230890203125 0.28996865 0.3287197234375 0.274294671875 0.324001259375 0.3317659375
0 0.3255740796875 0.3944618625 0.43252595156250007 0.40229885000000004 0.5379050000000001 0.339602925 0.5268952484375 0.300417971875 0.4262346640625 0.339602925 0.324001259375 0.350052246875 0.3255740796875 0.3944618625
0 0.3255740796875 0.446708465625 0.3287197234375 0.45193312656250006 0.3255740796875 0.491118075 0.4356715953125 0.5041797296875 0.531613715625 0.43625914374999997 0.5331865359375 0.39707418906249997 0.4356715953125 0.45454545468749996 0.3255740796875 0.446708465625
0 0.327146903125 0.543364684375 0.42780748749999997 0.5590386609375 0.5426234671875 0.4858934203125 0.5331865359375 0.44148380468750004 0.43252595156250007 0.5172413796875001 0.3350110109375 0.5067920578125 0.327146903125 0.543364684375
0 0.341302296875 0.5956112874999999 0.4356715953125 0.606060603125 0.5394778234375 0.5355276890625 0.5300408921875001 0.48850574687500004 0.434098771875 0.5564263328125 0.341302296875 0.5590386609375 0.341302296875 0.5956112874999999
0 0.341302296875 0.6948798328125 0.434098771875 0.702716821875 0.5253224296875 0.626959246875 0.5190311421875 0.5825496328125 0.4419628828125 0.6556948796875 0.34759358125 0.6583072125 0.341302296875 0.6948798328125
0 0.3255740796875 0.7288401265625 0.4451085265625 0.7628004203125001 0.5441962874999999 0.6556948796875 0.531613715625 0.6138975984374999 0.42938030781250003 0.71316614375 0.3287197234375 0.6974921609375 0.3255740796875 0.7288401265625
0 0.309845865625 0.8045977015625001 0.44353570312499996 0.8699059546875001 0.5221767859375 0.7810867296875 0.511167034375 0.7314524546875 0.44039005937500003 0.8176593499999999 0.324001259375 0.7628004203125001 0.309845865625 0.8045977015625001
0 0.2956904671875 0.8777429484375 0.44039005937500003 0.958725184375 0.5268952484375 0.8699059546875001 0.517458321875 0.8176593499999999 0.43724441562500005 0.9090909078125 0.3192827921875 0.8359456609375 0.2956904671875 0.8777429484375
0 0.61182761875 0.22988505781250002 0.54105064375 0.266457678125 0.54734193125 0.30564263281250004 0.61811890625 0.27951933281249997 0.61182761875 0.22988505781250002
0 0.6023906890624999 0.31870428125 0.531613715625 0.35266457500000004 0.5457691109375 0.3944618625 0.6039635125 0.3578892359375 0.6023906890624999 0.31870428125
0 0.701478453125 0.18025078125 0.6605850906249999 0.21682340781249998 0.6637307328125 0.253396028125 0.7124882046875001 0.224660396875 0.701478453125 0.18025078125
0 0.704624096875 0.25078370156249996 0.6527209828125 0.28996865 0.6637307328125 0.32131661562499997 0.7156338484375 0.28213166093750003 0.704624096875 0.25078370156249996
0 0.5992450453125 0.3996865234375 0.5331865359375 0.45193312656250006 0.5441962874999999 0.4937304078125 0.6055363328125 0.43625914374999997 0.5992450453125 0.3996865234375
0 0.6558666265624999 0.36050156875 0.6039635125 0.40229885000000004 0.6071091515625 0.4440961328125 0.665303553125 0.404911178125 0.6558666265624999 0.36050156875
0 0.5960994015625001 0.48328108593749997 0.5426234671875 0.54075235 0.550487575 0.5747126437500001 0.6023906890624999 0.5198537062499999 0.5960994015625001 0.48328108593749997
0 0.657439446875 0.43364681093749996 0.6039635125 0.48850574687500004 0.61182761875 0.5355276890625 0.6668763765625 0.48066875937500003 0.657439446875 0.43364681093749996
0 0.704624096875 0.3160919546875 0.6637307328125 0.3657262296875 0.671594840625 0.39707418906249997 0.718779490625 0.3578892359375 0.704624096875 0.3160919546875
0 0.5725070765625 0.6635318671875 0.5253224296875 0.710553815625 0.5300408921875001 0.7419017765625 0.5960994015625001 0.70010449375 0.5725070765625 0.6635318671875
0 0.704624096875 0.5329153625 0.6369927640624999 0.5956112874999999 0.6495753390625 0.619122259375 0.718779490625 0.5590386609375 0.704624096875 0.5329153625
0 0.5803711875 0.7419017765625 0.52374960625 0.8228840109375 0.5379050000000001 0.8542319765625 0.5913809375 0.7732497406250001 0.5803711875 0.7419017765625
0 0.58508965 0.8098223625 0.5190311421875 0.9064785796875 0.534759359375 0.9352142125 0.5960994015625001 0.8411703218750001 0.58508965 0.8098223625
0 0.7061969171875 0.5903866265625 0.644856871875 0.6530825515625 0.648002515625 0.6948798328125 0.7172066671875 0.626959246875 0.7061969171875 0.5903866265625
0 0.6985684671875 0.7301319765625001 0.6482583421875 0.8068437812499999 0.654856390625 0.83013129375 0.7084655390625 0.74930993125 0.6985684671875 0.7301319765625001
0 0.703517003125 0.66437900625 0.644959315625 0.734241540625 0.643309803125 0.7712275859375 0.710939809375 0.6890363734375 0.703517003125 0.66437900625
0 0.6375365125 0.8205423156249999 0.596298703125 0.89040485 0.6070205328125 0.9068430984375 0.6424850484375 0.8506790984375 0.6375365125 0.8205423156249999
0 0.6276394359374999 0.72191285625 0.587226384375 0.7876658328125 0.594649190625 0.8123231953125 0.6367117546875 0.7410908109375 0.6276394359374999 0.72191285625
0 0.201541871875 0.0816450796875 0.205228615625 0.10613860312500001 0.32320434531250003 0.10613860312500001 0.4202885390625 0.0898095921875 0.410457228125 0.0489870515625 0.3195176015625 0.0530693046875 0.2261201484375 0.069398321875 0.201541871875 0.0816450796875
0 0.19785513125 0.1592079078125 0.3268910859375 0.16329016093749998 0.4166018 0.1367555109375 0.410457228125 0.10205634999999999 0.31705977500000004 0.12042649375 0.2101442703125 0.116344240625 0.19785513125 0.1592079078125
0 0.20031295781249997 0.19390706875 0.31828868906249996 0.2122772125 0.4166018 0.179619178125 0.40308374375 0.142878890625 0.309686290625 0.1673724203125 0.20031295781249997 0.16533128749999998 0.20031295781249997 0.19390706875
0 0.4166018 0.069398321875 0.44978247031249996 0.069398321875 0.5235173046875 0.040822540625 0.51368599375 0.004082253125 0.454698128125 0.022452396875 0.42520419374999996 0.01837014375 0.4166018 0.069398321875
0 0.4227463671875 0.11838536718749999 0.4534692140625 0.1122619890625 0.5296618718749999 0.0898095921875 0.5210594734375 0.0489870515625 0.4460957296875 0.0714394484375 0.4264331078125 0.0796039546875 0.4227463671875 0.11838536718749999
0 0.4166018 0.17145467187500002 0.45838486874999995 0.17145467187500002 0.5321196984375 0.14083776406249998 0.522288390625 0.09185071875 0.45224030156249995 0.1265498796875 0.4227463671875 0.134714384375 0.4166018 0.17145467187500002
0 0.5825051703125 0.04490479375 0.5321196984375 0.0714394484375 0.540722096875 0.10817973593750001 0.59356539375 0.073480575 0.5825051703125 0.04490479375
0 0.6476376015625 0.07756282812500001 0.597252134375 0.0898095921875 0.5947943078125 0.1265498796875 0.6513243453124999 0.1102208625 0.6476376015625 0.07756282812500001
0 0.8860468921875 0.1673724203125 0.79879400625 0.17349579843750002 0.7791313875 0.2122772125 0.879902321875 0.197989321875 0.8860468921875 0.1673724203125
0 0.9978780515624999 0.134714384375 0.9044805984375 0.1387966375 0.8983360312500001 0.1775780515625 0.9892756546875001 0.16533128749999998 0.9978780515624999 0.134714384375
0 0.9892756546875001 0.2102360859375 0.8872758062500001 0.2184005921875 0.8848179796875 0.2510586265625 0.988046740625 0.24697637343749998 0.9892756546875001 0.2102360859375
0 0.9929623984375 0.25718200625 0.8934203734375 0.2592231328125 0.8848179796875 0.2877989140625 0.9868178265625 0.2857577875 0.9929623984375 0.25718200625
0 0.9929623984375 0.2877989140625 0.8934203734375 0.30004567187500003 0.8909625468750001 0.33270370625 0.991733484375 0.33270370625 0.9929623984375 0.2877989140625
0 1 0.36944399375 0.9044805984375 0.35923835625 0.8860468921875 0.402102028125 1 0.41230766093750004 1 0.36944399375
0 0.8848179796875 0.23881186250000003 0.7963361796874999 0.23472960937499998 0.7963361796874999 0.27555215 0.8811312359375 0.289840040625 0.8848179796875 0.23881186250000003
0 0.8823601484375001 0.31025131093749997 0.793878353125 0.3020868046875 0.782818128125 0.3429093453125 0.8774444953125 0.3531149765625 0.8823601484375001 0.31025131093749997
0 0.8774444953125 0.3857730109375 0.7926494390625 0.3755673734375 0.7889626953125 0.4143487875 0.87621558125 0.4143487875 0.8774444953125 0.3857730109375
0 0.8774444953125 0.4531302015625 0.8000229203125 0.45517132812499994 0.7951072671875 0.493952740625 0.879902321875 0.49599386718750005 0.8774444953125 0.4531302015625
0 1 0.44700682187499996 0.8921914609374999 0.43271893125 0.8860468921875 0.4755825984375 0.9954202249999999 0.493952740625 1 0.44700682187499996
0 0.8061674906249999 0.549063171875 0.9278299625 0.557227684375 0.9278299625 0.530693028125 0.804938578125 0.520487396875 0.804938578125 0.5225285234375 0.8061674906249999 0.549063171875
0 0.9266010484375 0.60009135 0.8037096640625 0.575597828125 0.8000229203125 0.612338109375 0.92168539375 0.6347905109374999 0.9266010484375 0.60009135
0 0.9229143078125001 0.6674485406249999 0.7914205265625001 0.6368316375 0.78650486875 0.673571925 0.9192275640625001 0.696024321875 0.9229143078125001 0.6674485406249999
0 0.79879400625 0.7368468625 0.9167697374999999 0.759299259375 0.9229143078125001 0.7266412234375 0.79879400625 0.7123533390625 0.8037096640625 0.7143944656250001 0.79879400625 0.7368468625
0 0.2519273421875 0.20615383281250002 0.2224334078125 0.253099753125 0.31214412187499996 0.26738764375 0.31214412187499996 0.197989321875 0.2519273421875 0.20615383281250002
0 0.320746515625 0.2735110234375 0.234722546875 0.271469896875 0.22366232187500001 0.318415815625 0.31828868906249996 0.318415815625 0.320746515625 0.2735110234375
0 0.320746515625 0.3245392015625 0.23595146093750002 0.32862145468750004 0.2248912359375 0.3674028671875 0.3146019484375 0.37352624687499997 0.320746515625 0.3245392015625
0 0.32197542968750004 0.420472171875 0.23226472031249998 0.41230766093750004 0.22366232187500001 0.45517132812499994 0.31214412187499996 0.47354147187500006 0.32197542968750004 0.420472171875
0 0.31337303437499997 0.47354147187500006 0.2273490625 0.4715003453125 0.2261201484375 0.50619950625 0.3072284640625 0.520487396875 0.31337303437499997 0.47354147187500006
0 0.31828868906249996 0.5327341546875 0.2285779796875 0.5225285234375 0.2273490625 0.557227684375 0.3047706359375 0.5776389546875 0.31828868906249996 0.5327341546875
0 0.3268910859375 0.630708253125 0.2433249453125 0.60009135 0.2298068921875 0.6429550171875 0.320746515625 0.6756130515625001 0.3268910859375 0.630708253125
0 0.2298068921875 0.2000304484375 0.159758803125 0.1877836890625 0.1511564046875 0.23064735625 0.21997558125 0.24697637343749998 0.2298068921875 0.2000304484375
0 0.21874666718750002 0.2551408796875 0.157300971875 0.23881186250000003 0.137638353125 0.2857577875 0.21874666718750002 0.30004567187500003 0.21874666718750002 0.2551408796875
0 0.21997558125 0.308210184375 0.148698578125 0.30004567187500003 0.1437829203125 0.336785959375 0.21383101093749998 0.3531149765625 0.21997558125 0.308210184375
0 0.2162888375 0.355156103125 0.156072059375 0.35107385 0.1511564046875 0.3857730109375 0.2101442703125 0.38985526406250004 0.2162888375 0.355156103125
0 0.14255400625 0.46945921874999996 0.21383101093749998 0.483747109375 0.2175177546875 0.436801184375 0.149927490625 0.424554425 0.15238531875 0.428636678125 0.14255400625 0.46945921874999996
0 0.21997558125 0.48987048906249997 0.1511564046875 0.4817059828125 0.1548431453125 0.5225285234375 0.2162888375 0.5266107765625 0.21997558125 0.48987048906249997
0 0.2273490625 0.5776389546875 0.159758803125 0.5613099375 0.148698578125 0.585803459375 0.21260209687499998 0.622543746875 0.2273490625 0.5776389546875
0 0.1659033703125 0.153084528125 0.060216778125 0.2102360859375 0.14132509375 0.226565103125 0.1892527328125 0.175536925 0.1659033703125 0.153084528125
0 0.146240746875 0.2245239765625 0.0737348296875 0.24085298906250002 0.0725059171875 0.289840040625 0.14009617968750002 0.2918811671875 0.146240746875 0.2245239765625
0 0.14132509375 0.33270370625 0.08110831562500001 0.32862145468750004 0.0725059171875 0.363320615625 0.14132509375 0.3714851203125 0.14132509375 0.33270370625
0 0.09708419375 0.420472171875 0.0921685390625 0.41843104531249997 0.0798794015625 0.45108907499999995 0.13149378125 0.45517132812499994 0.14132509375 0.424554425 0.0897107125 0.41230766093750004 0.09708419375 0.420472171875
0 0.28756584375 0.7286823499999999 0.1843370796875 0.6837775578125 0.170819028125 0.7246000984375 0.28019235937500003 0.7776694015625 0.28756584375 0.7286823499999999
0 0.29248149843750004 0.8184919421875 0.181879253125 0.75521700625 0.1695901109375 0.7899161671875 0.2838791 0.8613556093750001 0.29248149843750004 0.8184919421875
0 0.290023671875 0.8960547703125 0.172047940625 0.8409443390625 0.156072059375 0.8756435 0.2838791 0.9470829484375001 0.290023671875 0.8960547703125
0 0.0135180515625 0.0979740984375 0.0737348296875 0.095932971875 0.1622166296875 0.0755217015625 0.1622166296875 0.042863667187499996 0.0688191765625 0.059192684375000006 0.018433709375 0.059192684375000006 0.0135180515625 0.0979740984375
0 0.011060225 0.175536925 0.0725059171875 0.1673724203125 0.160987715625 0.153084528125 0.1548431453125 0.11838536718749999 0.071277003125 0.12859100625 0.0098313109375 0.12859100625 0.011060225 0.175536925
0 0.0675902625 0.3714851203125 0.015975878125000002 0.3674028671875 0.0135180515625 0.40822540781249994 0.0688191765625 0.40618428125 0.0675902625 0.3714851203125
0 0.071277003125 0.44292456874999997 0.025807190624999997 0.44292456874999997 0.025807190624999997 0.47966485625 0.0737348296875 0.4755825984375 0.071277003125 0.44292456874999997
0 0.1364094390625 0.491911615625 0.09585527968749999 0.4857882359375 0.0921685390625 0.52456965 0.137638353125 0.5225285234375 0.1364094390625 0.491911615625
0 0.1548292109375 0.652693678125 0.096583934375 0.629426925 0.08183829687500001 0.651469109375 0.1496682359375 0.6820832640625001 0.1548292109375 0.652693678125
0 0.164413875 0.7310659015625001 0.09732121875000001 0.6918797875 0.08257557812500001 0.718820240625 0.15704105468750001 0.7604554828125 0.164413875 0.7310659015625001
0 0.1798967953125 0.8057644249999999 0.10027034531250001 0.7616800515625 0.09216024218749999 0.7898450687499999 0.1658884390625 0.836378575 0.1798967953125 0.8057644249999999
0 0.15630377499999998 0.8339294484374999 0.0899483984375 0.8020907296875001 0.087736553125 0.8253574828125 0.153354646875 0.8584207640624999 0.15630377499999998 0.8339294484374999
0 0.15630377499999998 0.8657681609375001 0.0869992703125 0.8265820515625 0.08552470625 0.8559716328125001 0.1511428 0.8951577468749999 0.15630377499999998 0.8657681609375001
0 0.00076451875 0.293324459375 0.056574328125 0.294594259375 0.0741582421875 0.283166034375 0.0749227609375 0.251420965625 0.053516259375 0.26030958593750003 0.0015290343749999999 0.26030958593750003 0.00076451875 0.293324459375
0 0.06192595468749999 0.2984036671875 0.0053516265625 0.30729228750000004 0.0045871078124999996 0.3390373625 0.06574854687500001 0.33395815 0.06192595468749999 0.2984036671875
0 0.06574854687500001 0.336497753125 0.0022935531249999998 0.3428467703125 0.0061161453125 0.37078243125 0.06574854687500001 0.3720522359375 0.06574854687500001 0.336497753125
0 0.1345551625 0.37078243125 0.0802743875 0.373322034375 0.081803421875 0.40379730468749997 0.13608420000000002 0.40760671249999997 0.1345551625 0.37078243125
0 0.081803421875 0.48760429375000003 0.0313452390625 0.4850646890625 0.030580720312499997 0.5206191671875 0.08333246093749999 0.5193493625000001 0.081803421875 0.48760429375000003
0 0.146787453125 0.642520240625 0.21941666093749998 0.653948465625 0.22171021406250002 0.6285524078125 0.1521390765625 0.6133147765625 0.1536681140625 0.6171241843749999 0.146787453125 0.642520240625
0 0.3088652625 0.6768049203125 0.24311671562499998 0.6552182703125 0.239294128125 0.6818841265625 0.2981620109375 0.7136292015625 0.3088652625 0.6768049203125
0 0.9962831968750001 0.023018109375 0.897732775 0.028133240625 0.890033521875 0.0562664890625 0.9885839453124999 0.074169459375 0.9962831968750001 0.023018109375
0 0.9947433453125001 0.0997451375 0.8869538203125 0.09207243125 0.8777147203125001 0.13299351718750002 0.9947433453125001 0.1304359484375 0.9947433453125001 0.0997451375
0 0.7052514734375 0.19693270624999998 0.7437477328125001 0.19693270624999998 0.786863546875 0.1790297296875 0.78378384375 0.14578135 0.740668034375 0.1560116203125 0.714490578125 0.1560116203125 0.7052514734375 0.19693270624999998
0 0.7129507265624999 0.2711021671875 0.7545266890625 0.2685445984375 0.78378384375 0.23785378750000002 0.7807041453125 0.2199508109375 0.7391281828125 0.22762351718749999 0.7175702796875 0.23273865 0.7129507265624999 0.2711021671875
0 0.714490578125 0.33504135625 0.7545266890625 0.3375989203125 0.7853236953125 0.314580815625 0.7853236953125 0.28389000000000003 0.7422078859375 0.3043505453125 0.714490578125 0.3043505453125 0.714490578125 0.33504135625
0 0.7175702796875 0.4168835171875 0.7514469859374999 0.4219986546875 0.78840339375 0.3836351375 0.78840339375 0.3427140578125 0.7514469859374999 0.3734048671875 0.719110128125 0.3759624375 0.7175702796875 0.4168835171875
0 0.721716025 0.46802867187499997 0.76293290625 0.465234471875 0.7881677328125 0.44148376406249995 0.784803090625 0.40795335 0.7553624609375 0.4386895625 0.7242395046875 0.44148376406249995 0.721716025 0.46802867187499997
0 0.7284453109375 0.505750390625 0.7654563875 0.498764884375 0.7890088921875 0.46663157499999997 0.784803090625 0.4358953625 0.7545212968749999 0.4708228734375 0.7242395046875 0.4847938796875 0.7284453109375 0.505750390625
0 0.7250806671875 0.55604600625 0.7545212968749999 0.5602373109375 0.781438446875 0.5364865984375 0.7772326406250001 0.5029561890625 0.7553624609375 0.5350895 0.7301276328124999 0.5308981953125 0.7250806671875 0.55604600625
0 0.721716025 0.625901034375 0.7553624609375 0.6342836375 0.780597284375 0.609135828125 0.7789149625 0.5602373109375 0.760409425 0.595164821875 0.7242395046875 0.595164821875 0.721716025 0.625901034375
0 0.7208748609375 0.6817850515625 0.7595682625 0.6901676546875 0.773867996875 0.67899085 0.774709159375 0.6370778390625 0.7545212968749999 0.6580343453124999 0.7242395046875 0.6524459421875 0.7208748609375 0.6817850515625
0 0.720033703125 0.7418603796875 0.752838975 0.753037178125 0.7679798718749999 0.7488458796875 0.771344515625 0.7055357640625 0.7536801390625001 0.7125212640624999 0.721716025 0.7069328625 0.720033703125 0.7418603796875
0 0.7612490625 0.025457184375000004 0.70334645 0.0311143328125 0.7084555015625 0.067885821875 0.7595460453125 0.065057246875 0.7612490625 0.025457184375000004