0 0.185638515625 0.2240215953125 0.152998775 0.21052631718749998 0.12239901875 0.20782726093749998 0.0917992671875 0.2240215953125 0.040799675 0.2456140359375 0.00611995 0.278002696875 0.01019991875 0.2834008109375 0.012239903125 0.3130904203125 0.0489596078125 0.318488528125 0.0917992671875 0.3103913640625 0.10403916718749999 0.278002696875 0.146878825 0.25641025625 0.185638515625 0.2240215953125
0 0.2468380265625 0.2456140359375 0.2305181546875 0.2213225390625 0.2121583015625 0.20782726093749998 0.1876785 0.2213225390625 0.146878825 0.25641025625 0.1101591203125 0.2968960875 0.0713994296875 0.326585696875 0.0734394109375 0.326585696875 0.1019991828125 0.3319838046875 0.1325989375 0.3454790828125 0.16523867812499998 0.37246963593750004 0.17747858125 0.323886640625 0.216238271875 0.280701753125 0.2468380265625 0.2456140359375
0 0.2692778453125 0.321187584375 0.297837615625 0.291497975 0.33047735624999997 0.278002696875 0.31007751875 0.2537112 0.2815177484375 0.23481781562499998 0.2488780078125 0.2456140359375 0.2101183171875 0.278002696875 0.18359853125 0.315789471875 0.1733986125 0.3670715234375 0.146878825 0.38326585625 0.148918809375 0.3940620765625 0.16319869375 0.3967611328125 0.1876785 0.3913630203125 0.2182782515625 0.3940620765625 0.2427580578125 0.39946018906249997 0.24071807343749999 0.34008096875 0.2692778453125 0.321187584375
0 0.5222358218750001 0.37246963593750004 0.538555690625 0.34278002500000004 0.51815585625 0.3076923078125 0.485516115625 0.2968960875 0.4406364765625 0.3076923078125 0.42023663906250003 0.3292847484375 0.39779681718750004 0.356275303125 0.3671970625 0.3967611328125 0.340677275 0.442645071875 0.359037128125 0.445344128125 0.3835169296875 0.442645071875 0.4161566703125 0.43724696406249997 0.45899632968750004 0.4588394046875 0.47327621249999996 0.43454790781249997 0.495716034375 0.402159246875 0.5222358218750001 0.37246963593750004
0 0.6405548765625 0.38326585625 0.65687474375 0.356275303125 0.6344349265625 0.323886640625 0.6181150546875 0.3049932515625 0.5773153796875 0.29419703125 0.5528355781250001 0.3319838046875 0.534475725 0.353576246875 0.52427580625 0.38866396875000003 0.48959608125000004 0.4237516875 0.44879641093749995 0.469635625 0.48143614687499997 0.4804318515625 0.5120359031249999 0.46693657499999996 0.5548755625 0.4750337390625 0.5956752359374999 0.4777327953125 0.6058751515624999 0.43724696406249997 0.6262749890625 0.40485829687499997 0.6405548765625 0.38326585625
0 0.7527539765625 0.364372471875 0.730314159375 0.323886640625 0.6915544687499999 0.326585696875 0.665034678125 0.3481781390625 0.6385148921875 0.3967611328125 0.6140350890625 0.43724696406249997 0.5834353328125 0.4993252359375 0.6242350078125 0.5209176765625 0.65687474375 0.5371120109375 0.71195430625 0.534412953125 0.7384740937500001 0.51012145625 0.7568339453124999 0.448043184375 0.7751937984375 0.38866396875000003 0.7527539765625 0.364372471875
0 0.6017951859374999 0.54790823125 0.5773153796875 0.5263157890625 0.563035496875 0.51012145625 0.52427580625 0.4939271234375 0.4569563453125 0.483130903125 0.4263565890625 0.4588394046875 0.3875969 0.4561403484375 0.3671970625 0.4642375171875 0.346797225 0.4939271234375 0.365157078125 0.5263157890625 0.37943696562499996 0.5425101234375 0.41819665468749995 0.54790823125 0.47327621249999996 0.5695006765625 0.52427580625 0.582995953125 0.56507548125 0.580296896875 0.6017951859374999 0.54790823125
0 0.8588331281249999 0.615384615625 0.834353325 0.612685559375 0.7425540578125001 0.580296896875 0.6915544687499999 0.5425101234375 0.6303549578125 0.531713903125 0.6201550390625 0.5695006765625 0.6385148921875 0.609986503125 0.685434515625 0.6504723328125 0.740514078125 0.6666666671875 0.7935536515625 0.682861 0.85067319375 0.68016194375 0.8588331281249999 0.615384615625
0 0.36107711249999996 0.615384615625 0.40799673593749997 0.6261808359375001 0.471236228125 0.645074225 0.48143614687499997 0.577597840625 0.375356996875 0.54790823125 0.33659730625 0.593792175 0.36107711249999996 0.615384615625
0 0.6017951859374999 0.5614035078125 0.5589555265625 0.580296896875 0.5161158718750001 0.582995953125 0.49775601875 0.5991902828125 0.47327621249999996 0.6315789484375001 0.50387596875 0.6639676109375 0.538555690625 0.6666666671875 0.5793553640625 0.6774628875 0.5895552828125 0.6504723328125 0.6119951046875001 0.620782728125 0.6201550390625 0.574898784375 0.6017951859374999 0.5614035078125
0 0.9098327203125001 0.6693657234375 0.9179926546875 0.612685559375 0.8873929 0.6018893390625 0.862913096875 0.612685559375 0.852713178125 0.6558704468750001 0.83027335625 0.6774628875 0.7629538953125 0.6747638312500001 0.7527539765625 0.7125506046875001 0.7323541390625 0.7530364359374999 0.7649938796875 0.771929825 0.8139534890625001 0.7827260468749999 0.8669930656249999 0.76383265625 0.9281925734375 0.7989203796875 0.9465524265624999 0.7773279328125 0.9261525890625 0.720647775 0.9098327203125001 0.6693657234375
0 0.5711954296874999 0.68556005625 0.52427580625 0.6585695031250001 0.4773561828125 0.6693657234375 0.44879641093749995 0.6342780046875001 0.3998368015625 0.6234817796875001 0.38555691406250003 0.6558704468750001 0.359037128125 0.68016194375 0.359037128125 0.68556005625 0.389636884375 0.699055328125 0.4161566703125 0.701754384375 0.4569563453125 0.709851553125 0.499796 0.7287449390625 0.5589555265625 0.7341430515625 0.5711954296874999 0.68556005625
0 0.13667890625 0.356275303125 0.1019991828125 0.34008096875 0.053039578125 0.326585696875 0.028559771875 0.3481781390625 0.05099959375 0.38326585625 0.0815993484375 0.39946018906249997 0.1203590390625 0.4156545234375 0.16523867812499998 0.42645074374999997 0.181558546875 0.39946018906249997 0.152998775 0.3805668 0.13667890625 0.356275303125
0 0.39779681718750004 0.275303646875 0.363117096875 0.2672064765625 0.322317421875 0.278002696875 0.28559771718750004 0.3022941953125 0.2468380265625 0.34278002500000004 0.2468380265625 0.37516869218750004 0.27335781406250004 0.38326585625 0.31619746875 0.39946018906249997 0.35087719375000004 0.42914979999999997 0.3733170109375 0.37516869218750004 0.40799673593749997 0.34278002500000004 0.4263565890625 0.3103913640625 0.39779681718750004 0.275303646875
0 0.28355773281249996 0.3967611328125 0.2549979609375 0.38866396875000003 0.24071807343749999 0.40755735312499997 0.2141982875 0.39946018906249997 0.2284781703125 0.43724696406249997 0.2468380265625 0.453441296875 0.2774377796875 0.469635625 0.32435740625 0.4804318515625 0.33863729062500003 0.43454790781249997 0.322317421875 0.42105263125 0.28355773281249996 0.3967611328125
0 0.8465932281249999 0.85020243125 0.8975928171875 0.8421052609374999 0.8955528375 0.7746288828125001 0.8751530000000001 0.7665317125 0.7976336203125001 0.7827260468749999 0.730314159375 0.7530364359374999 0.675234596875 0.72334683125 0.6711546312500001 0.720647775 0.6466748250000001 0.720647775 0.65687474375 0.7584345484374999 0.675234596875 0.7854251031249999 0.71807425625 0.80701754375 0.7792737671875 0.834008096875 0.8465932281249999 0.85020243125
0 0.89147286875 0.8448043171874999 0.86495308125 0.8609986515625 0.8404732750000001 0.8448043171874999 0.7976336203125001 0.828609984375 0.750713996875 0.8151147078125 0.7425540578125001 0.85020243125 0.7139942875 0.8852901484375 0.7221542203125 0.8879892046875 0.7670338640625001 0.89608636875 0.7996736 0.9041835328125 0.8486332093750001 0.9230769234375 0.9159526703124999 0.960863696875 0.88535291875 0.8798920359375 0.89147286875 0.8448043171874999
0 0.216238271875 0.4804318515625 0.2101183171875 0.485829959375 0.2141982875 0.485829959375 0.19787841875 0.5074224 0.19787841875 0.531713903125 0.2203182359375 0.5506072875 0.2570379421875 0.572199728125 0.30599755 0.577597840625 0.3263973875 0.5614035078125 0.312117503125 0.5425101234375 0.26111791093750003 0.51551956875 0.216238271875 0.4804318515625
0 0.19583843437499998 0.5398110671875 0.1795185625 0.5668016203125 0.150958790625 0.5910931171875 0.17543859687500002 0.620782728125 0.191758465625 0.6315789484375001 0.2284781703125 0.6477732765625 0.24071807343749999 0.6045883953125 0.25295797656249996 0.577597840625 0.2203182359375 0.55330634375 0.19583843437499998 0.5398110671875
0 0.7323541390625 0.6693657234375 0.6956344343749999 0.661268553125 0.6609547124999999 0.6396761125 0.6385148921875 0.615384615625 0.6140350890625 0.6261808359375001 0.5936352515625 0.6558704468750001 0.6323949421874999 0.6963562765625 0.6609547124999999 0.709851553125 0.6976744187499999 0.72334683125 0.730314159375 0.7368421078125 0.7445940421875 0.72334683125 0.7486740109375 0.6747638312500001 0.7323541390625 0.6693657234375
0 0.028559771875 0.3913630203125 0.00611995 0.4129554671875 0.028559771875 0.43454790781249997 0.0550795578125 0.450742240625 0.0856793140625 0.453441296875 0.1019991828125 0.4102564109375 0.0754793953125 0.3967611328125 0.0469196234375 0.37786774843750004 0.028559771875 0.3913630203125
0 0.0734394109375 0.4642375171875 0.040799675 0.448043184375 0.018359853125 0.469635625 0.0346797203125 0.491228071875 0.053039578125 0.4993252359375 0.0958792328125 0.5020242921875 0.124439003125 0.5263157890625 0.15707874375 0.4966261796875 0.1060791515625 0.4642375171875 0.0734394109375 0.4642375171875
0 0.155038759375 0.4237516875 0.1305589578125 0.4156545234375 0.0999592015625 0.42645074374999997 0.09791921718749999 0.4615384609375 0.140758871875 0.469635625 0.1672786625 0.4993252359375 0.191758465625 0.518218625 0.185638515625 0.4804318515625 0.155038759375 0.445344128125 0.155038759375 0.4237516875
0 0.5875152984375 0.707152496875 0.5671154609375 0.709851553125 0.5589555265625 0.7422402156250001 0.532435740625 0.7368421078125 0.495716034375 0.7314439953125 0.461036309375 0.76383265625 0.499796 0.7827260468749999 0.54467564375 0.7962213234375 0.5752754 0.8151147078125 0.6079151359375 0.8178137640625 0.5997552015625 0.76383265625 0.6160750703125 0.7260458828125 0.5875152984375 0.707152496875
0 0.48755610000000005 0.2240215953125 0.4569563453125 0.20782726093749998 0.4059567515625 0.19973009218749999 0.37943696562499996 0.21322536875 0.346797225 0.2483130921875 0.36923704687500003 0.275303646875 0.4059567515625 0.2887989171875 0.4345165234375 0.3103913640625 0.4528763765625 0.2968960875 0.4671562640625 0.275303646875 0.48959608125000004 0.2537112 0.48755610000000005 0.2240215953125
0 0.9383924921875 0.323886640625 0.9159526703124999 0.2860998671875 0.8873929 0.275303646875 0.8567931468750001 0.275303646875 0.82415340625 0.2726045890625 0.811913503125 0.3103913640625 0.7935536515625 0.361673415625 0.7894736859375 0.3913630203125 0.8200734375 0.3940620765625 0.8567931468750001 0.39946018906249997 0.8955528375 0.4156545234375 0.9281925734375 0.4156545234375 0.9281925734375 0.3670715234375 0.9383924921875 0.323886640625
0 0.53715598125 0.332639046875 0.5492722796875 0.343326240625 0.563407965625 0.321951846875 0.5785533375 0.28989025156250003 0.59773748125 0.27118765625 0.5846114890624999 0.24981325625 0.534126903125 0.25515685625 0.49878769375000004 0.256492759375 0.47960355468750004 0.269851753125 0.4624387953125 0.2925620515625 0.4483031125 0.3045851484375 0.43820619375 0.316608246875 0.4614291046875 0.316608246875 0.4785938609375 0.3059210515625 0.5098943015625 0.2965697484375 0.5280687562499999 0.3059210515625 0.53715598125 0.332639046875
0 0.79664674375 0.32328774375 0.8067436625 0.2965697484375 0.7835207515625 0.27653125156249997 0.744142775 0.267179953125 0.7108229500000001 0.267179953125 0.6865903484375 0.2925620515625 0.66437713125 0.313936446875 0.659328675 0.327295446875 0.6542802171875 0.34733394375 0.6775031234375 0.345998040625 0.709813259375 0.345998040625 0.7481815421875 0.3553493390625 0.7784722953125 0.3673724359375 0.79664674375 0.32328774375
0 0.9228582046874999 0.5797805031250001 0.9178097484375 0.5477189078125 0.9147806703124999 0.514321415625 0.9056934453125001 0.4702367234375 0.88650930625 0.42481612812499997 0.8713639296875 0.4061135328125 0.8360247203125001 0.39409043593750004 0.8067436625 0.3927545328125 0.780491678125 0.39409043593750004 0.7754432171875 0.4061135328125 0.7663559921875 0.4515341234375 0.7461621593750001 0.4969547171875 0.7239489421874999 0.5397035078125 0.75423969375 0.5557343078125 0.7845304453125 0.5543984046875 0.8158308875 0.5624138046875 0.841073178125 0.5664215031250001 0.8794414609375 0.582452303125 0.9087225234374999 0.603826696875 0.9228582046874999 0.5797805031250001
0 0.504113775 0.23613976406249998 0.5139815343749999 0.2185428109375 0.5238492953125 0.20208114375 0.4993944109375 0.192998846875 0.48437825625 0.1856194765625 0.45477498125000004 0.181645975 0.44447819062500005 0.18334890312500002 0.43203623281250003 0.18902533906250002 0.4127297484375 0.1969723484375 0.42860396874999995 0.2043517171875 0.4436201234375 0.201513503125 0.4607814421875 0.20208114375 0.47665566249999997 0.2049193640625 0.48480729062499994 0.2264898203125 0.49338794999999996 0.24635734843749998 0.504113775 0.23613976406249998
0 0.6289623796875 0.0999052828125 0.6182365546875 0.0925259171875 0.6045074968749999 0.0885524109375 0.58820424375 0.089687696875 0.5714719578125 0.0999052828125 0.558171934375 0.1129610875 0.5470170734375001 0.130558040625 0.55731386875 0.14020798437499998 0.5727590546875 0.1453167796875 0.589062309375 0.148722640625 0.6100849265625 0.150993215625 0.6199526859375 0.131693328125 0.642691434375 0.1175022359375 0.6289623796875 0.0999052828125
0 0.934004840625 0.2571425796875 0.9361500078124999 0.239545625 0.9357209734374999 0.21911045156250003 0.9172725546875 0.2179751640625 0.8949628374999999 0.2168398765625 0.8760853875000001 0.2151369484375 0.85978213125 0.212298728125 0.8533466390625 0.22138103125000003 0.8469111437500001 0.23613976406249998 0.8400466156249999 0.24919556874999998 0.83918855 0.2611160828125 0.85763696875 0.261683728125 0.8730821546875 0.261683728125 0.8889563765625 0.2656572359375 0.9091209265625 0.2679278109375 0.9271403140625001 0.270766025 0.934004840625 0.2571425796875
0 0.0824777125 0.5066488 0.060595868750000004 0.49885420468749997 0.0395556359375 0.49440014843749996 0.029456325 0.504421775 0.01514896875 0.5233515078125001 0.0016832171875 0.5367136718750001 0.0016832171875 0.5511893531250001 0.02272345 0.554529896875 0.042080465625 0.5567569234375 0.0656455265625 0.5589839484375 0.09341863125 0.531146103125 0.1068843796875 0.51110285625 0.0824777125 0.5066488
0 0.15822255000000002 0.5612109796875 0.176737953125 0.545621784375 0.18515404687499998 0.5211244828125 0.1674802515625 0.5211244828125 0.1371823171875 0.5244650203125001 0.11445886406250001 0.5233515078125001 0.0984682875 0.534486646875 0.0807944921875 0.548962328125 0.06143748125 0.5645515171875 0.057229434375 0.5801407125 0.08500253906250001 0.589048825 0.1110924265625 0.5923893640625 0.13634070468749998 0.6057515328124999 0.1599057671875 0.6124326156250001 0.1447567984375 0.5779136874999999 0.15822255000000002 0.5612109796875
0 0.350951078125 0.64583803125 0.35431751562499997 0.6202272109375 0.3383269375 0.6012974765625 0.33243567500000004 0.5857082828125 0.3257027984375 0.5879353125 0.313920271875 0.5968434203124999 0.29456325625 0.5857082828125 0.264265321875 0.58348125625 0.2550076203125 0.6024109890625 0.238175434375 0.6213407281250001 0.23144255781249998 0.64695154375 0.26089888437500003 0.6636542515625 0.2802559 0.6658812828125 0.30802900312500003 0.683697503125 0.3358021125 0.6937191281249999 0.3416933765625 0.6747893890625 0.350951078125 0.6592001953125 0.350951078125 0.64583803125
0 0.984682884375 0.19375141093749998 0.9771084 0.17259464687499998 0.9695339140625 0.15811896406249998 0.9560681671875001 0.1570054515625 0.9333447171874999 0.1558919390625 0.9106212640625 0.154778425 0.8996803453125001 0.1603459953125 0.8921058609375001 0.1759351890625 0.877798503125 0.1982054671875 0.8946306906249999 0.207113575 0.9215621859375001 0.21156763125000003 0.9409192015625001 0.2249297953125 0.958592996875 0.2405189890625 0.9821580546875 0.24831358906249998 0.9821580546875 0.21936222500000002 0.984682884375 0.19375141093749998
0 0.3383269375 0.21379465625 0.3593671703125 0.20488654843749998 0.37788257812500003 0.1970919484375 0.37704096875 0.1714811328125 0.3568423453125 0.1636865328125 0.3290692359375 0.1536649125 0.29792969375 0.14030274375000001 0.2836223328125 0.1614595078125 0.25753244531249997 0.1714811328125 0.2196600265625 0.192637896875 0.217976809375 0.20934060468750001 0.2322841671875 0.2160216875 0.2499579609375 0.227156825 0.267631759375 0.2405189890625 0.2878303796875 0.22381628281250002 0.3063457875 0.21936222500000002 0.3383269375 0.21379465625
0 0.7641812484375 0.214908175 0.780171821875 0.192637896875 0.7515571078125001 0.187070328125 0.7330417015624999 0.1904108671875 0.7069518140625 0.187070328125 0.6934860656249999 0.187070328125 0.686753190625 0.1948649234375 0.6800203171875 0.21268114374999997 0.6884364109375001 0.2260433125 0.7061102046875 0.23049736406250002 0.7103182515625 0.251654128125 0.7296752640624999 0.2583352109375 0.7473490625 0.26390277968750003 0.7566067640624999 0.23606493281250002 0.7641812484375 0.214908175
0 0.667396178125 0.25499467187499997 0.68254514375 0.2705838671875 0.701902159375 0.2761514359375 0.7111598609375 0.259448728125 0.701902159375 0.2327243953125 0.6833867515625001 0.22381628281250002 0.6497223796875 0.22047574375 0.6244741 0.2160216875 0.590809728125 0.21824871250000002 0.5832352484375 0.2394054765625 0.5874432953125 0.252767640625 0.596700996875 0.261675753125 0.61016674375 0.2739244046875 0.6253157125000001 0.265016296875 0.6497223796875 0.25499467187499997 0.667396178125 0.25499467187499997
0 0.4654099453125 0.182616271875 0.4612019 0.1525513953125 0.4401616671875 0.1358486875 0.41912143437499993 0.1258270671875 0.3930315421875 0.120259496875 0.37788257812500003 0.1191459796875 0.3652584375 0.1313946359375 0.35431751562499997 0.14809734375 0.36273360781249997 0.15811896406249998 0.37367453125 0.1603459953125 0.3820906234375 0.1759351890625 0.39808120156250004 0.192637896875 0.42332948125 0.181502759375 0.445211321875 0.181502759375 0.4654099453125 0.182616271875
0 0.6833867515625001 0.1982054671875 0.6985357203125 0.182616271875 0.6901196281249999 0.1681405890625 0.6682377875000001 0.1558919390625 0.652247209375 0.154778425 0.63625663125 0.173708159375 0.6126915734375 0.184843296875 0.595017775 0.2026595171875 0.595017775 0.20600006093749998 0.5941761671875 0.21824871250000002 0.6126915734375 0.214908175 0.637939853125 0.2160216875 0.65645525625 0.22047574375 0.671604225 0.21268114374999997 0.6833867515625001 0.1982054671875
0 0.81720263125 0.154778425 0.8003704453125 0.1447568 0.7784886046875 0.1447568 0.745665840625 0.14030274375000001 0.73893296875 0.146983825 0.7279920468750001 0.1614595078125 0.71200146875 0.173708159375 0.7145262984375 0.173708159375 0.7271504375 0.182616271875 0.7439826234375 0.178162215625 0.7624980265625 0.180389240625 0.7877463062500001 0.183729784375 0.8020536671875 0.1714811328125 0.81720263125 0.154778425
0 0.8315099921875 0.181502759375 0.8079449296875 0.174821671875 0.795320790625 0.189297353125 0.7776469968749999 0.20600006093749998 0.7633396359375 0.22158925625 0.7624980265625 0.249427103125 0.7810134343749999 0.253881159375 0.8045784921875001 0.256108184375 0.8374012562500001 0.2583352109375 0.8508670031250001 0.2249297953125 0.8601247046875 0.2026595171875 0.8525502250000001 0.189297353125 0.8315099921875 0.181502759375
0 0.35600073593750003 0.57345963125 0.3644168296875 0.5478488109375 0.345901421875 0.5300325890625001 0.3416933765625 0.5077623124999999 0.3332772828125 0.496627175 0.31055383281250004 0.48994609218749996 0.2886719921875 0.4754704109375 0.2735230234375 0.4810379796875 0.2516411828125 0.4932866359375 0.2541660078125 0.5077623124999999 0.26089888437500003 0.516670425 0.2844639453125 0.5255785328125 0.30129613125 0.538940703125 0.32065314375 0.546735296875 0.3358021125 0.5612109796875 0.35600073593750003 0.57345963125
0 0.556942115625 0.211272503125 0.5666788687500001 0.1855075640625 0.556942115625 0.16618385625 0.5491527171875 0.1455719078125 0.5296792171875 0.1417071640625 0.512153065625 0.1442836609375 0.4956005890625 0.15845437499999998 0.47223239218749996 0.1674721078125 0.47125871249999995 0.1674721078125 0.4624956390625 0.1867958109375 0.4780744375 0.18808405625 0.5024163140625 0.19839003125000002 0.519942465625 0.20225477500000003 0.539415965625 0.21900198437500001 0.556942115625 0.211272503125
0 0.5102057171875 0.13011294375 0.4965742640625 0.11980696875 0.48002179062500006 0.09919501562500001 0.4508115390625 0.09533027656250001 0.43523274062499995 0.10821274375 0.4147855625 0.11723047187499999 0.42452231406249996 0.1326894359375 0.4391274375 0.1365541796875 0.45470624062500004 0.1455719078125 0.461521965625 0.1533013890625 0.4634693140625 0.171336846875 0.48391648906249995 0.1623191171875 0.5102057171875 0.13011294375
0 0.852939325 0.1442836609375 0.8412552249999999 0.157166128125 0.8178870265624999 0.1636073640625 0.8315184765625 0.18293106718750002 0.84807095 0.1919488 0.8714391515625 0.20483126718750003 0.8860442796875001 0.18035457500000002 0.8987020546875 0.1648956109375 0.874360178125 0.15201314375 0.852939325 0.1442836609375
0 0.736098321875 0.149436646875 0.7409666984375 0.13011294375 0.729282596875 0.1275364515625 0.716624821875 0.12238346093750001 0.7059143953125 0.13011294375 0.690335596875 0.1352659328125 0.6747567953125 0.15072489218750001 0.6757304734375 0.1545896359375 0.6737831203125 0.15587788281249998 0.6767041468749999 0.16876035312499998 0.6932566203125 0.1726250921875 0.708835421875 0.18035457500000002 0.7253879000000001 0.1674721078125 0.736098321875 0.149436646875
0 0.4371800890625 0.7098240765625 0.40407513906250003 0.7008063484375 0.36999651093749997 0.699518103125 0.3631807875 0.7085358312500001 0.3427336125 0.7265712875 0.3446809609375 0.7510479796875 0.3807069375 0.75620096875 0.4089435109375 0.7574892156249999 0.448864190625 0.7587774609375 0.4761270890625 0.7484714875 0.48002179062500006 0.7188418046875 0.4371800890625 0.7098240765625
0 0.7432834374999999 0.84708974375 0.7533933328125 0.8092049890625 0.59331998125 0.7490350875 0.568045240625 0.8225760828125 0.6219646859375 0.8404042 0.7078988015625 0.8649178609374999 0.7432834374999999 0.84708974375