0 0.925325053125 0.5161043000000001 0.8974572625 0.5130953046875 0.781923665625 0.5100207625000001 0.6756637375000001 0.4985435171875 0.572420140625 0.48449240781249997 0.4935189953125 0.4811003828125 0.4481681453125 0.5040833499999999 0.4089205625 0.5323352546875 0.45778197499999995 0.5796950921875 0.5611667765624999 0.6145795328125 0.700835790625 0.6315984375 0.7669035671875 0.6203350921874999 0.8340838203125 0.5964734 0.9456662578125 0.5825259421875 0.9311910671874999 0.5598534328125 0.925325053125 0.5161043000000001
0 0.8814579078125 0.424400525 0.8418135250000001 0.4033191203125 0.7972459859375001 0.40151459999999994 0.6871595921875 0.40423201718749996 0.5623821453125 0.3793715921875 0.5225743203125 0.3755606796875 0.486810965625 0.38660706718750004 0.404500534375 0.44535935000000004 0.4247353109375 0.4960786453125 0.5207495875 0.47027372500000003 0.6188197859375 0.4884597796875 0.7327150437500001 0.5059812703125 0.8425986453125001 0.5099440953125 0.9467393734374999 0.5060782046875001 0.9494316406250001 0.4337426203125 0.8814579078125 0.424400525
0 0.66686915 0.2998320953125 0.5665369124999999 0.2988676671875 0.4754821890625 0.2927502671875 0.44246142656250004 0.344500275 0.45789610156249994 0.38371428750000003 0.5488978640625 0.38201918749999997 0.6521061609375 0.3908619625 0.7735183343750001 0.39988655 0.8706586703125 0.4086687203125 0.9538621359375 0.3825796796875 0.928913359375 0.34068795 0.8731101609374999 0.322761525 0.7743525874999999 0.3104629046875 0.66686915 0.2998320953125
0 0.50697210625 0.2279650171875 0.46178011718749995 0.27438548281249997 0.5346662578125 0.2855294046875 0.6499928203125 0.2918892203125 0.786592553125 0.3036694875 0.8746309421875 0.3123607546875 0.9383445343749999 0.3129971 0.9866587578124999 0.2796277671875 0.9134902031250001 0.2268171828125 0.8073008828124999 0.2257566046875 0.6949906453125 0.2168229203125 0.567475203125 0.20252939531249997 0.50697210625 0.2279650171875
0 0.9259174703124999 0.15253757031249998 0.8439823453124999 0.1491152453125 0.7650105921875 0.1353065546875 0.686091796875 0.1293103625 0.579849525 0.12043728281249999 0.53444571875 0.13560775 0.48623740312499997 0.18460208281249998 0.49060335468750005 0.236481 0.574328746875 0.2011058453125 0.6495708734375001 0.21281010781249998 0.772968184375 0.22359985781249997 0.8716897328125001 0.2327778296875 0.9679640484375 0.23305671249999999 0.98686185 0.1922061171875 0.9897807234375 0.1650081296875 0.9259174703124999 0.15253757031249998
0 0.6297775828125001 0.8149960953125 0.683732053125 0.7930070296875 0.688242446875 0.7541401828125001 0.638809271875 0.7399792046875 0.514768975 0.7517109750000001 0.4431826703125 0.7537406171875001 0.4397287859375 0.7630327671875 0.438880509375 0.8233294578124999 0.5343730046874999 0.8256485328125001 0.6297775828125001 0.8149960953125
0 0.70060745625 0.7003331578124999 0.6805253890625 0.6721433328125 0.53730051875 0.6707128578125 0.48399367031249996 0.6708631125 0.4707428734375 0.7015294203125 0.446788753125 0.7481620046875 0.5105376453125 0.7540066828125 0.6189430578125 0.7425254125 0.688140640625 0.7391205421875 0.70060745625 0.7003331578124999
0 0.36877665 0.8116916453125 0.271206203125 0.8036961421875001 0.1864193390625 0.7887077203125 0.0739997765625 0.7541343421875 0.036797053125 0.7824357421875 0.033013567187499995 0.8110698796875001 0.0450732859375 0.829622275 0.1319784703125 0.8517814046875 0.26738712656249997 0.8782638671875 0.368787815625 0.8775824796875 0.42014643749999997 0.8777415749999999 0.45663266093750005 0.8610393671875001 0.46122172343749995 0.8337786046875 0.42210200468750003 0.8142722328125 0.36877665 0.8116916453125
0 0.41960648593750005 0.76611845 0.41136719375 0.7568208203125 0.26774859218749997 0.7411658375 0.15831348125 0.7088249578125 0.0520104265625 0.6795077453125 0.030162587499999997 0.7427738749999999 0.046289325 0.774337525 0.068429921875 0.7540787124999999 0.149635165625 0.7712340546875 0.22562588906249997 0.7928249421875 0.29473801875 0.8054905078125 0.40168501875 0.8076033046875001 0.42842844687500004 0.8088737500000001 0.43691731093749997 0.7700466421875001 0.41960648593750005 0.76611845
0 0.0927752765625 0.5938746874999999 0.0731096796875 0.6271288546875 0.08760337812499999 0.6525322078125 0.21360108281249998 0.6697613 0.3381354953125 0.691837025 0.4205689171875 0.7097882578125 0.4563751359375 0.7101458796875 0.5031035734375 0.6785273375 0.443954140625 0.6382101 0.3498124859375 0.6242498999999999 0.2599669515625 0.6098756125 0.1463416265625 0.5935738171875 0.0927752765625 0.5938746874999999
0 0.178421665625 0.5423704078125 0.1207407328125 0.5365863328125 0.07190558281250001 0.5670374375 0.08465068906249999 0.5830977046875 0.2122014328125 0.6025995671875 0.32690701875 0.6255628078125001 0.4773949375 0.6420844453125001 0.5145981890625 0.6137840953125 0.4490782859375 0.5728524875 0.4000787625 0.5706241375000001 0.30595475781250003 0.5592680999999999 0.23566578124999998 0.5461450703125 0.178421665625 0.5423704078125
0 0.1628376359375 0.48185062500000003 0.08164448125 0.47626105 0.07486034999999999 0.4814443 0.0278210828125 0.5194367171875001 0.0191887625 0.5370997875 0.0193692328125 0.5637255171875 0.052908684375 0.5818097828125001 0.1328590046875 0.534103375 0.1996595296875 0.542582525 0.29701924687500003 0.557608925 0.44434221875 0.5768219375 0.42902042656250006 0.5466316546875001 0.3966035 0.5054896671875 0.2781900046875 0.49128705000000006 0.1628376359375 0.48185062500000003
0 0.0527132859375 0.43365455781250006 0.061031165624999995 0.4869854875 0.08795981093750001 0.46882249218750005 0.184066 0.4799310125 0.28729194687500004 0.4913779546875 0.384961796875 0.5025087453125 0.4086511703125 0.4925900421875 0.41317641250000003 0.43930271718749997 0.3778877328125 0.4297870203125 0.277695771875 0.4183703828125 0.162404509375 0.41721889531249995 0.0895536703125 0.4112833078125 0.0527132859375 0.43365455781250006
0 1 0.1675507296875 0.9976223015624999 0.1459868421875 0.9758979421875 0.11027129531249999 0.91841819375 0.0817121453125 0.8335299859375 0.0671751578125 0.7059615921875 0.0450691296875 0.5950008109375 0.0245573921875 0.5241169171875 0.0718968296875 0.478995534375 0.1287339625 0.479419165625 0.1912339625 0.5819920140625 0.10632673749999999 0.676186621875 0.1280994421875 0.8369057281250001 0.1484626453125 1 0.1765660203125 1 0.1675507296875
0 0.1590615734375 0.8622708375 0.060973757812499994 0.8292059249999999 0.0349611171875 0.8651273578125 0.0171284859375 0.9157340875 0.12222851875 0.9451880703125 0.26014700468749996 0.9624290999999999 0.366353975 0.9660938421875 0.44613208281250005 0.9559163500000001 0.45601271875 0.8884406421875 0.40104969375 0.8790170500000001 0.34215448125000003 0.8763808296875 0.25780163125 0.87417965 0.1590615734375 0.8622708375
0 0.43091293750000004 0.7098915703124999 0.38790382968750003 0.7033180296875 0.3130206984375 0.6895994953125 0.234168359375 0.6772066453125001 0.156875009375 0.6600507125 0.0860305 0.6552471578125 0.051871203125 0.6630979671875 0.0495998109375 0.6801419 0.152470578125 0.7105445171875 0.2202068109375 0.7303150578125 0.27597478125 0.7411120203125 0.3420821453125 0.7513295828125 0.4161371890625 0.7602611953125 0.43362856250000004 0.7583878953125 0.436755203125 0.7549491921875 0.45659262656250005 0.7422332953125 0.43091293750000004 0.7098915703124999
0 0.5082937140625 0.6110473671875 0.46951832031249996 0.6481672171875 0.48635745625000004 0.6674500125 0.6781057578125 0.6673171250000001 0.7099466453125001 0.6635785921874999 0.728896009375 0.6526619046875 0.719351525 0.6425099171875 0.71136219375 0.6376514671875 0.700102903125 0.6258942671875001 0.6460412718749999 0.6260764328125 0.585485990625 0.6192882 0.5082937140625 0.6110473671875