0 0.0686698421875 0.1604003578125 0.06669135468750001 0.17649838125 0.1434054375 0.20939161875 0.2894097015625 0.193390746875 0.142018 0.132782925 0.0686698421875 0.1604003578125
0 0.241009028125 0.14771655625 0.27853207812499997 0.1354008921875 0.140703725 0.0848782421875 0.07674800625 0.0946721609375 0.07176600625 0.135208328125 0.1390248875 0.12783730625 0.241009028125 0.14771655625
0 0.245388978125 0.1120789515625 0.2793349328125 0.0995693546875 0.1498287703125 0.0399312234375 0.08203183750000001 0.051680096875000005 0.075697584375 0.10321894375 0.1544281625 0.09040567968749999 0.245388978125 0.1120789515625
0 0.0883834546875 0 0.0816316234375 0.0549364734375 0.1515807421875 0.025676182812499997 0.23064225781249997 0.056270996875 0.28181660625 0.020778750000000002 0.216823584375 0 0.0883834546875 0
0 0.3962138546875 0.5842403468749999 0.4909706296875 0.5750276984375 0.495642578125 0.537014253125 0.40117779843749996 0.5438510640625001 0.2616706015625 0.536287478125 0.261743746875 0.5649914921875 0.3962138546875 0.5842403468749999
0 0.41928217968750003 0.5137408953125 0.4854221015625 0.5029767390625 0.49994938125 0.47267263125000003 0.41979303437500004 0.48028519375 0.2764167359375 0.4749035109375 0.27590588125000004 0.508359209375 0.41928217968750003 0.5137408953125
0 0.42329699375 0.4517751125 0.5183457640625 0.4401866265625 0.5111184046874999 0.411094728125 0.4172376125 0.4131798578125 0.28546862968750003 0.4012524625 0.2909440171875 0.44459940312499996 0.42329699375 0.4517751125
0 0.44220422499999995 0.38583340625 0.5154983546875 0.37545712343750004 0.5154252140625 0.3467531078125 0.42512152812500004 0.349032171875 0.27904411875 0.3363290296875 0.2737881734375 0.37909415 0.44220422499999995 0.38583340625
0 0.7212607015625 0.50782263125 0.6106306859374999 0.5236980671875 0.6085277296875 0.554206825 0.7117801453125 0.5313693765624999 0.7212607015625 0.50782263125
0 0.7333116796875 0.47675954843749996 0.61737383125 0.495628228125 0.6223479828125 0.522146 0.7236976015625001 0.501392728125 0.7333116796875 0.47675954843749996
0 0.7289717140625 0.431683765625 0.6196769375 0.4366948875 0.615137090625 0.4736335484375 0.72576710625 0.457758115625 0.7289717140625 0.431683765625
0 0.7380182421875 0.3982704515625 0.6306262703125001 0.401197403125 0.62091211875 0.44004286875 0.7350806859375 0.4221719359375 0.7380182421875 0.3982704515625
0 0.74145644375 0.35689738125 0.619209196875 0.3601126046875 0.62351571875 0.3920625296875 0.7397540671875 0.384146846875 0.74145644375 0.35689738125
0 0.573941478125 0.192514115625 0.5230327984375001 0.1645996125 0.4695539609375 0.1977912953125 0.50927944375 0.22291215000000003 0.573941478125 0.192514115625
0 0.60401889375 0.121962559375 0.5413929093750001 0.09560011874999999 0.52019505 0.120698940625 0.564961309375 0.1449994171875 0.60401889375 0.121962559375
0 0.5174908312500001 0.0757118359375 0.4353693703125 0.04719875 0.404123409375 0.0870641828125 0.4625097703125 0.1077284109375 0.5174908312500001 0.0757118359375
0 0.6156358484375 0.0810329140625 0.538688690625 0.050613021875 0.50891150625 0.0785277046875 0.5765782703125 0.10406976875 0.6156358484375 0.0810329140625
0 0.42864815156249997 0 0.48791353437499996 0.0216120828125 0.508920225 0 0.42864815156249997 0
0 0.5382606015625 0 0.52930794375 0.0063576125 0.5945378031249999 0.038329575 0.6322266796875 0.013031175 0.61007883125 0 0.5382606015625 0
0 0.44060310156250004 0 0.4188783421875 0.0473983359375 0.5067082015625 0.0696588921875 0.5352502140625 0.0383962203125 0.445337028125 0 0.44060310156250004 0
0 0.04437516875 0.35807473125 0.0403969546875 0.3904435484375 0.041179028125 0.3937591609375 0.1899944546875 0.3981533765625 0.19997510624999998 0.3619541984375 0.04437516875 0.35807473125
0 0.28449440937500003 0.3493910671875 0.139304915625 0.3304973171875 0.1407629546875 0.363642634375 0.2459543203125 0.3779184703125 0.2482345734375 0.3743680671875 0.28449440937500003 0.3493910671875
0 0.8478703875000001 0.49138087343750003 0.7305301796875 0.5009399 0.7287734046875001 0.530236884375 0.8371046796874999 0.518964753125 0.8478703875000001 0.49138087343750003
0 0.8535521296875 0.44515121718749995 0.7516130390625 0.44942184999999996 0.7504543375 0.47385255624999995 0.8471973984375 0.466850865625 0.8535521296875 0.44515121718749995
0 0.8569536187500001 0.402471959375 0.74566910625 0.39276447812500004 0.7489588375 0.426009096875 0.854112746875 0.4255867875 0.8569536187500001 0.402471959375
0 0.861738246875 0.3635417171875 0.7615933874999999 0.3532135109375 0.7544910625 0.3809960078125 0.8457765109375 0.38839453281249997 0.861738246875 0.3635417171875
0 0.8454765562500001 0.21080019062500002 0.7553126625 0.2242819703125 0.784545090625 0.2564837578125 0.8676812703125 0.24017160781250002 0.8454765562500001 0.21080019062500002
0 0.8347851578125001 0.147762040625 0.7131835 0.161988728125 0.717071309375 0.19036706718750002 0.8408037015625001 0.1738065484375 0.8488849437500001 0.1871594546875 0.8670454328125 0.17033057812500002 0.8347851578125001 0.147762040625
0 0.83822410625 0.11978093281249999 0.87642800625 0.1389976828125 0.8867451578125 0.11506351562499999 0.8528027140625 0.091179096875 0.6808483140625 0.1100239 0.698604590625 0.130581403125 0.83822410625 0.11978093281249999
0 0.8478308140624999 0.0566186 0.881324696875 0.0841527234375 0.8858477421875 0.062353771875 0.8419617921875 0.02935751875 0.7089214375 0.0466380703125 0.73082710625 0.07844263124999999 0.8478308140624999 0.0566186
0 0.030788028125 0.50184861875 0.03325405 0.5153330031250001 0.1705992140625 0.5282885828125 0.1649655625 0.472891003125 0.0316304828125 0.4617722234375 0.029428521875000002 0.47968853281249996 0.030788028125 0.50184861875
0 0.24622893281249997 0.4359777125 0.03684110625 0.419375865625 0.0333395109375 0.44786665625 0.2061227640625 0.4585947609375 0.24622893281249997 0.4359777125