0 0 0.1440770140625 0.0388482671875 0.1480163046875 0.2075586015625 0.1595535296875 0.24064772343750002 0.14735210781250002 0.24664493437499999 0.0982288921875 0.233057759375 0.0356278828125 0.2004290828125 0.025982671875000002 0.057734443749999996 0.02783954375 0 0.033523578124999995 0 0.1440770140625
0 0 0.2917017546875 0.160443759375 0.2808898921875 0.1724873546875 0.23797583281249998 0.184413465625 0.216441975 0.1990857328125 0.1917284609375 0.2066833984375 0.17842512187499998 0.2012562328125 0.1608897890625 0.16393411875 0.1513149125 0 0.1544285734375 0 0.2917017546875
0 0 0.42179889218750005 0.1195421265625 0.4236315484375 0.1955854828125 0.42892984843750004 0.23479053906249997 0.4208742640625 0.23727452656249998 0.3510468875 0.237221684375 0.2944569859375 0.179708553125 0.28765999531249997 0.0671408765625 0.2840945546875 0 0.2954041765625 0 0.42179889218750005
0 0 0.5605662703125 0.1250757015625 0.5543813921875 0.181974184375 0.55867125 0.2054474953125 0.5514491718750001 0.19671160468749999 0.5100630875000001 0.20615295625000002 0.477243440625 0.21344971875000002 0.44948197968750003 0.21857570625 0.42552147500000004 0 0.4237374796875 0 0.5605662703125
0 0 0.7044135046875 0.1955640484375 0.6981539609375 0.20109510468749997 0.6396050437499999 0.216225021875 0.6098553046874999 0.21734914062500002 0.555765225 0.090789009375 0.5555257890624999 0 0.5608379859375 0 0.7044135046875
0 0 0.8341066078124999 0.066352065625 0.8407525046875 0.139636184375 0.84860184375 0.21569262656250002 0.8545287546875 0.22718673749999999 0.7852129125 0.22739555312499998 0.7411952937499999 0.2126050265625 0.70617584375 0.1961016484375 0.6969588375 0 0.7020851328125 0 0.8341066078124999
0 0 0.97346784375 0.2295438984375 0.9795460203124999 0.22860114843749998 0.8531726515625 0.10302173750000002 0.846003828125 0 0.8356264015624999 0 0.97346784375
0 0.236452534375 1 0.22953153906249998 0.9789521171875 0 0.9759858828124999 0 1 0.236452534375 1
0 0.30384471875 0.0246369265625 0.24130624531249997 0.028323656250000002 0.23932351718749997 0.0698067296875 0.24395311875 0.1030720484375 0.25750152656249997 0.15948632812500002 0.46221036406250005 0.158080034375 0.506842325 0.1405220640625 0.513602675 0.0869874359375 0.5309946796875 0.030799309375 0.5254706890625 0.0239302640625 0.48828524531250006 0.02223681875 0.30384471875 0.0246369265625
0 0.174998728125 0.22218078437500002 0.172462153125 0.2624559859375 0.17739241249999999 0.28314171093749996 0.19618430625 0.2942152890625 0.2743722625 0.29445541249999996 0.2860762109375 0.289272828125 0.4585760921875 0.280740259375 0.46086409218749996 0.2285213921875 0.4587841453125 0.1556094796875 0.2454966671875 0.150210784375 0.2449835265625 0.15095143125 0.2090246890625 0.1544580984375 0.19568638124999999 0.1892147984375 0.174998728125 0.22218078437500002
0 0.5454364390625 0.2922898046875 0.4855693859375 0.2804931671875 0.2854898984375 0.288127059375 0.2468079125 0.2942894796875 0.235836609375 0.3346744453125 0.23820029375 0.4196678625 0.23930285156250003 0.42014399999999996 0.5161580921875 0.4259730640625 0.5291169874999999 0.3729865546875 0.553400684375 0.323625371875 0.5454364390625 0.2922898046875
0 0.51380638125 0.5021560093749999 0.5049789078125 0.45636962812500004 0.48460447812499996 0.42330919062500005 0.21920486874999998 0.42739160312499996 0.2119604390625 0.4576675203125 0.195418325 0.5006401125 0.20102864843749998 0.52697604375 0.2226259203125 0.5633066515625 0.22312927187499998 0.561900371875 0.48315430625 0.5698347984375001 0.5129044171875 0.5398947984375 0.51380638125 0.5021560093749999
0 0.48870096875 0.70121325 0.5104216671875 0.6638323374999999 0.5066157765625 0.61609425 0.482553465625 0.5679909859375 0.30190643437500003 0.5634251078125 0.2254054171875 0.5631630390625 0.22275110156250003 0.597780715625 0.1999188515625 0.6358048828125 0.195486259375 0.6930819359375 0.22634293906249997 0.7148727703125 0.31111408281249997 0.7085544515625 0.395984403125 0.705563690625 0.48870096875 0.70121325
0 0.42648369375 0.8467474312500001 0.43476142500000003 0.8390942984375 0.48984213125 0.837119975 0.5351015609374999 0.7956600390624999 0.5353365484375 0.7528996515624999 0.508933390625 0.7004253578124999 0.3088931578125 0.70994509375 0.302786184375 0.7137972640625 0.23358219375 0.7128114609375 0.2270309125 0.7493662015625 0.22809063593749998 0.8002839312500001 0.221257609375 0.8489384703124999 0.2314388765625 0.853058240625 0.42648369375 0.8467474312500001
0 0.23030260937499997 0.8525136859375 0.2314410875 0.934240828125 0.229074596875 0.9826880093750001 0.276361390625 0.984587809375 0.3398768203125 0.9825037156249999 0.3949967765625 0.9824152296875001 0.50501428125 0.9715518187500001 0.539537653125 0.9547541765625001 0.5592969203125 0.9312320296875001 0.5847055046875 0.9088939406250001 0.5478536046875 0.8408360140625 0.507144509375 0.830676421875 0.46337551718750003 0.835647475 0.35054644375 0.846547475 0.3163368109375 0.8513941328125 0.23920107031249999 0.8511403281250001 0.23030260937499997 0.8525136859375
0 0.5737839124999999 1 0.5659769125 0.981476784375 0.5241039390625 0.9694459906249999 0.463949315625 0.970857559375 0.34838716718749996 0.9855658281249999 0.23469486874999998 0.9820150249999999 0.235351228125 1 0.5737839124999999 1
0 0.89708713125 1 0.87426111875 0.9548153625 0.8102487843749999 0.9600498375000001 0.7299554781250001 0.9667537546875 0.6676431796875 0.9725948921875001 0.6109540265625 0.9783628578125001 0.55425179375 0.9835022109375 0.5646561265625001 1 0.89708713125 1
0 0.5358521359374999 0.964249328125 0.5492694515625 0.98733975 0.6822633687499999 0.9724046421875 0.81751963125 0.958068871875 0.8855330703125001 0.9018508093750001 0.8903453296875 0.8898412796875 0.86866336875 0.8750326078124999 0.84006328125 0.825102034375 0.8181329953124999 0.8253874124999999 0.76774705625 0.8367324171874999 0.6901345 0.8371135984375 0.5513081015625 0.8420640546874999 0.59227936875 0.9188713671875 0.5358521359374999 0.964249328125
0 0.5216345312499999 0.821630871875 0.5592706484375001 0.8462924859375001 0.6587611578125 0.843111465625 0.7649209515625001 0.8360709609375 0.82886786875 0.8276934125000001 0.8815156453125 0.7628723187500001 0.8129647671875 0.6851663328125001 0.7410800265625 0.69050325 0.6730922406250001 0.6939031124999999 0.663088315625 0.6996923484375001 0.5198026484375 0.7065871859375 0.5393141046875 0.7522345390625 0.5595315390625 0.7777516078125 0.5322790125 0.7925682796875 0.5197120921875 0.810337775 0.5216606968749999 0.8228880984375 0.5216345312499999 0.821630871875
0 0.5046566671875 0.5734125734375 0.5052723765625 0.5753562359375 0.505428565625 0.6105007984374999 0.5228867593750001 0.6385689125 0.5204676671875 0.6574639171875 0.5015713734375 0.668399146875 0.501283803125 0.6816073625 0.5180619296875 0.704025259375 0.533349096875 0.708856603125 0.5715080265625 0.7045873375 0.670410053125 0.7001564124999999 0.7558165171875 0.695901103125 0.7943676843749999 0.683452534375 0.85121305625 0.6041147796875 0.7892663109375 0.5464439453125001 0.7337017890624999 0.5521972796875 0.5815106671875 0.5636094953125 0.5046566671875 0.5734125734375
0 0.5370806359375 0.5099890828125 0.495848990625 0.55579809375 0.507370034375 0.5688526421875 0.5298495562500001 0.567931328125 0.546666675 0.5651973531250001 0.6478048765625 0.5601085390625 0.7095941140625001 0.5561605640625 0.7848265828125001 0.5495225140625 0.82698661875 0.49426965625 0.842548021875 0.45822645156249997 0.7770183109375 0.4175794265625 0.5244472765625 0.4164646171875 0.50178769375 0.4341203828125 0.5047144343750001 0.4682817109375 0.52257794375 0.48879913750000004 0.5370806359375 0.5099890828125
0 0.5227995828124999 0.4183724171875 0.524604271875 0.4240079953125 0.78997771875 0.418668353125 0.8287115265624999 0.360944940625 0.8588931234375 0.32471149062500004 0.8136983296875 0.28820133281250004 0.749960490625 0.2795989859375 0.5533464734375 0.291589275 0.55224654375 0.2916473625 0.5675092671875 0.3234729703125 0.5349868375 0.35533539687500004 0.5226295046875 0.41020043125 0.5227995828124999 0.4183724171875
0 0.777759825 0.23700452031250002 0.8009583984375 0.21658154375 0.812309109375 0.19442638750000002 0.808529640625 0.1749832546875 0.7851476484375 0.159567921875 0.769572653125 0.1409070640625 0.5040683765625 0.1399605640625 0.45782796875000004 0.16131216718750002 0.45836514531250006 0.2681985046875 0.5263008546875 0.28932190625 0.747709065625 0.2795241125 0.777759825 0.23700452031250002
0 0.788612140625 0.136851878125 0.80188503125 0.0989521078125 0.8536044203125 0.043574853125 0.8538877984375001 0.0388865875 0.532807675 0.024264396875 0.5284685875 0.042146764062499995 0.5099778640625 0.0725690296875 0.514751640625 0.13978681875 0.788612140625 0.136851878125
0 0.8472138734374999 0.0385826515625 0.832235784375 0.0696436859375 0.796457215625 0.10720754375 0.7931882406249999 0.13931807812500002 0.9792657890625 0.141811025 0.9772405875000001 0.0445041515625 0.8472138734374999 0.0385826515625
0 0.97922869375 0.14002847499999999 0.7791827015624999 0.142015465625 0.7814188765625001 0.1413575875 0.7960390703125 0.1411673328125 0.7785026359375 0.136365259375 0.780647490625 0.1583447984375 0.8101364515625 0.1699079609375 0.8174598812499999 0.197479171875 0.7595811968749999 0.2541941375 0.7664338984375 0.286172965625 0.823227715625 0.2854339125 0.8270330921875001 0.2790965484375 0.888900825 0.2789202546875 0.9820816484374999 0.2771071765625 0.97922869375 0.14002847499999999
0 0.9281740218750001 0.40926576406250004 0.98487961875 0.4115439703125 0.98196794375 0.27164377968750003 0.8754459609374999 0.2810511421875 0.8007496453125 0.28642464218749997 0.8644746624999999 0.3214360984375 0.8008945828125 0.4014902796875 0.8229295343749999 0.40623381406250003 0.9281740218750001 0.40926576406250004
0 0.9848583062499999 0.41051994062499997 0.936100215625 0.4117472015625 0.92359845625 0.40562204375000005 0.8099977328125 0.40647153906250005 0.791820740625 0.4249428234375 0.8414355562500001 0.45762274999999997 0.8451496046875 0.47392281406250003 0.7928417375000001 0.5280501515625 0.7931818984375 0.5443941171875 0.9869827015625001 0.545548646875 0.9873638734375 0.5309073328125 0.9848583062499999 0.41051994062499997
0 0.9869456140624999 0.546973225 0.7903855703125 0.5451634609375 0.85065845625 0.603484853125 0.7965723203125 0.68027156875 0.854059284375 0.6858113375 0.9833146796875001 0.686441034375 0.9869456140624999 0.546973225
0 0.834101815625 0.8263678671875001 0.9796776671874999 0.8261424953125 0.9835231453125 0.6784336953125 0.832535759375 0.6786154515625 0.8416508031250001 0.711193621875 0.8819155875 0.7540557703124999 0.8433254343750001 0.791656215625 0.834101815625 0.8263678671875001
0 0.8354031187500001 0.816386059375 0.8389863375 0.8263999796875 0.8617408546875 0.8657172890625 0.8882091671874999 0.8942969312500001 0.8289703546875 0.9397114859375 0.8579755 0.9550536515625 0.9182609562499999 0.9599282203125 0.9763361749999999 0.9544927062499999 0.9797668203125 0.822718025 0.8636104515625 0.820420490625 0.8354031187500001 0.816386059375
0 0.9751514296874999 1 0.9763104609375001 0.9554804609374999 0.87151030625 0.956763871875 0.8910035046875 1 0.9751514296874999 1