0 0.3554795734375 0.5194096859374999 0.1242246234375 0.426715778125 0.1187970609375 0.5148844875 0.33551580312499996 0.6120549078125 0.3554795734375 0.5194096859374999
0 0.5981327015625 0.6935108390625 0.3943520046875 0.5733977718750001 0.3689562421875 0.646387715625 0.5826402421875 0.7516020671875 0.5981327015625 0.6935108390625
0 0.9659599999999999 0.9187651734375001 0.9772408234375 0.8315878390625 0.6851299625 0.683105278125 0.6569959875 0.7791951296875 0.9198867984374999 0.9314869375000001 0.9659599999999999 0.9187651734375001
0 0.9824745078125 0.7911423515625 0.9913039515625 0.7229091046875 0.673386278125 0.585128190625 0.6628129625 0.62639553125 0.65885385625 0.6435103640625 0.9824745078125 0.7911423515625
0 1 0.616940746875 0.6924826796875 0.49147596250000003 0.6793484953125 0.5660142593749999 0.9911074140625 0.70463905625 0.995893646875 0.687440278125 1 0.655706709375 1 0.616940746875
0 1 0.5078073578125 0.687121459375 0.3980989265625 0.67599039375 0.4706381234375 0.9934326562500001 0.6057849140625 1 0.5702804328125 1 0.5078073578125
0 1 0.3999616734375 0.716606553125 0.3050485625 0.69979214375 0.381065759375 1 0.4962545859375 1 0.3999616734375
0 1 0.29254853125 0.7255460078125 0.1820419203125 0.709430721875 0.2661371734375 1 0.373382290625 1 0.29254853125
0 1 0.185733253125 0.747949515625 0.07631344375 0.7288531140625001 0.1699656546875 1 0.2784838578125 1 0.185733253125
0 0.699780525 0.0980585125 0.3945454515625 0.0033836859375 0.379129278125 0.09555700624999999 0.6784021390625 0.20934575937500002 0.699780525 0.0980585125
0 0.684179734375 0.23210103124999998 0.3935713234375 0.10527729687500001 0.397581421875 0.1956148515625 0.66564108125 0.2944814015625 0.684179734375 0.23210103124999998
0 0.3515607953125 0.34904649375 0.364321853125 0.2639108515625 0.3742431765625 0.2276820859375 0.101152171875 0.12725496875 0.096356446875 0.1912775796875 0.1197456921875 0.26666272812499997 0.3515607953125 0.34904649375
0 0.06483991875 0 0.10185129062500001 0.135333025 0.3744749265625 0.19892951875 0.3692512046875 0.05056664843749999 0.19701134843749998 0 0.06483991875 0
0 0.6403507171875 0.4360001234375 0.40010290625 0.33789875937499997 0.37425091875 0.4163535921875 0.630896765625 0.5090595062500001 0.6403507171875 0.4360001234375
0 0.37173330781249997 0.36840542656249997 0.14695266875 0.2855831421875 0.1435080578125 0.352645234375 0.36828870468749997 0.4354675125 0.37173330781249997 0.36840542656249997
0 0.61613259375 0.596194246875 0.38524835625 0.49313598125 0.3815248765625 0.575834 0.5973150656249999 0.67421054375 0.61613259375 0.596194246875
0 0.822940078125 0.89879654375 0.6178645781250001 0.7985025796875 0.6111128640625 0.8776409265625 0.8121350125 0.9688164499999999 0.822940078125 0.89879654375