0 0.40134176562499996 0.22505494218750002 0.5126995828124999 0.250336175 0.5119105953124999 0.184082865625 0.40892085156249997 0.15609159374999998 0.40134176562499996 0.22505494218750002
0 0.390746234375 0.27950400625 0.494036990625 0.3152466625 0.5014228046875 0.258532296875 0.400052178125 0.226298784375 0.390746234375 0.27950400625
0 0.373867521875 0.3386730515625 0.48387871718750003 0.3866976859375 0.4911282828125 0.32073274375 0.3905814734375 0.281003203125 0.373867521875 0.3386730515625
0 0.36426057031250003 0.384126884375 0.47281742187500003 0.43489457031249995 0.4755106484375 0.38940773281249996 0.38111077031249996 0.335707628125 0.36426057031250003 0.384126884375
0 0.3557436171875 0.5035854125 0.4635621875 0.5295997390625 0.4607960484375 0.48133687187499996 0.359726434375 0.45685473906249996 0.3557436171875 0.5035854125
0 0.36792974375 0.45564389531250005 0.4710842515625 0.4821359703125 0.4777824953125 0.442168209375 0.3696914265625 0.397652703125 0.36792974375 0.45564389531250005
0 0.3536524046875 0.56457500625 0.44750729062500005 0.5812727671875 0.4539045265625 0.533553628125 0.3500909703125 0.513058365625 0.3536524046875 0.56457500625
0 0.33087706093749997 0.6039660515625 0.43562217031249995 0.63696566875 0.44393952968750006 0.5927556625 0.33837060937499996 0.5672520640625 0.33087706093749997 0.6039660515625
0 0.45543178281249996 0.624560284375 0.5465427265625 0.645244925 0.5500597703125 0.592262075 0.454449521875 0.5705559703125 0.45543178281249996 0.624560284375
0 0.5565013999999999 0.64904241875 0.6437720828125 0.662708784375 0.6414717265625 0.6206980984375 0.5604842171875 0.6023117499999999 0.5565013999999999 0.64904241875
0 0.463448134375 0.5725988953125001 0.561007021875 0.58706434375 0.5567865296875001 0.5415445234375 0.4669651828125 0.5196160515625 0.463448134375 0.5725988953125001
0 0.560785234375 0.610063134375 0.6567535171875 0.618021040625 0.658020909375 0.564527459375 0.5677052703125 0.54709659375 0.560785234375 0.610063134375
0 0.46921482968749995 0.5201267796875 0.565949909375 0.54208825625 0.5704270171875 0.4908599765625 0.4759415953125 0.46940923906250004 0.46921482968749995 0.5201267796875
0 0.4767654125 0.4619132203125 0.5725119046875 0.49286991249999995 0.5752336484375 0.43663328437500004 0.48445222968749996 0.41295024375 0.4767654125 0.4619132203125
0 0.578953534375 0.54965025625 0.66205444375 0.55929675 0.6652134484375 0.5200620875 0.5834306437500001 0.4984219703125 0.578953534375 0.54965025625
0 0.581675278125 0.49341363437499997 0.6740758125 0.5128544296875 0.6774280953125 0.461370790625 0.589856390625 0.43995304687500003 0.581675278125 0.49341363437499997
0 0.4859065875 0.4102071984375 0.5821758875 0.42591649374999996 0.5851986390625 0.37743125 0.4893951171875 0.3679741390625 0.4859065875 0.4102071984375
0 0.59951405625 0.43599915625 0.6825864484374999 0.45639544218749994 0.6838253296875 0.4136516515625 0.6009177 0.3917561625 0.59951405625 0.43599915625
0 0.5027567875 0.3617879421875 0.5986965609375 0.3804956453125 0.596754234375 0.3247367609375 0.5072338953125 0.31055966874999996 0.5027567875 0.3617879421875
0 0.5142046390624999 0.2890930875 0.6075652390624999 0.310288459375 0.6056229171874999 0.254529575 0.516761621875 0.2343556625 0.5142046390624999 0.2890930875
0 0.6165638484375 0.312331378125 0.699715465625 0.36347782500000003 0.707868065625 0.3207670296875 0.6332492875 0.26541133125 0.6165638484375 0.312331378125
0 0.611126678125 0.3618050875 0.69523835625 0.4147060984375 0.7065721609375 0.38501039531250003 0.625698709375 0.3236248953125 0.611126678125 0.3618050875
0 0.6925736390624999 0.44944313906250005 0.786070478125 0.4798891046875 0.7836338703125 0.42862783125000004 0.701385290625 0.400735534375 0.6925736390624999 0.44944313906250005
0 0.681182809375 0.5006384359375 0.7700155828125 0.531562134375 0.768539034375 0.482055425 0.6875800484375 0.45291929687500004 0.681182809375 0.5006384359375
0 0.6768704609375 0.5503675109375 0.7444963 0.5749400515625 0.757312965625 0.53175150625 0.68760224375 0.5051690343749999 0.6768704609375 0.5503675109375
0 0.7110207515625 0.3445319015625 0.7956552390625 0.3821855171875 0.7919290343750001 0.33216809375 0.723070634375 0.2873398015625 0.7110207515625 0.3445319015625
0 0.5147052484375 0.22159593593750002 0.6130309265625 0.250064953125 0.61303724375 0.1870654296875 0.5235454125000001 0.162138540625 0.5147052484375 0.22159593593750002
0 0.6272956296875 0.26713290624999997 0.7140720265625 0.285296884375 0.7207987874999999 0.23457933125000002 0.6314717265625001 0.20815324375 0.6272956296875 0.26713290624999997
0 0.7590398171875 0.5475096453125 0.7452630828125 0.5889436109374999 0.8531608828125 0.6457081109375 0.9476463 0.6671588484375001 0.9453459437499999 0.6251481562500001 0.8494631953124999 0.5849408890625 0.7590398171875 0.5475096453125
0 0.7531368703125 0.59073116875 0.739360134375 0.6321651453125 0.8376002734375 0.6928835234374999 0.9340058171875001 0.7178433953125001 0.92770044375 0.6703136390625 0.851706534375 0.6484511453125 0.7531368703125 0.59073116875
0 0.7428708609375 0.642181825 0.7263501906250001 0.687602675 0.8279362906250001 0.7598369421875 0.916797578125 0.7800108484375 0.91776395625 0.7187658890625 0.8300274999999999 0.69884734375 0.7428708609375 0.642181825
0 0.7413024609375001 0.6879240234374999 0.7141925703124999 0.7247943953125 0.7990425218749999 0.8024487609375001 0.9041171609375 0.8324499765625 0.9090600484375001 0.787473871875 0.8189376828125001 0.7577940171875001 0.7413024609375001 0.6879240234374999
0 0.6111743171875 0.7075529125 0.694512890625 0.8094498953124999 0.691160609375 0.860933540625 0.797718109375 0.877441925 0.8010989000000001 0.8152084890625 0.7035748484375 0.726993715625 0.6111743171875 0.7075529125
0 0.5102409484375 0.6923213609375 0.581177921875 0.8021591109375 0.5729968046875 0.8556196921874999 0.6832583125 0.8698957734375 0.6808216953125 0.8186344999999999 0.604095834375 0.709019128125 0.5102409484375 0.6923213609375
0 0.17814465156249998 0.5984872390625 0.1525398265625 0.6741145296875 0.1526982734375 0.7356148609375001 0.3009313734375 0.740072203125 0.300142390625 0.6738189015625 0.29548464375 0.6112971046875 0.17814465156249998 0.5984872390625
0 0.2946418734375 0.8077917156250001 0.42429792656250004 0.8449101796875 0.4254290734375 0.7821660109375 0.298982734375 0.7473128546875001 0.2946418734375 0.8077917156250001
0 0.2942775171875 0.8845394421874999 0.413208109375 0.9038568484375 0.4148050296875 0.8473648656250001 0.302981434375 0.8158314531249999 0.2942775171875 0.8845394421874999
0 0.282829665625 0.9572343078125 0.40724813437499996 0.968577959375 0.406760165625 0.9100760343750001 0.28637522187500003 0.8935016625 0.282829665625 0.9572343078125
0 0.42676305625 0.8854216625 0.5429497046875 0.9087259421875 0.5511308171875 0.8552653609374999 0.4315982 0.8204451859375 0.42676305625 0.8854216625
0 0.4204735515625 0.9531411750000001 0.5421480828125 0.9684716984374999 0.5432792296875 0.9057275406249999 0.4188892703125 0.8836340984375 0.4204735515625 0.9531411750000001
0 0.534413521875 1 0.5372907390624999 0.9811984359375 0.41868967812499996 0.958882628125 0.4126155390625 1 0.534413521875 1
0 0.4031325703125 1 0.4045041953125 0.9725648375 0.25852074375 0.9686182265625 0.2586272125 0.9705626515624999 0.3882917734375 1 0.4031325703125 1
0 0.6759295265625 0.9051105578125 0.7822937484375 0.9338679296875 0.7895148 0.8786527671875 0.6840821265625 0.86239975 0.6759295265625 0.9051105578125
0 0.6770480296875 0.9683654484374999 0.77202774375 0.985318575 0.7750505000000001 0.93683334375 0.6845700953125 0.920901675 0.6770480296875 0.9683654484374999
0 0.5527436171875 0.9140226453125001 0.6753782046875 0.9311077437499999 0.672475821875 0.8735942906249999 0.5601294265625001 0.8573082843750001 0.5527436171875 0.9140226453125001
0 0.544068209375 0.9719808375 0.6606129000000001 0.981536925 0.6608917171875001 0.9370385750000001 0.5535389171875 0.91727641875 0.544068209375 0.9719808375
0 0.6551438296875001 1 0.6556193046875001 0.9850130703125 0.544068209375 0.9719808375 0.5409888953124999 1 0.6551438296875001 1
0 0.4475801953125 0.675022465625 0.5436562171875 0.70298075 0.54267395625 0.6489764359375 0.4517277828125 0.6267925937500001 0.4475801953125 0.675022465625
0 0.5581141953125 0.7077997093749999 0.64236844375 0.7069517734375 0.6421529703125 0.6669510234375 0.55875105625 0.6495531453125001 0.5581141953125 0.7077997093749999
0 0.6552136265625 0.6530134484375 0.726077690625 0.6691015 0.733434990625 0.6231369296875 0.6527770125 0.6017521796875 0.6552136265625 0.6530134484375
0 0.6776594484375 0.6166208140625 0.736974234375 0.6224038203125 0.7371168 0.568654878125 0.6752513484375 0.55460975 0.6776594484375 0.6166208140625
0 0.9988607484375001 0.30076190625 0.8860342265625001 0.31511727968750003 0.8872097562500001 0.35687260468750004 0.99861524375 0.35719037187499997 0.9988607484375001 0.30076190625
0 0.9985858171875 0.363954134375 0.883039978125 0.3528527328125 0.8779038171875 0.41007782031250006 0.9983503609375 0.41807299374999995 0.9985858171875 0.363954134375
0 0.9983084124999999 0.4277140984375 0.869206221875 0.41578627343749996 0.8657176874999999 0.45801933124999994 0.998120878125 0.4708191390625 0.9983084124999999 0.4277140984375
0 0.9980959125 0.47655725000000004 0.9963908296874999 0.47539279062500006 0.8732619484375 0.46280530156250005 0.8663989296875 0.5042722671875 0.9862895875 0.5253442390624999 0.9978548046875 0.5319752671875 0.9980959125 0.47655725000000004
0 0.8043593296875 0.85897374375 0.8933568703124999 0.8883982390625 0.899453090625 0.8329277156250001 0.8006331296875 0.8089563078124999 0.8043593296875 0.85897374375
0 0.7898665171875 0.9279041046875 0.8835566437500001 0.9461010640625 0.8799952 0.8945844296875001 0.7993372265625001 0.8731996796875 0.7898665171875 0.9279041046875
0 0.7823444562499999 0.975367878125 0.8715352703124999 0.9925433781249999 0.8732684390625 0.9453019765624999 0.785367209375 0.9268826390625 0.7823444562499999 0.975367878125
0 0.8858855125 0.977361959375 0.9536563656249999 0.9857055234375001 0.9583610265625 0.942897075 0.88860725625 0.92112534375 0.8858855125 0.977361959375
0 0.8903626265625 0.9261336859375 0.9582683484375 0.9437403718749999 0.9644414046875 0.88757075625 0.8946749734375 0.8764046046875 0.8903626265625 0.9261336859375
0 0.9030145265625 0.8844443546875 0.9642744437499999 0.8890899250000001 0.9708312609374999 0.8294284296875001 0.9044752046875001 0.8187017734375001 0.9030145265625 0.8844443546875
0 0.9337270046875 0.7623417609375001 0.9768528218749999 0.774637296875 0.9819368390625 0.72837699375 0.94253865625 0.7136341453124999 0.9337270046875 0.7623417609375001
0 0.947396 0.7009074187500001 0.982930865625 0.7193321984375001 0.9879915734375 0.6732839703125 0.9557133609375 0.6566974125 0.947396 0.7009074187500001
0 0.2549210515625 0.2041063609375 0.365017790625 0.21988163906249997 0.367080490625 0.16964183125 0.2534159875 0.165349459375 0.2549210515625 0.2041063609375
0 0.24393897031249998 0.28305340625 0.366107790625 0.293886325 0.3614500390625 0.231364534375 0.24778554375 0.22707215625 0.24393897031249998 0.28305340625
0 0.23836554843750002 0.32327653437500004 0.354057909375 0.35107842499999997 0.3620742609375 0.299117040625 0.2412235390625 0.27629049375000003 0.23836554843750002 0.32327653437500004
0 0.229820078125 0.4534848484375 0.33733764375 0.471747790625 0.33347519062500003 0.4124797796875 0.2380582171875 0.3785246859375 0.229820078125 0.4534848484375
0 0.22873008281249999 0.3794801625 0.33671341718750003 0.403995290625 0.34440024375 0.3550323140625 0.225498165625 0.324965115625 0.22873008281249999 0.3794801625
0 0.1236744 0.1604803546875 0.2372818703125 0.1862723140625 0.228425821875 0.1304804484375 0.12302166562500001 0.1034776390625 0.1236744 0.1604803546875
0 0.24174634374999998 0.2610430984375 0.24062832968749998 0.197816465625 0.12010664374999999 0.17196324999999998 0.12413385625 0.22973206406250002 0.24174634374999998 0.2610430984375
0 0.1212473484375 0.2874678890625 0.228901165625 0.314981425 0.22983902656250002 0.26448625625 0.1194412734375 0.24095959374999998 0.1212473484375 0.2874678890625
0 0.102749521875 0.3508791859375 0.2164932390625 0.3859217265625 0.20382545156249998 0.3123617796875 0.112248734375 0.28542496562499997 0.102749521875 0.3508791859375
0 0.1033737390625 0.4186316859375 0.21810603906249998 0.44467900625 0.2209925484375 0.3869431859375 0.1043401171875 0.35738672031249996 0.1033737390625 0.4186316859375
0 0.21634435624999998 0.5026701984375 0.325452521875 0.5274406921875 0.3278447390625 0.47420248281250005 0.2106980296875 0.449143628125 0.21634435624999998 0.5026701984375
0 0.2132930828125 0.5619052265625 0.31710664375 0.5824004828125 0.319169334375 0.532160675 0.20764676093749998 0.50837865625 0.2132930828125 0.5619052265625
0 0.091488621875 0.47432458125 0.2132994046875 0.4989056921875 0.20943695624999997 0.4396376796875 0.0932217875 0.4270831796875 0.091488621875 0.47432458125
0 0.0465750046875 0.0115100296875 0.0413435703125 0.059111715625000005 0.0968211265625 0.10060263437500001 0.1089787484375 0.0634109015625 0.1183068875 0.062455424999999995 0.0465750046875 0.0115100296875
0 0.11053452187499999 0.14366776718750002 0.037166026562499996 0.0971238609375 0.0302270171875 0.1602630296875 0.0959339734375 0.19259775625 0.11053452187499999 0.14366776718750002
0 0.10589264375 0.19639525625 0.02777314375 0.182591209375 0.0229020734375 0.22691385468749997 0.114777209375 0.2414373375 0.10589264375 0.19639525625
0 0.10267661718750001 0.2571294890625 0.020755909375 0.246442128125 0.014884478125 0.29986724374999996 0.0956203265625 0.3108454359375 0.10267661718750001 0.2571294890625
0 0.090598221875 0.325071371875 0.0139221609375 0.3086235234375 0.008543 0.3575693546875 0.08532580937499999 0.373045884375 0.090598221875 0.325071371875
0 0.0894670734375 0.387815540625 0.0076613390625 0.3655917671875 0.0026078953124999997 0.4115738609375 0.0866090875 0.4348015703125 0.0894670734375 0.387815540625
0 0 0.4633799703125 0.0784279703125 0.4882621625 0.080956434375 0.44427453437500003 0.001918365625 0.4178480171875 0 0.4353035171875 0 0.4633799703125
0 0 0.5335126984375 0.0687925 0.544465790625 0.0811433953125 0.4950250703125 0.0777689171875 0.4942589703125 0.07680885625 0.49250440624999997 0 0.48720200625 0 0.5335126984375
0 0.134092709375 0.7790257734375 0.2869043390625 0.8152547390624999 0.27936639531249996 0.74746924375 0.141478521875 0.72231140625 0.134092709375 0.7790257734375
0 0 0.8157523375 0.0180645046875 0.8172218140625 0.0182641 0.7419732906250001 0 0.739460634375 0 0.8157523375
0 0.1517762875 0.9013593015625 0.2930164484375 0.8750334890625 0.2761218515625 0.8189532609375 0.15032824843749998 0.8411028140625 0.1517762875 0.9013593015625
0 0.020887670312500002 0.8439851046875001 0.1858569171875 0.8430223437500001 0.1757112875 0.7884743078125 0.026023834375 0.78676000625 0.020887670312500002 0.8439851046875001
0 0 0.8723336515625 0.013093109375 0.8729477031249999 0.007941065625 0.8149235234375001 0 0.8141100640625 0 0.8723336515625
0 0.0064690515625 0.9133159531249999 0.1344481046875 0.9423706453125 0.1527870609375 0.944613825 0.1463739390625 0.8770836921875 0.007963265625 0.8671732609375 0.0064690515625 0.9133159531249999
0 0 0.731997425 0.0202127390625 0.7347326390625 0.0806649875 0.614771953125 0.06579826093749999 0.5822012390625 0 0.570149175 0 0.731997425
0 0.4151141734375 0.6723439421874999 0.4598944703125 0.7505584703125 0.44094531249999996 0.817397796875 0.5648133703125 0.851705378125 0.556260390625 0.7817154296875 0.5044132125 0.6833379359375 0.4151141734375 0.6723439421874999
0 0.36033294374999997 0.093869865625 0.31372217812500003 0.095660365625 0.2502669875 0.1029060234375 0.24589804843750002 0.1637761515625 0.290244609375 0.161471615625 0.3452488875 0.167772871875 0.37567854375 0.165401925 0.36033294374999997 0.093869865625
0 0.168366490625 0.109057203125 0.1955369734375 0.115225634375 0.23242759999999998 0.11741459843749999 0.261588021875 0.10547620312499999 0.251708409375 0.0475574703125 0.20316509531250002 0.045816128125 0.1756629609375 0.04266549375 0.1319797125 0.038934425 0.12926905625000001 0.0847155296875 0.168366490625 0.109057203125
0 0.8144882265625 0.311420046875 0.8885437296875001 0.3344188484375 0.894845221875 0.2770805578125 0.81592964375 0.25607149375 0.8144882265625 0.311420046875
0 0.8075234171875 0.3747939421875 0.8725221 0.39573659375000003 0.8720309703125 0.3368561984375 0.8128299390624999 0.3265090703125 0.8075234171875 0.3747939421875
0 0.7901751515625001 0.4481829125 0.8386036734375001 0.49320159375 0.8671581875 0.46566013906250003 0.797082565625 0.40644768593749997 0.7901751515625001 0.4481829125