0 0.714206725 1 0.715457159375 0.938254065625 0.63953424375 0.93037884375 0.5609507921875 0.8973413921875 0.5189985312500001 0.855660428125 0.4448192390625 0.8399547296875 0.4173270515625 0.86693249375 0.42328945156250003 0.9638573921875 0.49919031875000003 1 0.714206725 1
0 0.5205217015625 0.8587161390625001 0.5704756 0.896624825 0.694829253125 0.9393530296874999 0.709640065625 0.9124235125 0.7204325171875 0.849111409375 0.6294432640625 0.8025144640624999 0.5348014062499999 0.779743096875 0.5205217015625 0.8587161390625001
0 0.4344727328125 0.646439096875 0.43793993750000004 0.7100371328125 0.53197553125 0.76274549375 0.6924092328125 0.8240456500000001 0.7276274890625001 0.80690335 0.73706211875 0.732370896875 0.6711600421874999 0.6992852046875 0.6144520906250001 0.6818122234375 0.558129940625 0.645288421875 0.501366875 0.63053698125 0.4537979265625 0.631398253125 0.4344727328125 0.646439096875
0 0.7219406671875 0.6963707234375 0.7283840765625 0.6130053125 0.6402758125 0.5806844156250001 0.593037559375 0.5652164156249999 0.539706628125 0.537525584375 0.545669025 0.63445048125 0.610213275 0.656315825 0.613204496875 0.6651487828125 0.68231825 0.6961812593750001 0.7219406671875 0.6963707234375
0 0.49246837499999996 0.5220575843749999 0.43542973281249997 0.5209138671875 0.36125043749999997 0.5052081687500001 0.2668290453125 0.4715506203125 0.219480559375 0.46152571093750006 0.18071993125000002 0.49705050625 0.1769571046875 0.526319175 0.18548985 0.574590421875 0.22799325312500002 0.5890559343749999 0.27697513906250004 0.5966934640625 0.37482867343750004 0.6174116140625 0.436271475 0.635887090625 0.4462372046875 0.6133981687500001 0.49364080625 0.6207015296875 0.5317951703125 0.615113734375 0.52685990625 0.5457384453125 0.49246837499999996 0.5220575843749999
0 0.44201843749999997 0.5086427890625 0.55369071875 0.5514192296875 0.6276495484375 0.5780111078125 0.7110780796875 0.6066079640625001 0.7417268328125 0.5802985359374999 0.7416917640625 0.5037611078124999 0.67562434375 0.4788400484375 0.6094466984375 0.45936208437500003 0.5323864125 0.42938034375 0.45973028749999995 0.41673035 0.4402948578125 0.4372142890625 0.44201843749999997 0.5086427890625
0 0.647510875 0.379958415625 0.570395475 0.3526982109375 0.544536690625 0.377288584375 0.5622084375 0.443894084375 0.6363877359375001 0.45959977656250006 0.7199816109375 0.48003200625 0.73963749375 0.4486618796875 0.7375281109375 0.39628419843749996 0.647510875 0.379958415625
0 0.42944729531250003 0.5032479390625 0.4291917640625 0.4375966921875 0.33515617343750004 0.38488832500000003 0.2455247390625 0.3495117296875 0.19009945156250002 0.425239603125 0.198466846875 0.4816754875 0.24675228749999997 0.44543413281250005 0.3143979859375 0.47068934999999995 0.3771986140625 0.50038516875 0.42944729531250003 0.5032479390625
0 0.1827792328125 0.3170943671875 0.20513071875 0.387423896875 0.2427539796875 0.329792584375 0.36503331875 0.3966805296875 0.43741386406249994 0.422938240625 0.47578869062500007 0.40646426562500004 0.5390302359375 0.4143877234375 0.53905028125 0.335128753125 0.4698262953125 0.3095393671875 0.4066949828125 0.29617281875 0.33115786406250003 0.2692467828125 0.23380036406250002 0.22403472343750003 0.1827792328125 0.3170943671875
0 0.619487590625 0.3548926453125 0.6889871453125 0.3668743015625 0.7473285 0.381959903125 0.7458253781249999 0.29964522968749996 0.65292715 0.2690433921875 0.574233471875 0.24144902343750002 0.504733909375 0.2294673671875 0.44780549687500004 0.222880565625 0.45083178437500004 0.3082509453125 0.5579896765625 0.3391387171875 0.619487590625 0.3548926453125
0 0.4370130453125 0.28619265625 0.4399691984375 0.2184881984375 0.38996018125 0.1833010484375 0.315836003125 0.1648738125 0.24813518750000002 0.1423401328125 0.22701125000000003 0.167933 0.22912063124999998 0.2203106875 0.26531090625 0.23343954218750002 0.35189600312499997 0.262704734375 0.4370130453125 0.28619265625
0 0.6722723953124999 0.17474356562499999 0.61071936875 0.16171118125 0.5540114125 0.14423819843750002 0.5506143406249999 0.23371501874999998 0.61526881875 0.2501372765625 0.68792494375 0.262787265625 0.74316484375 0.27448299375 0.7465619203125 0.185006175 0.6722723953124999 0.17474356562499999
0 0.27030630625 0.065037915625 0.2261143890625 0.055681325000000004 0.2262045734375 0.1294972109375 0.3034853125 0.1485927765625 0.3679193375 0.17590121718750001 0.4228285484375 0.20392621093750002 0.47806844843749996 0.2156219390625 0.544246096875 0.235099909375 0.5436047671875001 0.1884994765625 0.54454171875 0.14223321718749998 0.476840903125 0.1196995359375 0.40925031250000005 0.09172277031250001 0.33817246875 0.07940695156250001 0.27030630625 0.065037915625
0 0.28875463125 0.719448915625 0.3725138546875 0.73171650625 0.4266715 0.71858416875 0.4266364375 0.642046740625 0.38125203124999996 0.61330518125 0.3100639625 0.6064324453125 0.23120493749999999 0.5870027171875 0.1929954578125 0.5953120546874999 0.19618709375 0.6725178078125 0.23667129843749998 0.70842151875 0.28875463125 0.719448915625
0 0.40740142031250004 0.7309034703124999 0.33610311875 0.72947383125 0.2696498921875 0.723603590625 0.2176216734375 0.7098546453125001 0.185119065625 0.7494376328125 0.18728356562499998 0.7990937703125 0.23565918125000002 0.8366683015625 0.314793784375 0.8424903015625 0.40780224374999996 0.8676490546875 0.4448192390625 0.8399547296875 0.5018027640625 0.8438199875000001 0.518081628125 0.8226677296875 0.516468278125 0.7457961328125 0.4770112078125 0.7374420359375 0.40740142031250004 0.7309034703124999
0 0.15755171875 0.858395909375 0.1853545453125 0.8943478499999999 0.19781546249999998 0.9051858015625 0.23138027499999997 0.96968984375 0.2896113921875 0.9902185421875 0.3562850734375 0.9852026031250001 0.42160093437499996 0.96896631875 0.4122064 0.8849808187500001 0.357297190625 0.8569558125000001 0.292256903125 0.8595843734375 0.227877996875 0.8295543921874999 0.166986346875 0.7838634640625 0.15755171875 0.858395909375
0 1 0.9512611328125 0.9706345421875 0.948100765625 0.8782775109375001 0.8844206031249999 0.8657516624999999 0.884585090625 0.872250371875 0.9131875718750001 0.8793290734375001 0.94003516875 0.896935475 0.9578455968749999 0.9234173609375 0.994434428125 0.9322213234375001 1 1 1 1 0.9512611328125
0 1 0.8676786265624999 0.966935996875 0.86188268125 0.945925346875 0.8508622593749999 0.9200922953124999 0.836004265625 0.9055614171874999 0.85452115625 0.92033668125 0.9045917765624999 0.9568987953124999 0.9273544703125 0.9802104999999999 0.93229016875 1 0.938353 1 0.8676786265624999
0 1 0.7960658078125 0.975983596875 0.7915071390625 0.9440167015625001 0.783800065625 0.9208753812499999 0.77045083125 0.9074735140625 0.7601025359375 0.9057077124999999 0.7935271328125 0.91762774375 0.8232774515625 0.9352909437499999 0.8382833671875 0.9552741250000001 0.8462697171875 0.98174396875 0.8565683015625 1 0.8604335781250001 1 0.7960658078125
0 1 0.713973578125 0.9754810515625 0.7087822703125 0.9456448265624999 0.70340400625 0.9272501765625 0.6976316921875 0.9169617046875 0.7217410421875 0.91424415625 0.7483922109375001 0.9199236359375 0.763677396875 0.9415332218750001 0.7720080968749999 0.9702662500000001 0.7780916265625 0.9886798296875 0.7829291078125 1 0.786898590625 1 0.713973578125
0 1 0.564237584375 0.969930659375 0.5526974874999999 0.94921603125 0.553944734375 0.920350475 0.5544050609375 0.9020246671875001 0.5721184765625 0.9191956421875 0.61143018125 0.9778974265624999 0.6163481140625 1 0.6258333375 1 0.564237584375
0 0.8370014265625001 0.7986959812500001 0.87491285 0.8086005187499999 0.891373034375 0.7754705609375 0.8821447328125 0.747229 0.863132225 0.745081246875 0.8338759937500001 0.737948090625 0.8120960281249999 0.738030934375 0.8039571531249999 0.7635342656249999 0.8169425171875 0.7944489875 0.8370014265625001 0.7986959812500001
0 0.8467563859375 0.6665063609375 0.8819003500000001 0.67864148125 0.8941680375000001 0.6643396453125 0.89019068125 0.6456594578125 0.886326909375 0.6213702343749999 0.8728303859375 0.6156961328125 0.834414690625 0.6038071453125 0.81691499375 0.607612765625 0.815312684375 0.659848903125 0.8467563859375 0.6665063609375
0 1 0.63511049375 0.98954036875 0.632895915625 0.9764534546875 0.6338804640625 0.95631881875 0.6333728125 0.935717778125 0.6290110359375001 0.91623886875 0.62300915 0.8947549203125 0.6353596687499999 0.899835475 0.653334590625 0.9231402984375 0.6854953609375001 0.9485448062499999 0.6946295546875 0.9908879484374999 0.7007781625 1 0.7035697890625 1 0.63511049375
0 1 0.411665096875 0.9848298578125 0.40845318124999996 0.959217096875 0.4096022171875 0.9378656734374999 0.4154088671875 0.92038490625 0.4182796625 0.9197222984375 0.45099898125 0.92678206875 0.478781415625 0.9480199031250001 0.47858378906250004 0.98799315 0.46733139218749997 1 0.47084983124999996 1 0.411665096875
0 0.88449055625 0.41631296406249996 0.8675519234375001 0.4192985359375 0.8616504203125 0.4687467296875 0.8842496078125001 0.4819811875 0.9181458062500001 0.47507520468750003 0.9167156109375 0.4381573859375 0.9156571671875 0.409767903125 0.88449055625 0.41631296406249996
0 0.8440319687500001 0.4246460609375 0.8238594718750001 0.426008084375 0.8234051109375 0.4484441921875 0.820687559375 0.4750953546875 0.8640771078125 0.48334321718749995 0.8593183890624999 0.44947605468749996 0.860894878125 0.42539983125 0.8440319687500001 0.4246460609375
0 0.822742503125 0.4811635234375 0.82465803125 0.5210006265625 0.8373284484375001 0.54058251875 0.84718149375 0.5379744343749999 0.8672971984375 0.539416915625 0.8858622328125 0.5367756921875 0.8885987156249999 0.5091896984375001 0.8863802749999999 0.48430999375 0.8787525515624999 0.4845726984375 0.8585989859375 0.48499989218749995 0.8428582046875001 0.482606 0.822742503125 0.4811635234375
0 0.93102963125 0.5378891984374999 0.96090371875 0.5413977828125 0.95343434375 0.5069567046875 0.9457756421875001 0.48186400625000003 0.9294170062499999 0.48309468750000006 0.90165465 0.48284974687500004 0.8873130874999999 0.49201826562499995 0.8922611187499999 0.5165370421875 0.90814646875 0.5386773078125 0.93102963125 0.5378891984374999
0 0.851656215625 0.8816007109375 0.8125847984375 0.8752059640625 0.8133592703125 0.91761801875 0.8644384890625 0.97631398125 0.90513630625 0.9830530843749999 0.882752253125 0.9323103250000001 0.8695586390625 0.9116788124999999 0.851656215625 0.8816007109375
0 0.8093647046875001 0.819132259375 0.8088724828125 0.8434380484374999 0.8227028890625 0.85951015 0.8354679578124999 0.87441785 0.8507423375000001 0.8729576031249999 0.8665020453125001 0.87441665625 0.856038028125 0.8534242296875 0.8521174625000001 0.8319395234375 0.8530760875000001 0.8114878734375001 0.8281001218749999 0.8080774999999999 0.8140046734374999 0.8050931328125 0.8093647046875001 0.819132259375
0 0.8285731765625 0.72545715 0.836883375 0.72435834375 0.8527999062499999 0.7296338125 0.8537151109375 0.7117250296875001 0.8553341874999999 0.6863431390625 0.8368012921875 0.6738443375000001 0.82192746875 0.671647928125 0.8189076421875001 0.6843472828125 0.8173654125 0.7059343796875 0.8170195874999999 0.7230109578125 0.8285731765625 0.72545715
0 0.8779488296875 0.6882729515625 0.863586753125 0.688090428125 0.8566965140624999 0.700923078125 0.8584360999999999 0.7241577890625 0.86581188125 0.7419164578124999 0.8785042359374999 0.7426982296875 0.8939474437499999 0.744062428125 0.910471778125 0.7466082953125001 0.9155840062499999 0.71243833125 0.91769561875 0.6900190234375 0.90953911875 0.683528246875 0.8941343328125001 0.6802666453125 0.8779488296875 0.6882729515625