0 0.6491205328125 0.833158790625 0.5781626078125 0.8741286875000001 0.4799879671875 0.7691740828125 0.4724200484375 0.790109153125 0.5669545406250001 0.913874428125 0.6447364859375 0.8795778406249999 0.6491205328125 0.833158790625
0 0.6799377484375 0.7633742203125 0.5919495218749999 0.8070776265624999 0.5153379890625 0.7500544015624999 0.5035844 0.7758444124999999 0.5841534671875 0.850160021875 0.6779044187500001 0.8046352640625001 0.6799377484375 0.7633742203125
0 0.6949843375 0.663253709375 0.602780696875 0.69239526875 0.52410608125 0.6572162968749999 0.520753578125 0.6927132203124999 0.594984640625 0.7354776640625 0.69504384375 0.7020872859375 0.6949843375 0.663253709375
0 0.5339652218750001 0.5922896484375 0.6171131375 0.639299928125 0.7259240703125001 0.599669109375 0.7189180296875 0.547962246875 0.62252871875 0.581958753125 0.5509360140624999 0.5507225609375 0.5339652218750001 0.5922896484375
0 0.7129866734375 0.61076449375 0.617628903125 0.6338388687500001 0.5158736296875001 0.5865285 0.5117177140625 0.610800225 0.6132448593750001 0.6802579171875001 0.7182931375 0.6532377859375 0.7129866734375 0.61076449375
0 0.73554168125 0.45087533593750007 0.6291742296875 0.4721313359375 0.5565202265625 0.4324004828125 0.551878296875 0.481550065625 0.6266251296875 0.51885345 0.7358590703125001 0.48697837968749996 0.73554168125 0.45087533593750007
0 0.5674109078125 0.356551703125 0.73780314375 0.3874669671875 0.74167141875 0.34650897812500003 0.5694442328125 0.315290659375 0.5674109078125 0.356551703125
0 0.747166378125 0.1699365390625 0.660378321875 0.141736928125 0.55002358125 0.1262837640625 0.54457824375 0.16420815312499998 0.6525822625 0.18481931875 0.7189280140625 0.2124157859375 0.747166378125 0.1699365390625
0 0.73450025625 0.28431584062500004 0.6448457109375 0.266735290625 0.5465321999999999 0.24217836250000002 0.5384782593749999 0.287991290625 0.650152178125 0.3092085828125 0.72905491875 0.32224023125 0.73450025625 0.28431584062500004
0 0.063702878125 0.5201669453125 0.207314803125 0.5189278953125 0.21379168124999998 0.4700813734375 0.0675711515625 0.4792089609375 0.063702878125 0.5201669453125
0 0.059685840625 0.4640409890625 0.17342283281249998 0.46341401718749997 0.163672821875 0.42852619843750006 0.062780459375 0.4312745984375 0.059685840625 0.4640409890625
0 0.23902468125 0.5186188734375 0.36296795625 0.5085850875 0.3665783484375 0.4703576375 0.24263507343750002 0.4803914234375 0.23902468125 0.5186188734375
0 0.24228792968750001 0.42487159375 0.3814563078125 0.431218021875 0.383747521875 0.3872264453125 0.2516610515625 0.384822796875 0.24228792968750001 0.42487159375
0 0.0668768703125 0.368169290625 0.17378984375 0.36086901718750003 0.1781738921875 0.31444996718749996 0.06813654375 0.335099846875 0.0668768703125 0.368169290625
0 0.2661026140625 0.2319129828125 0.39664177343749996 0.2506998234375 0.39996452968749996 0.19578611562499998 0.2738986671875 0.18883058749999998 0.2661026140625 0.2319129828125
0 0.057434359375 0.1919028953125 0.23909417031250002 0.22190599375 0.23089146718750003 0.1706349828125 0.0604992296875 0.1397197203125 0.057434359375 0.1919028953125
0 0.25520205156250003 0.1302801421875 0.394400178125 0.1560433578125 0.4092483890625 0.09748695 0.27529721875 0.07536345625 0.25520205156250003 0.1302801421875
0 0.06327645937500001 0.070850290625 0.23917354062500001 0.10267473593750001 0.24565041875000002 0.053828214062500004 0.0665992140625 0.0159365828125 0.06327645937500001 0.070850290625
0 0.40445769687500005 0.0495525984375 0.40880445937500004 0.0035283296875000003 0.26542642656250004 0.0022908578125 0.26316673281249997 0.026216851562499997 0.40445769687500005 0.0495525984375
0 0.7887353921875 0.10470087343750001 0.6728460593750001 0.06892173593749999 0.581644203125 0.0677243796875 0.586434896875 0.1156587359375 0.6766052109375 0.127778225 0.7741450703125 0.16052674218750002 0.7887353921875 0.10470087343750001
0 0.4487740921875 0.40905879062499995 0.5290555218749999 0.4666881375 0.5399759484375 0.41025614218750006 0.458405096875 0.36627945624999997 0.4487740921875 0.40905879062499995
0 0.44885346718749997 0.2898275328125 0.5461651890625 0.34472336875 0.5549927859375 0.290718846875 0.46321565624999994 0.25614897812500004 0.44885346718749997 0.2898275328125
0 0.465735 0.1900100765625 0.5444096140625 0.22518904375 0.5577105140625 0.18301583593749998 0.46857173750000003 0.159974225 0.465735 0.1900100765625
0 0.48551278125 0.0989903515625 0.570694021875 0.1047395828125 0.5698311109375 0.054680818750000006 0.48831976250000003 0.049537703125 0.48551278125 0.0989903515625
0 0.421696159375 0.69576468125 0.48758564375 0.767655796875 0.48916270781250004 0.7706893906250001 0.4953817 0.7245734015624999 0.4454909734375 0.66087090625 0.421696159375 0.69576468125
0 0.7500228812499999 0.494863928125 0.8380706109375 0.4899941046875 0.8385268781249999 0.4456994609375 0.7677673296874999 0.445105246875 0.7500228812499999 0.494863928125
0 0.76085405625 0.38018157656249996 0.8489315375 0.3947285328125 0.8488720328125 0.35589495625 0.778886140625 0.3471091484375 0.76085405625 0.38018157656249996
0 0.779828421875 0.277936653125 0.8655551890625001 0.297641615625 0.8759598484375 0.24667068749999999 0.80150065625 0.226053565625 0.779828421875 0.277936653125
0 0.792236659375 0.166287890625 0.8881697031250001 0.176586028125 0.89883224375 0.12288456562500001 0.8084040437500001 0.11349561562499999 0.792236659375 0.166287890625
0 0.695192603125 0.7991712203125 0.7732621890625 0.781560890625 0.77030644375 0.73392959375 0.6972259328125 0.7579101765625 0.695192603125 0.7991712203125
0 0.7254345437499999 0.6960141421875 0.79510304375 0.66869690625 0.7950435437500001 0.6298633296875 0.7287870484375001 0.660517225 0.7254345437499999 0.6960141421875
0 0.7418003109375 0.6016577578125 0.8109232921875 0.560384796875 0.8082551859375 0.5294397578125001 0.743833640625 0.560396709375 0.7418003109375 0.6016577578125
0 0.8229645187499999 0.5512810328125 0.8924048890625 0.5461111203125 0.8934066734374999 0.515772209375 0.8310482109375 0.5248849015625 0.8229645187499999 0.5512810328125
0 0.8128474921875 0.6189382250000001 0.8864735296875 0.60891336875 0.8814249515625001 0.56370954375 0.826148396875 0.5767650171875001 0.8128474921875 0.6189382250000001
0 0.9049321296875 0.5121295109374999 0.9539301921875 0.50635645 0.9515199703125001 0.4726808734375 0.9085425218750001 0.47390206093750004 0.9049321296875 0.5121295109374999
0 0.43369775156249996 0.4897625109375 0.5161017593749999 0.5643811765625 0.5194542671875 0.5288842578125 0.44284273281250003 0.471861028125 0.43369775156249996 0.4897625109375
0 0.45716529218749996 0.241284071875 0.5285001109375 0.275250790625 0.5349769890625 0.22640426875 0.46785758906249997 0.2069993953125 0.45716529218749996 0.241284071875
0 0.858076521875 0.37682705 0.9236188625 0.39319833593750003 0.931414921875 0.3501159453125 0.862490321875 0.349824790625 0.858076521875 0.37682705
0 0.883101259375 0.2894470390625 0.9341921515625 0.28124650625 0.9386059484375 0.254244246875 0.8880308265625001 0.2569837140625 0.883101259375 0.2894470390625
0 0.90442634375 0.182044115625 0.9649796140625 0.1920451484375 0.9701670671875 0.156851290625 0.9075209671875 0.14927773125 0.90442634375 0.182044115625
0 0.991970296875 0.34975163125000003 0.9929839265625 0.3066901921875 0.9575307000000001 0.2906473734375 0.9507959328125001 0.342224428125 0.9890719484374999 0.351319253125 0.991970296875 0.34975163125000003
0 0.807005496875 0.226962746875 0.8824962296875001 0.23665774218750002 0.882952496875 0.1923631046875 0.8161207296875 0.18964447812500002 0.807005496875 0.226962746875
0 0.7063809 0.40446224218750004 0.6329830000000001 0.392339775 0.5225985078125001 0.35746981875 0.5168952859375 0.3981247421875 0.62650611875 0.44118629687500005 0.688894340625 0.45149039062499996 0.7063809 0.40446224218750004
0 0.06146128125 0.425510471875 0.22001067343749997 0.42396538437500003 0.221845621875 0.42426845 0.218889878125 0.376637153125 0.061114140625 0.3699906421875 0.06146128125 0.425510471875
0 0.7674400593749999 0.2315205875 0.6437249140625 0.2194070546875 0.569523603125 0.19605940156249999 0.57354064375 0.2521853578125 0.6466806593750001 0.2670383515625 0.75938611875 0.2773335109375 0.7674400593749999 0.2315205875
0 0.413404203125 0.5862433078125 0.5007972890625 0.6672322203125 0.5146139562500001 0.61959795 0.431178403125 0.5559014062500001 0.413404203125 0.5862433078125
0 0.18467063749999998 0.107538609375 0.034978592187500004 0.07449596093750001 0.050778970312500005 0.1242486875 0.1852756625 0.1603279125 0.23536476718750002 0.182466296875 0.2788579890625 0.17578405 0.18467063749999998 0.107538609375