0 1 0.45169007656250004 0.9386274468750001 0.4277072640625 0.8712704468749999 0.394925296875 0.73934594375 0.3873299390625 0.654029609375 0.442496340625 0.6223039359375 0.48389476875000004 0.617731178125 0.5747096093749999 0.673843375 0.5981991765625 0.7767411453124999 0.58351509375 0.8785015046875 0.609894746875 0.9453900359375 0.64946095 1 0.6710166484375 1 0.45169007656250004
0 1 0.6880467859375 0.9348816484375 0.654095340625 0.8359320359375 0.5870102421875 0.728170446875 0.5983579890625 0.6437235765625 0.5917496203125 0.62879858125 0.684937428125 0.6385936609375 0.73981640625 0.6782405921875 0.7804339125 0.7543208515625001 0.7852507421875 0.8387908265625 0.8652992578125 0.8697588390625001 0.90864805 0.9493418984374999 0.9119200828125 0.9887043625 0.9203487750000001 1 0.756763934375 1 0.6880467859375
0 0.9669170328125001 1 0.98600505625 0.95944050625 0.9879765359375 0.9308892578125001 0.9029129843750001 0.92033705 0.8559481578125 0.8873319609375001 0.8035392578125 0.8348023359375001 0.7533839390625 0.7988192203125 0.6780844390625 0.7826953234375 0.6255424921875 0.8058672578125 0.557227334375 0.8853277796875 0.5471661531249999 0.981851934375 0.6505153421875 1 0.9669170328125001 1
0 1 0.2435434171875 0.943801709375 0.2544066265625 0.9103352656249999 0.24724044531249997 0.8750836890624999 0.216743521875 0.82142558125 0.182305203125 0.775933571875 0.1771536921875 0.69588205625 0.1806658953125 0.6259822828125 0.20930039531250003 0.6246443671875 0.2778594125 0.649187040625 0.3404859890625 0.689302428125 0.3743192578125 0.7390336375000001 0.39185276406249997 0.7839453875 0.380816071875 0.8381163062500001 0.3832363015625 0.8744609390625 0.3979033296875 0.9397205078124999 0.41187737343749997 0.9784748750000001 0.44082950624999995 1 0.44653581875 1 0.2435434171875
0 1 0.1271195109375 0.6828918390625 0.0592170875 0.6727447453125001 0.09768659375 0.665606109375 0.176477753125 0.727831334375 0.1852123515625 0.7876468265625001 0.1796618578125 0.8592873875 0.19959195624999998 0.8927094796875 0.23199198281250002 0.9237218390624999 0.2501069171875 1 0.2436659015625 1 0.1271195109375
0 0.4607918265625 0.16704358749999998 0.55679580625 0.1784215390625 0.6139123703125 0.2365489171875 0.649921596875 0.1822986265625 0.6639789078125 0.075295746875 0.6659396578125001 0.0732809234375 0.5943412421875001 0.040255735937499995 0.522442721875 0.02486009375 0.3982679234375 0.01895131875 0.393702790625 0.154972653125 0.4607918265625 0.16704358749999998
0 0.6134575890625 0.2412714125 0.6139123703125 0.2365489171875 0.54477025 0.180436203125 0.4839060359375 0.1765827359375 0.4057283515625 0.1529579890625 0.379870859375 0.23233057656249997 0.39113875781249996 0.3150631265625 0.44635839062500005 0.32688731875 0.51282283125 0.34800390625 0.564651471875 0.38434533593750003 0.5890823421875 0.42399946718750003 0.6031378828125 0.39258643437499996 0.6258048828125 0.31023581875 0.6134575890625 0.2412714125
0 0.5379476203125 0.5989328406250001 0.5749168625000001 0.604554225 0.5950410765624999 0.583620071875 0.6154101484375001 0.509956796875 0.6082331296875 0.43990674218750003 0.607176584375 0.4324636921875 0.6000591890625 0.41258084687499996 0.5609925203125 0.3881515390625 0.5237553265625 0.3618191375 0.4711459234375 0.33678477500000004 0.4227757296875 0.32413241249999997 0.36918506875 0.33790038437500003 0.33924452031249996 0.40262955468749995 0.34471169375 0.495594253125 0.4003997859375 0.500634203125 0.458809915625 0.5154364171875 0.4980327375 0.5376043125 0.5379476203125 0.5989328406250001
0 0.6119323062500001 0.7570559015625 0.6152115 0.709566225 0.6219934874999999 0.660531753125 0.6120422546875 0.6079141921875 0.541762721875 0.5928652249999999 0.4997060609375 0.5379626203125001 0.4315682984375 0.5164877203125 0.3624936328125 0.508581296875 0.308702471875 0.54984454375 0.32222395625 0.649123609375 0.385922 0.6857117796875001 0.4566699953125 0.6939765109375 0.521372403125 0.7652025 0.550086834375 0.7920047796875 0.5754989765625 0.7928565828125 0.5941060203124999 0.769302709375 0.6119323062500001 0.7570559015625
0 0.492258821875 0.9655049171875 0.5318382984375 0.9579161265625 0.5385759390625 0.9341155062500001 0.55524170625 0.8894922968750001 0.5413524765625 0.8182055984375 0.5570480812499999 0.8141490390625 0.513786553125 0.752103890625 0.48690159218750007 0.72339850625 0.4373265328125 0.70360359375 0.3470114796875 0.659021065625 0.3203501296875 0.6762605609375 0.29699106875000003 0.7194505437500001 0.3439789953125 0.825895775 0.3834697734375 0.8687746921875 0.418609540625 0.8762991765624999 0.44507039531250003 0.8865549453125 0.46642257656249997 0.94620349375 0.492258821875 0.9655049171875
0 0.3309185484375 0.031375846875 0.3610383515625 0.03782540625 0.392987625 0.0423718625 0.3982374921875 0.01894986875 0.23323003281250002 0.011098098437499999 0.2547939359375 0.0517928734375 0.275342265625 0.049308340625 0.30807229375 0.04254773125 0.3309185484375 0.031375846875
0 0.40418068125 0.097090753125 0.386338403125 0.05847404375 0.385135665625 0.0581309171875 0.325859959375 0.050945840625 0.28202353593749996 0.056246181250000006 0.23731266562500003 0.0742104390625 0.21637682656249999 0.1413267640625 0.235225959375 0.2224698953125 0.265211596875 0.201352528125 0.29846368125 0.1919498796875 0.3413007296875 0.2011225828125 0.36682467343749997 0.2249468296875 0.3890282015625 0.19849131874999998 0.40118256093750004 0.140509890625 0.40418068125 0.097090753125
0 0.38210355625000003 0.2594284609375 0.36777061718750004 0.2289959015625 0.3644206859375 0.229590384375 0.36803840781249997 0.22704260468749998 0.30854833125000003 0.203288709375 0.247684125 0.199435246875 0.21486076562499998 0.24197553906249997 0.20379522187500002 0.3038618734375 0.219519834375 0.2925419453125 0.266033571875 0.2878149015625 0.310298721875 0.315652209375 0.3451577859375 0.361670065625 0.3796945609375 0.313989028125 0.38210355625000003 0.2594284609375
0 0.3370193984375 0.420511434375 0.3343940921875 0.36174745 0.3384644953125 0.3602368296875 0.3196338421875 0.33784581875 0.29143258906249997 0.313448275 0.25457477812499996 0.29637650625 0.2129514671875 0.2892995828125 0.1869108421875 0.3516510546875 0.196424846875 0.41060057656250004 0.23044494375000002 0.449095275 0.286258321875 0.4867489171875 0.3242049515625 0.5077255984375 0.33594906875 0.4753586484375 0.3370193984375 0.420511434375
0 0.15237554375 0.537023428125 0.162728528125 0.603496109375 0.21193806093749998 0.6580944828125 0.2827804875 0.7338480281249999 0.30782173749999997 0.6859695875 0.3129974875 0.6503602749999999 0.3116223515625 0.6486252859375 0.30285887499999997 0.6004564015625 0.265947096875 0.5448195984375 0.17888037968749998 0.48762250625 0.15237554375 0.537023428125
0 0.2086361375 0.666566840625 0.17377707656250002 0.620548978125 0.1456652625 0.6145293953125 0.1186962265625 0.650979753125 0.11905399218749999 0.724491565625 0.17775904843749998 0.7792873359375 0.2296813828125 0.8142719062499999 0.29156344375 0.86240445 0.3004626375 0.8299175328124999 0.3037887703125 0.7640488515625 0.263200303125 0.7223117968749999 0.2086361375 0.666566840625
0 0.2205347171875 0.06143836875000001 0.2261667375 0.01076199375 0.0882901859375 0.0042012312500000005 0.0844913109375 0.0249638515625 0.1082663421875 0.074115928125 0.16536442812500002 0.0734911921875 0.2151446125 0.08047886875 0.2205347171875 0.06143836875000001
0 0.2179468515625 0.0792430328125 0.16670308125 0.07377783593750001 0.1144599515625 0.08278569218750001 0.0814222296875 0.108757159375 0.092988946875 0.1773256265625 0.1216544078125 0.21467373125 0.1561202265625 0.2073668578125 0.1893723109375 0.197964209375 0.22417741093750002 0.2054170328125 0.22888895625 0.1568571484375 0.2287455484375 0.0999141640625 0.21912615781250003 0.0796102359375 0.2179468515625 0.0792430328125
0 0.1810565203125 0.35774099375 0.20388466562500002 0.3222398296875 0.21495020937499998 0.2603534890625 0.198832359375 0.21834869218750003 0.197493696875 0.21806204375 0.085939375 0.2400719015625 0.0646642578125 0.2924285390625 0.0994338796875 0.3200684453125 0.1810565203125 0.35774099375
0 0.06002070625 0.025231598437500002 0.0837417828125 0.0358186375 0.0892261578125 0.00424576875 0.0412991015625 0.0019651921875 0.039768803125 0.024127115625 0.06002070625 0.025231598437500002
0 0.0672331125 0.7023803296875 0.10284133437500001 0.7031205828125 0.12086812499999999 0.66337850625 0.1380023546875 0.61197105 0.13160473749999999 0.5789286984375 0.08659781875 0.5940792421875 0.0279871890625 0.606772290625 0.0131480234375 0.615732609375 0.015461714062500001 0.724084471875 0.0370689640625 0.72116463125 0.0672331125 0.7023803296875
0 0.0741925 0.5524104390625 0.12486062499999999 0.5563754609375 0.16098165312499998 0.525097609375 0.1712664390625 0.474518340625 0.1399417734375 0.46092623125000004 0.08168779375 0.4438626046875 0.0177892453125 0.4347696984375 0.009919165625 0.4645225984375 0.010502826562500001 0.4918558296875 0.022944117187499998 0.5322572203125 0.0741925 0.5524104390625
0 0.0293368140625 0.1752045390625 0.04076669375 0.17578209843749998 0.075482359375 0.16485697187499998 0.0871281609375 0.1191588296875 0.0853873875 0.07059423125 0.054999629687499996 0.0434336375 0.0386770203125 0.039938478124999996 0.0293368140625 0.1752045390625
0 0.068723471875 0.28733159375 0.0786959515625 0.241275153125 0.0711544515625 0.20294268125 0.0289970640625 0.18012481875 0.0223824109375 0.27591903906250004 0.033896004687499995 0.275284275 0.068723471875 0.28733159375
0 0.0117893984375 0.42932841718750003 0.035415028125 0.450018159375 0.0541782296875 0.4242028734375 0.0662924921875 0.37172050625 0.044561946875 0.31461569843750004 0.0432669796875 0.3117136375 0.0205336890625 0.30269249375 0.0117893984375 0.42932841718750003
0 0.135685028125 0.8914465609375 0.1453008546875 0.8751468015625001 0.1449454765625 0.7792433796875 0.1020162265625 0.73966149375 0.0193988265625 0.731150021875 0.015669101562500003 0.7337967359374999 0.017846181250000002 0.8357511375 0.04128691875 0.8322206265625001 0.0998088515625 0.8699952859375 0.135685028125 0.8914465609375
0 0.1604725609375 0.9013440171875 0.326087890625 0.9351286312499999 0.3344306203125 0.8904018359375 0.26053648749999997 0.853925225 0.16305968906249999 0.8146936984375 0.1604725609375 0.9013440171875