0 0.42293233125 0.6005290999999999 0.45488721875 0.5423280421875 0.415413534375 0.5264550265625 0.3853383453125 0.497354496875 0.3458646609375 0.4894179890625 0.313909775 0.5052910046875 0.28571428593750003 0.552910053125 0.2462406015625 0.6137566140625 0.2481203 0.6666666671875 0.28571428593750003 0.7010582015625 0.33270676718750003 0.7354497359375001 0.3778195484375 0.7539682546875001 0.3853383453125 0.6878306875 0.396616540625 0.6322751328125 0.42293233125 0.6005290999999999
0 0.599624059375 0.621693121875 0.5657894734375 0.5925925921874999 0.5375939843750001 0.5767195765625 0.51691729375 0.5449735453125 0.46428571406249997 0.5238095234375 0.437969925 0.5740740734374999 0.413533834375 0.621693121875 0.3947368421875 0.671957671875 0.3928571421875 0.7275132281250001 0.42481202968750004 0.7566137562499999 0.47556390937500004 0.7830687828125 0.5206766921875 0.8174603171875001 0.5432330828125 0.8015873015625001 0.5582706765625 0.7513227515625001 0.5733082703125 0.6772486765625 0.599624059375 0.621693121875
0 0.313909775 0.724867725 0.28195488750000003 0.6957671953125 0.26127819531249996 0.671957671875 0.23308270625 0.674603175 0.2199248125 0.708994709375 0.23496240625000003 0.7539682546875001 0.2631578953125 0.7671957671875 0.29511278124999996 0.7857142859375 0.3157894734375 0.8042328046874999 0.3571428578125 0.8174603171875001 0.353383459375 0.7433862437500001 0.313909775 0.724867725
0 0.5319548875 0.8730158734375 0.5338345859375 0.846560846875 0.524436090625 0.8333333328125001 0.4887218046875 0.8148148140625 0.46428571406249997 0.791005290625 0.43421052656250003 0.7698412703125 0.40789473750000005 0.7433862437500001 0.383458646875 0.7433862437500001 0.3627819546875 0.7698412703125 0.368421053125 0.809523809375 0.40789473750000005 0.841269840625 0.445488721875 0.8677248671875001 0.48120300781249997 0.9021164015625001 0.5281954890625 0.9259259265625 0.5225563906249999 0.9047619046875001 0.5319548875 0.8730158734375
0 0.34648394374999997 0.877313984375 0.34331970625 0.860613846875 0.34331970625 0.8327802796875 0.3488571203125 0.8205335125 0.330662759375 0.8116267718750001 0.3124683953125 0.8027200265625 0.27845285 0.7849065453125 0.2610495453125 0.772659778125 0.24522836093749997 0.7615263546875 0.2286161171875 0.7581863234374999 0.2175412890625 0.771546434375 0.211212815625 0.7915866031250001 0.2127949328125 0.8149667984375 0.234153534375 0.827213565625 0.2689601390625 0.8450270468750001 0.30613992031250004 0.8684072437499999 0.331453815625 0.8817673546875 0.34648394374999997 0.877313984375
0 0.49718549999999995 0.9999249421874999 0.5015531656250001 0.9825082171874999 0.49936933437500003 0.9415276875 0.498641390625 0.9128413171875 0.48335457187499997 0.893375565625 0.46224420625 0.8780078671875 0.44113384218749996 0.8626401687499999 0.4251190828125 0.8513705187499999 0.40910432343750003 0.83497830625 0.38289835 0.821659634375 0.361787984375 0.8196106078125001 0.34941294375 0.8319047671875 0.3472291125 0.8544440578125 0.3530526609375 0.8718607890625 0.365427703125 0.8892775125 0.38289835 0.9046452109375 0.40910432343750003 0.9271845031250001 0.4258470265625 0.9384541484375 0.46370009375 0.971238571875 0.48335457187499997 0.997875915625 0.49718549999999995 0.9999249421874999
0 0.79448259375 0.8138225984374999 0.8072968312500001 0.7619724078125001 0.8040932703125 0.7078678578125001 0.7736594625000001 0.6740525125 0.74002209375 0.65376330625 0.7015793875 0.6199479625000001 0.66794201875 0.6019131109375 0.6407117703125 0.665035084375 0.624693978125 0.7304114187499999 0.61348151875 0.78451596875 0.6198886390625 0.822840021875 0.6599331234375 0.8679271484375001 0.6951722703125001 0.8994881328125001 0.7448274328125 0.9355578359375001 0.7816683609374999 0.971627534375 0.788075478125 0.8746902171875 0.79448259375 0.8138225984374999
0 0.4757284890625 0.44861688906249997 0.4981534015625 0.4170559 0.47092314999999996 0.3945123390625 0.4404893421875 0.378731846875 0.40525019531249995 0.358442640625 0.3748163875 0.3832405609375 0.3523914734375 0.41480154531249996 0.325161221875 0.45763431250000003 0.3523914734375 0.47792351875000005 0.3716128265625 0.493704015625 0.40525019531249995 0.50497579375 0.430878665625 0.5432998515625 0.4549053578125 0.525265 0.45971069531250003 0.480177878125 0.4757284890625 0.44861688906249997
0 0.595861946875 0.5478085609375001 0.5926583875 0.507230153125 0.6022690640625 0.45988867187500004 0.5830477109375 0.44410817500000005 0.5654281359375 0.42381896875 0.5333925484375001 0.41029283593750004 0.5093658578125 0.3900036296875 0.4981534015625 0.42607332812500004 0.4837373875 0.466651740625 0.464516034375 0.4959583703125 0.46291425156250005 0.50497579375 0.464516034375 0.5320280687500001 0.49975517968750005 0.5387911375 0.5349943265625 0.5500629203125 0.5606227968749999 0.5680977671874999 0.5830477109375 0.5883869734375 0.595861946875 0.5478085609375001
0 0.7704559015625 0.6312197453125 0.776863021875 0.57936955 0.775261240625 0.5387911375 0.7736594625000001 0.493704015625 0.7560398875 0.473414809375 0.7159954015625 0.4689060953125 0.682358034375 0.453125603125 0.653526003125 0.44185382031250003 0.648720665625 0.4689060953125 0.63430465 0.520756290625 0.624693978125 0.5568259890625 0.6182868578125 0.5838782640625 0.6182868578125 0.606421825 0.6599331234375 0.6109305390624999 0.679154478125 0.6041674703125001 0.704782946875 0.6154392484375 0.7256060796875 0.6312197453125 0.7704559015625 0.6312197453125
0 0.9194213906250001 0.66728944375 0.9002000375 0.6334741 0.9050053765625 0.5951500421875 0.89859825625 0.5387911375 0.8825804625 0.51850193125 0.8537484328125 0.5162475765625001 0.8281199625 0.5094845078125 0.79448259375 0.4891953015625 0.7912790375000001 0.525265 0.7848719171874999 0.58613261875 0.7800665796875 0.6379828140625 0.8121021687500001 0.6582720156249999 0.8521466546875001 0.66728944375 0.880978684375 0.6875786515625 0.9066071546875 0.712376565625 0.9418462999999999 0.7213939953125 0.940244521875 0.692087359375 0.9194213906250001 0.66728944375
0 0.8569519921875 0.371968778125 0.8361288609375 0.3629513546875 0.8169075078124999 0.3877492703125 0.8040932703125 0.40803847656250003 0.8056950484375 0.44410817500000005 0.8056950484375 0.47792351875000005 0.8017634093750001 0.48161246562500004 0.826518184375 0.473414809375 0.8505448765624999 0.4891953015625 0.8729697859375 0.50497579375 0.90340359375 0.507230153125 0.922624946875 0.480177878125 0.922624946875 0.453125603125 0.91621783125 0.419310259375 0.896996478125 0.4035297671875 0.8745715671875001 0.38098620156249996 0.8569519921875 0.371968778125
0 0.5141711953125 0.30208373593750004 0.48694094374999997 0.2885575984375 0.464516034375 0.28630324375 0.45010001875 0.2885575984375 0.430878665625 0.32011858125 0.40845375156249997 0.344916503125 0.42286976718749997 0.3697144234375 0.451701796875 0.378731846875 0.485339165625 0.3832405609375 0.506162296875 0.3900036296875 0.536596109375 0.3539339265625 0.543003225 0.3223729421875 0.5141711953125 0.30208373593750004
0 1 0.5297737140625001 0.98829790625 0.5027214390625 0.9594658765625 0.486940946875 0.9098107140625 0.486940946875 0.89859825625 0.5342824234375 0.9114124921875 0.58613261875 0.914616053125 0.6492545921875 0.9434480828125 0.685324290625 0.969076553125 0.7033591421875001 0.9963067999999999 0.6943417203125 0.9979085828125 0.6424915234374999 1 0.6086761796875 1 0.57936955 1 0.5297737140625001
0 0.62880040625 0.462740396875 0.6295198578125001 0.436413809375 0.630958759375 0.41211234374999994 0.6439088828124999 0.387810878125 0.6467866875 0.361484290625 0.6280809546875 0.3422456296875 0.5964250984375 0.3300949 0.583474978125 0.3219944125 0.55901363125 0.319969290625 0.548941315625 0.3341451421875 0.538868996875 0.357434046875 0.535271740625 0.38578575625 0.5359911921875 0.3847731953125 0.5496607671875 0.402999296875 0.5734026578125 0.42021283125000003 0.591388940625 0.429325884375 0.605058515625 0.4333761265625 0.6108141234375 0.470840884375 0.62880040625 0.462740396875
0 0.697148275 0.3442707515625 0.6985871796875001 0.324019534375 0.695709371875 0.2926301421875 0.7000260828125 0.279466846875 0.6906732140625 0.264278434375 0.6705285796875 0.257190503125 0.656859003125 0.2460523328125 0.6388727249999999 0.24301465156250002 0.627361503125 0.264278434375 0.6201669921875 0.28857989375000004 0.6086557703125 0.3300949 0.6093752218749999 0.332120021875 0.6280809546875 0.3402205078125 0.6439088828124999 0.348321 0.658297909375 0.365534534375 0.6770036390625 0.38173551250000004 0.6885148609375 0.3624968515625 0.697148275 0.3442707515625
0 0.5885111359375 0.324019534375 0.601461259375 0.3159190421875 0.6100946734375 0.3037683125 0.6165697328124999 0.283517090625 0.6115335749999999 0.2723789203125 0.5985834515625 0.253140259375 0.58563333125 0.24706489375000001 0.57196375625 0.2369392859375 0.5561358265624999 0.22782623281249997 0.5482218640625 0.23592672499999998 0.5395884468750001 0.249090015625 0.5273577781250001 0.2652909953125 0.5223216203125001 0.283517090625 0.5194438124999999 0.2926301421875 0.5367106421875001 0.305793434375 0.5482218640625 0.312881359375 0.5582941796875 0.3179441640625 0.5734026578125 0.3209818515625 0.5885111359375 0.324019534375
0 0.6216058953125 0.1994745234375 0.6093752218749999 0.1903614765625 0.5971445484375 0.1842861109375 0.5928278421875001 0.1944117203125 0.5813166234375 0.2085875765625 0.5683665 0.2217508671875 0.5699735859375 0.2257090640625 0.5827555265625 0.2389644078125 0.5964250984375 0.24807745468750003 0.6100946734375 0.2602281859375 0.6237642484375 0.2652909953125 0.6316782109375 0.253140259375 0.635275465625 0.2369392859375 0.6417505296875 0.2217508671875 0.6453477859375 0.2085875765625 0.6323976609375 0.2055498890625 0.6216058953125 0.1994745234375
0 0.724487425 0.2237759890625 0.7172929140625001 0.211625259375 0.7029038875 0.2035247671875 0.687075959375 0.196436840625 0.6755647375 0.18732379375 0.6611757140625001 0.18732379375 0.6590173609375001 0.1954242796875 0.658297909375 0.21365038125 0.6467866875 0.2298513546875 0.656859003125 0.24807745468750003 0.6705285796875 0.24807745468750003 0.69355101875 0.259215625 0.708659496875 0.26832867656250003 0.71513455625 0.25415282031249997 0.7216096203125 0.24098952968749998 0.724487425 0.2237759890625
0 0.6381532703125 0.1660600109375 0.635275465625 0.1468213484375 0.61513083125 0.1377083015625 0.5949861953125 0.1336580578125 0.5777193640625 0.1316329359375 0.574122109375 0.1559344015625 0.562610890625 0.178210740625 0.56404979375 0.2035247671875 0.582036075 0.1994745234375 0.595705646875 0.1822609890625 0.612972478125 0.18732379375 0.630958759375 0.1984619625 0.6345560156250001 0.1802358671875 0.6381532703125 0.1660600109375
0 0.8065048687499999 0.348321 0.8014687109375 0.3290823390625 0.7921158421875 0.3027557515625 0.787079684375 0.279466846875 0.774129559375 0.2602281859375 0.7554238265625 0.2511151375 0.7316819359375 0.2521276984375 0.723048521875 0.25820306406250004 0.7144151046875 0.2703537984375 0.7029038875 0.29465526406250003 0.7000260828125 0.324019534375 0.708659496875 0.33313258125 0.72089016875 0.34325819062499996 0.74247370625 0.34629587812499996 0.765496146875 0.3554089265625 0.7885185859375 0.3624968515625 0.8065048687499999 0.348321
0 0.9252143265624999 0.312881359375 0.91945871875 0.293642703125 0.9079474968750001 0.28149196875000004 0.8892417625 0.2693412375 0.8712554812500001 0.26124074531249997 0.8611831656250001 0.253140259375 0.84175798125 0.25415282031249997 0.8352829203125 0.2744040421875 0.8352829203125 0.3027557515625 0.8331245640624999 0.348321 0.838160725 0.361484290625 0.8597442624999999 0.36755965625 0.8798888984375001 0.38173551250000004 0.9065085937499999 0.383760634375 0.921617071875 0.3746475875 0.925933778125 0.34629587812499996 0.9252143265624999 0.312881359375
0 0.8065048687499999 0.2652909953125 0.810821575 0.24807745468750003 0.8115410265625 0.226813671875 0.7978714546875 0.2187131859375 0.782762978125 0.20656245 0.7640572437500001 0.1974494015625 0.75038766875 0.1923865984375 0.734559740625 0.1923865984375 0.7331208390625 0.20757501562499997 0.7295235828125 0.22478855000000003 0.7273652296875001 0.24807745468750003 0.726645778125 0.24807745468750003 0.7338402890625 0.257190503125 0.752546021875 0.25820306406250004 0.7712517562500001 0.26630355625 0.7892380375 0.2825045296875 0.8065048687499999 0.297692946875 0.8065048687499999 0.2652909953125
0 0.7194512671875 0.1842861109375 0.7223290718750001 0.1620097671875 0.7144151046875 0.14985903125 0.6949899203125 0.14479622812499998 0.677723090625 0.1417585453125 0.6626146171875 0.1397334234375 0.658297909375 0.151884153125 0.658297909375 0.17011025468750002 0.644628334375 0.1883363546875 0.6417505296875 0.2096001375 0.6539812 0.215675503125 0.6633340671875 0.189348915625 0.687075959375 0.19137403749999998 0.7029038875 0.1994745234375 0.7172929140625001 0.2096001375 0.7194512671875 0.1842861109375
0 0.3509356015625 0.3321299421875 0.3646380796875 0.318201915625 0.37529555625 0.28820307968750003 0.366160575 0.27320366093750004 0.3349493828125 0.26034702187500003 0.3151569171875 0.2571328578125 0.2930807109375 0.25606147031250004 0.27861698437500004 0.26463256562500004 0.26719825625000004 0.283917534375 0.2413158046875 0.29891694687500003 0.2359870640625 0.32463023281250003 0.23750955937499998 0.32998716875 0.24055455625 0.34177242343750003 0.2451220484375 0.35141490468750003 0.2710045 0.35141490468750003 0.2930807109375 0.356771840625 0.3220081546875 0.3492721328125 0.3509356015625 0.3321299421875
0 0.3471293609375 0.38891345 0.36235433125 0.3728426453125 0.38214679375 0.362128778125 0.388998034375 0.3482007453125 0.3867142859375 0.32463023281250003 0.37529555625 0.31498775156250003 0.357025590625 0.32355884687500003 0.3433231171875 0.33534410625 0.3334268828125 0.3492721328125 0.310589428125 0.3589146140625 0.28013948437499997 0.362128778125 0.2573020265625 0.35462906875 0.2428383 0.3610573921875 0.23218082343750002 0.38891345 0.2413158046875 0.41248396249999997 0.25349578125 0.41784089375000005 0.274049496875 0.41784089375000005 0.2968869515625 0.41248396249999997 0.32124690624999996 0.41784089375000005 0.33418813125 0.401770090625 0.3471293609375 0.38891345
0 0.2907969625 0.46712469375000004 0.312111925 0.46926746562500005 0.3273368953125 0.46605330624999997 0.33114313906250004 0.44355417968750005 0.3463681125 0.42212644375 0.360831834375 0.40284148125 0.37453430781249997 0.3878420640625 0.387475534375 0.3632001640625 0.35626434218749997 0.38569929062499997 0.347890609375 0.39855593125 0.3326656359375 0.40712702656250005 0.32276940625 0.4167695078125 0.28927446562500003 0.419983671875 0.2710045 0.42319783125 0.2519732859375 0.419983671875 0.24055455625 0.425340603125 0.239032059375 0.4339116984375 0.2397933078125 0.4510538890625 0.2443608 0.46712469375000004 0.255018278125 0.46712469375000004 0.276333240625 0.46712469375000004 0.2907969625 0.46712469375000004
0 0.2976482 0.5249795875000001 0.310589428125 0.5249795875000001 0.3151569171875 0.5142657203125001 0.3182019140625 0.4960521421875 0.3220081546875 0.47890995312499995 0.3189631609375 0.473553015625 0.3037381875 0.473553015625 0.2915582109375 0.473553015625 0.276333240625 0.473553015625 0.263392015625 0.473553015625 0.2519732859375 0.4799813390625 0.248167040625 0.48426688437500004 0.2466445453125 0.4992663015625 0.2519732859375 0.5185512640625001 0.2595857703125 0.5206940375 0.28013948437499997 0.5228368140625 0.2976482 0.5249795875000001
0 0.4856766046875 0.28713169375 0.5024240718749999 0.276417825 0.5092753125 0.26034702187500003 0.497095334375 0.247490375 0.47349662812500004 0.221777090625 0.4605553984375 0.211063221875 0.4498979203125 0.21427738125 0.43315045156250004 0.21856293125 0.42020922499999996 0.226062640625 0.4057455 0.2389192796875 0.40117801093749994 0.25499008437500004 0.4057455 0.26998950312500003 0.4186867296875 0.276417825 0.43238920312499995 0.2924886296875 0.44380793281250003 0.29784556093750003 0.4605553984375 0.293560015625 0.4856766046875 0.28713169375
0 0.53972525625 0.2367765078125 0.551143984375 0.2249912546875 0.5625627109375 0.21213460781250001 0.5480989890625 0.19284964531249998 0.5267840265625 0.17999300000000001 0.510036559375 0.1757074546875 0.506230315625 0.19070687343749998 0.4963340828125 0.19392103125 0.4803478640625 0.20892045 0.4818703609375 0.2099918359375 0.46816788750000005 0.221777090625 0.482631609375 0.2303481859375 0.49937907968750006 0.2389192796875 0.5077528124999999 0.2485617625 0.526022778125 0.25606147031250004 0.53972525625 0.2367765078125
0 0.7710795828125 0.20404930625 0.781204053125 0.206899153125 0.7957832890625001 0.21715861875 0.7957832890625001 0.206899153125 0.7929484359375001 0.196069725 0.792543459375 0.1829604125 0.7909235453125001 0.1692811265625 0.789303628125 0.15959163437499999 0.7775592437500001 0.155601846875 0.7706746046874999 0.15161205312499998 0.7492107296875 0.14420243906250002 0.7419211125 0.14249252968749998 0.731391665625 0.14249252968749998 0.728151834375 0.147052290625 0.73058170625 0.1630114546875 0.7269368984375 0.1778306765625 0.7257219625 0.19663969375 0.7216721734375 0.20518924374999997 0.7273418765625 0.20860906406250002 0.73341655625 0.2011994546875 0.73706136875 0.196069725 0.747185834375 0.196069725 0.7593352 0.19777963437499999 0.7710795828125 0.20404930625
0 0.86829978125 0.163998259375 0.8485656953125 0.1587079953125 0.8363493578125001 0.154740290625 0.8222535828125 0.1481274609375 0.8006400593749999 0.153417725 0.8006400593749999 0.17457879375000002 0.8062783687499999 0.194417290625 0.820374146875 0.2089655234375 0.8325904843749999 0.2089655234375 0.845746540625 0.20235269374999998 0.8636011921875 0.20367525937500003 0.8786366843750001 0.2010301265625 0.8720586578124999 0.1851593234375 0.86829978125 0.163998259375
0 0.46390490156249997 0.2136190046875 0.47303464218749997 0.2015728203125 0.48444681562499997 0.18872355624999998 0.5015650796875 0.1766773703125 0.4872998609375 0.1742681375 0.46904038281249993 0.1574034765625 0.4519221203125 0.1557973171875 0.44279237968749996 0.145357290625 0.42909777031249996 0.1614188734375 0.4119795078125 0.172661978125 0.3994261171875 0.18872355624999998 0.38459028906250003 0.2112097671875 0.3885845484375 0.22325595312500002 0.39429063593749997 0.22727134375000002 0.40113794374999995 0.22968058125000002 0.41083828906250003 0.2328929 0.4302389890625 0.22405903125 0.45021029375 0.21683131718749998 0.46390490156249997 0.2136190046875
0 0.5346137625 0.17654168750000002 0.5447968796875 0.18175324843750001 0.5512770484375 0.1928278203125 0.560534428125 0.1752387984375 0.5619230374999999 0.165467115625 0.567477465625 0.156346884375 0.5707175484375 0.14396941875 0.5619230374999999 0.133546296875 0.548499834375 0.13028906875 0.536928109375 0.126380396875 0.5225791656250001 0.126380396875 0.51656186875 0.1328948515625 0.5128589171875 0.14006074531249998 0.5068416203125 0.1517867625 0.4980471046875 0.16481567187499999 0.49712136874999996 0.1661185609375 0.49619563125 0.1661185609375 0.49619563125 0.1739359046875 0.5008243203125 0.18110180468749998 0.5128589171875 0.17589024375 0.52350490625 0.17589024375 0.5346137625 0.17654168750000002
0 0.9196920531250001 0.22414597343749998 0.8995655859375 0.2167565453125 0.8890648203125 0.21183025937500002 0.8768139250000001 0.21059868750000002 0.856687459375 0.2069039734375 0.8400612484375 0.2081355453125 0.8365609921875 0.22537754531249998 0.8348108640625 0.2537036828125 0.8601877140624999 0.248777396875 0.8768139250000001 0.2610931109375 0.8943152031249999 0.27464039218749997 0.9083162218749999 0.2832613921875 0.9240673718749999 0.2697141109375 0.9196920531250001 0.248777396875 0.9196920531250001 0.22414597343749998
0 0.40165428125 0.976636015625 0.41040492031250003 0.948309878125 0.3491504546875 0.9446151640625 0.322023478125 0.9359941640624999 0.2992718203125 0.92737316875 0.263394203125 0.9101311687500001 0.20213973749999997 0.8941207406249999 0.190763909375 0.913825884375 0.1776379515625 0.9470783062500001 0.1513860375 0.9803307296874999 0.17326263125000002 1 0.204764928125 0.9938780156250001 0.24589292812500002 0.9951095875 0.2878959890625 0.9938780156250001 0.35440083906250003 1 0.39115351875000004 0.9963411593749999 0.40165428125 0.976636015625
0 0.5080246203125001 0.1505902484375 0.5254227218749999 0.12365540781249999 0.534121775 0.107739365625 0.5306421546875 0.0869260796875 0.513244053125 0.08325314843750001 0.49236632656249996 0.0808045234375 0.4801876546875 0.0857017671875 0.4688788875 0.097944878125 0.4506108796875 0.12365540781249999 0.42799334531250005 0.1383471421875 0.44017201562499997 0.1456930046875 0.447131259375 0.1542631859375 0.46104974062500004 0.157936115625 0.47409832031250004 0.165281984375 0.490626515625 0.173852159375 0.496715853125 0.16038474062500002 0.5080246203125001 0.1505902484375
0 0.5545116765625 0.09523816406249999 0.5654139406249999 0.0978836671875 0.5725568 0.0957672640625 0.581203425 0.09047625468750001 0.58233124375 0.083068840625 0.5857147031250001 0.07513232812500001 0.5864665859375 0.068783115625 0.5857147031250001 0.060846603124999996 0.5857147031250001 0.049735487499999995 0.5785718421875 0.046031778125 0.5706771015625 0.0412698734375 0.5635342375 0.039682565625 0.5563913765625 0.043386275 0.54849663125 0.0492063859375 0.54210565 0.058730201562499994 0.5353387296875 0.0703704234375 0.527819925 0.0788360375 0.5289477484375 0.08201064062499999 0.5240605265625 0.08835985156250001 0.525940225 0.089947153125 0.5334590265625 0.09312176250000001 0.5398500109375 0.09523816406249999 0.5466169328125 0.09523816406249999 0.5545116765625 0.09523816406249999
0 0.998034071875 0.4169523921875 0.998034071875 0.402153153125 0.9902619328125001 0.3847801375 0.9820326093749999 0.3706243484375 0.9710601765625 0.36933746093750003 0.9523156046875 0.3706243484375 0.9408859890624999 0.3699809046875 0.929456371875 0.3731981265625 0.9207698640625 0.381562915625 0.9148264656249999 0.395718703125 0.9193983125 0.409874496875 0.9239701578125 0.42403028593750003 0.930827928125 0.4381860796875 0.9363141421875 0.4581328734375 0.9427147296875 0.48258378906250005 0.9605449281249999 0.4941657984375 0.97380328125 0.499313359375 0.9930050375 0.498669915625 0.9971197 0.47293211093750004 1 0.45491565156249997 0.9975768828125 0.4336819625 0.998034071875 0.4169523921875
0 0.5876643234375 0.1098592375 0.579858534375 0.10201214843749999 0.5575562859375001 0.099658021875 0.5436173765625 0.09808860312499999 0.537484259375 0.1075051109375 0.5319086953125 0.1200604546875 0.5408295937500001 0.12712283124999998 0.5603440640625 0.131831084375 0.5714951921875 0.1412475921875 0.579858534375 0.137324046875 0.57707075625 0.126338121875 0.5854340984374999 0.12084516406250001 0.5876643234375 0.1098592375
0 0.6301867671875 0.081494290625 0.6176409359374999 0.0747031 0.6070252328125 0.0733448625 0.597374590625 0.0760613390625 0.5906191421875 0.08828548124999999 0.5867588875 0.096434909375 0.60026978125 0.100509625 0.6050951046875 0.100509625 0.6137806796875 0.100509625 0.63115183125 0.1113755296875 0.633081959375 0.10322610000000002 0.6379072781249999 0.0910019578125 0.6301867671875 0.081494290625
0 0.8565830078125 0.6888921531250001 0.811871259375 0.6557723390625 0.8142245078125001 0.745195840625 0.8048115078125001 0.8379313234374999 0.8001050078124999 0.9472267140625 0.8801155078124999 1 0.986011759375 0.9836585078125 0.9954247593750001 0.9207308624999999 0.9977780109375001 0.8544912328125 0.9813052593749999 0.7750036765625 0.910707759375 0.731947915625 0.8565830078125 0.6888921531250001
0 0.979236015625 0.1553219953125 0.972020146875 0.13620544375000002 0.9609841093749999 0.11708888906249999 0.949523609375 0.102154084375 0.928724925 0.10036190468749999 0.91259533125 0.09737494218750001 0.9024082218749999 0.1033488671875 0.9024082218749999 0.116491496875 0.9142931843750001 0.12843934375 0.926178146875 0.14337414843750002 0.9397609625 0.157711565625 0.9592862562500001 0.164282878125 0.979236015625 0.1553219953125
0 0.7042447671875001 0.0962769953125 0.6967901234375 0.09072255 0.68188083125 0.0833166296875 0.6713566234375 0.0765278671875 0.6599554015625 0.0783793484375 0.65381628125 0.0938083546875 0.643292075 0.11602612187500001 0.6450461125 0.1252835234375 0.655570315625 0.13268944375 0.6674100484375 0.1376267296875 0.6709181171874999 0.1302208046875 0.6836348640625001 0.11849476249999999 0.6985441578125 0.11047167656250001 0.7042447671875001 0.0962769953125
0 0.65250075625 0.1518214125 0.6489926875 0.13947820625000001 0.6446076015625 0.1277521640625 0.6380299734375 0.1154089578125 0.62882129375 0.1067687203125 0.6182970859375 0.10244859843750001 0.60075674375 0.101831434375 0.598564203125 0.11479179843750001 0.598564203125 0.1259006828125 0.6029492890625 0.1382438890625 0.617420071875 0.1444154921875 0.6349604140625 0.157993015625 0.6472386546875 0.16848474062500002 0.65250075625 0.1518214125
0 0.7860510078125 0.3967666609375 0.7915607109375 0.379965465625 0.7777864515624999 0.370918671875 0.7585024921875 0.35411747656250003 0.7309539734375 0.350240275 0.7116700109375 0.3386086828125 0.6960591875000001 0.3463630796875 0.6960591875000001 0.37867306875 0.692386053125 0.3980590578125 0.7079968765625 0.4342462484375 0.7226894203125 0.454924640625 0.7474830828125001 0.4730182328125 0.7704401796875 0.4717258359375 0.787887575 0.448462640625 0.7897241421875 0.4277842484375 0.7860510078125 0.3967666609375
0 0.8067669171875 0.1269841265625 0.7962406015625 0.124338625 0.7838345859375 0.12010582031249999 0.7733082703124999 0.11798941874999999 0.762030075 0.115873015625 0.7522556390624999 0.1137566140625 0.7492481203125 0.11798941874999999 0.7469924812500001 0.1269841265625 0.7447368421875 0.140211640625 0.75 0.1513227515625 0.762406015625 0.1492063484375 0.7819548875 0.1507936515625 0.7958646609375 0.15608465625 0.8007518796875001 0.1492063484375 0.80488721875 0.140740740625 0.8067669171875 0.1269841265625
0 0.9777360937499999 0.23337823750000003 0.9671989468750001 0.2130844765625 0.9549980453125 0.196693365625 0.94667924375 0.1826438359375 0.9278233046875 0.17796066093750001 0.914513225 0.17796066093750001 0.8989848 0.1826438359375 0.8901114171875 0.1982544234375 0.8973210406250001 0.20996235937500002 0.897875628125 0.20918183125 0.8967664546874999 0.212303946875 0.906194428125 0.22401188906249997 0.9222774359375 0.2286950640625 0.9378058609375 0.23337823750000003 0.9610984968749999 0.23259770937500002 0.9777360937499999 0.23337823750000003
0 1 0.33132634375 0.9990543421875 0.3000069421875 0.9639176125000001 0.301655328125 0.9416643499999999 0.29341338125 0.93346578125 0.306600496875 0.9358082296875001 0.33132634375 0.93346578125 0.360997359375 0.9627463875 0.37418448125000003 0.9861708765625 0.3807780375 1 0.37583286718750003 1 0.33132634375
0 0.740977796875 0.1354497984375 0.7451131390625 0.1291005921875 0.7447371953124999 0.11534396875 0.752255996875 0.10687835937500001 0.7537597593750001 0.09100533281249999 0.74774471875 0.09259263437500001 0.7372183984375 0.09100533281249999 0.7259401953125 0.0899471328125 0.7165416953125 0.0899471328125 0.7093988343750001 0.09470904218750001 0.7093988343750001 0.10264555 0.7078950749999999 0.11534396875 0.7090228953125 0.11534396875 0.7078950749999999 0.11587306875 0.7090228953125 0.12222227968749999 0.7184213953125 0.12539688437500002 0.72556425625 0.13015879375 0.731579296875 0.13597889999999999 0.740977796875 0.1354497984375