0 0 0.2367178453125 0.23009846718750002 0.33619397968750003 0.2262792734375 0.15466190156249998 0.067067853125 0.1204214015625 0 0.23264405625 0 0.2367178453125
0 0.8468313625 0.8548730156250001 0.9129706093750001 0.9779116859375 0.95234655625 0.9554606390625 0.859632884375 0.8197965046875 0.8468313625 0.8548730156250001
0 0.8224875875000001 0.8889304171875001 0.8550344593749999 0.9792617984374999 0.8940506140625001 0.9671237828124999 0.8380959656250001 0.856364665625 0.8224875875000001 0.8889304171875001
0 0.921632953125 0.2441775203125 0.88099080625 0.24512462343750002 0.8919530421875 0.2801090765625 0.860619609375 0.3052361140625 0.8596731390624999 0.33236579375 0.9039062671875 0.344888825 0.9395377296874999 0.37116610781250003 0.9577320468750001 0.37345288125 0.98112634375 0.343089334375 0.968321296875 0.3027262984375 0.9513573859375001 0.26517094375 0.921632953125 0.2441775203125
0 0.869366046875 0.2291309484375 0.8562770578125001 0.1969068140625 0.836334571875 0.1865284953125 0.8041048 0.1791472734375 0.776033884375 0.168958365625 0.7496164859375 0.16957397968750001 0.7547663390625 0.1965615984375 0.7411539921875 0.237540246875 0.7546215671875001 0.2589125109375 0.7871352859375 0.2581548296875 0.8188918265625 0.2791008921875 0.8489948500000001 0.2892424375 0.878390821875 0.26144978281250003 0.869366046875 0.2291309484375
0 0.78798150625 0.350301025 0.799984853125 0.355442834375 0.8181791703125001 0.35772960781249996 0.841668115625 0.3246530828125 0.8179453593750001 0.30623057187499997 0.8025403203125 0.2821927015625 0.7704998375 0.269385540625 0.746209196875 0.2672408296875 0.7222024984375001 0.256957221875 0.713600834375 0.2707114796875 0.7050938140625 0.2817527734375 0.6999884859375001 0.311690134375 0.6991366640625001 0.3361068453125 0.7172363359375 0.3411065828125 0.7397788109375 0.3351597421875 0.757594540625 0.3482983859375 0.769692540625 0.350727221875 0.78798150625 0.350301025
0 0.83297180625 0.3411203140625 0.8117989109374999 0.3660105765625 0.8247932515624999 0.4009476703125 0.86137118125 0.40009528281250006 0.8932223703125001 0.41832838125 0.9150076671875 0.4340852828125 0.9327788765625 0.39029895312499996 0.914963146875 0.377160309375 0.8978099421874999 0.3450308921875 0.8674229812500001 0.343028246875 0.83297180625 0.3411203140625
0 0.5536378453124999 0.1416118046875 0.583362278125 0.16260522187499998 0.5987673124999999 0.1866430921875 0.6412522703125 0.1910745765625 0.6671017875 0.20673676875 0.686476390625 0.23339290156249998 0.7101045015625 0.25452838125 0.73997370625 0.21317089218750002 0.7292007640625 0.1727605 0.7161117796875 0.140536371875 0.6989585796875 0.10840694843750001 0.6792053859375 0.09260269531250001 0.6504719421875 0.10140456718749999 0.6288759374999999 0.08022173125 0.59305518125 0.05937037656250001 0.5608254046875001 0.051989154687500004 0.5307223828125001 0.0418476078125 0.5058638609375 0.05598070625 0.49863177968750005 0.0886783859375 0.5039709234374999 0.11024006718749998 0.5257562234375001 0.12599696875 0.5536378453124999 0.1416118046875
0 0.496783359375 0.199862721875 0.5419128343749999 0.24489401093750002 0.5797656953125 0.2656980046875 0.6215881234375 0.2891202625 0.66043198125 0.3397195515625 0.695356390625 0.32806264375 0.6929958218750001 0.2793239328125 0.6802854203125 0.236247928125 0.646875359375 0.20449735000000002 0.6109599578125 0.18635896406250002 0.5894585984375 0.162463159375 0.5657358375 0.14404064375 0.54201308125 0.125618128125 0.5058137375 0.11561864375 0.4922515140625 0.0969593609375 0.47202508437499996 0.09471993749999999 0.46247695312500003 0.13560388125 0.4655000546875 0.1653518140625 0.47490341718750007 0.1868187890625 0.496783359375 0.199862721875
0 0.4891225640625 0.30305021718749997 0.524848671875 0.3266145359375 0.5648282890625 0.34465820625 0.5963008875 0.373743175 0.6155808453125 0.40311227812499995 0.6481892125 0.39964162812500004 0.652208903125 0.34262194375 0.641057375 0.313063428125 0.598951003125 0.297780071875 0.5735747265625 0.26855304062499996 0.5479145062499999 0.2474649125 0.5243810390625 0.22361646406250002 0.50462785 0.2078122015625 0.4809997375 0.186676721875 0.469280325 0.17339601093749998 0.44876995781250006 0.1792954953125 0.44772884218750003 0.20913814375 0.448341246875 0.249785309375 0.46733726249999996 0.28729330937499997 0.4891225640625 0.30305021718749997
0 0.43151090312499996 0.38300486562499997 0.4896848421875 0.4033353203125 0.5416678109374999 0.4265207984375 0.5794260265625 0.45003776875 0.6162878953125001 0.441046475 0.6034828531249999 0.4006834375 0.5739477109375 0.3742640828125 0.54256975625 0.34246614375 0.498241984375 0.3326560828125 0.47461386875 0.311520603125 0.4659676828125 0.26834988593750003 0.4526894046875 0.241551690625 0.44328604218749995 0.22008472656250003 0.41899540156250004 0.21794001562499998 0.41166866718749995 0.2533506703125 0.41062755156249997 0.2831933140625 0.41558811249999994 0.315606865625 0.42655034687500004 0.3505913203125 0.43151090312499996 0.38300486562499997
0 0.656282065625 0 0.64787755625 0.0011668203125 0.60917286875 0.00477953125 0.582755475 0.00539515 0.5443347296875001 0.000868953125 0.5260457640625 0.00129515 0.530911675 0.0364216703125 0.5688591859375001 0.0545127015625 0.6106816171875 0.077934959375 0.6404060546875 0.0989283765625 0.7028334984375 0.11373817500000001 0.75703786875 0.131450365625 0.8006585875000001 0.10332623125 0.7700378109375 0.0498245515625 0.711958521875 0.026781139062499997 0.697660653125 0 0.656282065625 0
0 0.755367540625 0.4703345875 0.7882598421875 0.4587250359375 0.78339393125 0.4235985203125 0.7741798656250001 0.3967056140625 0.758869475 0.3699547734375 0.747150065625 0.3566740671875 0.727302228125 0.3435827734375 0.7030115828125 0.3414380671875 0.6883135984375001 0.35533439218749996 0.65542129375 0.36694394375 0.6544748265625 0.3940736234375 0.6456838687500001 0.41325382499999996 0.6838206718750001 0.42591891718749997 0.7201146609375 0.43320542812499996 0.7379303937499999 0.446344071875 0.755367540625 0.4703345875
0 0.4904364125 0.498194484375 0.5224769 0.51100164375 0.548515703125 0.5212379078125 0.5835347609375 0.50686803125 0.5872705140625001 0.457987246875 0.5715815359375 0.4420882828125 0.5457320234374999 0.4264260875 0.5238520765625 0.41338215468749995 0.50159354375 0.41119009218749997 0.4692691203125 0.40652184062499996 0.44497848281249996 0.404377128125 0.438503571875 0.41537106718750005 0.44162131718750003 0.4424060359375 0.42460728124999997 0.46448861875 0.410098590625 0.4729590109375 0.41940730468750004 0.4971389484375 0.4662404171875 0.4933368140625 0.4904364125 0.498194484375
0 0.7176983625 0.5606675671875 0.7208662359375 0.5280645984375 0.7036183859375 0.49864814375 0.6798009765625 0.48293859843750003 0.6514461234375 0.48088859843750004 0.6254073171875 0.47065234062499994 0.613025378125 0.4763624125 0.5982327484375001 0.49297170625 0.587220390625 0.517625190625 0.5986558578125 0.5390448046875 0.6450157375 0.5488075109375 0.6526709312500001 0.562182928125 0.6760151 0.5914573203125 0.7001164515625 0.5990279593750001 0.7176983625 0.5606675671875
0 0.801632771875 0.4828102625 0.7853759109375 0.48318910312499996 0.7582959890625001 0.5027955000000001 0.7470943359375 0.5328749171875 0.748463915625 0.551818340625 0.7851364937499999 0.5482529796875 0.8135859968749999 0.5475900109375 0.8457211234375 0.5576842015625 0.8703903515625001 0.548977040625 0.853994325 0.49514387187500003 0.81954315 0.4932359375 0.801632771875 0.4828102625
0 0.39129186875 0.430025071875 0.4320286609375 0.4263650046875 0.42239148593750003 0.353399 0.42371654375 0.31541744843749997 0.41199713437499996 0.30213673750000003 0.395127871875 0.26186841250000004 0.3655927296875 0.23544905625 0.32358100312500004 0.2174527375 0.25978398125 0.183699515625 0.2577963984375 0.2406718453125 0.268474690625 0.2837951953125 0.27277271875000003 0.335199525 0.23108945625000002 0.3659892734375 0.2996132234375 0.3806570109375 0.337371440625 0.4041739796875 0.39129186875 0.430025071875
0 0.22508218124999999 0.47998128281249997 0.2592494171875 0.49002811875 0.2897310265625 0.48931779375 0.3257410765625 0.5047432109375001 0.3639725296875 0.514695340625 0.400929046875 0.5029910765625 0.4061290234375 0.470340753125 0.398947065625 0.44340049531250003 0.38344737812499996 0.4220755921875 0.357408571875 0.41183932968750003 0.3292430109375 0.404363396875 0.303298853125 0.39141417500000003 0.274943996875 0.389364175 0.260908540625 0.3842697265625 0.23264833281250002 0.3795067578125 0.212232609375 0.382693278125 0.2110968453125 0.41524889218750005 0.209961084375 0.44780451093750007 0.20929855625 0.46679528281250005 0.22508218124999999 0.47998128281249997
0 0.336937128125 0.5912267015625 0.3617956484375 0.5770936078125 0.36108859843749996 0.5391594015625001 0.34733708124999996 0.52592605625 0.323519675 0.5102165046875 0.2975755140625 0.497267278125 0.25168886874999996 0.4739397375 0.2294303359375 0.4717476703125 0.19507380624999998 0.46712676875000003 0.1884096015625 0.48354664375 0.1774918875 0.505487159375 0.17673471406250002 0.5271909078125 0.226685575 0.5504237421875 0.2772043171875 0.55737876875 0.3254070109375 0.57252005625 0.336937128125 0.5912267015625
0 0.5519173859375 0.54013396875 0.5341963046875 0.52428235625 0.5002183625 0.5088095874999999 0.4439818875 0.491144746875 0.4256929234375 0.49157094375000004 0.4164287296875 0.524315984375 0.3779133390625 0.5225027578125 0.36902772968750003 0.5443959234375 0.407448475 0.5489221140625 0.44142642031249996 0.5643948812499999 0.48003645937500006 0.5634951390625 0.519826784375 0.586964746875 0.5504976828125 0.5808284890625 0.5519173859375 0.54013396875
0 0.52587298125 0.646460628125 0.5158070890625 0.6439844328125 0.5193535484375 0.6005295875 0.5080127265625001 0.5763970046875 0.477720409375 0.5716814015625 0.45158695781249997 0.5641581078125 0.41529296875000005 0.5568715984375 0.389159509375 0.549348309375 0.37696686874999996 0.5496324375 0.3679866140625 0.5742385718749999 0.36325987187500003 0.59332405625 0.4068304703125 0.6248378609375 0.43556391562499996 0.6160359843750001 0.4694472125 0.6342217265625 0.49567531249999996 0.6390320468749999 0.52587298125 0.646460628125
0 0.63758875625 0.703494040625 0.6604151734375 0.68940829375 0.6612669921875 0.6649915828124999 0.655833196875 0.6461428765624999 0.644303084375 0.6274362265625 0.6225177875 0.611679325 0.5942575796875 0.6069163609375 0.57393650625 0.6073899125 0.5436441890625 0.6026742984375 0.5328211234375 0.62190185 0.51996595 0.641176753125 0.5452475828125001 0.6731167578125 0.551249259375 0.6756876593750001 0.5714756828125 0.6779270765625001 0.593639571875 0.6828321078124999 0.63758875625 0.703494040625
0 0.4813559109375 0.6420765 0.450968953125 0.64007385625 0.42280338593750005 0.6325979234375 0.3971431703125 0.6115097984375 0.3484672390625 0.60993335 0.3418030390625 0.626353221875 0.32393718125 0.672852515625 0.352197390625 0.677615484375 0.38248970312499997 0.6823310921875 0.4132552546875 0.673481865625 0.4510134703125 0.6969988296875 0.48759140468749995 0.6961464375 0.4843790109375 0.6718244375 0.4813559109375 0.6420765
0 0.581346675 0.8023921187499999 0.602708865625 0.7720759234375 0.5936840921875 0.7397570765625 0.5695827453125 0.7321864375 0.549640259375 0.7218081140625 0.5191586484374999 0.7225184375 0.5009643328125 0.720231665625 0.47851650156250003 0.723465540625 0.474262996875 0.7289861906249999 0.457532903125 0.7429298656250001 0.45668108125 0.7673465828125 0.478466378125 0.7831034796874999 0.501008853125 0.7771566390625 0.5211406328125 0.782109025 0.553370409375 0.789490253125 0.581346675 0.8023921187499999
0 0.6725075640625 0.808400046875 0.65024903125 0.8062079843750001 0.6280851468749999 0.801302953125 0.60785871875 0.7990635359375 0.5870644125 0.8131019281249999 0.5760520546875 0.8377554125 0.5896142734375001 0.8564147015625 0.6321938796875 0.8581332171874999 0.6544524171874999 0.8603252781249999 0.6766163015625 0.865230309375 0.7015694703124999 0.8483842421875 0.6962303203125 0.8268225625 0.6725075640625 0.808400046875
0 0.5608363125 0.808291603125 0.547179440625 0.792345278125 0.5251102000000001 0.7847272828125 0.5049784203125001 0.7797749015625 0.48872156406249995 0.7801537421875 0.4704325984375 0.7805799375 0.4521436328125 0.781006134375 0.4497329375 0.79190535625 0.4485971734375 0.8244609687500001 0.48082695 0.8318421953125 0.5132460187500001 0.8337974796875001 0.5451918578125 0.8493176078125 0.570523609375 0.8216196703125 0.5608363125 0.808291603125
0 0.39226605000000003 0.809509103125 0.4202423203125 0.822410975 0.43890987187499997 0.8111329078124999 0.4356974828125 0.7868109078125001 0.4246405984375 0.7545394234375 0.4167014640625 0.7493029015625 0.3925054703125 0.7444452265625 0.3681201859375 0.745013484375 0.339954621875 0.7375375562500001 0.31159976875 0.7354875562500001 0.2912786953125 0.7359611078125 0.28036098125 0.7579016281250001 0.27960380625000003 0.779605371875 0.30932824375 0.8005987890625 0.343874065625 0.799793753125 0.3641951390625 0.7993202015625 0.39226605000000003 0.809509103125
0 0.11179072187500001 0.759119128125 0.13820812031250002 0.7585035109375 0.166657621875 0.757840540625 0.216797771875 0.7756474375 0.24467939374999997 0.7912622781249999 0.27350748281250004 0.7797474375 0.2724218453125 0.7526651078125 0.2607024359375 0.7393844015625 0.2429813546875 0.7235327890625001 0.214531853125 0.7241957578125 0.180269965625 0.7168618921875 0.1580114359375 0.714669825 0.13797430156249998 0.707004475 0.1156211203125 0.70752538125 0.0993642625 0.707904221875 0.080886003125 0.7137563499999999 0.072189690625 0.7302235765625 0.0675575984375 0.7465960984375 0.08334122031249999 0.7597820984375 0.11179072187500001 0.759119128125
0 0.22279384531250002 0.8947812578125 0.2199600421875 0.8596073859375 0.21277808125000003 0.8326671234375 0.1883927921875 0.8332353859375001 0.1641021546875 0.8310906749999999 0.1294616796875 0.8346086796875 0.0872606640625 0.82203829375 0.048650624999999996 0.822938040625 0.0319205296875 0.836881721875 0.015897490625 0.8887595984375001 0.054128942187499994 0.8987117265625001 0.1089958375 0.8974331390625 0.170053703125 0.8932995203124999 0.1923122359375 0.8954915828125 0.22279384531250002 0.8947812578125
0 0.40393533593750003 0.8824277578125 0.39018381875 0.8691944015624999 0.372273440625 0.8587687265625 0.3521416640625 0.853816340625 0.32166005468750003 0.854526665625 0.2790804484375 0.8528081500000001 0.25847543281249996 0.8614206078125 0.24127210468750002 0.8889291281249999 0.2347025484375 0.9026360312499999 0.2526129265625 0.9130617109375001 0.2891908578125 0.9122093203125001 0.3156082546875 0.9115937015625001 0.35421829374999997 0.9106939593750001 0.3826677953125 0.9100309890625 0.40393533593750003 0.8824277578125
0 0.295771621875 0.6653765875000001 0.33329602343750003 0.6373945156249999 0.326398003125 0.60231535 0.311087609375 0.5755645109375 0.28476486562500003 0.573467159375 0.25882070625 0.5605179328125 0.22058925468749999 0.550565809375 0.182357803125 0.5406136859374999 0.1517815484375 0.544036975 0.1382638453125 0.582302659375 0.1333478109375 0.6068140828125 0.15522775312499998 0.619858015625 0.2076839578125 0.6294786546875 0.24388330156250002 0.6394781390625 0.2656685984375 0.655235040625 0.295771621875 0.6653765875000001
0 0.2327205640625 0.84304544375 0.2658968109375 0.8232969890625 0.259093440625 0.7855048609375 0.2268636640625 0.778123634375 0.1866001046875 0.7682188609375 0.1502114671875 0.7636453140625 0.11991915 0.75892970625 0.095533865625 0.7594979687500001 0.0708646328125 0.768205128125 0.043690065625 0.7905244953125 0.024170690624999998 0.8262192734375 0.0869767265625 0.8301771953125 0.1438757296875 0.8288512578124999 0.1702931234375 0.8282356390625001 0.20842992656249998 0.8409007374999999 0.2327205640625 0.84304544375
0 0.676861325 0.6836035203125 0.6943931125 0.7048810671875 0.724685428125 0.7095966796875001 0.75275634375 0.7197855828125 0.77189713125 0.694942675 0.754838575 0.6601002828125 0.7285158296875001 0.6580029328125 0.7065412359375001 0.6476719640625 0.6862201625 0.6481455109375001 0.676861325 0.6836035203125
0 0.639760034375 0.757658690625 0.6801182359375 0.7648504890625001 0.7141908265625 0.77761029375 0.7384814671875 0.7797550046875 0.7439653859375001 0.7389657734374999 0.7138623625 0.7288242265625 0.6876342625 0.7240139125 0.6696292390624999 0.7163012015625 0.6432118421874999 0.7169168140625 0.639760034375 0.757658690625
0 0.9121832781249999 0.6978691796875001 0.91528960625 0.6667650828125 0.912208228125 0.6681860921875 0.8955793203125 0.6523831437500001 0.8776092312499999 0.6460558859375001 0.8666720078125 0.6409139374999999 0.8375762625000001 0.6348459484375 0.8207118140624999 0.625794515625 0.80833919375 0.6328288609375 0.8033984515625001 0.6585788859374999 0.8058203203125001 0.6760621140625 0.8308703703125 0.6822243859375 0.8498047718749999 0.6898783765625 0.87374918125 0.698764825 0.8975051625000001 0.713052484375 0.9096893515625 0.7114193453125 0.9121832781249999 0.6978691796875001
0 0.490000425 0.8761886656250001 0.50694013125 0.8805982828125 0.52276975625 0.8910392265624999 0.5414263703125 0.897811025 0.5538863203125 0.875901 0.55189806875 0.8555287578125 0.533409196875 0.843948690625 0.5147945218750001 0.8359748250000001 0.49494396093750004 0.8376385000000001 0.4717434515625 0.8321736953125001 0.45386141718750006 0.8289871281250001 0.4446058796875 0.836409365625 0.44058495000000003 0.8485139953124999 0.435663621875 0.860639603125 0.43532813125 0.870256159375 0.44236352187500005 0.8748965828124999 0.46118787968749997 0.8768600921875 0.4737933703125 0.8765663453125001 0.490000425 0.8761886656250001
0 0.3608743859375 0.73506664375 0.38202249374999997 0.747785840625 0.4177026828125 0.7565631078124999 0.437553246875 0.754899428125 0.44856762968749997 0.7486372984375 0.45776150624999995 0.71719464375 0.44672739375 0.69823429375 0.420134996875 0.6868430625 0.40135257500000004 0.6836774796875 0.38604591093749996 0.6840341750000001 0.37254003125 0.6843489078125 0.34925564531250003 0.6812882421875 0.34046140937499997 0.6754877109375 0.3312897453125 0.6805058093749999 0.320107609375 0.6915762265625001 0.31874591875 0.7048199796875 0.315583440625 0.7181056906250001 0.3197079734375 0.7288194078125 0.3393907921875 0.7319640046875 0.3608743859375 0.73506664375
0 0.644502834375 0.6251631796875 0.662300996875 0.6307538859374999 0.6794306531250001 0.6039306703125 0.6630780625 0.582692071875 0.654577378125 0.5684770625 0.6306022859375 0.559427025 0.603067559375 0.5492588453125 0.5780243328125 0.5450380671875 0.5535040625 0.5516149375 0.55107423125 0.5696879484374999 0.5506548687499999 0.5817086437500001 0.5567898687499999 0.586370046875 0.5646417765625 0.5933936234375 0.5807649578125 0.5954200828125 0.601306228125 0.5997457734375 0.632442521875 0.609830025 0.644502834375 0.6251631796875
0 0.8301636171875 0.7961961546875 0.8371570687500001 0.8020386437499999 0.8524217999999999 0.8028840203125001 0.859353590625 0.7847060984375 0.8558161656250001 0.7571634015625001 0.8389603390625 0.75034964375 0.823947228125 0.7422918562499999 0.8131425218749999 0.74254364375 0.7997205171874999 0.7404542375000001 0.775745425 0.7314041953125 0.763098 0.7329000156250001 0.75294206875 0.7403432375000001 0.7443353015625 0.7549569125 0.74104701875 0.7718488406249999 0.744313096875 0.78138146875 0.7541754671875001 0.7823527375 0.7748844859374999 0.78187014375 0.801602690625 0.7896551656249999 0.8301636171875 0.7961961546875
0 0.8295345718749999 0.8142272015625001 0.8164480546874999 0.8025212312500001 0.803067984375 0.7992297625 0.7896040421875 0.7983424234375 0.7718058796875 0.7927517171875 0.757399609375 0.7930874328125 0.7463852234374999 0.7993495671875 0.7457981124999999 0.816178546875 0.752707690625 0.824425175 0.763344653125 0.828981665625 0.7793000890624999 0.8358164078125 0.7988151578125 0.8437692828125 0.8185818499999999 0.8445097468749999 0.8225189078125 0.8348092625 0.8295345718749999 0.8142272015625001
0 0.9629283281250001 0.600927484375 0.9652323468749999 0.5864606796875 0.96774605 0.56598353125 0.9494668656249999 0.5483931140625 0.9321719453125 0.528377571875 0.9099556984375001 0.5204876390625001 0.8920736671875 0.517301071875 0.8813109000000001 0.5163507890625 0.8733529109375 0.5381559015625 0.8707553359375 0.561037190625 0.8749637375000001 0.5693467734375 0.89006071875 0.5750004171875001 0.9051157640625 0.5818561437499999 0.915375296875 0.59723126875 0.9302625984375 0.6088952625 0.9497776671875 0.61684814375 0.9629283281250001 0.600927484375
0 0.8432872390625 0.47159535625000004 0.8620696609375 0.47476094375000005 0.884453653125 0.47784259218749997 0.8923474984374999 0.483664103125 0.90340381875 0.47619989687500003 0.9066921078125001 0.45930797500000003 0.9009764703125 0.44262587656249996 0.8906750078125001 0.42845282500000004 0.8747195671875 0.4216180828125 0.8595806484375 0.4171665 0.84276675625 0.40915067968749996 0.8249266609375001 0.404762040625 0.8006580109374999 0.40412648906250004 0.7930355140625001 0.416315046875 0.789873034375 0.42960076249999996 0.7911286453125 0.44518570156250004 0.7960696984375 0.45828257656250004 0.8075651125000001 0.46402015468749996 0.829006771875 0.468324865625 0.8432872390625 0.47159535625000004
0 0.4092118 0.9741587171875 0.4360138765625 0.9795395984375 0.47014490000000003 0.9811464171875001 0.49973202656250004 0.98406020625 0.5080033015625001 0.9790630921875 0.5223479109375 0.9547069640625001 0.52031771875 0.9355367937500001 0.50153529375 0.93237120625 0.484595590625 0.9279615921875 0.46564542031249995 0.9296042890624999 0.4440360109375 0.930107865625 0.42422739062500003 0.9305694750000001 0.41235454843749997 0.9356505203125 0.40129822343750005 0.943114721875 0.3767360234375 0.950893659375 0.3689877140625 0.9666884234375 0.368442540625 0.9823153296875 0.38550805 0.9831187421875001 0.39570591875 0.9744734484375 0.4092118 0.9741587171875
0 0.7684065484375 0.9417664015625 0.7506922671875 0.9337715624999999 0.7338364328125 0.9269577984374999 0.6996215359375 0.9277551234375 0.6764210234375 0.9222903140625001 0.6535338 0.9336335 0.634896915625 0.952084190625 0.6424972 0.9663201859375 0.6679597953124999 0.9585202687500001 0.69775660625 0.9554237109375 0.715722509375 0.9562061343750001 0.7476753203125 0.968673546875 0.7609295828125 0.97557123125 0.76851015 0.9645847421875 0.7684065484375 0.9417664015625
0 0.7762511421875 0.665332325 0.8039536140625 0.6706922265624999 0.8002903828125 0.6467557421875 0.797150115625 0.6336169015625 0.798763425 0.61316073125 0.786367621875 0.6074441390625 0.7730714203125 0.6017485203125 0.76050786875 0.60084020625 0.7371815515625 0.5989815984375 0.718315259375 0.5982201593750001 0.69859050625 0.596277628125 0.6811895015625 0.605090778125 0.6803507718749999 0.6291321703125 0.6808318 0.6411318859375 0.694127996875 0.6468275 0.7094346609375 0.6464708046875 0.735504096875 0.6470643921875 0.7530506328125 0.659867515625 0.7762511421875 0.665332325
0 0.2153903171875 0.7073138765625 0.2494232859375 0.7127511140625 0.26144295 0.7249316546875 0.28302118906249996 0.7306591234375001 0.3077131125 0.736314040625 0.3077515140625 0.6906241343749999 0.297506228125 0.672171928125 0.2792592 0.6601365046875001 0.24084575625000001 0.6464942578125 0.20576352187500002 0.6265440625 0.16684249843750001 0.6274510515625 0.14370741250000002 0.6217598609375 0.12813900312499998 0.622122659375 0.11629847812500001 0.6493966343750001 0.11090284218749999 0.6702900984375 0.11796193749999999 0.6908933296875001 0.14095199687499999 0.7007414484375001 0.17053197656250002 0.700052134375 0.1858103390625 0.7080031906250001 0.2153903171875 0.7073138765625
0 0.7308070109375 0.8261396234375 0.7151660890625 0.82858088125 0.7065842625000001 0.8516253765625 0.693331915625 0.8747787062500001 0.7152002000000001 0.872192325 0.740037146875 0.8736903140625 0.7584291890625 0.8815688093749999 0.77037634375 0.8958278140625 0.790218609375 0.8621370468749999 0.7797557875 0.8499202265625 0.7539420921875 0.8318308140624999 0.7308070109375 0.8261396234375
0 0.6472792859375 0.857160928125 0.6191836328125 0.8598924234374999 0.596193575 0.8500443046875 0.581964475 0.8566062109375 0.5643316484375 0.8715545312499999 0.5573791703125 0.892484278125 0.5805142546875001 0.8981754750000001 0.6146197328125 0.9015342421874999 0.6374647718750001 0.9155392890625 0.6588979890625 0.9254236859375 0.6710285640625 0.8898358562500001 0.6671556609375 0.867081603125 0.6472792859375 0.857160928125
0 0 0.47991599531249995 0.030173231249999998 0.4873385625 0.059028096875000005 0.5074338765624999 0.106420034375 0.5312507625 0.13089442499999998 0.5431410671875 0.1665567453125 0.54646355625 0.16735436718750002 0.5236004640624999 0.17488693125000002 0.48604301562499996 0.1636648921875 0.45099938125000005 0.122282784375 0.43327276875000004 0.0966866171875 0.4089479640625 0.06909854374999999 0.397130221875 0.036839949999999996 0.3854213203125 0.0043638265625 0.3799478046875 0 0.3823353859375 0 0.47991599531249995
0 0 0.36884828281250004 0.0045088453125 0.3757908765625 0.027571417187500002 0.38356053125 0.055159490624999995 0.3953782734375 0.1043983125 0.41084503124999994 0.12887270312500002 0.422735334375 0.1564607765625 0.43455307187500003 0.1897686328125 0.4607749375 0.20360106875 0.4209939078125 0.19965565624999998 0.4003181140625 0.20259020468750003 0.360791040625 0.17196096562500002 0.3469673921875 0.1339825828125 0.320854371875 0.10950819375000001 0.30896406718749997 0.06939288437499999 0.299515025 0.0324637640625 0.287914959375 0.013781674999999998 0.2883503140625 0 0.2976544234375 0 0.36884828281250004
0 0 0.642752221875 0.0059803015625 0.645737103125 0.0383114046875 0.655367546875 0.0674563171875 0.6671490109375 0.08769525156249999 0.666677371875 0.10442383749999999 0.6330591703125 0.080602046875 0.6024626953125 0.050335359375 0.5782467375 0.00880823125 0.564677046875 0 0.5609039171875 0 0.642752221875
0 0.908798753125 0.7181531437500001 0.9049599578124999 0.739010334375 0.899564325 0.759903809375 0.9081077531249999 0.7825492171875 0.924290359375 0.809170159375 0.935802440625 0.83589994375 0.9539044437499999 0.8520922890625 0.9686411234375001 0.8309811390625 0.9715756750000001 0.7914540671875 0.9447127109375 0.7588516953125 0.9238595828125 0.7323395921875 0.908798753125 0.7181531437500001
0 0.9304793203124999 0.8547149484375 0.9237827796875001 0.8237194015625 0.90886696875 0.80537603125 0.8880863515625 0.7767854640625 0.8740747843750001 0.7771119843750001 0.8686066374999999 0.8000839171875 0.8719719609375 0.8373874125 0.884895865625 0.8682378343750001 0.9028528453125 0.8885871078124999 0.9203747640625 0.9214071593750001 0.9430022671874999 0.9416475921874999 0.9527058687500001 0.931037603125 0.9571247453125 0.89355270625 0.9304793203124999 0.8547149484375