0 0.9703627109375 0.70408715625 0.9737161593750001 0.6206012249999999 0.9703487109375001 0.621058425 0.9499945953125 0.64248260625 0.9471335859375 0.6895792125 0.9703627109375 0.70408715625
0 0.9595567328125 0.62251096875 0.9737242593750001 0.62039956875 0.9774773015625 0.52696553125 0.9674371515625 0.5280272312500001 0.9544365687499999 0.52354884375 0.9351616421875001 0.5448277625 0.934383715625 0.5823017 0.9464933875 0.61025576875 0.9595567328125 0.62251096875
0 0.9454138484374999 0.47649466250000005 0.9401684906250001 0.495885275 0.9479111640625 0.518198925 0.9587910125000001 0.52763390625 0.9728331375 0.5273009625 0.9774864609374999 0.52673755 0.9805520046874999 0.45041916875 0.9776265859375 0.45191733125000005 0.961476284375 0.45876223125 0.9463675171875 0.46079578750000005 0.9454138484374999 0.47649466250000005
0 0.95513883125 0.34283637499999997 0.9444096203125 0.3520657375 0.9348223656249999 0.3689266375 0.9360898625 0.39211180625000003 0.9394906421875 0.41189574999999995 0.9559171078125 0.43926879999999996 0.97970966875 0.44229465 0.9808871546875 0.44207546875 0.980933034375 0.44093330000000003 0.9801416890624999 0.34288171875 0.9659308109375001 0.34138383125 0.95513883125 0.34283637499999997
0 0.9598820734375 0.2612313 0.94813643125 0.2783827125 0.944095796875 0.31318168750000003 0.9486887546875 0.346818625 0.9801659015625 0.34588206875 0.979423784375 0.25392993124999996 0.97711158125 0.2542411375 0.9598820734375 0.2612313
0 0.9641109906249999 0.24976274375 0.9793784484374999 0.24831227500000003 0.9784487796875 0.13312144374999998 0.9664196765625 0.13423022499999998 0.953645046875 0.1577483375 0.945287625 0.19312833125 0.9641109906249999 0.24976274375
0 0.7387539265624999 0.26305639375 0.7491783187500001 0.309451175 0.7905018921875 0.32416710625 0.890892365625 0.310655075 0.9279667796875 0.29697453125 0.9577676765625001 0.25655141875 0.9555973578125 0.23387038750000003 0.94327025 0.20076748125 0.9142854609375 0.22060129375 0.8571095953125001 0.23409054999999998 0.8059454828125 0.2453222375 0.7577346984375 0.24891431874999997 0.7387539265624999 0.26305639375
0 0.87131670625 0.500136 0.8150980390625 0.5077027375000001 0.767844453125 0.50537231875 0.7345754734375001 0.4924691125 0.6625161890625 0.52968789375 0.6053053015625001 0.5388366 0.594320728125 0.5475571625 0.60165166875 0.58422936875 0.6472127203125 0.62589494375 0.7324745640625 0.60572861875 0.8439196765625001 0.5921771062500001 0.8960760171875 0.5793634562500001 0.9320764609375001 0.5571369374999999 0.9428604140625 0.526652525 0.9326249609374999 0.50057474375 0.9194574265625001 0.487862825 0.87131670625 0.500136
0 0.8980494359375 0.57483256875 0.853971046875 0.59235264375 0.79973683125 0.5967554500000001 0.73552195625 0.6097437 0.7236035515625 0.627280475 0.7279578015625 0.6686985875 0.7582617765624999 0.68779455 0.822581740625 0.687827925 0.8978746031249999 0.6776939 0.9389296078125 0.65913233125 0.9358828578124999 0.65519715 0.95080130625 0.6358081624999999 0.9425598796875001 0.6108458625 0.9261821250000001 0.57394289375 0.9220263843750001 0.55712119375 0.8980494359375 0.57483256875
0 0.6293065609374999 0.6486628750000001 0.600228353125 0.6569219125 0.5410680343750001 0.67357510625 0.52410675 0.68889378125 0.521281865625 0.7124487125 0.529488259375 0.73307046875 0.549764865625 0.75496448125 0.5699363796875 0.7638368625 0.6201549703125 0.7599745312499999 0.6742840859375 0.74255009375 0.7285725000000001 0.682160125 0.723743671875 0.64464265 0.722506228125 0.6158408125 0.6863423015625 0.61781145 0.6602641296875 0.6242182749999999 0.647306784375 0.6375496187499999 0.6293065609374999 0.6486628750000001
0 0.85960880625 0.41923188125 0.771195125 0.4224413875 0.7360934875 0.4315111375 0.7384983140625 0.4804337375 0.766899578125 0.512821575 0.8332039953124999 0.50969101875 0.8903681859375 0.49475491250000003 0.922481465625 0.4889842125 0.9214134734374999 0.48461520625 0.9444272453125 0.46864939375 0.9522015906249999 0.43573776875 0.9336992499999999 0.38463655 0.9236602062499999 0.38598775625 0.8896442062500001 0.40505033749999997 0.85960880625 0.41923188125
0 0.9266081984375001 0.38102563749999996 0.9434814046875 0.35145469375 0.95033358125 0.3288061375 0.9481039093750001 0.30158625625 0.9329402453125001 0.29059143125000003 0.9088815562500001 0.29817486875 0.8738032765625 0.31013831875000003 0.815588478125 0.31942214999999996 0.772408896875 0.32378548125 0.7411594015625 0.3120588875 0.7191318796874999 0.32226577500000003 0.650049284375 0.35473864375 0.60196694375 0.37424605624999996 0.59908368125 0.39056674999999996 0.615368021875 0.41589493749999995 0.6446330640625 0.43078546875 0.7089179999999999 0.4264783125 0.7581443578125 0.42419795625 0.8666011125 0.41394549375 0.907679465625 0.398277625 0.9266081984375001 0.38102563749999996
0 0.452152240625 0.61457014375 0.42331925000000004 0.65321299375 0.438506271875 0.6671015125 0.49882229687499996 0.669122225 0.56611894375 0.6644097062500001 0.624333740625 0.655125875 0.6603692234375 0.6372399125 0.6227926984375001 0.5887059812500001 0.59749656875 0.567487575 0.5932103359374999 0.5432812499999999 0.568161465625 0.54391595625 0.536013159375 0.54534610625 0.5030010734375 0.5642735625 0.4629149390625 0.57835946875 0.452152240625 0.61457014375
0 0.5249001421874999 0.53815134375 0.5450599781250001 0.54557686875 0.6494427203125 0.5286306625 0.701587384375 0.51437015625 0.73858005625 0.49056167500000003 0.7370506859375 0.42558863125 0.692855521875 0.42864023749999997 0.6406641515625 0.43711334375 0.61773781875 0.4604769875 0.5625347328125 0.46935545 0.5243746765624999 0.47304318125 0.5174874703125 0.49135120624999995 0.5249001421874999 0.53815134375
0 0.3256488796875 0.75471251875 0.380116634375 0.77924668125 0.469604284375 0.7845831375000001 0.5197411375 0.77059288125 0.5244582546875 0.742374925 0.5232546421875 0.70783793125 0.5229393625000001 0.66877303125 0.46363891874999996 0.66806405 0.4232842203125 0.64887245 0.403369603125 0.671830725 0.34313531406250003 0.67993795 0.313193328125 0.70569428125 0.3256488796875 0.75471251875
0 0.16130042656250002 0.8130434687499999 0.20450336249999998 0.8115738312499999 0.248686853125 0.8070753875 0.294784728125 0.7907319125 0.32054535781250004 0.75822726875 0.31632181406250004 0.7197574 0.313158296875 0.7013537375000001 0.3110804265625 0.69294289375 0.27496320625 0.70070091875 0.1324437625 0.72422855625 0.0975990265625 0.765128975 0.1179456890625 0.795704075 0.16130042656250002 0.8130434687499999
0 0.3211545046875 0.695932225 0.3190155859375 0.69322095625 0.357154953125 0.673705725 0.4173892375 0.66559849375 0.4342687890625 0.640151875 0.466090134375 0.5982099812499999 0.46287990937499995 0.5740189250000001 0.42773156874999996 0.5773012875 0.38364149531249997 0.5933745187499999 0.3524620609375 0.5903290125 0.323197021875 0.57543848125 0.2911888359375 0.5942308125 0.25007544843749996 0.6055581375 0.243094828125 0.61229136875 0.1667980640625 0.622560525 0.11561059843749999 0.6308985125000001 0.1048829265625 0.6714497374999999 0.1141983234375 0.7049580125 0.1363893140625 0.7150069875 0.1946508234375 0.7115105500000001 0.26693197031250004 0.70178188125 0.3211545046875 0.695932225
0 0.30758963437500003 0.5094634250000001 0.3108348875 0.5379950250000001 0.32825158125 0.579103425 0.37153625468749996 0.587761725 0.44077065156249995 0.574097875 0.5079855640625001 0.5592574124999999 0.5258697890625 0.54364998125 0.525670509375 0.5090792625 0.5204524734375 0.48515844374999995 0.5023121296874999 0.478909525 0.4571247328125 0.4835430875 0.416956865625 0.48750106249999997 0.3677655296875 0.49412196249999996 0.30758963437500003 0.5094634250000001
0 0.5416976296875 0.37801273125 0.5115688109375001 0.38061949375 0.45752143125 0.408171875 0.45800018906249995 0.46749264375 0.441003875 0.47847078125 0.47022220312499996 0.48757392499999996 0.5455150609375 0.4774399 0.6127299703125 0.46259943124999997 0.640769240625 0.45013498125 0.6325278234375 0.42517266875 0.60327445625 0.4117289875 0.594998 0.38242614375 0.5416976296875 0.37801273125
0 0.40816662031249995 0.39453689999999997 0.3499401421875 0.40237388125000007 0.306655465625 0.393715575 0.2816512625 0.408668375 0.237631259375 0.43342269375000003 0.17029956875000002 0.433794675 0.11207309531250001 0.44163165624999995 0.11490997343750001 0.54408763125 0.22123046093749998 0.51819008125 0.2904998921875 0.508866775 0.37375393125 0.48897069374999996 0.42891030625 0.47430483749999997 0.4267965859375 0.47293341875 0.4458365640625 0.45464560625 0.451579740625 0.41911053125000003 0.43929934531250003 0.3917950125 0.40816662031249995 0.39453689999999997
0 0.6360646765625 0.36531141875 0.742128271875 0.30758321875 0.7410593359375001 0.3060074875 0.7447779953125 0.26232556875 0.73456379375 0.24197404374999998 0.6502357937500001 0.2533241625 0.6343601515625 0.27863565625 0.546086590625 0.29920734375 0.5221213234375 0.31836555624999996 0.526627384375 0.37859269375000004 0.5728653875 0.37961140000000004 0.6360646765625 0.36531141875
0 0.5194593281250001 0.3720627125 0.527397740625 0.3495206125 0.5252147796875 0.3280881375 0.49898480625 0.31568593749999996 0.4336842890625 0.318681375 0.4154972375 0.30664505625 0.3061183234375 0.32716056875 0.304647659375 0.39398581875 0.369072715625 0.40704083750000003 0.4433850265625 0.399935625 0.5194593281250001 0.3720627125
0 0.298624228125 0.3947965375 0.31032077187499996 0.34976965625 0.3030715734375 0.32322538125 0.2448567765625 0.3325092125 0.2428606421875 0.33422630625 0.17256395625 0.3407910375 0.1142557375 0.33850008125 0.0876407453125 0.40291594999999997 0.09050204375000001 0.4008149375 0.12305766874999999 0.43291109375000003 0.1722489953125 0.42629019375 0.1853581421875 0.43176786875 0.24760024062500002 0.42339040624999996 0.2486041421875 0.42325528749999997 0.298624228125 0.3947965375
0 0.78403505625 0.14551345 0.745746546875 0.13328584999999998 0.6856407109375 0.1573084 0.63053104375 0.17776165625 0.595639590625 0.21287467499999999 0.6109550609375 0.242678525 0.6462085 0.25241779375 0.728575396875 0.2471253125 0.8641258921875 0.2317777625 0.9272200953124999 0.20445615 0.927179259375 0.20270205625 0.9728859265625 0.13457929375 0.9414846296875 0.104043675 0.9233909875 0.10358215 0.8653163140625001 0.13022815000000001 0.78403505625 0.14551345
0 0.7481977671875 0.063431775 0.7496921078125001 0.12406427499999999 0.7769376593749999 0.13777820624999998 0.8402420515625 0.13649985625 0.9033712796875 0.11351879375 0.9464107374999999 0.0917932875 0.9474111640625 0.0941902375 0.9682981296875001 0.064224225 0.9690801718750001 0.03659898125 0.9336282234375 0.00226330625 0.9106201515624999 0.015499006249999999 0.86060006875 0.043957750000000004 0.8024203015625 0.05758211875 0.7481977671875 0.063431775
0 0.6286213187499999 0 0.6140712234375 0.00616669375 0.574965646875 0.01722378125 0.5802070390625 0.04403828125 0.6145266296874999 0.06259376875 0.644748865625 0.07156178125 0.7100143531249999 0.06422580624999999 0.7542211937500001 0.06262105625 0.814455478125 0.05451383125 0.8636351375 0.0464460875 0.9006628484375 0.02697815 0.9284092796875001 0 0.6286213187499999 0
0 0.5336190390625 0.12417819999999999 0.5402029703125 0.19281618125 0.5895344312499999 0.20355746875 0.60660080625 0.2012604125 0.6325972375 0.18472565000000002 0.671656103125 0.167881175 0.7147189218750001 0.1490493625 0.748734909375 0.12998678749999998 0.7486469734375001 0.12529035625 0.751407990625 0.0876228375 0.7361509093749999 0.065053225 0.7029870218750001 0.06517165625 0.64476054375 0.07300863125 0.619896465625 0.10532360625 0.5336190390625 0.12417819999999999
0 0.421835296875 0.09577111875 0.4191388625 0.135241375 0.48944722812499997 0.13012349375 0.60484956875 0.10879725625 0.60677405625 0.10670754375 0.6269238015624999 0.10437776875 0.637768240625 0.07829502499999999 0.6255462281249999 0.058213743750000005 0.59436679375 0.05516823125 0.57298119375 0.0203877125 0.5086495515625 0.01890748125 0.46453612031249997 0.032087025000000005 0.421835296875 0.09577111875
0 0.5351137031250001 0.30937475000000003 0.551106115625 0.2985317375 0.61331318125 0.28581373125 0.6493369828125 0.2664809125 0.613978453125 0.2437200125 0.6106748109375 0.20795417500000002 0.5805109609375 0.20622039375 0.5351259875000001 0.196054825 0.5352067968750001 0.19638548125 0.472112603125 0.22370709375 0.4503419734375 0.2657446375 0.4094738015625 0.307455775 0.44778566406250003 0.322577075 0.5351137031250001 0.30937475000000003
0 0.4710736640625 0.21950166875 0.532171728125 0.19389714375 0.532078828125 0.192117475 0.5390239046875 0.1712485875 0.5397242109375 0.13349541250000002 0.512548715625 0.128462575 0.4332285609375 0.1376902375 0.40689349999999996 0.11226640624999999 0.31466270625 0.14061281875 0.3343090734375 0.20894107499999998 0.41976942656249994 0.21337117499999997 0.4710736640625 0.21950166875
0 0.3121534265625 0.32779669375 0.4115049734375 0.31007923125 0.4564237890625 0.27216815625 0.4762333109375 0.23618824374999997 0.46198013437499996 0.21348350625 0.4146915171875 0.2068125375 0.3493209359375 0.2011268875 0.324106546875 0.19003640625 0.305184159375 0.21141272500000002 0.2591329875 0.23354358749999998 0.1838518015625 0.24512446875 0.1234709875 0.25146145625 0.1107886203125 0.28247836875 0.1031193703125 0.328411625 0.16754443125000001 0.34146664375 0.3121534265625 0.32779669375
0 0.3301766859375 0.19501308125 0.31871335312500004 0.144412875 0.3186783234375 0.14007233125000002 0.30354969375 0.13341804375 0.10886222812499999 0.16831249375 0.08811885781249999 0.2131086125 0.12766816406249998 0.25703175625 0.20395325468749997 0.24531576249999998 0.25413681875 0.23711288125 0.30419193125 0.21299469375000002 0.3301766859375 0.19501308125
0 0.10557026249999998 0.13399350000000002 0.10785832343749999 0.16844761875 0.18315118125000002 0.1583135875 0.2795026859375 0.14244833125 0.329697921875 0.13569230625 0.4069285296875 0.11660695000000001 0.44076936250000004 0.07584165625 0.46542325937499995 0.01748341875 0.46495683593750003 0.01716419375 0.3629315515625 0.019690912499999998 0.307786853125 0.035803625 0.2446225953125 0.05444414374999999 0.2024702671875 0.061566050000000004 0.16023620624999999 0.0585600125 0.12113062968749999 0.0696171 0.10557026249999998 0.13399350000000002
0 0.10341193906249999 0.61371093125 0.1276457796875 0.62783021875 0.18587225937500002 0.6199932375 0.254126103125 0.6093582 0.297212271875 0.59342009375 0.3201502765625 0.57150329375 0.31995176718749996 0.546906875 0.3025063484375 0.51574713125 0.2493631546875 0.5173004125 0.1800586984375 0.522283175 0.1208866984375 0.53748951875 0.1129605515625 0.5515921125000001 0.0941432546875 0.58599005 0.10341193906249999 0.61371093125
0 0.0225513796875 0.8056468125 0.101602965625 0.76314165 0.1233969390625 0.72399779375 0.111980328125 0.679184975 0.1017194140625 0.6530460687499999 0.051746034375000007 0.68729220625 0.01157816875 0.69125016875 0.0225513796875 0.8056468125
0 0.11140815156249999 0.6082894249999999 0.10706556874999999 0.5683181625 0.0760379390625 0.58408168125 0.0069319875 0.61366085625 0.011453271875 0.6940407625 0.043703120312499996 0.68692631875 0.086789284375 0.67098820625 0.1137662671875 0.65142463125 0.11140815156249999 0.6082894249999999
0 0.11793336562500001 0.54512911875 0.1002597796875 0.4721900625 0.0702827625 0.49360584999999996 0.0101418921875 0.5132878562500001 0.018784581249999998 0.6061043875000001 0.04597918125 0.59536953125 0.0810341078125 0.5805123812499999 0.11203838749999999 0.56185516875 0.11793336562500001 0.54512911875
0 0.1149680390625 0.4267578125 0.09676930624999999 0.41327465625000004 0.083601771875 0.40056273750000004 0.0103867890625 0.41910761250000006 0.01301668125 0.51413445625 0.045255203125 0.50566495625 0.0903141421875 0.48511604999999997 0.11510816406249999 0.44411999375000005 0.1149680390625 0.4267578125
0 0.11722075000000001 0.33230733125 0.10492867187499999 0.3035449625 0.09883518125 0.29567459375 0.090768909375 0.2924150125 0.08078824999999999 0.3010004625 0.058795759375 0.31554789375 0.0005692796875000001 0.323384875 0.008460715625 0.42950579375000003 0.009280228125 0.42478941875 0.038519478125 0.41821793749999997 0.079656215625 0.40978430625 0.089625203125 0.39975201875 0.10041125937499999 0.36643503125 0.11137247343750001 0.354820775 0.11722075000000001 0.33230733125
0 0.047005478125 0.22443593750000002 0.0008842453125 0.23788571875 0.00362770625 0.32876690625 0.053776232812500005 0.31622349375000003 0.077776534375 0.301405825 0.10855063437500001 0.27085958125 0.10943440156249999 0.23920805 0.0931383875 0.21243301250000002 0.047005478125 0.22443593750000002
0 0 0.2423294625 0.0550133578125 0.22046128125000003 0.0950527796875 0.2005879875 0.10685441874999999 0.16858273125 0.10339897812500001 0.11400786874999999 0.0772040296875 0.10594620625 0 0.1386672 0 0.2423294625
0 0 0.14050965625 0.00011355625000000001 0.14239374375 0.084231375 0.1050003625 0.10007197812499999 0.07534832500000001 0.10695918906249999 0.05704030624999999 0.10146748750000001 0.0355515 0 0.0492085 0 0.14050965625
0 0.2486031765625 0.04956311875 0.322798715625 0.027989425000000002 0.32276368125 0.02364888125 0.317852375 0.00642721875 0.0980123234375 0.03601655 0.11304099999999999 0.06346383125 0.14319318125 0.0637507625 0.17429087031249998 0.05666833125 0.18039603906249999 0.06598555 0.240618646875 0.056431481250000005 0.2486031765625 0.04956311875
0 0.3656047109375 0 0.310600703125 0.007403256249999999 0.3137752546875 0.030652362500000002 0.347908009375 0.026058268750000002 0.4523257890625 0.01345259375 0.4765362671875 0.0246781875 0.5045872203124999 0.01366056875 0.506486521875 0.01006954375 0.5149274703125 0 0.3656047109375 0
0 0.5205624046875 0 0.518606853125 0.007428343749999999 0.5207781421875 0.02741396875 0.5820396890625 0.022065325 0.635141546875 0.0018823124999999999 0.6391042625 0 0.5205624046875 0