0 0.59116326875 0.6640141015625 0.7058141140624999 0.64511600625 0.708754621875 0.5887399609374999 0.5865445499999999 0.5969073265625 0.59116326875 0.6640141015625
0 0.5863027187500001 0.7349646296875 0.6799434328125 0.7052716734375 0.6824999375 0.651810521875 0.5779701515625 0.6790209328125 0.5863027187500001 0.7349646296875
0 0.5654294531249999 0.8082693984375 0.67841271875 0.767974021875 0.6740517734375 0.715938246875 0.5600427140625001 0.746992421875 0.5654294531249999 0.8082693984375
0 0.5595431140625 0.8699787359375 0.6601012734375 0.8388604093750001 0.6531785046875 0.7892430218750001 0.554540378125 0.8057868656249999 0.5595431140625 0.8699787359375
0 0.5226571265625 0.945637753125 0.6283389328125 0.9096826453125001 0.6538256046875001 0.8524418765625 0.515476584375 0.8809493765624999 0.5226571265625 0.945637753125
0 0.7593067437500001 0.119873978125 0.8675610046875001 0.18358600625 0.8705015203125 0.1272099609375 0.7948610296874999 0.05562088750000001 0.7802247359375001 0.052284045312500006 0.7593067437500001 0.119873978125
0 0.7814795343750001 0.22400967968750002 0.8597546265625 0.2598698203125 0.8670507687500001 0.2044867859375 0.7896699203125 0.144810965625 0.7814795343750001 0.22400967968750002
0 0.7608640421875 0.31238544375 0.8286340718749999 0.34284815156250004 0.8516851546875 0.27003988749999996 0.7845569078125 0.25173327031250003 0.7608640421875 0.31238544375
0 0.7261771421875001 0.5927120218749999 0.7778029078124999 0.5924720953125 0.7906066968750001 0.5293373875 0.7215584203125001 0.525605246875 0.7261771421875001 0.5927120218749999
0 0.6855826296875 0.7305768765625 0.75142730625 0.724571309375 0.753342025 0.6589540671874999 0.6924947640625 0.6781087359375 0.6855826296875 0.7305768765625
0 0.7155511640625 0.6563432359375 0.7664089125 0.66193310625 0.7744730671875 0.60072028125 0.717723659375 0.6057969828124999 0.7155511640625 0.6563432359375
0 0.770007159375 0.7708414375 0.8317539828125 0.7789138421875 0.8449417859375 0.7128642421875 0.7766615171875 0.7033023140625 0.770007159375 0.7708414375
0 0.7162195296875 0.923713134375 0.7910279250000001 0.8837218265625 0.79384220625 0.8453316687499999 0.7122425875 0.8687624656249999 0.7162195296875 0.923713134375
0 0.8111012765625001 0.509990275 0.8675982234375 0.5408853484375 0.88680923125 0.4972260390625 0.8169876171875 0.4482809328125 0.8111012765625001 0.509990275
0 0.847587303125 0.28411786562499997 0.9047313484374999 0.3782117984375 0.9347052015624999 0.35502091562500004 0.868208109375 0.246784859375 0.847587303125 0.28411786562499997
0 0.8854937609375 0.16665728124999998 0.9472458984375001 0.22577245 0.970428534375 0.18602105625 0.9055990171875001 0.09918229843750001 0.8854937609375 0.16665728124999998
0 0.8737157609375 0.23903318593749998 0.9267566390624999 0.2961623265625 0.952501096875 0.25399255 0.8894653828125 0.170565190625 0.8737157609375 0.23903318593749998
0 0.8222321718750001 0.3744155109375 0.8828322937499999 0.4422753703125 0.901659290625 0.40153096093749996 0.8546363031249999 0.315749359375 0.8222321718750001 0.3744155109375
0 0.797913475 0.5760398765625 0.8474929703124999 0.6083603265625 0.8759254750000001 0.5457862703125 0.8066194156250001 0.5269831453125 0.797913475 0.5760398765625
0 0.77858155 0.6887278265625 0.8410963953125 0.69097044375 0.84544670625 0.6409206968750001 0.785493684375 0.636259690625 0.77858155 0.6887278265625
0 0.9838362437500001 0.673405409375 0.9258996140625 0.6772773484375 0.92231731875 0.7214973031249999 0.9782532015625 0.7157847703125 0.9838362437500001 0.673405409375
0 0.975840353125 0.7341000281250001 0.921423071875 0.7453129828125 0.929113853125 0.789100578125 0.9697828828124999 0.7800806515625001 0.975840353125 0.7341000281250001
0 0.9212862062499999 0.6612133421874999 0.96650475625 0.6414980109374999 0.9591979875 0.594795521875 0.9139794328124999 0.6145108484375 0.9212862062499999 0.6612133421874999
0 0.8084451265625001 0.8366511234375 0.8722382140624999 0.8121631624999999 0.8750524953125 0.773773 0.81638305 0.7934241859375 0.8084451265625001 0.8366511234375
0 0.8528240874999999 0.72488789375 0.8979878734375 0.7365433140625 0.90766526875 0.6939093203125 0.8571092484375 0.6769481625 0.8528240874999999 0.72488789375
0 0.846498571875 0.6650175171875 0.89131478125 0.6793112921875 0.901049303125 0.6285375390625 0.8580305046875001 0.6160123421875 0.846498571875 0.6650175171875
0 0.9274199453125 0.551663034375 0.9679461843749999 0.567696359375 0.9740287562500001 0.5215252015625 0.9285745203125 0.5043683703124999 0.9274199453125 0.551663034375
0 0.9174899828124999 0.395855134375 0.9510623031250001 0.4415553984375 0.9665961640624999 0.4084093703125 0.9433440750000001 0.36913834218749997 0.9174899828124999 0.395855134375
0 0.8834059249999999 0.4465127703125 0.920108828125 0.4915679609375 0.9471794328125 0.4556169328125 0.9127953062499999 0.4083727921875 0.8834059249999999 0.4465127703125
0 0.8022921343749999 0.9389276515624999 0.8731933484375001 0.9170457015625001 0.871564915625 0.8677577640624999 0.798171134375 0.8931478484375001 0.8022921343749999 0.9389276515624999
0 0.6343403453125 0.9577067703125 0.7062842859375 0.9279097578125001 0.702917975 0.891813578125 0.6262198234375 0.919167909375 0.6343403453125 0.9577067703125
0 1 0.33571383125 0.9595356640625001 0.271579921875 0.9377943703125 0.3433581796875 0.9901840296875 0.3964101859375 1 0.3777291234375 1 0.33571383125
0 0.22770474843750002 0.39199733124999997 0.2715188109375 0.416998465625 0.278046940625 0.367445225 0.21322274375 0.3316492296875 0.1715864875 0.3071446015625 0.15352749999999998 0.3420592078125 0.1926019328125 0.3689822296875 0.22770474843750002 0.39199733124999997
0 0.47567529375 0.025186062500000002 0.389851596875 0.080680725 0.4436658109375 0.18302283749999998 0.46826887343749996 0.251683275 0.52450805 0.2675073484375 0.588558915625 0.25809038125 0.6643931015625 0.22734026406250002 0.661694415625 0.14565901718750002 0.5674066015625 0.11215311875 0.47567529375 0.025186062500000002
0 0.3383680171875 0.2160630453125 0.3637337734375 0.2278509265625 0.414723071875 0.2664976734375 0.43945236562499995 0.31717222500000003 0.4831402015625 0.3601592421875 0.520547059375 0.36568496562499997 0.5842139203125 0.35918289375 0.649032803125 0.3439361296875 0.655560928125 0.29438289375000004 0.6304476296875 0.2466232421875 0.589326928125 0.252260590625 0.5369331468749999 0.258330303125 0.485565159375 0.2736412078125 0.4487947734375 0.2292288203125 0.4076687609375 0.183823409375 0.357063465625 0.1422617640625 0.3383680171875 0.2160630453125
0 0.4258752390625 0.335093965625 0.3855172359375 0.2838587578125 0.346953046875 0.23603496562499998 0.3180049875 0.268467034375 0.3392728953125 0.29433289375 0.37719530625000003 0.3300006015625 0.4110198609375 0.37974628125 0.4270378953125 0.42843480312500004 0.4730297765625 0.45393243749999995 0.47700140312499995 0.45784034843750004 0.5235035203125 0.4624372078125 0.5693638578125 0.45487797187499995 0.609332534375 0.457985309375 0.6186802609375001 0.42108466875 0.609195671875 0.37388566875 0.5728146093750001 0.377601140625 0.5354077515625 0.372075415625 0.5012045046875 0.3762873875 0.452140559375 0.3741089265625 0.4258752390625 0.335093965625
0 0.3736183234375 0.4252633140625 0.4110304953125 0.48183180312499996 0.452414290625 0.5423082015625 0.48482373125 0.5346848203125 0.522998596875 0.534380753125 0.5869232359375001 0.5429496687500001 0.6008790546875 0.47107027031250004 0.5215834828125 0.47701169062500004 0.45983665937499996 0.46893928125000006 0.41832663906249995 0.426448775 0.3697676140625 0.3523267578125 0.324669975 0.3030134375 0.30789456249999997 0.36224022968749997 0.3450489578125 0.40373772968750005 0.3736183234375 0.4252633140625
0 0.4032294328125 0.6091583875000001 0.46433447031249997 0.605074696875 0.520189634375 0.6238136796875 0.5723256390625 0.602672978125 0.5734723453125 0.5428855218749999 0.4704785875 0.5584363546875 0.4059121640625 0.5377113421875 0.370293803125 0.48455425781250006 0.339415075 0.4294752921875 0.3132759828125 0.37247444375 0.2845857015625 0.4199775109375 0.324817475 0.4891986015625 0.351340571875 0.54328455 0.4032294328125 0.6091583875000001
0 0.3378949953125 0.59426316875 0.35865266406249996 0.641029809375 0.40644367187499997 0.7209816124999999 0.43731708437499994 0.7250178203125001 0.4908628859375 0.710203415625 0.550942134375 0.6968785343749999 0.5700215921875 0.6201623484375001 0.497643475 0.6246783984375 0.4462754828125 0.6399893140625 0.4009253859375 0.6266477578125 0.346216928125 0.5481213312500001 0.295222315625 0.4584318140625 0.2876683953125 0.49874385937500004 0.3131657015625 0.5435886187500001 0.3378949953125 0.59426316875
0 0.29780540312500003 0.6601844828125001 0.334575790625 0.7045968765625 0.374807559375 0.7738179656249999 0.4348921265625 0.8115358421875 0.47460302499999996 0.799572190625 0.520847365625 0.7890980625 0.554792840625 0.7698150953125 0.5632410046875 0.705687365625 0.5333933859375 0.7108923546875 0.4758759578125 0.7217988546874999 0.43104141562500004 0.7385992859375 0.37146709218749996 0.6799806234375 0.3275214796875 0.6219226124999999 0.2848541140625 0.537134028125 0.2557798234375 0.5875519890625001 0.29780540312500003 0.6601844828125001
0 0.4580853859375 0.8738699828125001 0.5258501015625 0.8532899265625 0.5386538953125 0.79015521875 0.453082659375 0.80967810625 0.3909518234375 0.8045206015625 0.3486737859375 0.7678598812499999 0.3252227484375 0.690454753125 0.2707720671875 0.626999309375 0.2588625203125 0.6663183421875 0.308063328125 0.75259645 0.34060962968749997 0.8290727015625 0.400951975 0.8818615734374999 0.4580853859375 0.8738699828125001
0 0.2627756546875 0.10875585937500001 0.2206291640625 0.1051520171875 0.20385374843749998 0.1643788203125 0.2509976515625 0.1811317703125 0.2913503359375 0.18132421406250002 0.32657937812500004 0.1863534265625 0.3370791296875 0.1407080953125 0.3361795671875 0.1134810109375 0.303128340625 0.10894829843750001 0.2627756546875 0.10875585937500001
0 0.1805448859375 0.2221160953125 0.208088465625 0.2344004828125 0.2567683984375 0.2394938421875 0.29584283125 0.266416859375 0.31274979375 0.24024693749999998 0.31377026875 0.1984453703125 0.2549692765625 0.18503967968749999 0.205647559375 0.16779021875 0.1805448859375 0.2221160953125
0 0.1640272515625 0.29641388750000003 0.20245989843749998 0.31118080312499996 0.241660559375 0.3201179328125 0.2716397265625 0.3479698203125 0.296105925 0.3325306125 0.30263405 0.2829773765625 0.22794657499999998 0.253940034375 0.19245975625 0.2338398265625 0.1640272515625 0.29641388750000003
0 0.1316284453125 0.4061227921875 0.1768523109375 0.43745022499999997 0.22143971406250001 0.5076643265625 0.26435421875 0.5054383812500001 0.281255865625 0.428225690625 0.2329599375 0.4202174328125 0.20490080625 0.3777910625 0.165442365625 0.35378294375 0.1316284453125 0.4061227921875
0 0.092438415625 0.49927118593750003 0.129208803125 0.543683584375 0.1572679328125 0.58610994375 0.2015975546875 0.64125305625 0.21030349531249998 0.59219633125 0.198898865625 0.5595718093750001 0.170197953125 0.5049893546875001 0.13240177656250002 0.4513357578125 0.092438415625 0.49927118593750003
0 0.14458505 0.5802160062499999 0.10051320625 0.5401438875 0.06746729375 0.5866539375000001 0.0988562609375 0.62083211875 0.128709196875 0.6666698875 0.1759846515625 0.7164797140625 0.21966717187499998 0.7084239718750001 0.22773133125 0.6472111453125 0.184559046875 0.63436610625 0.14458505 0.5802160062499999
0 0.127989184375 0 0.1255680203125 0.0264331453125 0.16092329375 0.013476478125 0.21767270156250002 0.00839978125 0.256873365625 0.017336909375 0.2597417390625 0 0.127989184375 0
0 0.1109704203125 0.0861564546875 0.13133876875 0.084795225 0.1742532734375 0.082569275 0.2161419875 0.0711021234375 0.22548970937499999 0.0342014828125 0.20819342500000002 0.0122435390625 0.168482525 0.024207196875 0.1178825546875 0.0336883140625 0.1109704203125 0.0861564546875
0 0.1367255 0.146072196875 0.117893184375 0.1357738375 0.0980403953125 0.16727704999999998 0.11059704687500001 0.1911568765625 0.1337849921875 0.20244824218750002 0.1700398234375 0.2167186578125 0.184000953125 0.19588202187499998 0.1896348359375 0.1701444609375 0.1591454328125 0.16319335937499999 0.1367255 0.146072196875
0 0.1278986515625 0.26415757812499996 0.159029840625 0.2832647703125 0.16594197500000002 0.230796640625 0.1366045921875 0.21510084218749997 0.10765121875000001 0.1964901578125 0.0852366015625 0.2304117578125 0.103300903125 0.2465399046875 0.1278986515625 0.26415757812499996
0 0.511690340625 0 0.5252547937500001 0.05750650625 0.5761178609375001 0.1141391453125 0.65695478125 0.14758090468750001 0.7116579203125 0.17506456718750002 0.753294171875 0.19956919687500002 0.7667397515625 0.148590584375 0.6979386140625 0.057843909375 0.6653976265625 0.032410415625 0.65076878125 0.022770134375 0.55089280625 0 0.511690340625 0
0 0.3469317765625 0.031863909375 0.3004296546875 0.027267056249999998 0.26802020937500004 0.034890437499999996 0.2284355421875 0.028868196875000002 0.2243430078125 0.09398893750000001 0.25521642031249997 0.09802514062499999 0.29300728125000003 0.10063596562499999 0.3272105296875 0.09642399375 0.3598777484375 0.1038716015625 0.38459640781250004 0.0524606234375 0.3469317765625 0.031863909375
0 0.47161947499999995 0.9963313203125 0.494350853125 0.9902259156250001 0.50138921875 0.9197718984375 0.43144669375 0.9398554375 0.392761584375 0.9610602921875 0.3420300625 0.937484534375 0.3003884921875 0.861937140625 0.2716875796875 0.8073546859375 0.2438809078125 0.7289565453125 0.2214662984375 0.762878140625 0.2532445875 0.8451841968749999 0.27899967187499997 0.9050999375 0.2956079796875 0.9572257140625 0.46728365937499994 0.99636505 0.47161947499999995 0.9963313203125
0 0.762652534375 0.264754078125 0.767260621875 0.2297753265625 0.7612374156249999 0.20738502187500002 0.72895420625 0.1970225171875 0.7006426171875 0.1905679265625 0.67220479375 0.20209921406250003 0.657733425 0.24383663437499997 0.6760555046875 0.27503577031250004 0.7043670921875 0.28149036562499996 0.72652924375 0.2835405453125 0.7530470296875 0.2865837359375 0.762652534375 0.264754078125
0 0.665687303125 0.3537379828125 0.6933571093750001 0.3480364828125 0.7271763531250001 0.3467393984375 0.74446731875 0.31765457812500003 0.7490754078124999 0.2826758265625 0.7272972609374999 0.277710753125 0.693478025 0.27900783125 0.662478378125 0.29295751718749996 0.665687303125 0.3537379828125
0 0.6682491265625 0.351319590625 0.6304582640625 0.3487087578125 0.6229043453124999 0.389020809375 0.6295693359375 0.4235672015625 0.6560871171875 0.42661039375 0.7166819156249999 0.44342748906249996 0.7262874203125 0.42159784218749996 0.7379391890625 0.3672078203125 0.7052719703125 0.3597602140625 0.6682491265625 0.351319590625
0 0.65481418125 0.5043837359375 0.684919575 0.5142497359375 0.7155352140625 0.50321494375 0.715661440625 0.48522905625 0.7380760546875 0.45130746093749996 0.7184757234375 0.44683889375 0.6836306890625 0.43889478125 0.6626205625 0.428099915625 0.6353347609375 0.43088652187500004 0.618554034375 0.43907055625 0.613177928125 0.47987910625 0.6006265921875 0.5070420390625 0.6267603703125 0.5130001296875 0.65481418125 0.5043837359375
0 0.7909853906250001 0.475379725 0.8093021515625001 0.45553610625 0.817624084375 0.4093942640625 0.778165646875 0.3853861453125 0.7447304124999999 0.3837683375 0.739612084375 0.4396478765625 0.7561403578125 0.4674356125 0.7909853906250001 0.475379725
0 0.6946566265625 0.5254769546875 0.6662188062500001 0.5370082468749999 0.6285541765625 0.5164115390624999 0.6095956265625 0.5240990625 0.59243620625 0.586240753125 0.61959576875 0.6014400453125 0.6618684953125 0.58705799375 0.70145316875 0.593080225 0.7088808531249999 0.5707540734375 0.7142569578125 0.529945521875 0.6946566265625 0.5254769546875
0 0.10377369375 0.2655975734375 0.08088479062500001 0.24148162968750003 0.068051075 0.2894340109375 0.09149774375 0.30931612343750003 0.11475848749999999 0.3306095109375 0.140189171875 0.3436756296875 0.1375200125 0.3227157984375 0.1584808609375 0.295513921875 0.128646609375 0.282897521875 0.10377369375 0.2655975734375
0 0.08101989062500001 0.34762995 0.09671383125 0.36865189374999996 0.10769347968750001 0.38423805624999996 0.1284735625 0.40787322968749995 0.136162596875 0.3907285625 0.13814403749999998 0.3591996796875 0.1146973734375 0.3393175734375 0.0880874703125 0.3187142859375 0.08101989062500001 0.34762995
0 0.0907032359375 0.42252082656249995 0.07103868437500001 0.39041799374999997 0.060993793750000004 0.41720120781250003 0.056964642187500004 0.4395412578125 0.07141825156250001 0.461734090625 0.0856859375 0.4853382078125 0.09871072343750001 0.4854003265625 0.10695752031250001 0.4640218265625 0.10639718125 0.44354277499999994 0.0907032359375 0.42252082656249995
0 0.057654932812500004 0.5167428546874999 0.0740314453125 0.5408277531250001 0.09728704218749999 0.5126953703125 0.07886281875 0.47942164531250003 0.0523140375 0.4501103140625 0.026638890625 0.471876415625 0.0410924953125 0.494069253125 0.057654932812500004 0.5167428546874999
0 0.0027460796875 0.4206656296875 0.0117497484375 0.436501303125 0.0295525125 0.45800402812499996 0.0398470171875 0.445814365625 0.0442480125 0.4206517578125 0.02774926875 0.41398297812499996 0.013667499999999999 0.388967584375 0.0076960296875 0.383091909375 0.0027460796875 0.4206656296875
0 0.021229154687499998 0.3398132640625 0.0143409203125 0.3326523375 0.008976925 0.373368978125 0.011123146875 0.375304534375 0.0289259125 0.39680725781250004 0.045610575 0.40206476406249997 0.0603697609375 0.3807173265625 0.068988403125 0.35651628125 0.05900204999999999 0.34987855 0.021229154687499998 0.3398132640625
0 0.0397067640625 0.29024028125 0.0209666890625 0.28235795 0.0159320046875 0.3205748765625 0.01713374375 0.3214356015625 0.028981878125 0.3386734328125 0.05075268125 0.3465441625 0.0657614796875 0.33979028125 0.0727679453125 0.3195826734375 0.06395823125 0.29576922968749997 0.0397067640625 0.29024028125
0 0.028474937500000002 0.23534766875000002 0.0266835671875 0.2389626625 0.0220985046875 0.2737666453125 0.032572925 0.27843822500000004 0.046466196875 0.280152 0.060420584374999996 0.273157725 0.0667444796875 0.24988717968750002 0.0659371046875 0.2395274609375 0.0448488734375 0.23471967343750003 0.028474937500000002 0.23534766875000002
0 0.1058625875 0.6701925734375 0.10015499531250001 0.6558083546875 0.0788171546875 0.6364070171875 0.06473538281249999 0.6113916296874999 0.0497240125 0.5934326234375 0.032354201562500004 0.5603992921875001 0.01046374375 0.5946575562499999 0.0380058234375 0.6329173375 0.057856298437499995 0.6636088984375 0.07417169375 0.6964018421875 0.0916611640625 0.6873061796875 0.1058625875 0.6701925734375
0 0 0.6456677421875 0.01456430625 0.662461 0.031312659375 0.6837233312500001 0.0483717390625 0.7108711624999999 0.06561674843750001 0.736607725 0.079568559375 0.7049005625 0.056368928124999995 0.6748991125 0.0345344375 0.6510235625 0.0157994921875 0.6118643375 0 0.6345531296875 0 0.6456677421875
0 0.1674006015625 0.7801641296875 0.1592734578125 0.759413634375 0.1371282390625 0.7296525734375 0.1139897234375 0.690943078125 0.10481332343750001 0.7193779609375001 0.12199720624999999 0.7538225625 0.1411039953125 0.7901592296875 0.155063534375 0.8325907296875 0.189548390625 0.8346380734375 0.1966133984375 0.781009528125 0.1674006015625 0.7801641296875
0 0.0401268578125 0.1551452421875 0.061648046874999994 0.148422409375 0.070017075 0.10962780937500001 0.044142571874999995 0.10643610625 0.037647684375000004 0.155737034375 0.0401268578125 0.1551452421875
0 0.192262559375 0.0967952296875 0.170119915625 0.0917470625 0.1482879953125 0.09258439375000001 0.12527686093749998 0.0858845453125 0.11138873906249999 0.1335965390625 0.1366946171875 0.13936588125 0.1523248734375 0.1443829890625 0.18662380625 0.1478416125 0.2008889203125 0.1467328375 0.205412146875 0.10415411875 0.192262559375 0.0967952296875
0 0.2225175625 0.5761339046875 0.24546757968750002 0.5915417859375001 0.25297069375 0.5758084046875 0.2674165796875 0.5238625781249999 0.23280691562500003 0.5145184609375 0.2081199203125 0.4958072359375 0.1867183859375 0.4604010734375 0.1538431296875 0.4296473984375 0.1375354578125 0.47099310625 0.1544697359375 0.4908441625 0.180150025 0.5185038375000001 0.1963406171875 0.54400000625 0.2225175625 0.5761339046875