0 0.598157759375 0.5759505828125 0.5377305671875 0.5776310828125 0.537719121875 0.6363466171875001 0.59634439375 0.634595471875 0.598157759375 0.5759505828125
0 0.595526378125 0.687205315625 0.5431763562499999 0.69122715 0.5414573781249999 0.743801671875 0.5953576218750001 0.7560381234375 0.595526378125 0.687205315625
0 0.7043765546875 0.5861886640625 0.6682123421874999 0.5928696984374999 0.66202003125 0.6432441718749999 0.7081262625 0.6349281921875 0.7043765546875 0.5861886640625
0 0.7047626765625 0.67731479375 0.6594944843749999 0.68971300625 0.6551355546875001 0.7381346578125 0.7057780390625 0.727971815625 0.7047626765625 0.67731479375
0 0.6942114359375 0.7761109171875 0.650776625 0.7865563156250001 0.652976103125 0.8190375609375 0.6954470359375 0.8126037609375001 0.6942114359375 0.7761109171875
0 0.528738121875 0.8080930953125 0.4718833015625 0.811938328125 0.4709394390625 0.87264199375 0.5286952171875 0.8688320828125 0.528738121875 0.8080930953125
0 0.5949057078125 0.843082028125 0.543362259375 0.8532095484375001 0.5398728296875 0.9036899796875 0.5950830359375 0.889656821875 0.5949057078125 0.843082028125
0 0.5322990515625 0.8689733625 0.47258404218749994 0.8828299109375 0.4727299109375 0.9314281640625 0.533345875 0.917606925 0.5322990515625 0.8689733625
0 0.5919425578124999 0.743756109375 0.54133153125 0.75189549375 0.53880598125 0.7983643359375 0.589322621875 0.796295315625 0.5919425578124999 0.743756109375
0 0.5912503906250001 0.7882721375 0.5388374421875 0.7963408765625 0.53991573125 0.8429509859375001 0.588787765625 0.8306940609375 0.5912503906250001 0.7882721375
0 0.6468610328125 0.632526459375 0.6052910640625 0.638995575 0.603635009375 0.687523184375 0.64887174375 0.6771484390625 0.6468610328125 0.632526459375
0 0.6425535890625 0.7356167265625 0.5983436609375 0.7379329859375 0.5958810359375 0.7803549109375 0.6419558046875 0.7740623828125 0.6425535890625 0.7356167265625
0 0.6475388875 0.820849103125 0.5978288203125001 0.82902379375 0.597817378125 0.8877393281250001 0.6503247078125 0.87360021875 0.6475388875 0.820849103125
0 0.794661253125 0.5775798765625 0.757659003125 0.5801786921875001 0.7551649140625 0.62462406875 0.793937625 0.62411935625 0.794661253125 0.5775798765625
0 0.7568724484375 0.630765075 0.7550390671875 0.6327178906250001 0.751769865625 0.6690341296875 0.7913806125 0.67261165 0.7911718203125 0.6280603015625 0.7568724484375 0.630765075
0 0.7881743390625 0.704880971875 0.752104509375 0.70549165 0.747682653125 0.75796021875 0.7838154078125 0.7533026296875 0.7881743390625 0.704880971875
0 0.7531542046874999 0.5800020953125 0.7115527687500001 0.588494671875 0.70921599375 0.6228227734375 0.7497591578125 0.62441215 0.7531542046874999 0.5800020953125
0 0.74824896875 0.7215380140625001 0.7084809171875001 0.7280777734375 0.701639346875 0.76222928125 0.7466873078125 0.7639952609375 0.74824896875 0.7215380140625001
0 0.7475882656249999 0.7640305828125 0.7024144578125 0.770358425 0.702717634375 0.8088394046875 0.7413959578125 0.8144050546875 0.7475882656249999 0.7640305828125
0 0.7016593656250001 0.8189213625 0.6555216734375 0.82926079375 0.6494866734375 0.8695179859375 0.70199400625 0.8553788765625001 0.7016593656250001 0.8189213625
0 0.7873877828125 0.7554673625 0.75398936875 0.7582074515625 0.7487924031250001 0.8025468765625 0.78309178125 0.799842109375 0.7873877828125 0.7554673625
0 0.6500015125 0.778427171875 0.5967190734375001 0.7844371437500001 0.5924230671874999 0.8288118765625001 0.6492464171875 0.8269901031250001 0.6500015125 0.778427171875
0 0.65234973125 0.685383534375 0.6018960156250001 0.6834056375 0.5984380453125 0.7318626234375001 0.6506936796875 0.73391115 0.65234973125 0.685383534375
0 0.6529904171875 0.586198896875 0.60607761875 0.5884091921875 0.604358640625 0.64098371875 0.6484741796875 0.644737828125 0.6529904171875 0.586198896875
0 0.7064072828125 0.68750270625 0.7071938390625 0.636916315625 0.6636360484375 0.6449632609375 0.658593525 0.689677684375 0.7064072828125 0.68750270625
0 0.5430934140625 0.63858199375 0.5420666093750001 0.64664049375 0.539572521875 0.6910858703125 0.595400528125 0.6952991374999999 0.5953805125 0.6386070687500001 0.5430934140625 0.63858199375
0 0.7970609546875 0.5392048625 0.7609281984375 0.5438624453124999 0.7584970359375001 0.5842609249999999 0.796400246875 0.5816974312500001 0.7970609546875 0.5392048625
0 0.7488896609375 0.6223533765625 0.713563478125 0.6331166500000001 0.7111323171875 0.6735151234375001 0.7498421 0.677057315625 0.7488896609375 0.6223533765625
0 0.750680134375 0.6811395484375 0.7110379296875 0.6795854796875 0.7094448015625 0.724066178125 0.7482804328125 0.7195145609375 0.750680134375 0.6811395484375
0 0.8274203046874999 0.7412107734375 0.7951998078125 0.743561746875 0.7928334265625 0.7922590609375 0.8258861124999999 0.788133678125 0.8274203046874999 0.7412107734375
0 0.8265140921875 0.695999246875 0.7943497500000001 0.6947383359375 0.7895710484375 0.7433410890625 0.825727846875 0.7465655546875001 0.8265140921875 0.695999246875
0 0.8279640390624999 0.6544941640624999 0.7981839484375 0.6551337671875 0.7951538593749999 0.69476985625 0.8288983390625001 0.697899753125 0.8279640390624999 0.6544941640624999
0 0.8316680484375001 0.5715155281250001 0.797035225 0.573771925 0.797109253125 0.6207578703125 0.8276653749999999 0.6219557328125 0.8316680484375001 0.5715155281250001
0 0.319420359375 0.1394291640625 0.25426970781249997 0.08627799375 0.242254028125 0.134597040625 0.30748891718750004 0.182330390625 0.319420359375 0.1394291640625
0 0.303468378125 0.1821727734375 0.22835954531249997 0.148508671875 0.2201116859375 0.21323878125 0.30251365625000004 0.24357471875 0.303468378125 0.1821727734375
0 0.29748222812499997 0.30843091093749997 0.2206809359375 0.280121575 0.2153967890625 0.36123123281249997 0.2948350484375 0.3751876234375 0.29748222812499997 0.30843091093749997
0 0.3024013359375 0.250798471875 0.2232158015625 0.2205886234375 0.21738026562499999 0.2854133015625 0.2982863359375 0.30846243906250004 0.3024013359375 0.250798471875
0 0.28789810937500004 0.5625948703125 0.209731109375 0.57037279375 0.20719625000000003 0.629905746875 0.29010365781249997 0.62773478125 0.28789810937500004 0.5625948703125
0 0.3860325421875 0.25382400625 0.30731415625 0.24531695937500003 0.3038067078125 0.3156540203125 0.38258125625 0.3205491984375 0.3860325421875 0.25382400625
0 0.37839223125 0.3312272125 0.30940738749999996 0.3176806171875 0.3037403328125 0.3716696640625 0.374361478125 0.3834733625 0.37839223125 0.3312272125
0 0.3766895640625 0.388985746875 0.3012156890625 0.37879885625 0.30034520468750003 0.434782971875 0.373322515625 0.45029312343749994 0.3766895640625 0.388985746875
0 0.372630725 0.4430378359375 0.3049452140625 0.44941962343749997 0.30083021875 0.5070835828125 0.373199975 0.5099206374999999 0.372630725 0.4430378359375
0 0.37075957656249997 0.5116320140624999 0.2975857046875 0.5087634390625 0.2991275453125 0.5648421234375001 0.37069319843750004 0.5676476578125 0.37075957656249997 0.5116320140624999
0 0.37390963125 0.567773746875 0.299015225 0.5720658828125 0.299668721875 0.6335308703125 0.3681583421875 0.627180603125 0.37390963125 0.567773746875
0 0.3665220421875 0.6289235 0.298780371875 0.6389171640625 0.2981064484375 0.6822596984375 0.3680919671875 0.6831962468749999 0.3665220421875 0.6289235
0 0.36573580156249996 0.67948979375 0.3003502953125 0.6931899046875001 0.2986757015625 0.7491424999999999 0.365529025 0.7445351375 0.36573580156249996 0.67948979375
0 0.365613265625 0.7391173156249999 0.2962072171875 0.7526598156250001 0.29786138125 0.8015147390624999 0.36479894218750003 0.7914895546875 0.365613265625 0.7391173156249999
0 0.358337996875 0.7930433156250001 0.2905963234375 0.8030369796875 0.2945785703125 0.8574042937499999 0.3558592984375 0.8489643906250001 0.358337996875 0.7930433156250001
0 0.35663532343750004 0.8508018500000001 0.2913340578125 0.85908414375 0.28982794843750004 0.904201109375 0.356625109375 0.903205609375 0.35663532343750004 0.8508018500000001
0 0.379058503125 0.1848830890625 0.310017496875 0.1749483703125 0.3059586609375 0.229000459375 0.3798243140625 0.2391243078125 0.379058503125 0.1848830890625
0 0.3903543140625 0.13111470625 0.334459846875 0.103624959375 0.32391198125 0.1610367390625 0.388679725 0.18706729375 0.3903543140625 0.13111470625
0 0.5084241375 0.092627315625 0.4564098109375 0.0743248828125 0.4516591859375 0.12112169843750001 0.504477621875 0.13945565 0.5084241375 0.092627315625
0 0.4538800390625 0.3922647734375 0.388831496875 0.384293609375 0.3861843171875 0.45105031562500003 0.4495965671875 0.4607643765625 0.4538800390625 0.3922647734375
0 0.45209313125 0.45544112343750004 0.38529596875 0.456436609375 0.3877261578125 0.50712900625 0.4511945671875 0.513231184375 0.45209313125 0.45544112343750004
0 0.4462754609375 0.5708636296875 0.3834426828125 0.575628609375 0.38188041093749997 0.6243574453125 0.4454611375 0.6232358625 0.4462754609375 0.5708636296875
0 0.44146867656250005 0.621272321875 0.3794119265625 0.627874753125 0.37610103906250003 0.6855702390625 0.44057011562500004 0.6790623703125 0.44146867656250005 0.621272321875
0 0.43968176562499994 0.6844486640625 0.378569521875 0.6820529390625001 0.37686685 0.739811471875 0.4372873078125 0.7349519171875001 0.43968176562499994 0.6844486640625
0 0.4396894171875 0.787450246875 0.375360740625 0.784928425 0.3719936953125 0.8462358015625 0.4379586671875 0.8470147265625 0.4396894171875 0.787450246875
0 0.5563592046875 0.26978936249999996 0.5158831921875 0.23386885624999998 0.5039236734375 0.2785760203125 0.551720896875 0.3093624171875 0.5563592046875 0.26978936249999996
0 0.5429778140625 0.354195671875 0.5005847078125 0.3380774515625 0.496694346875 0.3812939046875 0.538339509375 0.3937687265625 0.5429778140625 0.354195671875
0 0.569301528125 0.161874328125 0.5263289515625 0.1312770609375 0.5167817593749999 0.1760788015625 0.5621385796875 0.20857656093750002 0.569301528125 0.161874328125
0 0.5635783109375 0.219475253125 0.518277653125 0.183365603125 0.5111708625 0.22645596562499998 0.5556954968750001 0.26072814375000003 0.5635783109375 0.219475253125
0 0.6129020765625001 0.1003371640625 0.573202096875 0.06625411718749999 0.5668151734375 0.11479382187500001 0.61064801875 0.14181071875 0.6129020765625001 0.1003371640625
0 0.6208206281249999 0.1602799109375 0.5769035453125 0.138680821875 0.5721248421875 0.18728356875000002 0.6136576796875 0.20698215000000003 0.6208206281249999 0.1602799109375
0 0.6127693296875 0.21236844531250001 0.57115225 0.198087684375 0.565625596875 0.24304702812499998 0.6055783015625 0.2608766296875 0.6127693296875 0.21236844531250001
0 0.6023337859375 0.26255647187500003 0.5630447890625 0.253788103125 0.559986625 0.2952301296875 0.600051646875 0.305835965625 0.6023337859375 0.26255647187500003
0 0.5912243171875 0.35608704062499996 0.5511031375 0.3490930828125 0.5494847078125 0.4014338015625 0.5895778078125 0.41023369218749994 0.5912243171875 0.35608704062499996
0 0.6436036859375001 0.3509122609375 0.6041181375 0.354785471875 0.6001435359375 0.40341973906249995 0.6426208875 0.4141201375 0.6436036859375001 0.3509122609375
0 0.6468584140625 0.29682865 0.6042406703125 0.2951579453125 0.6041742953125 0.35117358906249996 0.6451838296875 0.35278125312499997 0.6468584140625 0.29682865
0 0.6533015 0.24467707500000002 0.6106556703125 0.24481230781250002 0.6066810765625 0.29344656874999997 0.6508789640625 0.2969862671875 0.6533015 0.24467707500000002
0 0.652423365625 0.197659609375 0.62037134375 0.18917493125 0.618696759375 0.24512754062500003 0.652497390625 0.24464555468750002 0.652423365625 0.197659609375
0 0.5976674 0.303935459375 0.5574900609375 0.3005533828125 0.553571621875 0.3455757734375 0.5960770484375 0.35447023906249997 0.5976674 0.303935459375
0 0.551805140625 0.303944603125 0.5053634078125 0.2894746984375 0.5037730578125 0.34000948593749997 0.5462223265625 0.352515821875 0.551805140625 0.303944603125
0 0.739119028125 0.107092178125 0.7005499000000001 0.10377314374999999 0.6964629812500001 0.159631171875 0.7389684078125 0.1685256375 0.739119028125 0.107092178125
0 0.68811801875 0.3301129453125 0.6525816437499999 0.32622150625 0.6473582984374999 0.375983425 0.6884532953125 0.38009277343750003 0.68811801875 0.3301129453125
0 0.7563655125000001 0.28954615 0.7232739875 0.2844284515625 0.7246569609375 0.33223821249999996 0.754363234375 0.3362680953125 0.7563655125000001 0.28954615
0 0.762277609375 0.210835028125 0.7333672015625 0.1980272390625 0.7274103015625 0.2468263625 0.755318 0.2572599515625 0.762277609375 0.210835028125
0 0.685751596875 0.3852865203125 0.6453034171875001 0.3790310890625 0.644577765625 0.42570039687500005 0.6851347984375 0.42495543125 0.685751596875 0.3852865203125
0 0.7207145578125 0.41000602812500003 0.6883969078125001 0.4157437671875 0.6888191 0.4554534046875 0.71891363125 0.4589680609375 0.7207145578125 0.41000602812500003
0 0.7586585921875 0.3823673421875 0.7265574109374999 0.37969343125 0.7245938265625 0.424911575 0.758584603125 0.42765956093749996 0.7586585921875 0.3823673421875
0 0.660389490625 0.095420471875 0.6242091765625 0.0713545609375 0.6171626703124999 0.11920439062499999 0.6590557718750001 0.1406633015625 0.660389490625 0.095420471875
0 0.6928845796875 0.1943619515625 0.6570261984375 0.1901252875 0.65515059375 0.2296849859375 0.6897712375 0.2324576640625 0.6928845796875 0.1943619515625
0 0.723188396875 0.30803897187499996 0.6926681703125 0.298643321875 0.6882806703125001 0.3460266171875 0.7194541578125 0.36036738281249997 0.723188396875 0.30803897187499996
0 0.6864575640624999 0.2754421234375 0.6536462921874999 0.2725160140625 0.6491823421875 0.324815828125 0.6834275453124999 0.32943799375 0.6864575640624999 0.2754421234375
0 0.7592914578125 0.33405185625 0.7213722406249999 0.33092550625 0.725011503125 0.378623465625 0.7562869171875 0.3864088765625 0.7592914578125 0.33405185625
0 0.208355096875 0.285525753125 0.2116057375 0.23354285 0.1653141859375 0.22624282187500003 0.12150613437499999 0.21629750625000002 0.1168219578125 0.28193745937500003 0.1667748359375 0.2893810140625 0.208355096875 0.285525753125
0 0.208296978125 0.3678029515625 0.2067510890625 0.31014671875 0.164163478125 0.300249246875 0.1227536953125 0.29314058906249996 0.1168916921875 0.35599171875 0.16924283906249998 0.36627195156250003 0.208296978125 0.3678029515625
0 0.19999409375 0.430558390625 0.1984055859375 0.3756431375 0.1570810359375 0.363052528125 0.116678596875 0.369696609375 0.1170040453125 0.42730500625 0.1645586609375 0.431911896875 0.19999409375 0.430558390625
0 0.201326890625 0.5019195203125 0.20222188437500002 0.444358971875 0.1534468296875 0.4397042328125 0.113129628125 0.4408663625 0.1170737828125 0.5013592671875 0.1573483625 0.5029381171875 0.201326890625 0.5019195203125
0 0.1377786765625 0.5049135953125 0.1109715734375 0.5011200484375 0.10755045781250001 0.5640668625 0.13562062187499999 0.5651672734375001 0.164911225 0.566315528125 0.1979910125 0.5593843828125 0.1988433875 0.5045648078125 0.16702666093750002 0.508802828125 0.1377786765625 0.5049135953125
0 0.1476971828125 0.57386865 0.11836396093749998 0.5754613765625 0.11245933906250001 0.6410534859375 0.1343846765625 0.6446556578125 0.166244021875 0.6376766578125 0.2006294875 0.625311396875 0.199040978125 0.5703961375 0.17825085000000002 0.5723237734375 0.1476971828125 0.57386865
0 0.1392664421875 0.6448470281249999 0.10989059999999999 0.6491807328125 0.112870028125 0.6931799171875 0.13967713125 0.696973459375 0.16648423125 0.70076700625 0.1935470453125 0.688114684375 0.1943568046875 0.6360360890625001 0.16485310312499998 0.6485927328125001 0.1392664421875 0.6448470281249999
0 0.10805799375 0.7670428015625 0.1594444078125 0.760829315625 0.19378725624999998 0.751205028125 0.1934191890625 0.6963376234374999 0.1664416125 0.7035079859375 0.1383714484375 0.702407575 0.1089529875 0.7094822609375 0.10805799375 0.7670428015625
0 0.137305978125 0.770932034375 0.1079301375 0.7752657390625 0.1108243265625 0.8247468828125 0.125384390625 0.830802971875 0.159642 0.82666064375 0.192807025 0.814247534375 0.1923963390625 0.7621211031249999 0.174004475 0.766885396875 0.137305978125 0.770932034375
0 0.1375035734375 0.8367633624999999 0.10333119843750001 0.8354237328125 0.107232734375 0.8986576171875 0.12183542031250001 0.9019727265625 0.15866176875 0.88970314375 0.1916989359375 0.8855129796875 0.19150134375 0.81968165 0.1669220328125 0.829688684375 0.1375035734375 0.8367633624999999
0 0.2827671578125 0.68338435625 0.287366096875 0.62322635625 0.2432597171875 0.632467890625 0.211528225 0.6312239453124999 0.2118110546875 0.691573321875 0.2435851609375 0.6900762874999999 0.2827671578125 0.68338435625
0 0.2842704296875 0.7437815750000001 0.2851228046875 0.688962 0.24354254218750002 0.6928172609375001 0.2117684359375 0.69431429375 0.21083082343749998 0.754615828125 0.2499702015625 0.7506648765625 0.2842704296875 0.7437815750000001
0 0.28206975624999997 0.8067762328124999 0.27930342656249996 0.74907215 0.2450458171875 0.7532144796875 0.2144069140625 0.760241315625 0.214732359375 0.81784970625 0.25025303125 0.811014246875 0.28206975624999997 0.8067762328124999
0 0.27629299375 0.8641454046874999 0.272306221875 0.8063934796875 0.233124225 0.8130854046874999 0.20728185 0.8257855828125 0.203945971875 0.8832504453125001 0.24055923125 0.8846857609375001 0.27629299375 0.8641454046874999
0 0.2883037109375 0.5629248359375 0.2831391125 0.5023840890625 0.24033841093750002 0.50619150625 0.20751433593750002 0.49667678125 0.20884713437500002 0.5680379171875 0.2491217140625 0.5696167671875 0.2883037109375 0.5629248359375
0 0.28887325625 0.447755890625 0.2935148140625 0.384856925 0.2544606734375 0.3833259171875 0.2155770125 0.37083099375 0.2059684484375 0.43902054843749994 0.2462004109375 0.4433403765625 0.28887325625 0.447755890625
0 0.285452140625 0.5107027125 0.28163584375 0.4419868765625 0.24489472812500002 0.44877448593749997 0.2144689234375 0.44209643125 0.20986998437499998 0.50225443125 0.24526279843749998 0.5036419046875 0.285452140625 0.5107027125
0 0.4610175703125 0.1363570140625 0.40487724687500004 0.1341561921875 0.40049140312500003 0.18060929375 0.463911759375 0.1858381578125 0.4610175703125 0.1363570140625
0 0.4293984359375 0.20642635625 0.403854396875 0.199939678125 0.40128565624999996 0.208066925 0.3994685515625 0.24639278125000003 0.41642688124999994 0.255285528125 0.44798789375 0.2674933828125 0.46293152812500005 0.2488806640625 0.451323771875 0.2100285203125 0.4293984359375 0.20642635625
0 0.391235403125 0.3832024859375 0.41926294531249997 0.3870438765625 0.44968875625000004 0.39372193125 0.4542450765625 0.3363049109375 0.43720150625 0.33289412343749997 0.412920528125 0.3237143078125 0.3934360765625 0.320207821875 0.391235403125 0.3832024859375
0 0.44659308906249995 0.5142771374999999 0.3831301125 0.511789246875 0.384676 0.5694454859375 0.444520271875 0.5690488625000001 0.44659308906249995 0.5142771374999999
0 0.5350305609375 0.63842064375 0.53466249375 0.5835532328124999 0.4891806984375 0.5241746093749999 0.4524395859375 0.5309622265625 0.44758493593750004 0.6075660953125 0.4751010546875 0.6442992265624999 0.5350305609375 0.63842064375
0 0.5390173328125 0.69617256875 0.5373435890625 0.6467392671875001 0.48355890781250005 0.6501160890625 0.4510331671875 0.6214145140625 0.44302861250000003 0.6649831093749999 0.48013779218749997 0.7130629046875 0.5390173328125 0.69617256875
0 0.44688753124999997 0.730957965625 0.476887153125 0.7650458078125 0.534503634375 0.750848603125 0.5340503296875 0.7014631437500001 0.4776969078125 0.71296721875 0.462044259375 0.69864035625 0.4427302828125 0.6841699593749999 0.44688753124999997 0.730957965625
0 0.5392343171875 0.44659999375000003 0.4867979359375 0.4418017265625 0.48742171718750005 0.4802232671875 0.536196771875 0.48487800625000005 0.5392343171875 0.44659999375000003
0 0.5923952171875 0.4048016234375 0.5485445484375 0.3975972875 0.5415473421875 0.45491861718750004 0.5891445796875 0.456784534375 0.5923952171875 0.4048016234375
0 0.5652665546875 0.10753200624999999 0.5242403390625 0.0757545546875 0.513837521875 0.1164864796875 0.562314246875 0.1403280609375 0.5652665546875 0.10753200624999999
0 0.6423480968749999 0.412245184375 0.602073515625 0.4106663359375 0.6013916125 0.45452199374999996 0.6392679328125 0.453264178125 0.6423480968749999 0.412245184375
0 0.658054978125 0.580162534375 0.6587368812500001 0.5363068765625 0.599659746875 0.487365890625 0.5533255765625 0.4828068359375 0.5527289109375 0.521180534375 0.6055333593750001 0.5808462265625 0.658054978125 0.580162534375
0 0.7142805421875 0.576881396875 0.7136567656249999 0.53845985625 0.660639221875 0.49249906875000005 0.6299577015625 0.5022668765625 0.6658464359375 0.5502988359375001 0.665249778125 0.588672534375 0.7142805421875 0.576881396875
0 0.7558181859374999 0.5757671171875 0.7576779078125 0.53470028125 0.7059234296875 0.48604635625 0.67890323125 0.49595769843750004 0.7160124109375 0.5440375000000001 0.7191623109374999 0.5770727734375 0.7558181859374999 0.5757671171875
0 0.735554984375 0.46526678125 0.797952490625 0.5362791296875 0.8431940796875 0.532567396875 0.8402146531250001 0.4885682125 0.7725091921875 0.4447742734375 0.735554984375 0.46526678125
0 0.39633652812500003 0.3129968828125 0.41718603125 0.32349470625 0.44462867656249994 0.325780575 0.4444167109375 0.2701095609375 0.43580135625 0.269771821875 0.41706808593750005 0.2617770890625 0.398221996875 0.26103828125 0.39633652812500003 0.3129968828125
0 0.492156721875 0.353055 0.49461825625 0.2986988625 0.4720781578125 0.2929750140625 0.454997871875 0.2826249515625 0.44820985625 0.338021540625 0.46748158906250004 0.346037390625 0.492156721875 0.353055