0 0.38532693125 0.250892584375 0.13917021093749998 0.272515834375 0.212891125 0.341390203125 0.4564241421875 0.307356190625 0.38532693125 0.250892584375
0 0.47665064218750003 0.349729046875 0.1924159140625 0.3644705890625 0.20321077812500002 0.4288590296875 0.48219811874999996 0.389295975 0.47665064218750003 0.349729046875
0 0.768867971875 0.3194434921875 0.52765855625 0.35114284375000004 0.5462988125 0.412664228125 0.7936044890625 0.3698239875 0.768867971875 0.3194434921875
0 0.5380844437500001 0.7469343984375 0.24439238593749998 0.743592203125 0.22074469375 0.8049696609374999 0.5471301765625001 0.8030490078125 0.5380844437500001 0.7469343984375
0 0.4921184140625 0.4495475 0.23333188124999998 0.49138408437500003 0.2419403359375 0.5454302281250001 0.501738625 0.49505360625000006 0.4921184140625 0.4495475
0 0.543400721875 0.4256073859375 0.5474734609375 0.43154656718749995 0.571035340625 0.4630447203125 0.8109328984375 0.4251399953125 0.80727175 0.3811699484375 0.543400721875 0.4256073859375
0 0.816965778125 0.5475002875 0.550338278125 0.550327334375 0.567708284375 0.6144341953125 0.8045917499999999 0.5973145671875 0.816965778125 0.5475002875
0 0.5017021140625 0.555016725 0.22447824375 0.61606686875 0.230031965625 0.6784529578125 0.545853375 0.6194014625 0.5017021140625 0.555016725
0 0.8211484718750001 0.621458846875 0.57541149375 0.6508723890625 0.5746678359375 0.7195857921875 0.835369784375 0.6887293640625 0.8211484718750001 0.621458846875
0 0.8430730000000001 0.725167559375 0.580407471875 0.764793525 0.5641062781249999 0.8321468859375001 0.8559232890624999 0.8040105515624999 0.8430730000000001 0.725167559375
0 0.8554588984375 0.38648496250000003 0.9699642109375001 0.3502759953125 0.9562684656249999 0.285491559375 0.8199752265625 0.32698465312499997 0.8554588984375 0.38648496250000003
0 0.991512596875 0.45220544843750005 0.9781540734374999 0.389016178125 0.8237860906250001 0.43529991875 0.8330462437499999 0.4429872921875 0.848046028125 0.49588238906250004 0.991512596875 0.45220544843750005
0 1 0.4930464828125 0.8413768234375001 0.5365664156250001 0.8676003359375001 0.5883793515625 1 0.5510129921875 1 0.4930464828125
0 1 0.6090812671875 0.8658574765625 0.6343085296875 0.8771160234375 0.6875643609375001 1 0.6602947671875 1 0.6090812671875
0 0 0.2984908640625 0.1145497046875 0.2832778890625 0.10974013593750001 0.2552334484375 0 0.2684083140625 0 0.2984908640625
0 0 0.332430228125 0.11855540312499999 0.31810763125 0.11743818749999999 0.2863532875 0 0.3018831265625 0 0.332430228125
0 0 0.3716500375 0.098952534375 0.35772909375 0.0958154203125 0.327007975 0 0.33981791562499997 0 0.3716500375
0 0 0.42317656406250004 0.0829977109375 0.41460679687499996 0.079806096875 0.388921784375 0 0.3977602578125 0 0.42317656406250004
0 0 0.46026171250000003 0.0767847265625 0.4487448515625 0.07139950625 0.423271346875 0 0.4334288734375 0 0.46026171250000003
0 0 0.5065154921875 0.0670633125 0.50334459375 0.0673358234375 0.47816405937499995 0 0.48243363125 0 0.5065154921875
0 0.737529375 0.25587801250000003 0.4893209609375 0.269601034375 0.4991023125 0.334285084375 0.7580400859374999 0.297651846875 0.737529375 0.25587801250000003