0 0.154359378125 0.8542233781249999 0.062495053125 0.8718406546875 0.0737708453125 0.9385276703125 0.168124421875 0.918826325 0.154359378125 0.8542233781249999
0 1 0.8469711453125001 0.7825111453125 0.880755859375 0.7837799421875 0.9732474468750001 1 0.9309067375 1 0.8469711453125001
0 1 0.7663274999999999 0.767290465625 0.824733203125 0.7783193828125 0.8899601453124999 1 0.8506840046875 1 0.7663274999999999
0 1 0.7000792328125 0.752966878125 0.757018509375 0.7696261062499999 0.821549034375 1 0.7608977140625 1 0.7000792328125
0 1 0.6428715828125 0.9956577234375 0.6285606171875 0.7446911609375 0.6740794125 0.7500897671875 0.7400027812500001 1 0.69544115 1 0.6428715828125
0 1 0.621945675 0.9884029999999999 0.5686573687500001 0.7106614703125 0.608802203125 0.7183957140625 0.6715414125 1 0.6280630625 1 0.621945675
0 0.95766798125 0.5058679078125 0.7094546265624999 0.533674553125 0.711620509375 0.6144741171875 0.9728886609374999 0.5618905625 0.95766798125 0.5058679078125
0 0.9518518109375 0.45447251875 0.694713465625 0.48048785 0.7038862625 0.5517349125 0.9656339375 0.501987315625 0.9518518109375 0.45447251875
0 0.951604 0.3850167765625 0.664457965625 0.420534334375 0.6750073640625 0.48292532968749996 0.958858728125 0.44492002499999994 0.951604 0.3850167765625
0 0.9396160484375 0.31411791718750004 0.6646896796874999 0.35391454375000003 0.6808693890625 0.41560910624999997 0.9450146546875 0.38004128593750003 0.9396160484375 0.31411791718750004
0 0.9211006984375001 0.2556075140625 0.6471333640625 0.3010760484375 0.6468396984375 0.350331903125 0.938177490625 0.305610053125 0.9211006984375001 0.2556075140625
0 0.9246270828125001 0.1914754703125 0.6534129515625 0.21923184999999998 0.6522841546875 0.297543675 0.9342793984375 0.26555848593750003 0.9246270828125001 0.1914754703125
0 0.92018751875 0.131224 0.64004839375 0.1571890734375 0.647782640625 0.2199282765625 0.9213324078125 0.1889877234375 0.92018751875 0.131224
0 0.9101176359375 0.0716689703125 0.63656786875 0.10260951874999999 0.6372332421875 0.15753728125 0.910783009375 0.126596728125 0.9101176359375 0.0716689703125
0 0.627163359375 0.0979822421875 0.8932266890625 0.0737582328125 0.8859866453125 0.030939334375 0.7213162375 0.0251889171875 0.629730709375 0.028178285937500002 0.627163359375 0.0979822421875
0 0.757592296875 0.8693617765624999 0.4916528640625 0.9283136609374999 0.502619834375 0.9761766703125 0.769580253125 0.9402606359375 0.757592296875 0.8693617765624999
0 0.7389530390625 0.7761235046875 0.46882185468750004 0.8442796703125 0.4967417140625 0.90741735 0.7457901984374999 0.8505547328124999 0.7389530390625 0.7761235046875
0 0.7288831609375 0.716568465625 0.4615051796875 0.7670124859375 0.46456814062499996 0.83612001875 0.7323636890625 0.77114801875 0.7288831609375 0.716568465625
0 0.7032989374999999 0.650246621875 0.4453254609375 0.7053179171874999 0.456354378125 0.7705448640625 0.70492335 0.710846296875 0.7067175140625 0.6874622375 0.7032989374999999 0.650246621875
0 0.6781942328125 0.5867607328125 0.41548752968749997 0.6308364171874999 0.42232468437500004 0.7052676546875001 0.685928475 0.6494999375 0.6781942328125 0.5867607328125
0 0.678008378125 0.534668921875 0.4002668546875 0.5748137625 0.40704205312499997 0.631881053125 0.6908934171875 0.5938757531250001 0.6965237328125 0.5931793296875 0.678008378125 0.534668921875
0 0.66416430625 0.46979018906250003 0.3830661453125 0.49008334531250003 0.385649596875 0.5563549265625001 0.6756727421875001 0.5378530875 0.66416430625 0.46979018906250003
0 0.6494231453125 0.41660348125 0.365447878125 0.41988091250000004 0.37084648593749997 0.48580428593749997 0.658533990625 0.47048661718749996 0.6494231453125 0.41660348125
0 0.6374351890625001 0.34570463125 0.36196734531249997 0.36530136406249997 0.3631122421875 0.42306507812499994 0.63720348125 0.4123244171875 0.6374351890625001 0.34570463125
0 0.6299946109375 0.23370956718749997 0.3572799703125 0.2355941546875 0.352315034375 0.2912183453125 0.643838684375 0.2985883015625 0.6299946109375 0.23370956718749997
0 0.602971834375 0.15887986406250001 0.3387026703125 0.15971981562499998 0.3314020921875 0.2185281703125 0.6107060734374999 0.2216190734375 0.602971834375 0.15887986406250001
0 0.6167998109374999 0.08768306249999999 0.3342631015625 0.09946835468750001 0.3429563828125 0.1678794703125 0.621718903125 0.15077047500000001 0.6167998109374999 0.08768306249999999
0 0.331003053125 0.896069903125 0.1743132859375 0.9212416453125 0.1923491171875 0.976916096875 0.3372987375 0.9503012421875001 0.331003053125 0.896069903125
0 0.32752251875 0.8414903499999999 0.163346315625 0.8733786359375 0.1790465140625 0.932237253125 0.34693495625000004 0.8883087234374999 0.32752251875 0.8414903499999999
0 0.3155965140625 0.7879554328125 0.15237935 0.8255156265625001 0.162866796875 0.8705426796875001 0.3292421109375 0.8457426109374999 0.3155965140625 0.7879554328125
0 0.2961221265625 0.723773121875 0.13805575781249999 0.7578009375 0.1514203109375 0.81984371875 0.3090071703125 0.782979946875 0.2961221265625 0.723773121875
0 0.2785658109375 0.6709346218750001 0.130383465625 0.7124256703125 0.157344290625 0.769891446875 0.3040880828125 0.719892534375 0.2785658109375 0.6709346218750001
0 0.2833448984375 0.5632186265625 0.120545296875 0.5862508453124999 0.126840990625 0.6404821796875 0.28167463125 0.621330553125 0.2833448984375 0.5632186265625
0 0.2638705046875 0.4990363203125 0.1113724953125 0.5150037765625 0.12377801875000001 0.5713746453125 0.2744199078125 0.5614273062499999 0.2638705046875 0.4990363203125
0 0.276321878125 0.43669558750000004 0.10783001875 0.44306029062499996 0.105262665625 0.5128642421875 0.2779463015625 0.49729526249999995 0.276321878125 0.43669558750000004
0 0.2700261984375 0.382464246875 0.09027369843750001 0.390221790625 0.09093907343749999 0.4451495578125 0.26829398125 0.42321223750000003 0.2700261984375 0.382464246875
0 0.2557026015625 0.3147495578125 0.0712788296875 0.3288754375 0.07619791718749999 0.39196285 0.2634368453125 0.3774887578125 0.2557026015625 0.3147495578125
0 0.2390433734375 0.25021903437500004 0.065462665625 0.277480053125 0.0656485140625 0.329571859375 0.246298096875 0.31012228125 0.2390433734375 0.25021903437500004
0 0.228973490625 0.1906639953125 0.04454971875 0.204789878125 0.0503658828125 0.2561852578125 0.23011838281250002 0.24842771406250003 0.228973490625 0.1906639953125
0 0.141969946875 0.9339280437499999 0.07490654375 0.9452443781250001 0.08327216093749999 0.99472010625 0.151080796875 0.987811175 0.141969946875 0.9339280437499999
0 0.12272727187500002 0.8031259468749999 0.0543055578125 0.8234065484374999 0.0628977375 0.87422221875 0.1398040671875 0.85312848125 0.12272727187500002 0.8031259468749999
0 0.1124715296875 0.6914790921875 0.033915660937499995 0.70281715 0.043717009375 0.7607840484375 0.11972625781249999 0.7513823453125 0.1124715296875 0.6914790921875
0 0.096523534375 0.5631647328125 0.0125919265625 0.5767048453125 0.0245362859375 0.6473458828124999 0.09443569375000001 0.6358046453124999 0.096523534375 0.5631647328125
0 0.108263675 0.5646078390625 0.094002034375 0.5142570875 0.0060375296874999995 0.518863946875 0.0062759171875000005 0.5393508453125 0.012548334375000001 0.5764470296875001 0.108263675 0.5646078390625
0 0.0059816796875 0.51406430625 0.08783025312500001 0.4947536265625 0.07919892656250001 0.4437064515625 0.0053508828125 0.4598539328125 0.0059816796875 0.51406430625
0 0.005309009375 0.456255290625 0.0897283296875 0.44338550000000004 0.0766345625 0.37773930624999996 0.00454148125 0.39029377656249997 0.005309009375 0.456255290625
0 0.0045534515625 0.3913228203125 0.0789202375 0.37946451875 0.0611521703125 0.3274480671875 0.003871921875 0.3327523640625 0.0045534515625 0.3913228203125
0 0.0038926171875 0.334530596875 0.0601756109375 0.327568859375 0.049388626562499996 0.2696690734375 0.0032145734375 0.27625960625 0.0038926171875 0.334530596875
0 0.0030986109375000003 0.26629423281250003 0.0367696171875 0.260762271875 0.019360796875 0.20410955312499998 0.002402271875 0.2064507625 0.0030986109375000003 0.26629423281250003
0 0.22360417031250002 0.126640078125 0.028416432812499996 0.139739525 0.038226859375 0.19776010625 0.229196921875 0.18919821406249998 0.22360417031250002 0.126640078125
0 0.0023486656250000003 0.20184364062500001 0.036107465625 0.197018296875 0.025631921875 0.13506411093749998 0.001629596875 0.1400470296875 0.0023486656250000003 0.20184364062500001
0 0.4778083546875 0.910695465625 0.3476145671875 0.9308152140624999 0.3469731796875 0.9800889265625001 0.4913798546875 0.9732706703125 0.4778083546875 0.910695465625
0 0.46882185468750004 0.8442796703125 0.3465720578125 0.8656863203125 0.351811140625 0.9202564656250001 0.47859752968749997 0.9035700828125 0.46882185468750004 0.8442796703125