0 0.637481403125 0.22766520625000003 0.639308 0.164016865625 0.5680708234375 0.16156885625 0.509619803125 0.1395367375 0.4657815421875 0.0905764796875 0.398197553125 0.1297446859375 0.350706103125 0.1762569328125 0.36714545 0.1958410359375 0.40002414999999997 0.2031850765625 0.43472943906249994 0.24724930937499998 0.4712613265625 0.2986575828125 0.52788575 0.29376155625 0.5881633609375 0.2570413609375 0.637481403125 0.22766520625000003
0 0.628348434375 0.34516982500000004 0.62286865 0.2815214890625 0.59729633125 0.2668334125 0.53701871875 0.30355360781249996 0.4767411078125 0.308449634375 0.42742306093750004 0.259489371875 0.378105015625 0.220321165625 0.3433997265625 0.22766520625000003 0.3324401609375 0.2668334125 0.33974653906249996 0.291313540625 0.389064584375 0.308449634375 0.442035815625 0.34516982500000004 0.48587408125 0.3990261140625 0.5753771999999999 0.3574098921875 0.628348434375 0.34516982500000004
0 0.61373568125 0.45288239687500004 0.61373568125 0.391682071875 0.59729633125 0.369649959375 0.5242325609375 0.386786046875 0.46943473124999996 0.4014741234375 0.436556034375 0.374545984375 0.40002414999999997 0.3231377109375 0.352532696875 0.30355360781249996 0.3379199421875 0.308449634375 0.325133784375 0.3378257890625 0.325133784375 0.3574098921875 0.3927177734375 0.3941300875 0.43472943906249994 0.430850278125 0.47308791875 0.48225855156249997 0.5516314734375001 0.4651224640625 0.61373568125 0.45288239687500004
0 0.5552846609375 0.536114840625 0.6046027078125 0.5238747734375 0.6100824921875 0.46757047500000004 0.5552846609375 0.4847065671875 0.522405965625 0.49205060312500004 0.46943473124999996 0.5018426546875 0.436556034375 0.46757047500000004 0.40915711874999994 0.43329829374999995 0.372625234375 0.40881816562499995 0.334266753125 0.374545984375 0.330613565625 0.40637015 0.3269603765625 0.425954253125 0.36166566875 0.45777842343749997 0.40185074218750005 0.47736252500000004 0.42559646874999996 0.5091866953124999 0.46395495000000003 0.5654909953125 0.5552846609375 0.536114840625
0 0.5297123421875 0.61689926875 0.5881633609375 0.6046592015625001 0.586336765625 0.5483549015625 0.564417634375 0.5434588765624999 0.52788575 0.56059496875 0.46943473124999996 0.5679390046874999 0.44568900312500004 0.5459068921875 0.40185074218750005 0.5018426546875 0.36714545 0.47981054062500006 0.3324401609375 0.44309034531249997 0.3160008109375 0.4896025921875 0.34522631875 0.5067386796875 0.368972046875 0.5459068921875 0.40915711874999994 0.5899711234375 0.43107625 0.636483371875 0.4767411078125 0.636483371875 0.5297123421875 0.61689926875
0 0.5516314734375001 0.70013170625 0.59729633125 0.680547603125 0.5954697390625 0.6120032421875 0.55345806875 0.614451253125 0.4931804578125 0.636483371875 0.43107625 0.641379396875 0.389064584375 0.5850750984374999 0.3324401609375 0.514082721875 0.314174215625 0.553250928125 0.33974653906249996 0.5850750984374999 0.3707986390625 0.6242433046875 0.4182900921875 0.685443628125 0.458475165625 0.7319558765624999 0.500486834375 0.7148197828125 0.5516314734375001 0.70013170625
0 0.55893785 0.7760201078125 0.6046027078125 0.76622805625 0.6046027078125 0.6878916390625001 0.5552846609375 0.7025797218750001 0.5023134265625 0.722163825 0.4493421921875 0.746643953125 0.42194328125 0.70013170625 0.3762784234375 0.6438274078124999 0.330613565625 0.597315159375 0.308694434375 0.6487234328125 0.3379199421875 0.6683075359374999 0.3707986390625 0.6976836953125 0.40002414999999997 0.7392999125 0.4402092234375 0.780916134375 0.49500705 0.824980365625 0.55893785 0.7760201078125
0 0.5516314734375001 0.8543565203125001 0.5881633609375 0.8396684437499999 0.586336765625 0.76622805625 0.5552846609375 0.785812159375 0.5150995890625001 0.8176363296875 0.4657815421875 0.8274283812500001 0.43472943906249994 0.788260175 0.378105015625 0.724611834375 0.3233071890625 0.665859525 0.308694434375 0.70013170625 0.33974653906249996 0.7344038859375 0.372625234375 0.7735720921875 0.4128103078125 0.8298763921875001 0.4493421921875 0.8959727421875 0.5077932109375001 0.8763886390625 0.5516314734375001 0.8543565203125001
0 0.5753771999999999 0.9620690921874999 0.5753771999999999 0.8886287062499999 0.4931804578125 0.9351409484375001 0.436556034375 0.9424849890625 0.38175820312500003 0.8641485718749999 0.317827403125 0.780916134375 0.2995614609375 0.82253235625 0.334266753125 0.8665965874999999 0.3634922609375 0.9155568453124999 0.40550393125 0.969413134375 0.4548219765625 1 0.5297123421875 0.9889972374999999 0.5753771999999999 0.9620690921874999
0 0.3390704390625 0.18692630937500002 0.351895796875 0.161143365625 0.36632432656249997 0.13321185 0.327046665625 0.12676611875 0.2821579078125 0.1278404078125 0.2516976765625 0.14395474218749998 0.21803110781249999 0.15254905624999998 0.218832696875 0.1718862578125 0.218832696875 0.18692630937500002 0.222039034375 0.2137835359375 0.23887231875 0.2084120875 0.27173729999999996 0.19552061874999999 0.302999115625 0.1944463296875 0.3390704390625 0.18692630937500002
0 0.3342609265625 0.23097215937499999 0.34548311875 0.2073377984375 0.3038007 0.20411493281249998 0.26291986562499997 0.214857825 0.220435865625 0.21593211406249999 0.21081684687500002 0.250309365625 0.21081684687500002 0.2760923046875 0.23887231875 0.2728694375 0.2669277921875 0.2728694375 0.302999115625 0.275018015625 0.33105458906249996 0.280389459375 0.3342609265625 0.23097215937499999
0 0.255705603125 0.3469953859375 0.2813563234375 0.34806967499999997 0.3038007 0.357738278125 0.32784825 0.35558970156249997 0.32945141875 0.315841 0.3334593421875 0.2922066390625 0.311014965625 0.29113235 0.288570584375 0.28790948437499997 0.2653246234375 0.28576090781249996 0.2404754890625 0.28576090781249996 0.2092136734375 0.27931517031249997 0.20199941093749998 0.2868351953125 0.20039623906249998 0.3018752421875 0.1971899 0.31906387187499996 0.19879306875 0.338401071875 0.21001526093749998 0.34162394375 0.2348643921875 0.344846809375 0.255705603125 0.3469953859375
0 0.25650718906250003 0.41037844375 0.27814998125 0.41574989218749997 0.2989911890625 0.42649278281249997 0.3198324 0.4286413609375 0.32303873906249997 0.38996695312499996 0.3246419078125 0.3684811703125 0.304602284375 0.3717040359375 0.2733404734375 0.36096114375 0.25249926093749997 0.3523668296875 0.223642203125 0.350218253125 0.1971899 0.33947536093749997 0.186769296875 0.350218253125 0.1835629578125 0.35558970156249997 0.1851661265625 0.3781497734375 0.19077721875 0.401784134375 0.21482476875 0.401784134375 0.239673903125 0.40608128906249996 0.25650718906250003 0.41037844375
0 0.2757452265625 0.4855786859375 0.29979277656250003 0.496321571875 0.309411796875 0.48450439218749997 0.31021338125 0.4630186140625 0.3038007 0.4340128046875 0.277348396875 0.427567071875 0.25490401875 0.4232699125 0.231658053125 0.41574989218749997 0.2164279390625 0.4125270203125 0.197991484375 0.40822986562499997 0.18757088125000002 0.41682417968749996 0.18757088125000002 0.4307899375 0.189975634375 0.4469042734375 0.214023184375 0.4554985875 0.23085646875000002 0.45764716562499996 0.2516976765625 0.476984371875 0.2757452265625 0.4855786859375
0 0.27013413124999996 0.5736703921874999 0.294983265625 0.5844132828124999 0.3198324 0.5801161234375 0.317427646875 0.5543331859375 0.31662605781250003 0.5264016703125 0.322237153125 0.5049158859375 0.2909753421875 0.5049158859375 0.26291986562499997 0.4888015515625 0.23887231875 0.46839005624999996 0.214023184375 0.4608700359375 0.1843645421875 0.44905285624999997 0.180356615625 0.465167190625 0.17955503125 0.4791329484375 0.1811582 0.509213046875 0.20600733437500002 0.5264016703125 0.2268485421875 0.5392931390625 0.24768975312500002 0.5586303453125 0.27013413124999996 0.5736703921874999
0 0.2669277921875 0.6381277375 0.28937216875 0.655316365625 0.31181654999999997 0.65746494375 0.31181654999999997 0.6338305828124999 0.31261813437499997 0.60804764375 0.3150228890625 0.5833389953125 0.2821579078125 0.5919333046874999 0.2685309609375 0.5801161234375 0.24448341093749998 0.5618532109375 0.2244437890625 0.5446645875 0.19478514687499998 0.5221045156249999 0.1835629578125 0.527475959375 0.1843645421875 0.5468131656249999 0.1851661265625 0.56829894375 0.20440416562500002 0.579041834375 0.21803110781249999 0.590859015625 0.2500945078125 0.6187905359375 0.2669277921875 0.6381277375
0 0.26291986562499997 0.6950650625 0.311014965625 0.6993622171875 0.31341971874999996 0.6542420765625 0.2749436421875 0.6606878093749999 0.2605151109375 0.639202025 0.24368182656249998 0.6123447984375 0.2092136734375 0.5887104375 0.188372465625 0.5736703921874999 0.17153918125 0.5511103203125 0.1603169921875 0.5650760765625 0.1619201609375 0.5811904171875 0.16352333125000001 0.6026761953124999 0.181959784375 0.629533428125 0.2092136734375 0.6542420765625 0.2340628078125 0.67680215 0.26291986562499997 0.6950650625
0 0.2324596390625 0.7767110359375 0.263721453125 0.7713395875 0.2821579078125 0.7605967015624999 0.3005943609375 0.755225253125 0.29979277656250003 0.743408071875 0.29979277656250003 0.7186994234374999 0.304602284375 0.6972136390625 0.2909753421875 0.6993622171875 0.2653246234375 0.7036593765625 0.24608658437500003 0.7004365109374999 0.2356659765625 0.6843221703125 0.222039034375 0.6628363859374999 0.1931819765625 0.6381277375 0.1667296734375 0.6220134015625 0.14829321875 0.63275629375 0.14027736875000002 0.65101920625 0.1386742 0.6692821234374999 0.15791223906250001 0.6821735921875 0.1755471078125 0.7004365109374999 0.19478514687499998 0.717625134375 0.2164279390625 0.7466309375 0.2324596390625 0.7767110359375
0 0.263721453125 0.11494893749999999 0.285364246875 0.12032038125 0.293380096875 0.09561173125 0.294983265625 0.07734881406250001 0.3086102109375 0.06230876875 0.31582447343750003 0.0483430109375 0.2989911890625 0.0365258296875 0.27173729999999996 0.027931515624999997 0.25410243125 0.016114334375 0.2340628078125 0.009668603125 0.2092136734375 0.003222865625 0.1923803921875 0.0204114953125 0.170737596875 0.0386744078125 0.1442852921875 0.056937325000000004 0.125047253125 0.06553163437500001 0.1258488390625 0.0870174171875 0.1258488390625 0.1074289125 0.1506979734375 0.09346315468750001 0.1659280890625 0.0837945515625 0.189975634375 0.0752002375 0.199594653125 0.060160190625 0.2356659765625 0.0741259484375 0.2500945078125 0.0988345984375 0.263721453125 0.11494893749999999
0 0.18276136875 0.13965758749999999 0.20199941093749998 0.1246175359375 0.220435865625 0.135360428125 0.2404754890625 0.1385832984375 0.2484913390625 0.1213946703125 0.2484913390625 0.10313175781249999 0.24368182656249998 0.0805716859375 0.2332612234375 0.0752002375 0.2172295234375 0.0687545046875 0.1971899 0.0741259484375 0.17795186093749998 0.0913145765625 0.14829321875 0.10420604687499999 0.12344408437500001 0.11494893749999999 0.12103933124999999 0.135360428125 0.12103933124999999 0.15254905624999998 0.12825359218750002 0.1665148140625 0.1418805390625 0.161143365625 0.1523011421875 0.15254905624999998 0.170737596875 0.148251896875 0.18276136875 0.13965758749999999
0 0.17955503125 0.1987434890625 0.20039623906249998 0.19981777812499998 0.218832696875 0.19552061874999999 0.21963428125 0.180480571875 0.220435865625 0.1589947890625 0.21482476875 0.13965758749999999 0.18917405 0.1385832984375 0.1755471078125 0.15147476875000002 0.1603169921875 0.1589947890625 0.1370710265625 0.17081196875 0.11783298906249999 0.17403484062500002 0.11222189687499999 0.1847777265625 0.11462665000000001 0.20196635624999998 0.11302348124999999 0.22237785 0.12184091562499999 0.22130355625 0.1426821234375 0.21270924687499998 0.16272174687500002 0.205189221875 0.17955503125 0.1987434890625
0 0.20440416562500002 0.27179515 0.2092136734375 0.25997796875 0.21081684687500002 0.23419503125 0.2172295234375 0.2137835359375 0.2011978265625 0.2137835359375 0.17955503125 0.2137835359375 0.15550748125 0.2191549796875 0.1258488390625 0.22237785 0.12184091562499999 0.2384921859375 0.12184091562499999 0.2470865 0.12344408437500001 0.2664237015625 0.14107895312500002 0.2664237015625 0.15791223906250001 0.2653494125 0.1843645421875 0.2653494125 0.20440416562500002 0.27179515
0 0.18276136875 0.3373267828125 0.1931819765625 0.32980676249999996 0.196388315625 0.3179895828125 0.199594653125 0.299726665625 0.2011978265625 0.2836123296875 0.1843645421875 0.281463753125 0.1683328421875 0.280389459375 0.15791223906250001 0.2728694375 0.1386742 0.2728694375 0.11943615781250001 0.2664237015625 0.11622981875 0.28468661875 0.11622981875 0.29435522187499996 0.11863457343749999 0.3179895828125 0.1258488390625 0.320138159375 0.1450868765625 0.32336102499999997 0.1619201609375 0.32980676249999996 0.18276136875 0.3373267828125
0 0.18276136875 0.34054965 0.1651265 0.33947536093749997 0.1514995578125 0.33517820625 0.1386742 0.3265838921875 0.12291538125000001 0.32356674218750003 0.11222189687499999 0.3265838921875 0.11222189687499999 0.333029628125 0.11302348124999999 0.350218253125 0.11302348124999999 0.36740688125 0.139475784375 0.37492690156249997 0.15791223906250001 0.3835212171875 0.17795186093749998 0.38996695312499996 0.1859677109375 0.3867440828125 0.18276136875 0.363109721875 0.18276136875 0.34054965
0 0.14588846093750002 0.43938425312499996 0.1595154078125 0.445829984375 0.17955503125 0.4630186140625 0.1835629578125 0.4436814078125 0.1811582 0.4221956234375 0.181959784375 0.4039327109375 0.1675312578125 0.4028584234375 0.15550748125 0.388892659375 0.14027736875000002 0.3835212171875 0.1266504234375 0.37277832499999997 0.109015553125 0.37277832499999997 0.1034044609375 0.37922406249999996 0.1034044609375 0.3985612625 0.10500763125000001 0.41789846875 0.11622981875 0.42434420156249997 0.133063103125 0.4254184953125 0.14588846093750002 0.43938425312499996
0 0.180356615625 0.5199559328125 0.1811582 0.497395865625 0.1843645421875 0.4716129234375 0.164324915625 0.4640929015625 0.15550748125 0.4533500109375 0.14107895312500002 0.4469042734375 0.1266504234375 0.4307899375 0.12184091562499999 0.45764716562499996 0.12344408437500001 0.47483579374999996 0.13626944218749998 0.478058659375 0.14588846093750002 0.486652975 0.1539043109375 0.49309870624999996 0.1651265 0.5070644640624999 0.180356615625 0.5199559328125
0 0.362316403125 0.1278404078125 0.3799512734375 0.12676611875 0.40560198906249995 0.1246175359375 0.42964953906250003 0.11280035625 0.4480859921875 0.09346315468750001 0.41121308437500004 0.0784231078125 0.3671259109375 0.0687545046875 0.3430783609375 0.060160190625 0.317427646875 0.06553163437500001 0.29418168125 0.0752002375 0.2845626609375 0.085943128125 0.28616583125 0.10098317500000001 0.28937216875 0.11817180468749999 0.30620545312499997 0.12032038125 0.330253003125 0.12032038125 0.362316403125 0.1278404078125
0 0.16352333125000001 0.5650760765625 0.1611185765625 0.553258896875 0.14749163437499999 0.5392931390625 0.13626944218749998 0.5264016703125 0.11943615781250001 0.5113616234375 0.10821396875 0.52532738125 0.1066108 0.5489617421874999 0.12344408437500001 0.5672246546874999 0.1370710265625 0.577967546875 0.15310272656249999 0.597304753125 0.15791223906250001 0.585487571875 0.16352333125000001 0.5650760765625
0 0.1523011421875 0.6284591390625 0.154705896875 0.6112705109375 0.1386742 0.5962304640625 0.125047253125 0.577967546875 0.1034044609375 0.553258896875 0.0937854421875 0.5607789234375 0.0945870265625 0.5833389953125 0.096190196875 0.6016019078125 0.11222189687499999 0.6134190875 0.13065834999999998 0.63275629375 0.1434837078125 0.6456477625 0.1523011421875 0.6284591390625
0 0.149094803125 0.7691910109375 0.154705896875 0.7455566499999999 0.1603169921875 0.728368025 0.146690046875 0.7090308203125 0.1274520078125 0.6939907734374999 0.11382506562500001 0.673579278125 0.09699178124999999 0.65853923125 0.0849680078125 0.668207834375 0.0873727609375 0.686470746875 0.0873727609375 0.7101051078125 0.09859495 0.717625134375 0.11382506562500001 0.73373946875 0.1338646890625 0.7573738296875 0.149094803125 0.7691910109375
0 0.218832696875 0.89810570625 0.238070734375 0.9271115109375 0.253300846875 0.9443001390625 0.2725388890625 0.93033438125 0.278951565625 0.9152943296875 0.277348396875 0.894882840625 0.2661262078125 0.8852142375 0.2484913390625 0.894882840625 0.2364675609375 0.8787685 0.2260469578125 0.857282721875 0.21161843125000002 0.8357969375 0.18917405 0.810014 0.1651265 0.7917510828125 0.164324915625 0.7896025046874999 0.157110653125 0.8057168406249999 0.1595154078125 0.8272026234375 0.1683328421875 0.8411683812499999 0.1859677109375 0.8594312984375 0.19558673124999998 0.8809170828124999 0.218832696875 0.89810570625
0 0.22666396875 0.8619013343749999 0.241262665625 0.889704603125 0.2796802890625 0.8783773453125001 0.2789119390625 0.8567525765624999 0.2789119390625 0.831008809375 0.2712284109375 0.8402765671875001 0.24203101875000002 0.8279195625 0.225127265625 0.797027040625 0.202845046875 0.7754022734375 0.187477996875 0.7506882578125 0.1698058890625 0.7506882578125 0.15443884218749998 0.7568667625 0.15751225 0.7805510250000001 0.178257765625 0.797027040625 0.19439316874999998 0.8155625515624999 0.2120652734375 0.8413063203125001 0.22666396875 0.8619013343749999
0 0.6341569234375 0.16242553125 0.6722063390625 0.17753488125 0.7074372765625 0.19264423125000002 0.7187111765624999 0.1473161796875 0.6806617609375001 0.1133201390625 0.6623416734375 0.08499010312500001 0.6412031109375 0.0868787734375 0.6144275968749999 0.0661034125 0.5777874187500001 0.047216721875 0.543965715625 0.028330035937499998 0.50027935 0.0207753609375 0.45800222343749997 0.04532805625 0.4368636578125 0.0585487375 0.4312267078125 0.08876744375 0.462229934375 0.09632211874999999 0.484777734375 0.117097475 0.52282715 0.1492048453125 0.5848336078124999 0.1529821859375 0.6341569234375 0.16242553125
0 0.7201204156250001 0.262524984375 0.7271666031249999 0.22852894375 0.7201204156250001 0.209642253125 0.7074372765625 0.1945329015625 0.6792525265625 0.1945329015625 0.644021584375 0.18697822656250002 0.638384634375 0.217196928125 0.638384634375 0.2323062828125 0.6130183578125 0.25119296874999997 0.6341569234375 0.2833003453125 0.6792525265625 0.275745665625 0.7130742265625 0.275745665625 0.7201204156250001 0.262524984375
0 0.8159485734375 0.2001989078125 0.8173578109375 0.1832008859375 0.7948100078125 0.16809153593749998 0.7764899187500001 0.158648190625 0.7539421187500001 0.143538840625 0.725757365625 0.1284294890625 0.715892703125 0.166202865625 0.7173019421875 0.1945329015625 0.7271666031249999 0.217196928125 0.75816983125 0.2266402734375 0.78776381875 0.23608361875 0.8117208609375 0.23608361875 0.8159485734375 0.2001989078125
0 0.8089023843750001 0.2417496234375 0.7948100078125 0.23419494843750002 0.76380678125 0.23419494843750002 0.731394315625 0.22852894375 0.725757365625 0.2606363140625 0.7271666031249999 0.2833003453125 0.737031265625 0.300298365625 0.76944373125 0.300298365625 0.801856196875 0.2984096953125 0.8060839109375 0.270079659375 0.8089023843750001 0.2417496234375
0 0.721529653125 0.305964371875 0.7187111765624999 0.273857 0.7003910890625 0.2795230046875 0.6806617609375001 0.28141167500000003 0.6595232 0.2833003453125 0.6341569234375 0.296521025 0.631338446875 0.30218703125 0.631338446875 0.328628396875 0.644021584375 0.3531810921875 0.6707970999999999 0.3418490828125 0.6947541390625 0.33996041250000003 0.7173019421875 0.3305170671875 0.721529653125 0.305964371875
0 0.7116649890625 0.37206778281249997 0.7116649890625 0.33996041250000003 0.67643405 0.34751508750000004 0.642612346875 0.3550697625 0.608790646875 0.3626244375 0.6144275968749999 0.38528846875 0.61724606875 0.4022864890625 0.6242922578125001 0.421173175 0.6454308234374999 0.421173175 0.6736155734375 0.40795249531250005 0.710255753125 0.41550717031250006 0.7116649890625 0.37206778281249997
0 0.7187111765624999 0.4740559078125 0.721529653125 0.44383720625 0.7187111765624999 0.421173175 0.7060280390625 0.41550717031250006 0.6693878609375 0.4230618453125 0.625701496875 0.43061652031250003 0.610199884375 0.445725871875 0.610199884375 0.47027857187500005 0.6144275968749999 0.5118292890625 0.6552954843750001 0.49294259843750005 0.68770795 0.48538792343750004 0.7074372765625 0.48538792343750004 0.7187111765624999 0.4740559078125
0 0.714483465625 0.528827309375 0.715892703125 0.49483126874999994 0.691935665625 0.49483126874999994 0.6567047234375 0.50238594375 0.6397938734374999 0.5061632781250001 0.60456293125 0.5269386390624999 0.5961075078125 0.5609346796875 0.60033521875 0.587376046875 0.6341569234375 0.5817100359375 0.6637509109375 0.5666006859375 0.6792525265625 0.557157340625 0.715892703125 0.5533800046875 0.714483465625 0.528827309375
0 0.78776381875 0.387177134375 0.77508068125 0.3682904484375 0.749714403125 0.3626244375 0.7271666031249999 0.34751508750000004 0.7173019421875 0.37017911406250004 0.7173019421875 0.39095447499999997 0.7201204156250001 0.40984116562499995 0.738440503125 0.4230618453125 0.7666252578125 0.43061652031250003 0.78776381875 0.41928451093749997 0.78776381875 0.387177134375
0 0.77508068125 0.4532805515625 0.77508068125 0.43061652031250003 0.7567605921875 0.43061652031250003 0.72998508125 0.43817119531250004 0.7342127921875 0.44383720625 0.721529653125 0.46838990156250004 0.7285758421875 0.48349925312500003 0.7553513578125 0.48349925312500003 0.7778991578125 0.47783324687500006 0.7778991578125 0.4721672375 0.77508068125 0.4532805515625
0 0.749714403125 0.49105392812500004 0.7243481265625 0.49294259843750005 0.7201204156250001 0.5231612984375 0.7243481265625 0.5533800046875 0.7539421187500001 0.5496026656249999 0.7764899187500001 0.5477139953125 0.77508068125 0.52504996875 0.7764899187500001 0.49294259843750005 0.749714403125 0.49105392812500004
0 0.7116649890625 0.564712015625 0.6792525265625 0.570378025 0.6581139609375 0.57604403125 0.608790646875 0.594930721875 0.608790646875 0.6213720875 0.6130183578125 0.6515907890625 0.648249296875 0.6402587734375 0.682071 0.6194834171875 0.7074372765625 0.6175947468749999 0.7173019421875 0.5930420515625 0.7116649890625 0.564712015625
0 0.7130742265625 0.6402587734375 0.7074372765625 0.6232607531250001 0.6679786234375 0.6364814375 0.6412031109375 0.653479459375 0.61160911875 0.664811475 0.6144275968749999 0.6969188453124999 0.625701496875 0.7044735203125 0.648249296875 0.6931415046875 0.6707970999999999 0.6818094953125 0.6891171890625001 0.67236615 0.704618803125 0.6591454640625 0.7130742265625 0.6402587734375
0 0.8117208609375 0.1095427984375 0.7764899187500001 0.08499010312500001 0.749714403125 0.0679920828125 0.721529653125 0.05288273125 0.6778432890625 0.06421474218749999 0.6679786234375 0.092544778125 0.6905264265625 0.117097475 0.7243481265625 0.1133201390625 0.7454866921875001 0.1265408203125 0.773671446875 0.1416501703125 0.807493146875 0.156759525 0.8117208609375 0.1095427984375
0 0.8702530656249999 0.3667604484375 0.8732853031250001 0.3423774796875 0.8543338 0.3261221703125 0.8429629000000001 0.3118987734375 0.8308339390624999 0.2925955921875 0.8170996687500001 0.2783721953125 0.8164307921875 0.2783721953125 0.8156727343749999 0.2783721953125 0.8080921312499999 0.2885317625 0.7989954109374999 0.302755159375 0.78838256875 0.322058340625 0.7989954109374999 0.3423774796875 0.8156727343749999 0.357616834375 0.8308339390624999 0.37184023125 0.8558499234375001 0.38707958750000004 0.8702530656249999 0.3667604484375
0 0.85660798125 0.39317532499999996 0.8422048390624999 0.38707958750000004 0.824011396875 0.374888103125 0.8111243734375 0.3637125765625 0.79823735 0.35253705156250004 0.790656746875 0.37387214375 0.7898986890625 0.3891115 0.8012695890625 0.3992710671875 0.820221096875 0.40435085 0.8361403578125 0.416542334375 0.85281768125 0.42162211875000005 0.85660798125 0.39317532499999996
0 0.864188584375 0.4581965671875 0.864188584375 0.43584551562499996 0.8459951390624999 0.4246699890625 0.8285597578124999 0.41552638125 0.8103663109375001 0.3992710671875 0.7929309265625 0.3972391546875 0.7853503265625 0.4277178609375 0.778527784375 0.443973175 0.7989954109374999 0.462260396875 0.8179469156250001 0.4693720984375 0.8437209578125 0.4703880515625 0.8634305234375 0.47648379375000005 0.864188584375 0.4581965671875
0 0.8414467765625 0.538457165625 0.85660798125 0.536425253125 0.860398284375 0.5110263296875 0.8611563421874999 0.48969123124999997 0.8459951390624999 0.48562740781249997 0.824011396875 0.4805476234375 0.80051153125 0.47749975312500004 0.7853503265625 0.46632422656249994 0.778527784375 0.48156357656250004 0.7739794234375 0.49172315 0.7823180843750001 0.5069625 0.786866446875 0.5232178140625 0.80202765 0.53337738125 0.824011396875 0.5323614234375 0.8414467765625 0.538457165625
0 0.85205961875 0.6004305359375001 0.85205961875 0.5750316140625 0.8475112609375 0.578079484375 0.8247694531249999 0.578079484375 0.80202765 0.578079484375 0.784592265625 0.578079484375 0.7830761468749999 0.605510325 0.7823180843750001 0.625829459375 0.7929309265625 0.625829459375 0.8209791531249999 0.6248135046875001 0.8376564765625 0.6298932890625 0.8497854421875 0.6248135046875001 0.85205961875 0.6004305359375001
0 0.676189665625 0.7406325921875 0.691350865625 0.7294570671875 0.7072701312499999 0.723361325 0.7042378890625 0.70405814375 0.7019637078125001 0.6847549640625 0.69514116875 0.6735794375 0.677705784375 0.6796751750000001 0.6564801 0.6888187890624999 0.6443511390625 0.69491453125 0.6261576921875001 0.70609005625 0.6125126109375 0.7243772828124999 0.6034158890625 0.7426645046875 0.6034158890625 0.7629836437499999 0.6170609687499999 0.775175128125 0.636770534375 0.766031515625 0.648899496875 0.7599357734375001 0.6602704 0.748760246875 0.676189665625 0.7406325921875
0 0.6958992265624999 0.792446396875 0.6981734078125 0.7761910828125 0.691350865625 0.75384003125 0.6845283265625 0.7436804640625 0.6686090609375 0.75180811875 0.6557220390625 0.76095173125 0.635254415625 0.7731432109374999 0.6147867921875 0.7863506546875 0.60948036875 0.8046378765625001 0.61327066875 0.8178453203125 0.6200932109374999 0.834100628125 0.6473833765625 0.8219091437499999 0.6648187609375 0.8076857468749999 0.6784638421875 0.79549426875 0.6958992265624999 0.792446396875
0 0.6534478578125 0.8676272062500001 0.6693671234374999 0.8615314640625 0.682254146875 0.853403809375 0.6807380234375 0.8351165875 0.677705784375 0.8117495765625 0.6633026421875 0.822925103125 0.6443511390625 0.8320687171875001 0.6246415734374999 0.8412123250000001 0.61327066875 0.85441976875 0.5912869265625 0.85238785625 0.5837063234375 0.8727069890625 0.5768837812500001 0.8899782578125001 0.5882546843750001 0.912329309375 0.6163029109375 0.899121871875 0.626915753125 0.8889623046875 0.6398027765625 0.8777867781250001 0.6534478578125 0.8676272062500001
0 0.7512376187500001 0.789398525 0.74744731875 0.768063428125 0.7383505968749999 0.7741591703124999 0.7193990921875 0.7843187421875 0.7042378890625 0.796510221875 0.6868025078125 0.8097176656249999 0.6905928078125 0.8320687171875001 0.69893146875 0.8452761546875 0.716366853125 0.8330846703124999 0.730011934375 0.825972975 0.7406247765625 0.8147974484375 0.7512376187500001 0.805653834375 0.7512376187500001 0.789398525
0 0.769431065625 0.664435825 0.773221365625 0.6583400828125 0.7717052421874999 0.6359890312500001 0.7679149421875 0.6248135046875001 0.7580601609375 0.6146539328125 0.742140896875 0.6197337218750001 0.732286115625 0.625829459375 0.716366853125 0.632941159375 0.7057540109375 0.654276253125 0.70120565 0.6695156078125 0.7057540109375 0.6847549640625 0.723947453125 0.682723046875 0.74365701875 0.6735794375 0.75502791875 0.665451778125 0.769431065625 0.664435825
0 0.8300758765625 0.69694644375 0.8437209578125 0.69694644375 0.85205961875 0.6867868765625 0.8558499234375001 0.66849965 0.8475112609375 0.6420847734375 0.8346242390624999 0.6298932890625 0.820221096875 0.6288773296875 0.8012695890625 0.6288773296875 0.784592265625 0.6359890312500001 0.7800439078125 0.652244340625 0.7777697265625 0.663419865625 0.76336658125 0.6715475203125 0.76336658125 0.691866659375 0.786866446875 0.6999943140625 0.8103663109375001 0.69694644375 0.8300758765625 0.69694644375
0 0.8293178156250001 0.723361325 0.827801696875 0.70202623125 0.8043018312499999 0.707106015625 0.784592265625 0.7101538859375001 0.768673003125 0.70812196875 0.7588182234375 0.723361325 0.7610924 0.7416485515625 0.779285846875 0.7477442890625 0.79975346875 0.7426645046875 0.8103663109375001 0.73453685 0.8293178156250001 0.7335208921875 0.8293178156250001 0.723361325
0 0.8444790187500001 0.554712475 0.8406887187500001 0.5404890765625 0.8224952734375 0.5415050359375 0.80581795 0.5425209953125 0.7876245078124999 0.534393340625 0.786866446875 0.5394731234375 0.7861083890625 0.5577603453125 0.79217286875 0.574015659375 0.8141566109375 0.574015659375 0.8285597578124999 0.5750316140625 0.8444790187500001 0.5729997015625 0.8444790187500001 0.554712475
0 0.8990593499999999 0.5709677890625 0.8967851687499999 0.5516646078125 0.8785917265625001 0.5516646078125 0.8550918609375 0.5506486500000001 0.8437209578125 0.5608082171875 0.8513015609375 0.576047571875 0.8543338 0.597382665625 0.8725272468749999 0.5933188406250001 0.8869303890625 0.5943347984375 0.90133353125 0.595350753125 0.8990593499999999 0.5709677890625
0 0.9073980109375 0.6146539328125 0.9005754734375 0.605510325 0.8899626312500001 0.595350753125 0.871769184375 0.5994145828125 0.85281768125 0.6004305359375001 0.84902738125 0.620749675 0.8558499234375001 0.64005285625 0.867978884375 0.648180515625 0.8869303890625 0.64919646875 0.9066399531249999 0.6461485984374999 0.908914134375 0.630909246875 0.9073980109375 0.6146539328125
0 0.9020915921875 0.66849965 0.90133353125 0.6532602984375 0.8838981468749999 0.654276253125 0.8664627656249999 0.6583400828125 0.860398284375 0.665451778125 0.8505435 0.687802834375 0.85281768125 0.709137928125 0.874043365625 0.6989783609375 0.8793497890624999 0.689834746875 0.8960271109375 0.6888187890624999 0.9020915921875 0.6847549640625 0.9020915921875 0.66849965
0 0.8300758765625 0.8015900046875 0.824011396875 0.7700953453125 0.80202765 0.781270871875 0.779285846875 0.79346235 0.75502791875 0.8076857468749999 0.75502791875 0.834100628125 0.7610924 0.8584835921874999 0.772463303125 0.8473080671875 0.790656746875 0.8300367984375001 0.80354376875 0.8188612734375 0.8149146734375 0.8127655359375 0.8300758765625 0.8015900046875
0 0.88920456875 0.69491453125 0.8808659078125001 0.6999943140625 0.860398284375 0.711169840625 0.8361403578125 0.716249628125 0.8346242390624999 0.739616634375 0.8346242390624999 0.7579038609375 0.869495003125 0.7426645046875 0.877833665625 0.7294570671875 0.89299486875 0.7264091953125 0.8922368109375001 0.7132017578125 0.88920456875 0.69491453125
0 0.8907206890625 0.76095173125 0.8869303890625 0.74977620625 0.8869303890625 0.7325049375 0.8801078468749999 0.7335208921875 0.8634305234375 0.7457123765625 0.8475112609375 0.7558719484374999 0.8293178156250001 0.7690793859375 0.8323500578124999 0.7873666078125 0.83689841875 0.8036219234375 0.85660798125 0.789398525 0.864188584375 0.782286825 0.8793497890624999 0.7761910828125 0.8907206890625 0.7731432109374999 0.8907206890625 0.76095173125
0 0.6670929421875 0.91334526875 0.683012203125 0.9021697421875 0.683012203125 0.8767708203125 0.6807380234375 0.8625474234375 0.6473833765625 0.881850603125 0.6322221734375 0.8940420874999999 0.60948036875 0.9052176140625001 0.589012746875 0.9163931390625001 0.578399903125 0.9306165359374999 0.578399903125 0.950935675 0.589770803125 0.9671909843750001 0.60948036875 0.9570314171875 0.631464115625 0.9458558921875 0.642835015625 0.9316324953124999 0.6670929421875 0.91334526875
0 0.7466892578125 0.8716910359375 0.7542698609375 0.8615314640625 0.7542698609375 0.8503559375 0.74820538125 0.8300367984375001 0.7398667156250001 0.826988928125 0.7171249109375 0.838164459375 0.7004475890624999 0.8462921140624999 0.6845283265625 0.8605155109375 0.681496084375 0.8767708203125 0.6868025078125 0.8940420874999999 0.69741535 0.9062335718750001 0.7140926734375 0.8970899593749999 0.726979696875 0.8869303859375 0.7353183578125 0.8798186906250001 0.7466892578125 0.8716910359375
0 0.8634305234375 0.24179774687500002 0.877833665625 0.25602114375 0.8899626312500001 0.23367009218749998 0.8922368109375001 0.206239253125 0.8808659078125001 0.1859201140625 0.865704703125 0.177792459375 0.8482693187500001 0.1483297109375 0.8346242390624999 0.13512226875 0.817188853125 0.1341063140625 0.8088501921875 0.1513775828125 0.8050598921875001 0.1676328921875 0.817188853125 0.182872246875 0.8232533343749999 0.19912755625 0.8482693187500001 0.22046264999999998 0.8634305234375 0.24179774687500002
0 0.9399946 0.330186 0.95363968125 0.31799451562500003 0.9566719234375001 0.291579634375 0.94984938125 0.2712604953125 0.93847848125 0.2550051859375 0.9271075765625 0.23874987656250002 0.9119463734375 0.2214786078125 0.8967851687499999 0.2245264796875 0.8907206890625 0.23265413437500002 0.8861723265625001 0.2499254015625 0.8816239687499999 0.274308365625 0.8960271109375 0.2976753765625 0.9164947343750001 0.315962603125 0.9399946 0.330186
0 0.9020915921875 0.361680665625 0.9164947343750001 0.378951928125 0.9293817578124999 0.34948917968750004 0.921043096875 0.34034556718750003 0.9119463734375 0.3322179125 0.8945109890625 0.3047870765625 0.88541426875 0.291579634375 0.875559484375 0.2692285828125 0.8611563421874999 0.24789348906250003 0.8429629000000001 0.22655839218749999 0.8285597578124999 0.20827117031250003 0.8156727343749999 0.231638175 0.8088501921875 0.2539892265625 0.8338661765625 0.28649985 0.8497854421875 0.315962603125 0.8687369468749999 0.3322179125 0.8861723265625001 0.34542535 0.9020915921875 0.361680665625
0 0.922559215625 0.39012745312499997 0.9051238312500001 0.374888103125 0.8922368109375001 0.36066470625 0.8785917265625001 0.34745726875 0.8664627656249999 0.3667604484375 0.8543338 0.3799678859375 0.8626724609374999 0.40231893750000003 0.88768845 0.4134944640625 0.9051238312500001 0.42873382031249996 0.921043096875 0.4124785109375 0.922559215625 0.39012745312499997
0 0.9012248968750001 0.15630704687500002 0.9082933265625 0.1338083046875 0.86764985 0.098283975 0.844677453125 0.0722328046875 0.8252392687500001 0.06868037187500001 0.7925477765625 0.07696938125 0.801383315625 0.0970998296875 0.8084517468750001 0.106572984375 0.8111024078125 0.130255871875 0.8393761312500001 0.1349924484375 0.86058141875 0.1598594796875 0.882670265625 0.1811740765625 0.9012248968750001 0.15630704687500002
0 0.902410703125 0.4979949890625 0.9035401265624999 0.47680371718750003 0.8916811656249999 0.47680371718750003 0.8803869109375 0.47377639218749995 0.86852795 0.4646944125 0.8640102468749999 0.4692354015625 0.863445534375 0.47907420624999997 0.8623161109374999 0.4979949890625 0.870222084375 0.5055633046875 0.887163465625 0.5138884484374999 0.8995871421875 0.5169157734375001 0.902410703125 0.4979949890625
0 0.9453288578124999 0.5017791500000001 0.944199434375 0.4904266796875 0.9430700078124999 0.47756054687500005 0.9340346078125 0.479831040625 0.9272580578125 0.479831040625 0.9199167921875 0.4813447015625 0.906928403125 0.4836151953125 0.906928403125 0.48512886093749996 0.909751965625 0.5070769640624999 0.9108813921875001 0.5214567625 0.92161093125 0.5176726031250001 0.9362934578125 0.5123747828125 0.9453288578124999 0.509347459375 0.9453288578124999 0.5017791500000001
0 0.9395401812499999 0.5574224796875 0.9484528156250001 0.5544362890625 0.953651853125 0.5434869171875001 0.9506809734375 0.532537546875 0.949195534375 0.514620396875 0.9402829 0.51959738125 0.9283993890625 0.521588175 0.9172585968750001 0.530546753125 0.900176046875 0.530546753125 0.9024042078125 0.534528340625 0.8934915734375 0.5484639015624999 0.8994333265625001 0.5604086703125 0.9098314000000001 0.576335025 0.9209721921874999 0.5733488343750001 0.9313702656249999 0.5663810515625001 0.9395401812499999 0.5574224796875
0 0.9826179109375 0.6081877421875 0.9781615968749999 0.576335025 0.9588508890625 0.567376453125 0.9387974609375 0.5594132734375 0.9254285109374999 0.569367246875 0.906117803125 0.5793212171875 0.8994333265625001 0.596242975 0.9076032421875 0.6131647265625 0.918001315625 0.6320772734375 0.94102561875 0.6271002890624999 0.953651853125 0.6191371078125 0.967020803125 0.6111739328125 0.9826179109375 0.6081877421875
0 0.992273265625 0.6639299890625 0.9900451078125 0.63904505625 0.980389753125 0.6241140984375 0.9677635234374999 0.6241140984375 0.9462246578125001 0.6261048921875 0.9313702656249999 0.636058865625 0.9157731578125 0.6370542625 0.906117803125 0.6450174375 0.906117803125 0.6629345921875001 0.91280228125 0.6818471390624999 0.9335984265624999 0.6818471390624999 0.9543945734375001 0.6748793562500001 0.974448 0.668906975 0.992273265625 0.6639299890625
0 0.9692489609375 0.7196722375 0.9848460734375 0.716686040625 0.98855966875 0.705736675 0.9870742312499999 0.6888149171875 0.980389753125 0.6788609484375 0.9722198390625 0.6788609484375 0.9558800109375 0.6858287265625 0.9358265843750001 0.6918011140625 0.9202294734375001 0.6967780984374999 0.906117803125 0.6888149171875 0.8949770109375 0.704741278125 0.8986906078124999 0.7216630312500001 0.91280228125 0.7336077984375 0.92617123125 0.7365939890625001 0.9432537812499999 0.730621603125 0.9566227312500001 0.722658428125 0.9692489609375 0.7196722375
0 0.6023455234374999 1 0.6246271078125 0.9993788718750001 0.6417096578125 0.9884295 0.657306765625 0.979470928125 0.675874753125 0.96852155625 0.6736465968750001 0.9456274171875 0.6647339609375 0.9237286796875 0.6394815 0.9396550359375 0.613486315625 0.9595629796875 0.5800639390625 0.9744939374999999 0.582292096875 0.9924110921875 0.5852629734375 1 0.6023455234374999 1
0 0.740491353125 0.9376642421874999 0.753117584375 0.9227332828125 0.7508894265625 0.9018299375 0.7442049500000001 0.8849081859375 0.73157871875 0.8878943765624999 0.71449616875 0.8998391437500001 0.69964178125 0.9127793093750001 0.6833019499999999 0.92771026875 0.675132034375 0.9515998046874999 0.66919028125 0.971507746875 0.678102915625 0.985443309375 0.6981563390625001 0.9744939374999999 0.7152388890625 0.9645399687499999 0.7286078390624999 0.9496090046875001 0.740491353125 0.9376642421874999
0 0.8288749734374999 0.8620140468749999 0.8281322531249999 0.848078484375 0.8273895343750001 0.832152128125 0.82293321875 0.8122441796875 0.809564265625 0.8142349796874999 0.7939671578125 0.8341429234375 0.77391373125 0.8560416656250001 0.7560884609375 0.8769450046875 0.75831661875 0.9058115250000001 0.7590593390625 0.920742484375 0.7768846078125 0.9127793093750001 0.7857972421875 0.89784835 0.796938034375 0.8878943765624999 0.8147633031250001 0.8739588140624999 0.8288749734374999 0.8620140468749999
0 0.9068605234374999 0.8162257734375 0.9120595578125 0.7983086187499999 0.9046323656249999 0.777405278125 0.8860643765624999 0.7714328921875 0.871209984375 0.777405278125 0.85189928125 0.793331634375 0.8333312921875 0.8122441796875 0.8340740109375 0.8152303765625 0.831845853125 0.8271751437500001 0.8377876078125001 0.8391199078125 0.858583753125 0.846087690625 0.8756663031249999 0.832152128125 0.8890352531250001 0.8251843453125 0.9068605234374999 0.8162257734375
0 0.7590593390625 0.71569064375 0.7375204734375 0.723653825 0.7182097656249999 0.7326124015625 0.6944427421875 0.7405755765625 0.7003845 0.77242829375 0.6988990609375 0.7923362375 0.7286078390624999 0.77640988125 0.7456903890625 0.7634697171875 0.7598020609375 0.7574973296875 0.7598020609375 0.7405755765625 0.7590593390625 0.71569064375
0 0.102173903125 0.47088561875 0.1152062890625 0.4729815515625 0.115727584375 0.445734459375 0.11833406093750001 0.423377871875 0.09852483437500001 0.42547380468749996 0.07610913124999999 0.42617244374999996 0.0568212 0.423377871875 0.05108695 0.43176159218750004 0.045352703125 0.43595345312499995 0.0448314078125 0.45132360781249997 0.05629990781250001 0.454816825 0.0651619265625 0.468789690625 0.08392856562499999 0.47088561875 0.102173903125 0.47088561875
0 0.1000887234375 0.5302703046875 0.1089507421875 0.5183933656249999 0.11155721874999999 0.4946394953125 0.1141637 0.47507747968749997 0.09122670000000001 0.47507747968749997 0.072460065625 0.4757761234375 0.0469165890625 0.4625019015625 0.039618453125 0.465296475 0.0354480890625 0.4757761234375 0.0390971578125 0.49324220625 0.051608246875 0.50372185625 0.06568322343750001 0.51070829375 0.0865350421875 0.52607844375 0.1000887234375 0.5302703046875
0 0.07923690312500001 0.574284834375 0.0938331765625 0.579873984375 0.09226928906250001 0.565202475 0.1000887234375 0.549133675 0.112078515625 0.5365580984375 0.0896628109375 0.5337635203125 0.0797582 0.5267770875 0.06620451875 0.5197906546875 0.057342496875 0.512804221875 0.045873996875 0.502324571875 0.0385758609375 0.5065164328125 0.0354480890625 0.5197906546875 0.033362907812499995 0.534462165625 0.043788815625 0.54354453125 0.055257315625000004 0.5505309640625 0.0672471109375 0.5610106140625 0.07923690312500001 0.574284834375
0 0.09331188124999999 0.6329708765625 0.09122670000000001 0.6106142890624999 0.097482246875 0.5861617734375 0.0797582 0.574284834375 0.0651619265625 0.5610106140625 0.0469165890625 0.5477363921875 0.034405496875000004 0.5421472421875 0.032320315625 0.5533255359375 0.034405496875000004 0.5714902625 0.041182339062500004 0.5819699125 0.0542147234375 0.590353634375 0.0698535890625 0.6162034375000001 0.09331188124999999 0.6329708765625
0 0.031799018750000005 0.45831004062499997 0.031799018750000005 0.44643310312500006 0.0370119765625 0.43246023750000007 0.0406610421875 0.4198846546875 0.0271073609375 0.4087063609375 0.0140749765625 0.4010212828125 0.006255546874999999 0.401719928125 0.00208518125 0.40800771718749995 0 0.4163914375 0.000521296875 0.43246023750000007 0.011989796875 0.44224124218750005 0.020851815625 0.45132360781249997 0.031799018750000005 0.45831004062499997
0 0.033362907812499995 0.4666937578125 0.0203305234375 0.4590086859375 0.011989796875 0.45202224687500003 0.0031277734374999997 0.44293988593750006 0.001563884375 0.46320054062500005 0.00208518125 0.479967984375 0.007298134374999999 0.4862557734375 0.01720275 0.49324220625 0.030235134375 0.4981327109375 0.033362907812499995 0.4841598453125 0.033362907812499995 0.4666937578125
0 0.0349267921875 0.51559879375 0.031277726562500004 0.50511914375 0.022415703125 0.501625928125 0.014596273437499998 0.5009272828125 0.00364906875 0.491146278125 0.001563884375 0.5114069328124999 0.0041703609375 0.524681159375 0.01511756875 0.5288730203124999 0.025022181249999997 0.5414485984375 0.032320315625 0.5393526703125 0.033884203125 0.5281743765625 0.0349267921875 0.51559879375
0 0.06568322343750001 0.3591026859375 0.0797582 0.35700675312499996 0.09487576875 0.3542121796875 0.10738685781249999 0.349321675 0.1053016765625 0.3311569484375 0.09696095 0.318581371875 0.07923690312500001 0.3220745875 0.062034153125000005 0.3115949375 0.051608246875 0.32277322656249996 0.0349267921875 0.32975966562500003 0.017724046875 0.33325288125 0.009904610937499999 0.3283623765625 0.009904610937499999 0.347225746875 0.010947203125 0.3625959015625 0.01511756875 0.3674864015625 0.031799018750000005 0.3646918296875 0.0469165890625 0.365390475 0.06568322343750001 0.3591026859375
0 0.0794447765625 0.7589754234375 0.0853494578125 0.7388319953125 0.0874966109375 0.7208467984375 0.0778344109375 0.718688571875 0.070856153125 0.7007033765624999 0.05636285 0.6812793609375001 0.048311010937499996 0.652503040625 0.0338177078125 0.6532224484375 0.025229084375 0.6683300156249999 0.0263026609375 0.690631665625 0.0338177078125 0.70573923125 0.0450902765625 0.7201273921875 0.05475248125 0.7366737734375 0.06709863125 0.7625724593750001 0.0794447765625 0.7589754234375