0 0.4166666671875 0.36796536875 0.396969696875 0.43560605937499997 0.5378787859374999 0.424783546875 0.5242424234375 0.3544372328125 0.4166666671875 0.36796536875
0 0.6818181828125 0.430194803125 0.554545453125 0.4572510828125 0.54848485 0.50865800625 0.6803030296875 0.45995670781250003 0.6818181828125 0.430194803125
0 0.55757575625 0.549242421875 0.6681818171875 0.5221861484375 0.6727272734375 0.4843073578125 0.5636363640625001 0.50865800625 0.5757575765625 0.5167748921875 0.55757575625 0.549242421875
0 0.646969696875 0.6574675296875 0.55 0.6655844171874999 0.546969696875 0.7061688328125 0.65151515 0.6980519468749999 0.646969696875 0.6574675296875
0 0.6378787859374999 0.8414502140625 0.5212121203125 0.8549783578125 0.5136363640625 0.9009740234375 0.6424242437500001 0.8874458875 0.6378787859374999 0.8414502140625
0 0.290909090625 0.321969696875 0.245454546875 0.3950216421875 0.40151515 0.3950216421875 0.4181818171875 0.316558440625 0.290909090625 0.321969696875
0 0.40606060624999996 0.26244588750000003 0.310606059375 0.26244588750000003 0.29848485 0.308441559375 0.40757575625 0.327380953125 0.40606060624999996 0.26244588750000003
0 0.6666666671875 0.3409090890625 0.5378787859374999 0.36255411249999997 0.5333333328125 0.43290043437500003 0.6818181828125 0.422077921875 0.6666666671875 0.3409090890625
0 1 0.50865800625 0.959090909375 0.50324675625 0.95606060625 0.5627705656249999 1 0.554653678125 1 0.50865800625
0 1 0.5979437203125 0.946969696875 0.6033549765624999 0.94242424375 0.673701296875 0.996969696875 0.6601731609375 1 0.5979437203125
0 0.9939393937500001 0.7088744578124999 0.94393939375 0.7142857140625 0.9303030296875001 0.7629870125 0.9893939406250001 0.74675324375 0.9939393937500001 0.7088744578124999
0 0.9939393937500001 0.7873376609375 0.9348484828125001 0.800865803125 0.939393940625 0.8414502140625 0.996969696875 0.8252164531249999 0.9939393937500001 0.7873376609375
0 0.5303030296875 0.2895021671875 0.43333333281249997 0.303030303125 0.41969697031250003 0.37067099375 0.5348484828125 0.3544372328125 0.5303030296875 0.2895021671875
0 0.510921946875 0.237876203125 0.4240820765625 0.261964928125 0.428297603125 0.2935813875 0.5159805796875 0.283042565625 0.510921946875 0.237876203125
0 0.0227272734375 0.6872294343750001 0.0848484828125 0.684523809375 0.10606060625 0.5979437203125 0.11818181718750001 0.5194805171875 0 0.5221861484375 0.003030303125 0.6439393921875001 0.0227272734375 0.6872294343750001
0 0.096969696875 0.61958874375 0.09393939375 0.6574675296875 0.0621212140625 0.695346321875 0.00757575625 0.6899350656250001 0.0227272734375 0.74134199375 0.06818181718750001 0.7332251078125 0.104545453125 0.7142857140625 0.1378787859375 0.670995671875 0.140909090625 0.625 0.1121212140625 0.6006493515625 0.096969696875 0.61958874375
0 0.146969696875 0.7196969703125 0.140909090625 0.703463203125 0.1287878796875 0.692640690625 0.1166666671875 0.6899350656250001 0.1136363640625 0.7088744578124999 0.096969696875 0.7359307375 0.0712121203125 0.749458875 0.051515149999999996 0.749458875 0.0272727265625 0.74675324375 0 0.74675324375 0.00606060625 0.800865803125 0.0212121203125 0.808982684375 0.05757575625 0.800865803125 0.089393940625 0.798160171875 0.11060605937500001 0.7765151484375 0.1242424234375 0.7521645 0.146969696875 0.7196969703125
0 0.06818181718750001 0.8062770531250001 0.05606060625 0.808982684375 0.040909090625 0.808982684375 0.0287878796875 0.8198051968750001 0.0166666671875 0.8306277078125 0.00757575625 0.8360389578125 0.00757575625 0.8712121187499999 0.003030303125 0.9090909109374999 0.00606060625 0.9604978328125 0.0272727265625 0.9902597375 0.05 0.9875541125 0.0621212140625 0.9740259765625 0.07272727343749999 0.919913421875 0.07878787968749999 0.88203463125 0.0848484828125 0.8062770531250001 0.06818181718750001 0.8062770531250001
0 0.2227272734375 0.500541125 0.23181818281250002 0.5357142859375 0.25151515 0.5275974046874999 0.39848485 0.50595238125 0.38333333281250004 0.4653679640625 0.38333333281250004 0.40854978593749997 0.25303030312499997 0.41937229218749994 0.2227272734375 0.500541125
0 0.3757575765625 0.5248917734375 0.3348484828125 0.5248917734375 0.304545453125 0.5275974046874999 0.2742424234375 0.5275974046874999 0.23333333281250002 0.546536796875 0.23181818281250002 0.5898268390625 0.246969696875 0.5817099578125 0.27878787968749996 0.570887446875 0.3348484828125 0.579004328125 0.3848484828125 0.568181815625 0.40151515 0.5357142859375 0.3757575765625 0.5248917734375
0 0.389393940625 0.579004328125 0.3712121203125 0.5817099578125 0.339393940625 0.5817099578125 0.3151515171875 0.5871212140625001 0.290909090625 0.5871212140625001 0.2621212140625 0.5871212140625001 0.24242424375 0.61958874375 0.254545453125 0.6412337671875 0.289393940625 0.6358225125 0.3151515171875 0.6358225125 0.34090909062499997 0.6358225125 0.3848484828125 0.625 0.39545454687500003 0.6006493515625 0.389393940625 0.579004328125
0 0.41060605937499994 0.673701296875 0.4121212140625 0.6493506484375 0.40606060624999996 0.6114718625 0.39393939375000003 0.6141774875 0.3772727265625 0.627705625 0.3636363640625 0.63041125625 0.3227272734375 0.6358225125 0.296969696875 0.6385281375 0.2666666671875 0.6385281375 0.24848485 0.6493506484375 0.239393940625 0.673701296875 0.26060605937500003 0.695346321875 0.2772727265625 0.695346321875 0.309090909375 0.6899350656250001 0.3378787859375 0.681818184375 0.359090909375 0.681818184375 0.38333333281250004 0.6872294343750001 0.41060605937499994 0.673701296875
0 0.389393940625 0.703463203125 0.360606059375 0.6872294343750001 0.33181818281250003 0.695346321875 0.30606060625 0.695346321875 0.2803030296875 0.695346321875 0.26060605937500003 0.695346321875 0.239393940625 0.703463203125 0.2242424234375 0.7278138515625 0.24848485 0.74134199375 0.2621212140625 0.7386363625000001 0.295454546875 0.7359307375 0.3151515171875 0.7359307375 0.35 0.74134199375 0.3772727265625 0.7224025953125001 0.389393940625 0.703463203125
0 0.38333333281250004 0.74134199375 0.35 0.74134199375 0.3227272734375 0.74134199375 0.295454546875 0.7359307375 0.2712121203125 0.74675324375 0.24393939375 0.74134199375 0.22878787968749997 0.7656926421875 0.25151515 0.7927489171875 0.2712121203125 0.7846320359375001 0.295454546875 0.7819264046875001 0.3181818171875 0.7792207796875 0.35757575625000004 0.7846320359375001 0.3878787859375 0.7819264046875001 0.38333333281250004 0.74134199375
0 0.359090909375 0.8387445890624999 0.3742424234375 0.8279220781250001 0.36969697031250004 0.8062770531250001 0.34090909062499997 0.8035714281249999 0.3151515171875 0.8035714281249999 0.2878787859375 0.798160171875 0.25757575625 0.798160171875 0.2303030296875 0.7954545468750001 0.2242424234375 0.8306277078125 0.24393939375 0.8360389578125 0.2621212140625 0.8306277078125 0.2833333328125 0.8306277078125 0.3 0.8360389578125 0.3348484828125 0.8441558453125 0.359090909375 0.8387445890624999
0 0.36666666718749996 0.8658008625000001 0.36666666718749996 0.8522727265625001 0.339393940625 0.8441558453125 0.3181818171875 0.8441558453125 0.29393939375 0.8441558453125 0.2712121203125 0.8441558453125 0.22878787968749997 0.8522727265625001 0.2136363640625 0.8982683984375001 0.2363636359375 0.8928571421875 0.2666666671875 0.8847402625 0.295454546875 0.8847402625 0.3287878796875 0.8928571421875 0.360606059375 0.8847402625 0.36666666718749996 0.8658008625000001
0 0.54242424375 0.50865800625 0.5454545468750001 0.48160173281249996 0.54242424375 0.44913419687499995 0.5196969703125001 0.45183982812499995 0.49242424375000005 0.4572510828125 0.4681818171875 0.45995670781250003 0.445454546875 0.4680735953125 0.409090909375 0.47077922031249997 0.40151515 0.50865800625 0.403030303125 0.5248917734375 0.43181818281249995 0.5194805171875 0.45757575624999997 0.5113636374999999 0.4818181828125 0.5113636374999999 0.509090909375 0.50865800625 0.54242424375 0.50865800625
0 0.54848485 0.570887446875 0.54848485 0.5438311671875 0.5454545468750001 0.5140692625 0.5272727265625 0.5140692625 0.49696969687500003 0.5167748921875 0.46666666718750005 0.5167748921875 0.4348484828125 0.5303030296875 0.409090909375 0.5330086609375 0.40606060624999996 0.5898268390625 0.4242424234375 0.5844155828125001 0.44242424375 0.579004328125 0.46666666718750005 0.576298703125 0.489393940625 0.576298703125 0.5212121203125 0.570887446875 0.54848485 0.570887446875
0 0.5272727265625 0.6385281375 0.5454545468750001 0.61958874375 0.5454545468750001 0.6033549765624999 0.540909090625 0.579004328125 0.5242424234375 0.5844155828125001 0.495454546875 0.5817099578125 0.46515151718750003 0.5817099578125 0.445454546875 0.5817099578125 0.41363636406250004 0.5952380953125 0.4166666671875 0.625 0.4257575765625 0.63041125625 0.44393939375 0.625 0.46363636406250003 0.625 0.48787878593749995 0.625 0.5121212140625 0.625 0.5272727265625 0.6385281375
0 0.5227272734375 0.7278138515625 0.5181818171875 0.684523809375 0.503030303125 0.676406928125 0.47727272656249997 0.673701296875 0.45 0.673701296875 0.4348484828125 0.684523809375 0.403030303125 0.681818184375 0.396969696875 0.7251082265625 0.409090909375 0.7386363625000001 0.4303030296875 0.7332251078125 0.45909090937499997 0.7332251078125 0.48333333281249996 0.7359307375 0.50757575625 0.7359307375 0.5227272734375 0.7278138515625
0 0.34242424374999997 0.8874458875 0.309090909375 0.8901515171875 0.29393939375 0.8928571421875 0.2712121203125 0.8955627671874999 0.21969697031250002 0.9009740234375 0.2166666671875 0.946969696875 0.245454546875 0.944264071875 0.2848484828125 0.946969696875 0.3242424234375 0.930735928125 0.35606060624999997 0.930735928125 0.3621212140625 0.9090909109374999 0.34242424374999997 0.8874458875
0 0.5136363640625 0.8306277078125 0.48787878593749995 0.8198051968750001 0.46666666718750005 0.814393940625 0.43181818281249995 0.8252164531249999 0.4 0.8279220781250001 0.38333333281250004 0.8360389578125 0.38030302968749996 0.876623375 0.38030302968749996 0.8955627671874999 0.41060605937499994 0.8928571421875 0.43939394062500003 0.876623375 0.4742424234375 0.8712121187499999 0.5 0.86850649375 0.5151515171875001 0.8549783578125 0.5136363640625 0.8306277078125
0 0.5272727265625 0.7683982671875 0.5212121203125 0.75487013125 0.503030303125 0.7278138515625 0.46515151718750003 0.7359307375 0.43939394062500003 0.7359307375 0.41363636406250004 0.74404761875 0.39545454687500003 0.74404761875 0.396969696875 0.75487013125 0.39848485 0.7792207796875 0.41060605937499994 0.7792207796875 0.445454546875 0.7765151484375 0.49242424375000005 0.7738095234375 0.5227272734375 0.7873376609375 0.5272727265625 0.7683982671875
0 0.6212121203125001 0.7088744578124999 0.5848484828125 0.703463203125 0.539393940625 0.7061688328125 0.5348484828125 0.74675324375 0.54393939375 0.7521645 0.5742424234375 0.749458875 0.609090909375 0.749458875 0.64848485 0.74404761875 0.64848485 0.703463203125 0.6212121203125001 0.7088744578124999
0 0.5878787859375 0.798160171875 0.560606059375 0.7873376609375 0.5196969703125001 0.798160171875 0.5272727265625 0.8522727265625001 0.5696969703125 0.8414502140625 0.6151515171875 0.8414502140625 0.6348484828125 0.8360389578125 0.6318181828125 0.8062770531250001 0.6272727265625 0.798160171875 0.5878787859375 0.798160171875
0 0.74848485 0.86850649375 0.7287878796875 0.86850649375 0.709090909375 0.87391775 0.6757575765625 0.87391775 0.65151515 0.8712121187499999 0.653030303125 0.9172077921874999 0.689393940625 0.9145021671875 0.7121212140625001 0.9145021671875 0.7393939406250001 0.919913421875 0.7742424234375 0.9036796546874999 0.7606060593749999 0.8847402625 0.74848485 0.86850649375
0 0.7727272734375 0.7846320359375001 0.7348484828124999 0.7819264046875001 0.69242424375 0.7900432921875 0.65 0.7927489171875 0.653030303125 0.8306277078125 0.6833333328125 0.8306277078125 0.70757575625 0.8198051968750001 0.740909090625 0.8198051968750001 0.7696969703125001 0.8198051968750001 0.7833333328125 0.814393940625 0.7727272734375 0.7846320359375001
0 0.7848484828125 0.7115800890624999 0.7666666671875 0.6899350656250001 0.746969696875 0.6899350656250001 0.7272727265625 0.7088744578124999 0.69393939375 0.700757578125 0.6636363640625 0.6980519468749999 0.6621212140625 0.7305194828125 0.6681818171875 0.749458875 0.7166666671875 0.75487013125 0.746969696875 0.74675324375 0.7696969703125001 0.74675324375 0.789393940625 0.74404761875 0.7848484828125 0.7115800890624999
0 0.8212121203124999 0.45995670781250003 0.80606060625 0.4166666671875 0.7878787859374999 0.40584415468749996 0.7378787859375 0.4139610421875 0.7136363640625001 0.4112554109375 0.689393940625 0.43290043437500003 0.6803030296875 0.46266233906250004 0.6803030296875 0.48160173281249996 0.70757575625 0.47889610156250007 0.746969696875 0.47889610156250007 0.7833333328125 0.48160173281249996 0.8151515171874999 0.48160173281249996 0.8212121203124999 0.45995670781250003
0 0.80151515 0.47889610156250007 0.7681818171875 0.47889610156250007 0.7378787859375 0.47889610156250007 0.709090909375 0.4870129875 0.6848484828125 0.49512986875 0.6742424234375 0.5248917734375 0.690909090625 0.557359309375 0.7166666671875 0.5519480531250001 0.74242424375 0.5411255421875001 0.789393940625 0.5411255421875001 0.8121212140624999 0.5194805171875 0.8136363640625 0.4843073578125 0.80151515 0.47889610156250007
0 0.753030303125 0.5925324703125 0.7303030296874999 0.5871212140625001 0.70757575625 0.5952380953125 0.6681818171875 0.5952380953125 0.6787878796875 0.6385281375 0.7166666671875 0.6385281375 0.75757575625 0.6412337671875 0.7787878796875 0.6439393921875001 0.804545453125 0.63041125625 0.7833333328125 0.5979437203125 0.753030303125 0.5925324703125
0 0.65757575625 0.6033549765624999 0.6378787859374999 0.5979437203125 0.6121212140625001 0.6006493515625 0.5833333328125 0.6006493515625 0.554545453125 0.6114718625 0.54242424375 0.6547619046875 0.5621212140625 0.6655844171874999 0.595454546875 0.6520562796875 0.6257575765625 0.6466450234375001 0.65757575625 0.6466450234375001 0.6681818171875 0.6412337671875 0.65757575625 0.6033549765624999
0 0.960606059375 0.4572510828125 0.953030303125 0.43831169062499997 0.9212121203124999 0.45183982812499995 0.896969696875 0.446428571875 0.8727272734374999 0.446428571875 0.854545453125 0.44913419687499995 0.8333333328125001 0.454545453125 0.8181818171874999 0.49242424375000005 0.8166666671874999 0.5194805171875 0.8575757562499999 0.5113636374999999 0.9 0.5113636374999999 0.9333333328125001 0.500541125 0.9545454531249999 0.48971861250000004 0.960606059375 0.4572510828125
0 0.945454546875 0.50865800625 0.9212121203124999 0.5140692625 0.8878787859375 0.5140692625 0.854545453125 0.5113636374999999 0.8272727265625001 0.5194805171875 0.80757575625 0.5384199109375001 0.8242424234374999 0.565476190625 0.8409090906250001 0.557359309375 0.8863636359375 0.5600649343749999 0.90606060625 0.554653678125 0.9348484828125001 0.5519480531250001 0.95151515 0.5438311671875 0.945454546875 0.50865800625
0 0.90606060625 0.5519480531250001 0.8833333328125 0.557359309375 0.8575757562499999 0.557359309375 0.8363636359375001 0.570887446875 0.8121212140624999 0.6006493515625 0.8378787859375001 0.6006493515625 0.8742424234374999 0.6087662328125 0.896969696875 0.6033549765624999 0.940909090625 0.6033549765624999 0.95 0.573593071875 0.9303030296875001 0.554653678125 0.90606060625 0.5519480531250001
0 0.9242424234375 0.6060606078124999 0.896969696875 0.6087662328125 0.8712121203125 0.5979437203125 0.8378787859375001 0.6141774875 0.8136363640625 0.6141774875 0.79848485 0.6385281375 0.8151515171874999 0.6628787859374999 0.859090909375 0.6628787859374999 0.890909090625 0.6628787859374999 0.9181818171874999 0.6520562796875 0.94848485 0.6493506484375 0.940909090625 0.61958874375 0.9242424234375 0.6060606078124999
0 0.896969696875 0.670995671875 0.8681818171875 0.676406928125 0.8363636359375001 0.6682900421875 0.810606059375 0.673701296875 0.79393939375 0.700757578125 0.8121212140624999 0.7115800890624999 0.8409090906250001 0.7115800890624999 0.8727272734374999 0.7088744578124999 0.9 0.700757578125 0.9242424234375 0.700757578125 0.9257575765625001 0.670995671875 0.896969696875 0.670995671875
0 0.8727272734374999 0.7873376609375 0.8242424234374999 0.7954545468750001 0.79242424375 0.8116883093749999 0.7772727265625 0.8252164531249999 0.79393939375 0.8603896125 0.8348484828125 0.8495671015624999 0.8727272734374999 0.8468614703125 0.9242424234375 0.8414502140625 0.9303030296875001 0.8198051968750001 0.9166666671874999 0.7954545468750001 0.8727272734374999 0.7873376609375
0 0.8712121203125 0.7088744578124999 0.84393939375 0.7142857140625 0.8196969703124999 0.7224025953125001 0.796969696875 0.7088744578124999 0.7833333328125 0.74675324375 0.80606060625 0.7602813875 0.8287878796875001 0.7602813875 0.8803030296875001 0.7602813875 0.9272727265625 0.749458875 0.9257575765625001 0.7061688328125 0.90606060625 0.7142857140625 0.8712121203125 0.7088744578124999
0 0.7742424234375 0.6412337671875 0.7606060593749999 0.627705625 0.7242424234375 0.6358225125 0.695454546875 0.6412337671875 0.6606060593749999 0.6628787859374999 0.6727272734375 0.6899350656250001 0.70151515 0.6872294343750001 0.7318181828125 0.6899350656250001 0.7621212140625 0.692640690625 0.7833333328125 0.6872294343750001 0.7954545468750001 0.6628787859374999 0.7742424234375 0.6412337671875
0 0.604545453125 0.5438311671875 0.5787878796875 0.549242421875 0.55757575625 0.565476190625 0.560606059375 0.6087662328125 0.5878787859375 0.6006493515625 0.6272727265625 0.5898268390625 0.6712121203125 0.5844155828125001 0.6727272734375 0.546536796875 0.6424242437500001 0.5303030296875 0.604545453125 0.5438311671875
0 0.12121212031249999 0.8198051968750001 0.096969696875 0.88203463125 0.1121212140625 0.922619046875 0.1272727265625 0.8955627671874999 0.14393939375 0.8658008625000001 0.15151515 0.8468614703125 0.15151515 0.822510821875 0.1348484828125 0.7954545468750001 0.12121212031249999 0.8198051968750001
0 0.1803030296875 0.6601731609375 0.1712121203125 0.681818184375 0.15 0.703463203125 0.15606060625 0.749458875 0.1818181828125 0.75757575625 0.20151515 0.74404761875 0.2166666671875 0.7088744578124999 0.2121212140625 0.6899350656250001 0.19848485 0.6655844171874999 0.1803030296875 0.6601731609375
0 0.154545453125 0.5357142859375 0.1348484828125 0.557359309375 0.12121212031249999 0.5871212140625001 0.1378787859375 0.61958874375 0.15606060625 0.627705625 0.1757575765625 0.6060606078124999 0.18787878593750001 0.5871212140625001 0.1848484828125 0.570887446875 0.1727272734375 0.5519480531250001 0.154545453125 0.5357142859375
0 0.003030303125 0.500541125 0.0212121203125 0.5221861484375 0.053030303125 0.5194805171875 0.12121212031249999 0.5194805171875 0.1287878796875 0.576298703125 0.1803030296875 0.4843073578125 0.04393939375 0.45183982812499995 0.003030303125 0.500541125
0 0.1257575765625 0.422077921875 0.11060605937500001 0.454545453125 0.23181818281250002 0.4734848515625 0.246969696875 0.4139610421875 0.1257575765625 0.422077921875
0 0.7803030296875 0.313852815625 0.6742424234375 0.3354978328125 0.69242424375 0.41937229218749994 0.8257575765625 0.3869047625 0.7803030296875 0.313852815625
0 0.613982703125 0.25978475 0.586668190625 0.2608450953125 0.56291644375 0.2608450953125 0.53441434375 0.2608450953125 0.5361957265624999 0.2831123625 0.5373833140625 0.3149227375 0.56291644375 0.3202244703125 0.600325446875 0.319164125 0.6484227359375 0.307500315625 0.629421340625 0.2820520171875 0.613982703125 0.25978475
0 0.717896603125 0.25554336875 0.704833140625 0.2587244046875 0.6923634734374999 0.2650864828125 0.6709869 0.27250889843750004 0.6490165296875 0.28523305312499997 0.6531730859375 0.2968968578125 0.6638613734375001 0.3064399703125 0.703051759375 0.2958365125 0.722646953125 0.2926554765625 0.7446173203125 0.28735374375 0.7386793828125 0.2703882078125 0.717896603125 0.25554336875