0 0.73263660625 0 0.7252940078125001 0.0016358390625 0.7186182999999999 0.045959746875 0.714597378125 0.098454253125 0.76804555 0.0961431875 0.8723558578124999 0.0742949546875 0.8857811296874999 0.069278240625 0.8632712640625 0 0.73263660625 0
0 0.7016671703124999 0.0123237234375 0.540231490625 0.043699932812499995 0.5269488203125 0.123292240625 0.565688178125 0.1498488390625 0.7327084109374999 0.09859174062500001 0.7016671703124999 0.0123237234375
0 0.4208077765625 0 0.318256209375 0.0333210234375 0.253169728125 0.16106043750000001 0.281556178125 0.2391578671875 0.5072654109375 0.2109863921875 0.53757670625 0.035529346875 0.49384968437500004 0 0.4208077765625 0
0 0.10848769062500001 0.1327939765625 0.066681071875 0.1523998890625 0.0019263124999999999 0.2125837671875 0.010844340625 0.2307635453125 0.0314726703125 0.25718265625000003 0.1304046640625 0.22804876875 0.218236303125 0.2296211375 0.250239965625 0.18911191875 0.2495612671875 0.1592218359375 0.267199840625 0.1023026953125 0.10848769062500001 0.1327939765625
0 0.1013307671875 0.2405065078125 0.068235946875 0.30545875 0.08327973125 0.351758753125 0.13761283124999998 0.35217121875 0.218236303125 0.2296211375 0.1013307671875 0.2405065078125
0 0.499911003125 0.2254202234375 0.280671246875 0.2364343359375 0.2511936375 0.1827799296875 0.20162015156250002 0.27115277656250003 0.345692240625 0.2604736421875 0.5558077328125 0.258446303125 0.583867959375 0.140930815625 0.5241565406250001 0.133232690625 0.499911003125 0.2254202234375
0 0.5847528875 0.143654340625 0.5567614015625 0.252114315625 0.7881239234375 0.195006434375 0.9206284421875001 0.1765272421875 0.8844248828125 0.0651041390625 0.740879003125 0.09593695468749999 0.5847528875 0.143654340625
0 1 0.42080777812500003 0.917209084375 0.16600354374999998 0.7600037046875 0.2011321875 0.5485908171875 0.2547690984375 0.5166559015625001 0.2862228046875 0.5192331921875 0.42389415937499997 0.5366567843750001 0.5145868203124999 0.8059424859375 0.4722564921875 1 0.4524889234375 1 0.42080777812500003
0 0.0991396953125 0.40983780000000003 0.11023129843749999 0.49957679062500004 0.3347806203125 0.50490385625 0.5141211078125 0.5008316828125 0.49295156718750005 0.42641145625 0.5203331015625 0.2790058875 0.20529735312500003 0.2639358609375 0.0991396953125 0.40983780000000003
0 0.719734465625 0.6146874609374999 0.7262039421875001 0.59753010625 0.711572621875 0.496896996875 0.5258314093750001 0.5090710140625 0.3917685078125 0.513486909375 0.42879801406249995 0.6459861874999999 0.4613428828125 0.6534780765625 0.719734465625 0.6146874609374999
0 1 0.4512893828125 0.7225354875 0.48430176718749995 0.7334208578125 0.6012073078125 0.90731428125 0.5989049953125 1 0.5858920265625 1 0.4512893828125
0 0.1454996921875 0.506183753125 0.1218041125 0.5259271515624999 0.16271705 0.6240429640625 0.404767459375 0.5905619203125 0.389182471875 0.4962608046875 0.1454996921875 0.506183753125
0 0.5880513703125 0.6634960140625 0.5800870140625001 0.638984246875 0.4188575671875 0.6431939140625 0.3912185546875 0.5859310437499999 0.18627514375 0.62241059375 0.2101682109375 0.69594589375 0.5441999203125001 0.7138769375 0.5880513703125 0.6634960140625
0 1 0.5861083359375 0.7360756421875 0.6093778921874999 0.709725271875 0.6209507109375 0.601806509375 0.6409603390624999 0.6140580171875001 0.6972007859375 1 0.6745918390625001 1 0.5861083359375
0 1 0.6769120484375 0.7889051171875 0.6885664828125 0.8008816484375 0.781029 1 0.7893752625 1 0.6769120484375
0 0.4798576296875 0.7197277140625 0.49115546875 0.7823001515625 0.7927798046875 0.7746282671875 0.7788959296875 0.69482973125 0.4798576296875 0.7197277140625
0 0.21833879843749998 0.6932911078124999 0.2448866484375 0.7749969921875 0.47944516562499995 0.7740608156250001 0.47093960625 0.7015479328125 0.21833879843749998 0.6932911078124999
0 1 0.793810009375 0.684929784375 0.7855823843749999 0.6898956296875001 0.8472011437500001 1 0.8625045984374999 1 0.793810009375
0 0.27654658906249996 0.77976535625 0.2914528828125 0.84417639375 0.6799551875 0.8444088671875001 0.6696110234375 0.77550445 0.27654658906249996 0.77976535625
0 0 0.4911845265625 0.10676033124999999 0.47962715312500004 0.0899466921875 0.427880090625 0.132165771875 0.353941075 0.0806249453125 0.3435881640625 0 0.38355091875 0 0.4911845265625
0 0.536355559375 0.9121446375 0.5311147359375 0.8867479453125 0.570060334375 0.8861379921875001 0.5603948625 0.8471236531249999 0.32045803125 0.84077416875 0.2974411484375 0.8904076515625 0.31541469218749996 0.9086561703125 0.536355559375 0.9121446375
0 0.5586250078125 0.841676596875 0.5646132734375 0.8879078484375 0.7882089234375 0.8995669062499999 0.7928637953125001 0.9305738968749999 0.8510844765625001 0.9116568515625 0.8446556062499999 0.860148846875 0.5586250078125 0.841676596875
0 0.8464963781250001 0.9131476125000001 0.9850816437500001 0.86811853125 0.8419320718750001 0.8610337765624999 0.8464963781250001 0.9131476125000001
0 0 0.5499737140625001 0.13521552812499998 0.5486690624999999 0.1365129234375 0.497059490625 0.09681988750000001 0.47683487968750005 0 0.480308290625 0 0.5499737140625001
0 0 0.579192221875 0.07017546875 0.795170103125 0.10707780781250001 0.7956853203125 0.12267154375 0.769541184375 0.1688428078125 0.6521631828125 0.1599935234375 0.6249278921875 0.13787031562500002 0.5568396531250001 0 0.5580717109375 0 0.579192221875
0 0.225959434375 0.76308045625 0.1770133921875 0.6495083984375001 0.1061241328125 0.8020173046875 0.07218202343749999 0.801345646875 0.09987040625 0.8865617234375 0.1788345 0.8867904421875 0.225959434375 0.76308045625
0 0 0.3716044921875 0.075177884375 0.345358021875 0.0708219859375 0.3226848578125 0.09588370625 0.2422763625 0 0.25920166875 0 0.3716044921875