0 0.44777064375000003 1 0.44105716250000004 0.8495995421875 0.0814330734375 0.8927597984375 0.09125445625 1 0.44777064375000003 1
0 0.101770896875 0.8329187749999999 0.4311606875 0.8154670484375 0.41337083437500005 0.641425615625 0.08646448906250001 0.65248028125 0.101770896875 0.8329187749999999
0 0.0777251328125 0.6265467984375 0.42689783437499995 0.569316140625 0.395401753125 0.382135346875 0.0566804296875 0.45343642031250003 0.0777251328125 0.6265467984375
0 0.067940503125 0.41325210312499994 0.3714133375 0.33213049375 0.3601331953125 0.1562269578125 0.0343466875 0.235201384375 0.067940503125 0.41325210312499994
0 0.6249895375000001 1 0.8532077359375 0.93471826875 0.8391845921875 0.81532876875 0.543632375 0.8685946640625 0.55933810625 1 0.6249895375000001 1
0 0.5616559515625 0.792355609375 0.8469259812500001 0.70222421875 0.832221790625 0.5500468296875 0.5379586140625 0.648437384375 0.5616559515625 0.792355609375
0 0.4860028265625 0.592215890625 0.7860042984375 0.48649723125 0.758666396875 0.3407770421875 0.46920090468750003 0.4491685671875 0.4860028265625 0.592215890625
0 0.4635844921875 0.38537839687500003 0.7517236656249999 0.2915829515625 0.7346206328125 0.1344050734375 0.44609575 0.22546751875 0.4635844921875 0.38537839687500003
0 1 0.628683628125 0.9115054406249999 0.6439445796875 0.9369994046875 0.7646021890625 1 0.7465808968750001 1 0.628683628125
0 1 0.3856130796875 0.9982567093749999 0.373260646875 0.8760203671875001 0.3925080859375 0.8861806734375 0.500491871875 1 0.47163446875000004 1 0.3856130796875
0 0.978896978125 0.23608346875000003 0.8596041546875 0.25219376875 0.8673656171875 0.3551770609375 0.9935630874999999 0.3400030796875 0.978896978125 0.23608346875000003
0 0.9587398046875 0.0932558234375 0.8509393671875 0.1068188234375 0.8579294078125 0.204336103125 0.9735747390625 0.1983716640625 0.9587398046875 0.0932558234375
0 0.9534568890624999 0.055822695312500004 0.9507584 0.036702 0.8606567828125 0.0332238171875 0.8605720140625 0.067100025 0.9534568890624999 0.055822695312500004