0 0.9605887875000001 0.29998202812499997 0.9706849125 0.2444888546875 0.8648866421875001 0.2133293375 0.7300436 0.2300261453125 0.7292750453125 0.276582809375 0.8664572500000001 0.27136355624999997 0.9605887875000001 0.29998202812499997
0 0.9526996296875 0.38162121875 0.9641244203125 0.3238947703125 0.8585121203125 0.29145958437499997 0.72170185 0.2941275 0.7159905578125 0.34706592187499996 0.8559107499999999 0.3574692859375 0.9526996296875 0.38162121875
0 0.9300069203125 0.44095168593749995 0.9378176421875001 0.38737371875000004 0.8438720749999999 0.35747957812500003 0.7099588828125001 0.3677980625 0.7066383125 0.3974564328125 0.8456555421875 0.420934521875 0.9300069203125 0.44095168593749995
0 0.9291868171875001 0.52226594375 0.9354560125000001 0.465500534375 0.8407396828125 0.43401266875 0.7036090374999999 0.404474309375 0.6873199375000001 0.4405212984375 0.8357991546875001 0.4885448140625 0.9291868171875001 0.52226594375
0 0.9126333078125001 0.5876498265625 0.9214007578125001 0.534389921875 0.8260996453124999 0.5000326687500001 0.6969141249999999 0.45039828593750003 0.6814226828125001 0.49473538125000005 0.8259427671875 0.5561551125 0.9126333078125001 0.5876498265625
0 0.8931827296874999 0.6453831296875 0.9008074875000001 0.5930808375 0.8005367453125001 0.55840895 0.6908309 0.5058880343750001 0.673585075 0.5416169656250001 0.7992371625 0.615489 0.8931827296874999 0.6453831296875
0 0.8782491921875 0.6858932421875 0.8826586953125 0.6418844828125 0.7921681125 0.615813909375 0.6749675078124999 0.5527764656249999 0.6623193671875 0.591371359375 0.7832146875 0.6703494890624999 0.8782491921875 0.6858932421875
0 0.8682068328125 0.7547792015625 0.8767883171875 0.7027949546875 0.7767573125 0.6802401859375 0.6637018046875001 0.6025308593750001 0.6460840421875 0.6408111234375 0.7695044953125 0.7299911515625 0.8682068328125 0.7547792015625
0 0.8613797249999999 0.8153716125000001 0.8705191171875001 0.7595603703125 0.7608939171875 0.72712861875 0.6555191421875 0.6586601625 0.645342375 0.6940641734375 0.7605241921875 0.7778303375 0.8613797249999999 0.8153716125000001
0 0.8485456125 0.85524216875 0.8533270546875 0.8086820781249999 0.7494422453125 0.7781586796875 0.6471236296875 0.7093687359375 0.6359901296875 0.744454696875 0.7466011453125 0.8320512750000001 0.8485456125 0.85524216875
0 0.8351804749999999 0.90563611875 0.8424332921875 0.8558851515624999 0.7477707296875 0.8377900671875 0.6368146546875 0.759441190625 0.6235548421875 0.788470309375 0.7407576453125 0.8996581453125 0.8351804749999999 0.90563611875
0 0.8192105875 1 0.8214971703125 0.9719741734375 0.7339305421875 0.9602505562499999 0.6269582625 0.8270514890625 0.6074270375 0.8646956296875 0.7127574250000001 1 0.8192105875 1
0 0.7019079703125 1 0.6161182625 0.8876473265625 0.604931 0.9093405062500001 0.6654304578125 1 0.7019079703125 1
0 1 0.334137640625 0.9746484578124999 0.327393415625 0.9687511953125 0.38160750625 1 0.3877839890625 1 0.334137640625
0 1 0.40052157343749994 0.9491124421875 0.39246609062500004 0.944331 0.4390261796875 1 0.44803574218750003 1 0.40052157343749994
0 1 0.46456779218750005 0.9497263203124999 0.45018225312500004 0.9468583421875 0.49737846093750004 1 0.515045078125 1 0.46456779218750005
0 1 0.5293718421875 0.9402149953125001 0.5085448265625 0.9377727124999999 0.5665824781250001 1 0.5861981515625 1 0.5293718421875
0 1 0.5962946234375 0.9282860546875 0.58349105625 0.9160636203125 0.63292739375 1 0.6516396796875 1 0.5962946234375
0 0.9958710796875 0.663471365625 0.9067091625 0.6351675218749999 0.8940879078125 0.680458803125 0.9844194046875 0.7145014265625 0.9958710796875 0.663471365625
0 0.9878743875 0.71832499375 0.8989253250000001 0.6954418765625 0.8905298078125 0.74615045 0.9789209624999999 0.7728605671875 0.9878743875 0.71832499375
0 0.9722507328125 0.7773305453125 0.8869157375000001 0.7502989375 0.8838617875000001 0.7987708140625001 0.9653698578125001 0.8245301859374999 0.9722507328125 0.7773305453125
0 0.9537031203125 0.821989134375 0.873949425 0.80483794375 0.8712674125 0.8507584828124999 0.9479918296875001 0.87492755625 0.9537031203125 0.821989134375
0 0.9466631624999999 0.8771608203125 0.8554555796875001 0.862889309375 0.8504881703124999 0.9107250671875 0.9407659 0.9313749093749999 0.9466631624999999 0.8771608203125
0 0.9244796328125 1 0.9300312203125 0.9706059265625001 0.8449897296875 0.9690842078124999 0.8456795500000001 1 0.9244796328125 1
0 0.9262020874999999 0.9211833031250001 0.8464752750000001 0.91072849375 0.8453347796875 0.9598364828125 0.9210218250000001 0.9635983375 0.9262020874999999 0.9211833031250001
0 0.7224166375000001 0.2341780625 0.731210975 0.1876145453125 0.6397098921875 0.147833134375 0.5544039953125 0.175648303125 0.5518810671875001 0.2135967984375 0.6404559796875 0.190880865625 0.7224166375000001 0.2341780625
0 0.7028876203125 0.319972590625 0.711867925 0.2721334046875 0.624325975 0.2189557984375 0.5444938375 0.2298658203125 0.5412270375 0.272916971875 0.6182158578125 0.2677491578125 0.7028876203125 0.319972590625
0 0.6853236203125 0.37164562968750003 0.6971472421875 0.3180642359375 0.6008893921875 0.283388921875 0.532670225 0.2834472140625 0.5272771046875 0.32044152187499997 0.5940085171875 0.33058855625 0.6853236203125 0.37164562968750003
0 0.6752275046875 0.4271388140625 0.686892025 0.381529465625 0.5904482078125 0.3481298265625 0.5288186296874999 0.323628978125 0.5127423921875 0.3650966859375 0.5826106046875 0.3950113984375 0.6752275046875 0.4271388140625
0 0.67445895 0.473695471875 0.6788684546875 0.42968671406250003 0.5883509874999999 0.396919753125 0.5253927375 0.3746521859375 0.5074030328125 0.41548377500000006 0.5793706796875 0.44475893749999995 0.67445895 0.473695471875
0 0.6547686374999999 0.5193116734375 0.669489325 0.4733808375 0.5789987421875 0.4473102703125 0.5082006796874999 0.4237738875 0.4987946703125 0.4607716234375 0.5692476703125 0.49355572968750006 0.6547686374999999 0.5193116734375
0 0.6490035828125 0.558857309375 0.652855175 0.51867555 0.5648359625 0.48941410625000004 0.5024625 0.47001592187499996 0.49552786718749997 0.50382278125 0.5636685828125 0.5318257015625 0.6490035828125 0.558857309375
0 0.6366220578124999 0.6162657015625 0.6402608046875 0.570663225 0.5510988828125 0.5423593765625 0.4915418546875 0.5105225953125 0.4803814703125 0.5389121625 0.5419326125 0.5914742296875 0.6366220578124999 0.6162657015625
0 0.625755175 0.6701651625 0.6320781421875 0.626792521875 0.5448296828125 0.5991247984375 0.4825346671875 0.5516653984375 0.476742725 0.5845146453125001 0.5348388828124999 0.633253140625 0.625755175 0.6701651625
0 0.6154461953125 0.7202376125 0.6192709078124999 0.673359465625 0.5352645921875 0.644094590625 0.479108775 0.6026885953125001 0.4710045546875 0.6307566734375001 0.5197731421875 0.688431696875 0.6154461953125 0.7202376125
0 0.6091501125 0.7703066453125 0.6139046796875001 0.7170501625 0.5199859921875001 0.693852415625 0.4714571421875 0.6482945109375 0.4631669453125 0.677638253125 0.51406185 0.7413701125000001 0.6091501125 0.7703066453125
0 0.5928363453125 0.8478076296875001 0.5949604546875 0.805714090625 0.5066230625 0.792396746875 0.45644515781250006 0.7168658375 0.44565671250000005 0.7427040671875 0.4989445453125 0.8313062703125 0.5928363453125 0.8478076296875001
0 0.5916711796875 0.93836961875 0.5940081375 0.9016967984375001 0.4991864875 0.8915737640625 0.4577244796875 0.79754055625 0.44196641249999996 0.8230641625 0.49953375 0.9304764328124999 0.5916711796875 0.93836961875
0 0.22167552499999998 0.13193929843750002 0.1251271296875 0.098061865625 0.11914968749999999 0.129904409375 0.21594565000000002 0.1620836296875 0.22167552499999998 0.13193929843750002
0 0.21173698281250003 0.19095316874999999 0.1113677 0.15580550625 0.1051426875 0.1893462578125 0.20526440468749999 0.22619212968750002 0.21173698281250003 0.19095316874999999
0 0.2116325625 0.2283091859375 0.11561509218749999 0.1999497921875 0.1086115953125 0.2296707140625 0.2066811875 0.2622733484375 0.2116325625 0.2283091859375
0 0.202612725 0.2627013265625 0.1111946421875 0.2394319828125 0.1048980625 0.2551438375 0.20144645468750003 0.2890212703125 0.202612725 0.2627013265625
0 0.2029348078125 0.3429313875 0.09853284531249999 0.3171261515625 0.09379325468750001 0.3404776515625 0.1974525046875 0.37137751093750004 0.2029348078125 0.3429313875
0 0.1899180828125 0.3955804046875 0.09566938281250001 0.364248 0.0861186203125 0.39312210625 0.1836572828125 0.4202067078125 0.1899180828125 0.3955804046875
0 0.1840122171875 0.4452518484375 0.0788317625 0.4156267859375 0.0771703578125 0.44534314531249997 0.18079382500000002 0.46732855625 0.1840122171875 0.4452518484375
0 0.3041213125 0.454912696875 0.2037878171875 0.4286794890625 0.1990840078125 0.46094543750000005 0.2989223703125 0.49057506718750005 0.3041213125 0.454912696875
0 0.2908570203125 0.509259921875 0.1963965375 0.48854017968749996 0.1926830046875 0.5140132984375 0.2881695453125 0.5368546624999999 0.2908570203125 0.509259921875
0 0.1821748125 0.49449532031250004 0.0882452578125 0.47929361249999997 0.08378902031249999 0.5098613656250001 0.1749595296875 0.5348289046875 0.1821748125 0.49449532031250004
0 0.2867557125 0.5648728203125 0.1920476578125 0.5458512859375 0.1840180953125 0.573450590625 0.2817685453125 0.5899225218749999 0.2867557125 0.5648728203125
0 0.4112734921875 0.27865399375 0.3435234796875 0.2579114265625 0.3362724125 0.28933055625000004 0.40759575000000003 0.3130415625 0.4112734921875 0.27865399375
0 0.4038822171875 0.3385146859375 0.3310734671875 0.3249929265625 0.3283859953125 0.35258766874999997 0.3968787171875 0.36823561875 0.4038822171875 0.3385146859375
0 0.38067938749999997 0.45187578593750005 0.3251705421875 0.438763746875 0.3217045796875 0.46253865781250003 0.3749137296875 0.47310566875 0.38067938749999997 0.45187578593750005
0 0.518743925 0.334327634375 0.5287264421875 0.291964584375 0.4965880375 0.2948156734375 0.44790852968749995 0.2718648203125 0.4410182671875 0.3017205625 0.4906727796875 0.326687471875 0.518743925 0.334327634375
0 0.49941383281249996 0.3363610390625 0.4473728078125 0.3190603265625 0.4419280546875 0.3477047015625 0.49373382499999996 0.36661912343749997 0.49941383281249996 0.3363610390625
0 0.4843210296875 0.37025755625 0.43762553750000005 0.35980966875 0.4329205421875 0.392083803125 0.4808602921875 0.411404909375 0.4843210296875 0.37025755625
0 0.4842558125 0.41422564062499995 0.4307692828125 0.3981362921875 0.42434952499999995 0.42476461875 0.4754155328125 0.44004928593750003 0.4842558125 0.41422564062499995
0 0.47642455000000006 0.45053621406250005 0.43214957500000006 0.44089301093750005 0.4257298078125 0.4675213421875 0.4702740453125 0.48402171406249994 0.47642455000000006 0.45053621406250005
0 0.46718178281249995 0.496529028125 0.43134459999999997 0.4812313421875 0.4212940703125 0.5066526453125 0.4564595171875 0.53526233125 0.46718178281249995 0.496529028125
0 0.4691373875 0.622380803125 0.4762288953125 0.582440478125 0.4423417203125 0.5711748937500001 0.41514356250000006 0.5401381453125 0.4031770296875 0.5699982296874999 0.4318546921875 0.6082944890624999 0.4691373875 0.622380803125
0 0.4518281125 0.70629789375 0.4591548703125 0.6647438593749999 0.42503244218749997 0.6550919828125 0.4021367953125 0.6119502703124999 0.3942715296875 0.6397899609375 0.4222774578125 0.6913982140625 0.4518281125 0.70629789375
0 0.4409726046875 0.772057521875 0.4488038671875 0.7357469546875001 0.4086301625 0.7240833656250001 0.3925255546875 0.68658311875 0.3798192625 0.71281344375 0.4092706921875 0.7632103265625 0.4409726046875 0.772057521875