0 0.9235746640625001 0.941194 0.936242015625 0.871306 0.9365741999999999 0.8684364125 0.8453617578125 0.8542664234374999 0.7740383171875 0.8595699640625 0.756542765625 0.9514430828125 0.9235746640625001 0.941194
0 0.8908976515625 0.86276269375 0.9365735515625 0.8684419999999999 0.9495130749999999 0.756662646875 0.911496578125 0.7491148359375 0.8564653671875 0.7422722937499999 0.7904279187500001 0.7340612531249999 0.7719868171875001 0.8451430406249999 0.8338149406250001 0.8414932296875 0.8908976515625 0.86276269375
0 0.7409177421875001 0.920642259375 0.7682117453124999 0.8616798640625 0.750186984375 0.808420040625 0.66958534375 0.8295761640625001 0.592758778125 0.8341954406250001 0.5401025203125001 0.8389856828125 0.53730675 0.9435097000000001 0.6184489656250001 0.9337582703124999 0.69311770625 0.9317050531250001 0.7409177421875001 0.920642259375
0 0.69634325 0.8073938937499999 0.7548260734375 0.8004937640625001 0.7623717390625 0.71923529375 0.6883498984374999 0.7157002125 0.6143280546875001 0.7121651359375 0.5475373796875 0.7265353875 0.5460354109375001 0.8198827937500001 0.5882260078125 0.8251287406250001 0.636672940625 0.808477646875 0.69634325 0.8073938937499999
0 0.6269515421875 0.6995628875000001 0.6756156046874999 0.6971106359375 0.732157734375 0.70697540625 0.7735906296875 0.6866178171875 0.782864340625 0.6225804296875 0.689311284375 0.6109481171875 0.604823778125 0.6174492171875 0.55594259375 0.6057026296875 0.5421405781249999 0.7088581406250001 0.5693327375 0.715073553125 0.6269515421875 0.6995628875000001
0 0.9009201093750001 0.7279591875 0.9508958984375001 0.7447169875 0.9589400890625001 0.675226446875 0.8866704140625 0.658162540625 0.8371423281249999 0.6520042593750001 0.7904189640625 0.6376916125000001 0.77510603125 0.7378248765625 0.8495576484375 0.7215728171875 0.9009201093750001 0.7279591875
0 0.7935471328125 0.6267430875 0.844045565625 0.6245189171875001 0.898753328125 0.6341555999999999 0.9627729687500001 0.642115759375 0.9630640734375 0.6396010234375 0.9672630906249999 0.5406367875 0.9091037109375 0.5447427703125001 0.86939439375 0.5341366062499999 0.8088600625 0.5266098171875 0.7935471328125 0.6267430875
0 0.609245746875 0.5953241 0.66643478125 0.5996005640625001 0.7067909953125 0.6046184234374999 0.769483153125 0.609579146875 0.7859835546875 0.5152622640625 0.714442984375 0.5063669640625 0.6526148625 0.5100167765625 0.60286964375 0.489659659375 0.5666164265625 0.5134956468749999 0.56543790625 0.60404890625 0.609245746875 0.5953241
0 0.9800947546875 0.44586373593750006 0.9413557812500001 0.4268751125 0.8988417390624999 0.42442332968749996 0.8282715203125001 0.40714557031250004 0.8102601875 0.4984402171875 0.8573069999999999 0.5099587234375 0.906511640625 0.518911153125 0.9627303234375001 0.5315700765625 0.9800947546875 0.44586373593750006
0 0.726096125 0.5021471703125 0.78123365625 0.49199671718750004 0.79363554375 0.41701080625 0.7655793640625 0.40218485312499996 0.7064496375 0.4146732828125 0.6422465625 0.4066903234375 0.5767496875 0.4098839703125 0.5670461984374999 0.4937085 0.6642680000000001 0.5057969875 0.726096125 0.5021471703125
0 0.451197515625 0.9157967359375 0.5108678203125 0.9147129828124999 0.5298495 0.8150358765625001 0.493591796875 0.790687046875 0.43025274687500004 0.7913146234374999 0.36907151875 0.7893761359375 0.3118824875 0.7850996703125 0.2922539109375 0.8903650703125001 0.39497883125 0.90313780625 0.451197515625 0.9157967359375
0 0.5420297781250001 0.67766630625 0.4386579609375 0.6704818765625 0.397331390625 0.6738464703125 0.322122075 0.664495 0.30767316718750004 0.7732388125 0.38773870781249997 0.7888628359375 0.441365315625 0.775690140625 0.5269339765625001 0.7919984171875 0.5420297781250001 0.67766630625
0 0.46250481718750003 0.6734469765625 0.5301595156250001 0.6676872640625 0.5441786453125 0.57873059375 0.47727717187499996 0.5619090171875001 0.42246308906249996 0.5692653171875001 0.37412247656250003 0.5689234171875001 0.3239474875 0.5683534406249999 0.31478458125 0.6635826640625 0.3998126640625 0.668486253125 0.46250481718750003 0.6734469765625
0 0.36052415937500004 0.5417233 0.42472723749999997 0.549706259375 0.4910881359375 0.555123153125 0.5486006140625 0.5566054703125001 0.5591681281249999 0.48139147656250003 0.47942603906250003 0.46297330625 0.43540107499999997 0.4574992765625 0.3840386140625 0.45111290625 0.33720892187499996 0.453793246875 0.322002315625 0.5369335296875 0.36052415937500004 0.5417233
0 0.3950448515625 0.45248141718749996 0.44090419531249997 0.4581835296875 0.49377758125 0.46759212968749997 0.555712028125 0.44694932343750005 0.5617467703125001 0.3626686234375 0.512865578125 0.3509220359375 0.45136090624999997 0.3517777 0.4075530625 0.3605025125 0.34831253125 0.3417991171875 0.3326761484375 0.44472654062499994 0.3950448515625 0.45248141718749996
0 0.6514094734375 0.31146110625 0.5955142390625 0.2960080359375 0.5753406046875 0.3416839234375 0.597681015625 0.38981160625 0.670515390625 0.38753029375 0.715404378125 0.40161487031250004 0.7565138203124999 0.3840514359375 0.798810734375 0.3723043875 0.7961123359375 0.3634657703125 0.80107040625 0.3045605125 0.7692391609375 0.3062713765625 0.6860454453125 0.3015958703125 0.6514094734375 0.31146110625
0 0.5727440546875 0.26766748281249997 0.4822128515625 0.262079640625 0.4216785203125 0.254552853125 0.3666473125 0.2477103171875 0.34129848749999997 0.3380926296875 0.44434685937499996 0.3480712125 0.49452184375 0.3486411875 0.559048371875 0.35383 0.5727440546875 0.26766748281249997
0 0.5106988 0.257118459375 0.5758722265625 0.2567189640625 0.5848180109375 0.14729090625000002 0.5505054875 0.1543619828125 0.4963383046875 0.15612998281249998 0.43386328125 0.1653681 0.372464921875 0.1492307765625 0.35682854375 0.25215819375000004 0.45199884375000005 0.24981975312500002 0.5106988 0.257118459375
0 0.6052177265625 0.21218349375 0.592492390625 0.28996355937499996 0.6126705 0.29247249375 0.69985640625 0.29481000625 0.769022028125 0.2920725296875 0.8181158625 0.2698331359375 0.8112036640625 0.2009488296875 0.771711471875 0.20454150625 0.7395567703125 0.2090465296875 0.69887710625 0.2068228171875 0.6545286875 0.204142940625 0.6052177265625 0.21218349375
0 0.823711878125 0.1089699296875 0.73890091875 0.11826518281250001 0.6878619015625 0.10908466406249999 0.61869628125 0.11182213593749998 0.6001443796875 0.1917121 0.6637005578124999 0.20528336406249997 0.72261315625 0.1785960828125 0.8191880593749999 0.1962728640625 0.823711878125 0.1089699296875
0 0.50863834375 0.1463218875 0.5826601874999999 0.1498569640625 0.58222145625 0.0732744640625 0.5008621203125 0.068827040625 0.4448605625 0.0703669703125 0.3903699296875 0.0749291171875 0.3749461984375 0.14387055937499998 0.400627425 0.147063740625 0.4621321046875 0.14620807656249998 0.50863834375 0.1463218875
0 0.26316859843749996 0.9479709875 0.266785328125 0.85318590625 0.181433796875 0.8510764703125 0.1447463234375 0.8465147765625 0.0942478875 0.848738953125 0.0509806171875 0.8688684468749999 0.044964457812500004 0.9208396593750001 0.26316859843749996 0.9479709875
0 0.061220203125 0.7482637828125001 0.055508914062500005 0.8297503296875 0.10525412812499998 0.850107459375 0.1597447609375 0.84554530625 0.2319322296875 0.8488523000000001 0.28437136406249997 0.8298632234375001 0.29191702343750003 0.748604759375 0.236562371875 0.7445563640625 0.2035436484375 0.740450846875 0.1618936296875 0.7466095937499999 0.10902024218749999 0.7372009937499999 0.061220203125 0.7482637828125001
0 0.10308287187500001 0.708119053125 0.1663156015625 0.7244844703125 0.23904364375 0.739196146875 0.295692096875 0.7320679296875 0.301403390625 0.6505813765624999 0.2546800234375 0.6362687296875 0.20331756250000002 0.6298823640625 0.1506613046875 0.6346726 0.093578596875 0.6134031359375001 0.07351576562499999 0.6902708640624999 0.10308287187500001 0.708119053125
0 0.2263003953125 0.6242369234375 0.303667534375 0.6310223296874999 0.318874140625 0.5478820468750001 0.2611445390625 0.5322008874999999 0.20794770312500002 0.5255864296875 0.143421175 0.5203976296875 0.0927056125 0.508422953125 0.0728599140625 0.5994895171875 0.1636082421875 0.6192762 0.2263003953125 0.6242369234375
0 0.24776334375000003 0.5191996 0.3116429734375 0.5299767171875 0.322316809375 0.43776972968749994 0.234266875 0.42682167031249996 0.17308564843750002 0.4248831828125 0.10467324687499999 0.40503936406249996 0.0991790859375 0.500724753125 0.133708734375 0.5078525171875 0.1942430625 0.5153793062500001 0.24776334375000003 0.5191996
0 0.33579536718749997 0.3374083765625 0.237062640625 0.322297653125 0.19098617499999998 0.30239669999999996 0.11555972968749999 0.27884639375 0.10294519531249999 0.38781828749999997 0.1790185390625 0.40578029375 0.2514231375 0.4232861296875 0.31994185937499997 0.426136953125 0.33579536718749997 0.3374083765625
0 0.3321176640625 0.240582559375 0.24288025468750002 0.2238181171875 0.18881939375 0.20859312343749997 0.1320601359375 0.1845295125 0.10865200781249999 0.2581469125 0.133256565625 0.286715546875 0.2215236296875 0.311862440625 0.322737625 0.321612946875 0.3321176640625 0.240582559375
0 0.3501289953125 0.1492879125 0.2407134765625 0.1300145359375 0.1985228828125 0.1247685875 0.137124528125 0.10863126406250001 0.12353516406250001 0.17780079375 0.20446473437499998 0.20203534687500002 0.2665099890625 0.21258437031250002 0.33373491093749996 0.2266118 0.3501289953125 0.1492879125
0 0.154237484375 0 0.1400355734375 0.0834839 0.219671340625 0.11889507031249999 0.2865728125 0.135716646875 0.3471071484375 0.143243440625 0.3696512453125 0.0610155 0.28300143437499997 0.021897840625 0.2139421359375 0.0076423296875 0.1978834265625 0 0.154237484375 0
0 0.38871036718749996 0 0.3834622109375 0.0542296359375 0.432990296875 0.060387917187499994 0.5126215859375 0.0476142640625 0.5899887265625 0.054399659375 0.602019715625 0 0.38871036718749996 0
0 0.8346028359375 0.030961782812499998 0.7420201328125 0.0109470171875 0.678034184375 0.017162900000000002 0.617176403125 0.012430259374999999 0.6111416609375 0.096710959375 0.6958463015625 0.1044087 0.757997875 0.0979647359375 0.8218775 0.108741840625 0.8346028359375 0.030961782812499998
0 0.9865764296874999 0.3243521359375 0.9042251015625 0.29754610000000004 0.8348423515625001 0.2860847359375 0.8098169765625001 0.37367289375 0.929268390625 0.4026972296875 0.9833471765624999 0.41714140625 0.9865764296874999 0.3243521359375
0 0.9898566953125 0.23009717031250002 0.9052972968749999 0.2239858296875 0.8377489171875 0.212752553125 0.8235126640624999 0.2875103765625 0.9427469484375001 0.3023358703125 0.9872245078124999 0.3057303171875 0.9898566953125 0.23009717031250002
0 0.8323521203125 0.19507531250000001 0.8778880109375 0.2035715765625 0.9579535546875 0.2191956 0.9902233359375 0.2195621765625 0.9936020515624999 0.12247831718749999 0.978769609375 0.11974657656250001 0.9022664875 0.1215717234375 0.8429196328125 0.1198613171875 0.8323521203125 0.19507531250000001
0 0.9965171921874999 0.038714840625000004 0.9107825046875 0.031930799999999995 0.8517590984375 0.027426240624999997 0.8411915859375 0.10264024062499999 0.96139621875 0.10908327656250001 0.993927453125 0.1131281828125 0.9965171921874999 0.038714840625000004
0 0 0.9152488125 0.0222589921875 0.9180164765625 0.0308025078125 0.8663595171875 0 0.8581323171875 0 0.9152488125
0 0 0.8601487000000001 0.0323134375 0.869381753125 0.040182546875 0.7853291359375 0 0.7792402296875001 0 0.8601487000000001
0 0 0.7776885124999999 0.048813839062499996 0.7750648703125 0.0498860359375 0.70150460625 0.0390924421875 0.6661501125 0 0.659118459375 0 0.7776885124999999
0 0 0.65549259375 0.0030518703125 0.6560001171875001 0.059159754687499996 0.6374672125 0.0674586375 0.533627453125 0.025268046875 0.52838150625 0 0.52523969375 0 0.65549259375
0 0 0.523470359375 0.033252437499999996 0.523705546875 0.07706028125 0.5149807359375 0.07974971875 0.42744971249999997 0.04985916875 0.4123956640625 0 0.4153389359375 0 0.523470359375
0 0 0.40967681718750004 0.029681054687500003 0.4098867359375 0.071977971875 0.39813969375 0.0789830625 0.3054765359375 0.0027594375 0.2936350875 0 0.317472759375 0 0.40967681718750004
0 0.014133864062500001 0.1953759703125 0.002489684375 0.2959654125 0.044129960937500004 0.3011429296875 0.0918236765625 0.3070731296875 0.0979647390625 0.2057994359375 0.014133864062500001 0.1953759703125
0 0.1062725859375 0.1983293171875 0.1157589421875 0.10030594687500001 0.039902726562500004 0.0965427828125 0.025778051562499998 0.0947865359375 0.014780762499999999 0.1897876640625 0.05458666875 0.19473710625 0.1062725859375 0.1983293171875
0 0.034538026562500004 0.01911259375 0.0256135109375 0.09620790625 0.047240221875 0.0974551234375 0.109068346875 0.09380530625 0.1193124140625 0.021385459375 0.034538026562500004 0.01911259375
0 0.21653043749999998 0 0.286346734375 0.0251481640625 0.3409481640625 0.051777840625 0.35782503593750004 0 0.21653043749999998 0
0 0.529862934375 0.9595903531250001 0.5299509609374999 0.965346753125 0.7282288125 0.9531804234375001 0.723978609375 0.938376640625 0.6832989375 0.9361529296875 0.6220113875 0.9512074359374999 0.5855410421875 0.9608445828125 0.529862934375 0.9595903531250001