0 0.34270833125 0.536248840625 0.4047066359375 0.5381029125000001 0.408089565625 0.475936225 0.3441784734375 0.47415695625 0.34270833125 0.536248840625
0 0.33673151562500003 0.6648295937500001 0.39453356093749997 0.6518739203125 0.39575268124999996 0.5962091890625 0.340532815625 0.5919509640625 0.33673151562500003 0.6648295937500001
0 0.224282746875 0.536601115625 0.2726405 0.545405890625 0.2689939765625 0.4920705359375 0.2310728890625 0.48499679687499997 0.224282746875 0.536601115625
0 0.221390153125 0.6351136234375 0.2744462078125 0.6458738109375 0.2726287953125 0.59460604375 0.22539478281249997 0.581479109375 0.221390153125 0.6351136234375
0 0.2274398046875 0.7247200140625 0.27205565625 0.7315319859375 0.27626361718750003 0.697141565625 0.2308587171875 0.686082225 0.2274398046875 0.7247200140625
0 0.4008225296875 0.7842533046875 0.46178076562500003 0.7882871515625001 0.46429097343750003 0.7240154859375 0.4042891328125 0.719944225 0.4008225296875 0.7842533046875
0 0.329296265625 0.806302071875 0.38696694531250003 0.8211600656250001 0.386189603125 0.7677125140625 0.33217715000000003 0.75698973125 0.329296265625 0.806302071875
0 0.39307599375 0.835895021875 0.45648504218749997 0.8505286296874999 0.4594496078125 0.7990738984375 0.3969969515625 0.784402890625 0.39307599375 0.835895021875
0 0.340796409375 0.7074530078125 0.3941871625 0.7096436374999999 0.39419886718749997 0.6604434703125001 0.34105913593750004 0.65182568125 0.340796409375 0.7074530078125
0 0.3393739578125 0.7438736234375 0.39043355156250004 0.7568509921875 0.3942708375 0.7075012468749999 0.33921831562500004 0.698958246875 0.3393739578125 0.7438736234375
0 0.284607575 0.5813029640625 0.3319252625 0.592287521875 0.3329770359375 0.5409075796875 0.28931758125 0.5340582171875 0.284607575 0.5813029640625
0 0.286329603125 0.683913275 0.3347710359375 0.6905756671875001 0.33461539687499997 0.6456602828125 0.28791940625 0.643207884375 0.286329603125 0.683913275
0 0.271709253125 0.789301703125 0.326510753125 0.8042718703125 0.329893684375 0.7421051890625 0.27771035 0.73345 0.271709253125 0.789301703125
0 0.1340109734375 0.5251569640625 0.175052265625 0.5256913484375 0.17498029843750001 0.4786335796875 0.1359354640625 0.47588201406249997 0.1340109734375 0.5251569640625
0 0.174717571875 0.53426090625 0.1728884578125 0.5321933046875 0.1367128078125 0.52932955 0.133915590625 0.5764995140625 0.1760806328125 0.5727117171875 0.174717571875 0.53426090625
0 0.13726340937499998 0.6619333109375 0.175268175 0.6668646671875 0.1736181078125 0.6113121234375 0.135445996875 0.610665565625 0.13726340937499998 0.6619333109375
0 0.1807906359375 0.5254669703125 0.2238283921875 0.52378418125 0.2233380578125 0.48743834843749995 0.1797622734375 0.4784466015625 0.1807906359375 0.5254669703125
0 0.1759735453125 0.673254434375 0.2237932796875 0.6713846515624999 0.21852096406250002 0.6352258046875 0.1767742984375 0.628301659375 0.1759735453125 0.673254434375
0 0.178663678125 0.7266271890625 0.21995599375000002 0.7207343984375 0.2225021890625 0.679991609375 0.17501715625 0.6732918265625 0.178663678125 0.7266271890625
0 0.21803149687499998 0.7700093546875 0.27283299687499996 0.7849795296875001 0.2687681 0.742356115625 0.22049401875000002 0.73140895625 0.21803149687499998 0.7700093546875
0 0.13533891250000002 0.71120826875 0.171514565625 0.7140720218750001 0.168573409375 0.667126434375 0.13335415625 0.664225296875 0.13533891250000002 0.71120826875
0 0.2755465390625 0.73995195625 0.3356320515625 0.7418808109375 0.3336472953125 0.694897840625 0.27755470781249997 0.688534615625 0.2755465390625 0.73995195625
0 0.27939552968750003 0.6414020578125 0.33486641562499997 0.639233115625 0.33400540312500004 0.5879279562499999 0.28044730156250003 0.590022109375 0.27939552968750003 0.6414020578125
0 0.28690275 0.5469873484375001 0.333849759375 0.5430125796875 0.3350688796875 0.4873478484375 0.2855037078125 0.48500763750000003 0.28690275 0.5469873484375001
0 0.2735851921875 0.5945686515624999 0.270829315625 0.5472260359375001 0.2251554671875 0.5387061015625 0.22306362656249998 0.5922658328125 0.2735851921875 0.5945686515624999
0 0.3995062921875 0.549001840625 0.39888459374999996 0.5404696812500001 0.3434973796875 0.5404962249999999 0.3401981234375 0.6005205218749999 0.399578259375 0.596059609375 0.3995062921875 0.549001840625
0 0.13385533125 0.4802415875 0.1738565578125 0.482955753125 0.17361724375 0.440182746875 0.1356124765625 0.4352514125 0.13385533125 0.4802415875
0 0.1776587234375 0.5812064921875 0.21886736718750002 0.5774560937500001 0.2186280515625 0.53468309375 0.1818307046875 0.52328718125 0.1776587234375 0.5812064921875
0 0.1768579734375 0.62615926875 0.217731921875 0.6309784281249999 0.21861634687499998 0.5838832609375 0.17653498437499998 0.5855286671875 0.1768579734375 0.62615926875
0 0.09068548125 0.6988116515625 0.12545841875 0.7031795078124999 0.12576758125 0.651619884375 0.0917735515625 0.6491307390625 0.09068548125 0.6988116515625
0 0.09325668125 0.654800253125 0.131742675 0.651386253125 0.129491084375 0.5999267609375 0.09534769531250001 0.6012617828125 0.09325668125 0.654800253125
0 0.0927122625 0.6032739921875 0.12863750000000002 0.5999601296875 0.127719678125 0.5579943265625 0.0962117265625 0.5573171375 0.0927122625 0.6032739921875
0 0.0984095328125 0.5228661734375 0.130845753125 0.5215978984375 0.13364099062499998 0.4718502390625 0.0970862078125 0.4694612171875 0.0984095328125 0.5228661734375
0 0.6800180265625 0 0.6646751421875 0.0119778765625 0.6748330359375 0.05740073125 0.7466939546875 0.00686173125 0.745361575 0 0.6800180265625 0
0 0.6765618703125 0.12224484843750001 0.7656012828125001 0.0901258328125 0.7606074609375 0.02159105 0.6791009578125 0.0572338484375 0.6765618703125 0.12224484843750001
0 0.6770854 0.2615936375 0.7620383578125 0.2468169203125 0.761130990625 0.160939840625 0.67814135 0.19091312968750002 0.6770854 0.2615936375
0 0.6772877687500001 0.19094651406250002 0.7643212890625 0.166542609375 0.7618882234375 0.0979076890625 0.67626315625 0.12989319531250001 0.6772877687500001 0.19094651406250002
0 0.6674943796874999 0.528984890625 0.75518956875 0.5312834703125 0.7559468046875 0.46825131875 0.6735971625 0.46001621718749997 0.6674943796874999 0.528984890625
0 0.58729843125 0.20374369531249997 0.671024415625 0.198560796875 0.6713761359375 0.1240895 0.5875008015625001 0.13309657187499999 0.58729843125 0.20374369531249997
0 0.5923669312500001 0.270366390625 0.6678557796875 0.25786890625000003 0.6649746390625 0.2007065140625 0.5911182859374999 0.21504934062499997 0.5923669312500001 0.270366390625
0 0.5896038078125 0.3411136515625 0.66780276875 0.3246918546875 0.67011781875 0.2654171296875 0.5895821390625 0.276202790625 0.5896038078125 0.3411136515625
0 0.58628581875 0.40424592812500004 0.6631084421875 0.4012421234375 0.662083828125 0.34018881093750003 0.5907561109375 0.333431928125 0.58628581875 0.40424592812500004
0 0.585603259375 0.46536600000000006 0.6615722984375 0.462395571875 0.6664481 0.40302071718750004 0.5887718921875 0.406057890625 0.585603259375 0.46536600000000006
0 0.5848460234374999 0.5283981453125 0.6570273249999999 0.5351216671875 0.66127358125 0.4700439125 0.582188921875 0.46549950781250005 0.5848460234374999 0.5283981453125
0 0.5816773890625 0.587706253125 0.655864578125 0.586714659375 0.6576568734375 0.5408245578125 0.586478509375 0.5302434859375 0.5816773890625 0.587706253125
0 0.5808454734375 0.6526504921875 0.6513942890625 0.6575286671875 0.65285575 0.5982873109375 0.5843875 0.58378195 0.5808454734375 0.6526504921875
0 0.578903821875 0.702364775 0.649228596875 0.7129792171875 0.653805684375 0.6612527171875 0.581069509375 0.646914225 0.578903821875 0.702364775
0 0.5850499390625 0.7632178328125 0.6494743015625 0.77215381875 0.6568361781250001 0.714590934375 0.58565781875 0.7040098625 0.5850499390625 0.7632178328125
0 0.5811024 0.82064723125 0.651800575 0.8217012312499999 0.6528139609375 0.7739324062499999 0.584121678125 0.7651632968750001 0.5811024 0.82064723125
0 0.5949269125 0.11753285468750001 0.67375541875 0.10681395625000001 0.6725814515625 0.049584818749999995 0.5988744515625 0.0601034703125 0.5949269125 0.11753285468750001
0 0.59664965625 0 0.5900182171874999 0.0031747171875 0.58855675625 0.062416065624999996 0.6586679421875 0.0348555 0.6541647828125 0 0.59664965625 0
0 0.5082040906249999 0.352200384375 0.575936 0.3419153546875 0.5769919515625 0.27123485468749997 0.5076275546875 0.27967454375 0.5082040906249999 0.352200384375
0 0.5034776421875 0.4077510578125 0.5710601984375 0.40129020937500004 0.5765655484375001 0.3476182390625 0.5058673734375 0.346564246875 0.5034776421875 0.4077510578125
0 0.503190153125 0.52422154375 0.5704739875 0.5254090437500001 0.571636734375 0.47381605000000004 0.50535584375 0.468771 0.503190153125 0.52422154375
0 0.5051430296875 0.5833293984375 0.573056409375 0.5902197828125 0.5728853828125 0.5291331015625 0.507532753125 0.5221425875000001 0.5051430296875 0.5833293984375
0 0.505388734375 0.642504 0.5691088703125 0.64764918125 0.5706450125 0.5864957468750001 0.5057725750000001 0.5890322828125 0.505388734375 0.642504
0 0.49819788281250005 0.7611535796875 0.5681171468749999 0.7603288703125 0.56809548125 0.695418 0.4998087015625 0.69808805 0.49819788281250005 0.7611535796875
0 0.408781984375 0.191899390625 0.46119192499999995 0.1593034421875 0.4511087171875 0.1119685078125 0.40615699687499995 0.1500003328125 0.408781984375 0.191899390625
0 0.4180758375 0.281266890625 0.46291032187500003 0.2680588328125 0.4612882734375 0.22230221718749998 0.415450853125 0.23936783281250001 0.4180758375 0.281266890625
0 0.403574571875 0.08518959375 0.45349844531250005 0.0507816890625 0.44597598749999995 0.0033466156249999995 0.3986875484375 0.0357423109375 0.403574571875 0.08518959375
0 0.40738397343750005 0.1404065140625 0.45652893906249997 0.1041198984375 0.45149255781250003 0.058496790624999996 0.40141933124999996 0.0967288765625 0.40738397343750005 0.1404065140625
0 0.34909450937500003 0.0835014640625 0.3942277046875 0.06264504374999999 0.3919761140625 0.011185549999999999 0.34420748749999996 0.034054181249999996 0.34909450937500003 0.0835014640625
0 0.35453640625 0.1405637171875 0.397887746875 0.1216861515625 0.3946332171875 0.0740841953125 0.34972406093749997 0.0892043484375 0.35453640625 0.1405637171875
0 0.357790934375 0.1881656671875 0.40084356562499995 0.17693645 0.400000428125 0.13305854374999998 0.357876065625 0.142342296875 0.357790934375 0.1881656671875
0 0.3628489875 0.2986996296875 0.4058269390625 0.28938250781249997 0.4071390453125 0.23396533281249998 0.3642357765625 0.2413703703125 0.3628489875 0.2986996296875
0 0.3064377171875 0.3028145140625 0.352051103125 0.2914851671875 0.35065309375 0.239992290625 0.30905148437499996 0.235891434375 0.3064377171875 0.3028145140625
0 0.3072696328125 0.237870275 0.3508024515625 0.236168115625 0.3539710875 0.17686001406250001 0.30873110000000004 0.178628928125 0.3072696328125 0.237870275
0 0.30446317500000003 0.178795796875 0.3514850125 0.17504804375 0.35008700625 0.12355518125 0.3049216953125 0.12341200000000001 0.30446317500000003 0.178795796875
0 0.3057752828125 0.12337862343749999 0.34155115625 0.12388894218749999 0.3430126234375 0.0646475796875 0.308570515625 0.07363095625 0.3057752828125 0.12337862343749999
0 0.3591889453125 0.23965854375 0.40472765 0.23024127499999997 0.40318028593750005 0.18257257968750001 0.3604263703125 0.18615344218750002 0.3591889453125 0.23965854375
0 0.4121111953125 0.23758925312499998 0.45779925937500004 0.22434781093749998 0.459036684375 0.170842725 0.4090060234375 0.18616312343750002 0.4121111953125 0.23758925312499998
0 0.2208127921875 0 0.218581178125 0.042784565625 0.2641198859375 0.0333673046875 0.26349966875 0 0.2208127921875 0
0 0.25985669843750003 0.26678710156249996 0.3036246984375 0.262436209375 0.3009691390625 0.20974941249999998 0.2631017828125 0.2138695796875 0.25985669843750003 0.26678710156249996
0 0.1925747984375 0.220386521875 0.2242745578125 0.21611976875 0.2285039484375 0.16549986249999998 0.19315541875 0.1709183765625 0.1925747984375 0.220386521875
0 0.19613187031249998 0.1367344703125 0.2262967375 0.125687615625 0.22280848125000002 0.07402019531250001 0.1914441984375 0.087580796875 0.19613187031249998 0.1367344703125
0 0.2607778015625 0.31428668125 0.30369527343749997 0.315075428125 0.3056251390625 0.265663021875 0.26241818906250003 0.27228612343749997 0.2607778015625 0.31428668125
0 0.2230304671875 0.3502984921875 0.2551117046875 0.346577253125 0.257855009375 0.304533571875 0.22395390625 0.2984585796875 0.2230304671875 0.3502984921875
0 0.182818815625 0.317149753125 0.21898286718749999 0.3142402390625 0.21951752343750003 0.266364290625 0.18535933124999998 0.26919537031249996 0.182818815625 0.317149753125
0 0.2669972203125 0.1104743625 0.3038298921875 0.10753870937500001 0.3041305609375 0.065653790625 0.26590214687499997 0.070139478125 0.2669972203125 0.1104743625
0 0.2281592046875 0.24590231093749998 0.262009328125 0.2307186234375 0.2601016109375 0.180550253125 0.227229403125 0.1904981515625 0.2281592046875 0.24590231093749998
0 0.26810925 0.21315495625 0.304651171875 0.20826110937500003 0.3029467625 0.152887246875 0.26802181875 0.155985340625 0.26810925 0.21315495625
0 0.1876378671875 0.27347445000000004 0.22121691562499998 0.265231434375 0.22782984062499997 0.21472990625000002 0.187482665625 0.2180400140625 0.1876378671875 0.27347445000000004
0 0.7734372859375 0.1116233328125 0.7738748078125 0.1666616671875 0.8176963046875001 0.1707435296875 0.871039921875 0.16286245625 0.8698735875000001 0.0933643546875 0.8228942984375 0.10389423125 0.7734372859375 0.1116233328125
0 0.774150240625 0.192729790625 0.769178934375 0.2537749125 0.8106360484374999 0.2521539203125 0.8666840812500001 0.24126945000000002 0.8641088671875 0.17472407968749998 0.81983399375 0.182250565625 0.774150240625 0.192729790625
0 0.7792031781250001 0.26207592812499997 0.7743452171875 0.3202189703125 0.8118023828125001 0.3216520296875 0.8624415875 0.31677435468750004 0.8661173578125 0.255779884375 0.823704740625 0.24874526874999997 0.7792031781250001 0.26207592812499997
0 0.771187425 0.334830709375 0.7688071890625 0.39577452968750004 0.815333096875 0.39685299218750003 0.858085746875 0.395181340625 0.8657614671875 0.33113281875 0.823122165625 0.3299023765625 0.771187425 0.334830709375
0 0.8347502625000001 0.46273983281250003 0.8645475656249999 0.46157473906249996 0.864563421875 0.3949280578125 0.8359483078125001 0.3989445875 0.8047421296874999 0.4030624125 0.771284915625 0.3985753046875 0.7690180234375 0.45661702968749995 0.8036574249999999 0.4639555796875 0.8347502625000001 0.46273983281250003
0 0.83146326875 0.5469003406249999 0.8548962437500001 0.5430864421875 0.8524343734375 0.4736389859375 0.8214548828125 0.4719526515625 0.789179853125 0.47031697031249997 0.7672691078125 0.4682760359375 0.762411146875 0.5264190796875 0.7981194 0.5395111375 0.83146326875 0.5469003406249999
0 0.8228320484375 0.6022932609375 0.851447159375 0.5982767390625 0.8571472765625 0.551691384375 0.8262811328125 0.54710295625 0.7989615546875 0.5510688265625 0.7684354421874999 0.5377741375 0.7662818921875 0.5929137828125 0.794216934375 0.6063097828124999 0.8228320484375 0.6022932609375
0 0.8546536984375 0.6155372906250001 0.8239008921875 0.608046775 0.794103590625 0.6092118703125 0.7659418578125 0.60162004375 0.7623794312500001 0.659712428125 0.7982010296875 0.6699024062500001 0.8522734609375 0.6764811015625 0.8546536984375 0.6155372906250001
0 0.830233509375 0.743988934375 0.8460066171875 0.737576890625 0.851933425 0.6851873625 0.8210672796875 0.6805989421875001 0.782427925 0.67631445 0.7632215875 0.6712701156249999 0.75977250625 0.7264604203125 0.7941852234375 0.7396031375 0.830233509375 0.743988934375
0 0.8298776203125 0.8193418703124999 0.8455373828124999 0.81583190625 0.8533264484374999 0.7488812968749999 0.8170514734375001 0.7502996734375 0.786298671875 0.7428091593749999 0.760841353125 0.732213934375 0.7568255453125 0.801914659375 0.7915782984375 0.8063511234374999 0.8298776203125 0.8193418703124999
0 0.6706548640625 0.5242114859375 0.6720478828124999 0.5879054203125 0.7131649640625 0.5949906890625 0.7467355265625 0.5965757093749999 0.7505246421875 0.5326791515625 0.7168407375 0.5339962093749999 0.6706548640625 0.5242114859375
0 0.6692301265625 0.59381090625 0.666963234375 0.6518526375 0.702898175 0.659140521875 0.7441286 0.6633236953125 0.74662218125 0.599477796875 0.7130516234375001 0.59789276875 0.6692301265625 0.59381090625
0 0.671918684375 0.6574541890625001 0.66565184375 0.7185499640625 0.6991090578125 0.7230370875000001 0.7363395359375 0.73027431875 0.7400153046875 0.6692798484375 0.7079669671875 0.6618399859374999 0.671918684375 0.6574541890625001
0 0.6760161234375001 0.7181447249999999 0.66845374375 0.779291159375 0.7051175 0.80103881875 0.7439835453125 0.7995191375 0.7437727109375001 0.7386766296875 0.7171332046875001 0.725229978125 0.6760161234375001 0.7181447249999999
0 0.6821197015625 0.3962663984375 0.6731484421875 0.46036557968749997 0.7142655234374999 0.4674508484375 0.757018171875 0.4657791953125 0.7625562046875001 0.3902236375 0.7272367265625 0.40029760937500003 0.6821197015625 0.3962663984375
0 0.6779247765624999 0.271831275 0.6792044515625 0.338427296875 0.724661515625 0.333752246875 0.767527509375 0.3291785078125 0.7612923796875 0.2569809421875 0.7193818859375 0.27021028281250004 0.6779247765624999 0.271831275
0 0.68720435 0.3323191890625 0.67918859375 0.40507397031250003 0.722167934375 0.39759814531250004 0.7597384453125 0.3961291234375 0.758345421875 0.33243518125 0.7257303609375 0.33950576093749996 0.68720435 0.3323191890625
0 0.508937346875 0.061114681250000004 0.576418503125 0.055578470312499996 0.57445875625 0.0063949703125 0.514864153125 0.0087251515625 0.508937346875 0.061114681250000004
0 0.573698234375 0.12522855 0.5739895234375 0.0846499921875 0.5717384875 0.07604504375 0.544305565625 0.082913 0.52087259375 0.0867268984375 0.506330421875 0.12786265937500002 0.5210834249999999 0.1475693984375 0.5552207109375 0.1346439921875 0.573698234375 0.12522855
0 0.5758200687499999 0.2033822609375 0.554978165625 0.2070948484375 0.528727434375 0.21681422499999997 0.5104766 0.2204255 0.5119829671875 0.281217340625 0.5445980296874999 0.27414676875 0.5745086781250001 0.2700795875 0.5758200687499999 0.2033822609375
0 0.507319984375 0.466849565625 0.57068784375 0.4672695 0.5756591531249999 0.40622437656250004 0.5082913437500001 0.40885848593749996 0.507319984375 0.466849565625
0 0.41099702968749996 0.4822064640625 0.40743460000000004 0.5402988484375 0.4705757765625 0.54652295625 0.5018465546875001 0.507630746875 0.5011336 0.426524290625 0.46260759062499995 0.419337709375 0.41099702968749996 0.4822064640625
0 0.404503496875 0.5491064203125 0.3998722234375 0.601445290625 0.461264484375 0.6193283984375 0.503352921875 0.5684225875 0.49739322656249996 0.5222931453124999 0.461280340625 0.552681725 0.404503496875 0.5491064203125
0 0.5025595093749999 0.5887371953125 0.48126423125000006 0.6040581296875 0.46385555468749995 0.6192270875 0.40482767500000005 0.607046840625 0.40149193906249997 0.6593350499999999 0.461702009375 0.67436673125 0.4954505125 0.638275290625 0.5025595093749999 0.5887371953125
0 0.415077434375 0.3777313484375 0.467012171875 0.372803021875 0.46989453281250004 0.3321231515625 0.4140731921875 0.33720344999999996 0.415077434375 0.3777313484375
0 0.36061622656250003 0.34798660937500003 0.41114208437500005 0.346011021875 0.40704465 0.2853204859375 0.3601787046875 0.292948275 0.36061622656250003 0.34798660937500003
0 0.307725990625 0.34425934062499997 0.3477742234375 0.3455910875 0.3495877375 0.299157703125 0.3068350875 0.3008293546875 0.307725990625 0.34425934062499997
0 0.2823015578125 0.4321830875 0.2804880421875 0.47861647031250004 0.3360826984375 0.479340340625 0.3954664671875 0.416167659375 0.39705329218749996 0.37553844999999997 0.3477096234375 0.3803654703125 0.2823015578125 0.4321830875
0 0.224002490625 0.434462609375 0.2211201328125 0.475142478125 0.2723748015625 0.48762666718750003 0.2739616265625 0.44699745625 0.3147545296875 0.396142296875 0.2828195359375 0.3858003625 0.224002490625 0.434462609375
0 0.17758992499999998 0.4304820578125 0.1771852921875 0.47396270312500005 0.215937990625 0.4753451015625 0.22118473125000002 0.44036809374999997 0.263273171875 0.3894622828125 0.23522478281249998 0.3789683703125 0.17758992499999998 0.4304820578125
0 0.1348372765625 0.432153709375 0.2050387015625 0.356967434375 0.167079415625 0.3352704203125 0.0928292953125 0.38163845625000004 0.087129175 0.4282238109375 0.1348372765625 0.432153709375
0 0.574171828125 0.1407348765625 0.55416615 0.141517109375 0.5338604250000001 0.14998176093749999 0.5247149734375001 0.15033934843750002 0.521271434375 0.2092825578125 0.550472575 0.206862340625 0.573164678125 0.19574747812499999 0.574171828125 0.1407348765625
0 0.46988526249999996 0.1806090578125 0.4693496890625 0.238160115625 0.49589290625000004 0.23073002968749998 0.5167702265624999 0.22224302968749998 0.512783078125 0.1635903546875 0.4940921109375 0.17454876875 0.46988526249999996 0.1806090578125