0 0.9347693546875 0.52088985625 0.92054460625 0.46663049531249995 0.8108108109375 0.42864894375 0.7437512703125 0.480195334375 0.9022556406250001 0.5453065671874999 0.9347693546875 0.52088985625
0 0.7620402359375 0.537167659375 0.7478154859374999 0.5914270203124999 0.898191425 0.632121540625 0.9022556406250001 0.569723278125 0.7620402359375 0.537167659375
0 0.9164803906250001 0.64839935 0.760008128125 0.6185567015625 0.755943915625 0.6863809015625 0.9022556406250001 0.716223546875 0.9164803906250001 0.64839935
0 0.7396870546875001 0.6836679328125 0.6319853703125 0.661964190625 0.6096321890625 0.73792729375 0.7295265171875001 0.7569180671875 0.7396870546875001 0.6836679328125
0 0.701077015625 0.170916984375 0.5893111156249999 0.170916984375 0.5811826875 0.2387411796875 0.690916478125 0.24416711875 0.701077015625 0.170916984375
0 0.5933753328125 0.322843190625 0.7112375515625 0.3119913203125 0.76813655625 0.27400976875 0.7478154859374999 0.227889309375 0.7071733390625 0.263157896875 0.5933753328125 0.24959305625 0.5933753328125 0.322843190625
0 0.7295265171875001 0.385241453125 0.6177606171875001 0.3798155203125 0.615728509375 0.3879544234375 0.621824834375 0.39338035625 0.6136964015624999 0.4395008140625 0.7356228421875 0.45577862343750003 0.7884576296875 0.44492674687499995 0.76813655625 0.3771025515625 0.7295265171875001 0.385241453125
0 0.745783378125 0.4693434640625 0.634017475 0.46120455624999995 0.6360495828125 0.5100379796875 0.7335907328125 0.5263157890625 0.745783378125 0.4693434640625
0 0.5425726484375 0.1139446546875 0.4348709609375 0.11937059218749999 0.442999390625 0.170916984375 0.536476325 0.1627780765625 0.5425726484375 0.1139446546875
0 0.573054259375 0.263157896875 0.47144889218749997 0.2685838296875 0.465352571875 0.322843190625 0.5689900421874999 0.322843190625 0.573054259375 0.263157896875
0 0.5872790078125 0.33640803125 0.4795773203125 0.34725990156250003 0.4897378578125 0.40965816562499996 0.5933753328125 0.40151926250000003 0.5872790078125 0.33640803125
0 0.6055679734375 0.474769396875 0.503962609375 0.4530656546875 0.4897378578125 0.507325015625 0.599471653125 0.5344546953125 0.6055679734375 0.474769396875
0 0.6096321890625 0.5561584374999999 0.49786628593750004 0.5263157890625 0.49786628593750004 0.58328811875 0.6055679734375 0.5968529593749999 0.6096321890625 0.5561584374999999
0 0.890062996875 0.7921866546875 0.7518796984375 0.7704829078125 0.7498475906250001 0.8464460109375 0.898191425 0.8491589796874999 0.890062996875 0.7921866546875
0 0.755943915625 0.8410200765625 0.60760008125 0.7921866546875 0.5954074359375 0.8491589796874999 0.7356228421875 0.8898535000000001 0.755943915625 0.8410200765625
0 0.7620402359375 0.9115572421874999 0.76813655625 0.91969615 0.76407234375 0.976668475 0.9124161734375 0.9739555046874999 0.9327372468749999 0.8572978812500001 0.9225767109375 0.8274552375 0.890062996875 0.9034183406249999 0.7620402359375 0.9115572421874999
0 0.6096321890625 0.6131307625 0.49786628593750004 0.5941399890625 0.47144889218749997 0.64026044375 0.6015037609375 0.6646771546875 0.6096321890625 0.6131307625
0 0.469416784375 0.6999457421875 0.3698435296875 0.6809549640625 0.347490346875 0.7433532265625 0.45315992656250004 0.7542050984374999 0.469416784375 0.6999457421875
0 0.599471653125 0.843733046875 0.4897378578125 0.8328811703125 0.4755131078125 0.8952794374999999 0.59743954375 0.9007053718750001 0.599471653125 0.843733046875
0 0.5608616140625 0.1871947890625 0.469416784375 0.2061855671875 0.459256246875 0.2658708609375 0.5649258265625 0.257731959375 0.5608616140625 0.1871947890625
0 0.44909571093749995 0.18176885625 0.3637472046875 0.15735214375 0.3373298109375 0.21432446875000002 0.43893517812500005 0.23602821718749997 0.44909571093749995 0.18176885625
0 0.45315992656250004 0.257731959375 0.3657793125 0.233315246875 0.34342613125 0.2875746078125 0.43893517812500005 0.320130221875 0.45315992656250004 0.257731959375
0 0.465352571875 0.320130221875 0.36781142031249997 0.320130221875 0.3515545640625 0.3743895828125 0.455192034375 0.385241453125 0.465352571875 0.320130221875
0 0.7498475906250001 0.55344546875 0.6421459031250001 0.5317417265625 0.6197927265625001 0.58328811875 0.7620402359375 0.6022788921875 0.7498475906250001 0.55344546875
0 0.4836415359375 0.44492674687499995 0.38610038593749996 0.4313619125 0.3657793125 0.480195334375 0.4795773203125 0.5100379796875 0.4836415359375 0.44492674687499995
0 0.477545215625 0.5860010875 0.38813249375000003 0.5561584374999999 0.3596829921875 0.6022788921875 0.459256246875 0.632121540625 0.477545215625 0.5860010875
0 0.5954074359375 0.7352143250000001 0.4897378578125 0.7135105828125 0.465352571875 0.7623440046875001 0.5832147953125 0.7894736859375 0.5954074359375 0.7352143250000001
0 0.477545215625 0.8193163296874999 0.3657793125 0.8057514890625 0.35765088437500003 0.8708627218749999 0.465352571875 0.8627238203125 0.477545215625 0.8193163296874999
0 0.325137165625 0.1437873046875 0.2336923390625 0.15735214375 0.2397886609375 0.2061855671875 0.325137165625 0.1926207265625 0.325137165625 0.1437873046875
0 0.34996747500000003 0.2899044328125 0.25298853593750004 0.27583140156249997 0.22558144375000003 0.3377527375 0.341534521875 0.340567340625 0.34996747500000003 0.2899044328125
0 0.36050866406250004 0.402488675 0.2740709109375 0.402488675 0.2740709109375 0.45033697968749997 0.36050866406250004 0.441893159375 0.36050866406250004 0.402488675
0 0.358400425 0.5685504375 0.2635297265625 0.5629212265625 0.25720501093750003 0.6163987421875 0.35418395 0.6192133453124999 0.358400425 0.5685504375
0 0.333101571875 0.6839492890625001 0.26142148593750003 0.6670616500000001 0.24455558281249998 0.70365153125 0.3204521421875 0.7346121953125 0.333101571875 0.6839492890625001
0 0.26142148593750003 0.455966190625 0.1792002125 0.441893159375 0.1686590234375 0.492556071875 0.246663821875 0.5038144953125 0.26142148593750003 0.455966190625
0 0.3520757109375 0.7880897171875 0.2635297265625 0.7852751078125 0.259313246875 0.8303088046875 0.3520757109375 0.8274942015625 0.3520757109375 0.7880897171875
0 0.750532653125 0.9485222625 0.6324713359375 0.9428930515625 0.6240383859375 0.98511214375 0.7484244171875 0.99074135625 0.750532653125 0.9485222625
0 0.6029560078125 0.37997182500000004 0.7315585140625 0.39404485624999996 0.780047984375 0.3827864328125 0.7652903171875 0.3152358859375 0.7252338 0.334938128125 0.6113889609375 0.326494309375 0.6029560078125 0.37997182500000004
0 0.7463161781250001 0.1491741234375 0.742099703125 0.09288199999999999 0.626146625 0.07880896875 0.5692242046875 0.1097696390625 0.68096080625 0.1604325515625 0.7463161781250001 0.1491741234375
0 0.24455558281249998 0.6558032265625 0.1792002125 0.650174015625 0.1728754984375 0.6839492890625001 0.23401439375000002 0.6895785 0.24455558281249998 0.6558032265625
0 0.255096771875 0.768387475 0.1855249265625 0.75431444375 0.1876331625 0.7965335312499999 0.250880296875 0.7965335312499999 0.255096771875 0.768387475
0 0.59663129375 0.6755054687500001 0.49754412031250006 0.6558032265625 0.48067821562499996 0.7064661390625 0.59241481875 0.7205391703124999 0.59663129375 0.6755054687500001
0 0.341534521875 0.3433819484375 0.250880296875 0.354640371875 0.23612263281249998 0.399674071875 0.3436427609375 0.39404485624999996 0.341534521875 0.3433819484375
0 0.2234732046875 0.2167246703125 0.145468409375 0.2307977015625 0.149684884375 0.2899044328125 0.2276896828125 0.2786460046875 0.2234732046875 0.2167246703125
0 0.1855249265625 0.5516627984375 0.1855249265625 0.53758976875 0.17076726250000002 0.5882526796875001 0.250880296875 0.6051403140625 0.25298853593750004 0.56010661875 0.1876331625 0.53758976875 0.1855249265625 0.5516627984375
0 0.8372282046875 0.1953336953125 0.7661044515625 0.1899077578125 0.75797601875 0.24688008749999998 0.853485065625 0.24688008749999998 0.8372282046875 0.1953336953125
0 0.835196096875 0.2523060203125 0.7803292 0.2685838296875 0.7823613093749999 0.322843190625 0.8555171703125 0.30113944843749996 0.835196096875 0.2523060203125