0 0.0103896109375 0.06505334375 0.003463203125 0.171740825 0.09004329062500001 0.1743429625 0.15584415625 0.16133229531249998 0.16277056406249998 0.06765547499999999 0.12640692656250002 0.06765547499999999 0.0623376625 0.06765547499999999 0.0103896109375 0.06505334375
0 0.046753246875 0.171740825 0.003463203125 0.171740825 0.003463203125 0.275826175 0.039826840625 0.2784283109375 0.09177489062500001 0.2784283109375 0.154112553125 0.2784283109375 0.159307359375 0.1743429625 0.10216450156250001 0.184751496875 0.046753246875 0.171740825
0 0.22337662187500001 0.085870415625 0.18008658125000002 0.10148321874999999 0.16103895937499998 0.1587301578125 0.18354978125000002 0.20556856875 0.2562770546875 0.1769450921875 0.3272727265625 0.16393442656249999 0.375757575 0.153525890625 0.36709956718750003 0.057246940625 0.292640690625 0.0754618796875 0.22337662187500001 0.085870415625
0 0.28917749062500003 0.192557896875 0.2337662328125 0.2003643 0.18008658125000002 0.2133749671875 0.18181818125 0.288836846875 0.2510822515625 0.2836325796875 0.3203463203125 0.2784283109375 0.38095238125 0.257611240625 0.3722943703125 0.171740825 0.33246753125 0.171740825 0.28917749062500003 0.192557896875
0 0.30995670937500003 0.291438978125 0.264935065625 0.2992453828125 0.2112554109375 0.29664324531249997 0.174891775 0.320062453125 0.173160175 0.3799115296875 0.2614718625 0.3799115296875 0.3393939375 0.3642987265625 0.38614718593749997 0.3695029953125 0.3878787890625 0.27322404375 0.3619047640625 0.2706219125 0.30995670937500003 0.291438978125
0 0 0.3512880546875 0.07272727343749999 0.359094459375 0.1194805203125 0.359094459375 0.1645021640625 0.36690085781250004 0.1679653671875 0.27322404375 0.1004329015625 0.29664324531249997 0.0519480515625 0.29664324531249997 0 0.28623471093749997 0 0.3512880546875
0 0.06406926562500001 0.3825136609375 0.003463203125 0.3825136609375 0.0103896109375 0.476190475 0.06406926562500001 0.465781940625 0.10216450156250001 0.4709862078125 0.159307359375 0.4709862078125 0.16277056406249998 0.37730939375 0.11601731562499999 0.38511579218750003 0.06406926562500001 0.3825136609375
0 0.33766233749999996 0.38511579218750003 0.283982684375 0.3877179296875 0.245887446875 0.3877179296875 0.1870129859375 0.390320059375 0.18181818125 0.47879261250000005 0.2493506515625 0.47879261250000005 0.30649350468750003 0.4683840765625 0.35497835625 0.48139474375 0.38614718593749997 0.45537340468750004 0.377489178125 0.372105125 0.33766233749999996 0.38511579218750003
0 0.06926406874999999 0.489201146875 0.0155844140625 0.48399687968749994 0.0086580078125 0.5646630218750001 0.046753246875 0.57767369375 0.0865800875 0.5750715578125 0.154112553125 0.5828779625 0.16103895937499998 0.49700754687500004 0.11601731562499999 0.491803278125 0.06926406874999999 0.489201146875
0 0.29610389531250003 0.47358834375000003 0.238961040625 0.48399687968749994 0.1887445890625 0.499609678125 0.18528138593750001 0.5698672890625 0.2129870140625 0.580275825 0.26666666562499997 0.562060890625 0.3272727265625 0.562060890625 0.3878787890625 0.5516523546875 0.3878787890625 0.47358834375000003 0.29610389531250003 0.47358834375000003
0 0.5038961046875 0.0780640109375 0.4502164515625 0.07285974375 0.39480519687500004 0.080666146875 0.3878787890625 0.1743429625 0.424242425 0.192557896875 0.48311688437500006 0.184751496875 0.5402597421875 0.1795472296875 0.5939393921875 0.1769450921875 0.6008658 0.0780640109375 0.5038961046875 0.0780640109375
0 0.47445887343750004 0.2003643 0.39307359218750004 0.1951600328125 0.3913419921875 0.3018475140625 0.4883116875 0.29664324531249997 0.5264069265625 0.288836846875 0.5974025968750001 0.288836846875 0.5991342000000001 0.187353628125 0.5229437234375001 0.1821493609375 0.47445887343750004 0.2003643
0 0.5246753234375 0.2940411140625 0.465800865625 0.29664324531249997 0.403463203125 0.30965391875 0.4 0.39292219687499996 0.46406926562499995 0.4007285953125 0.5142857125 0.3877179296875 0.559307359375 0.3825136609375 0.6060606078124999 0.37730939375 0.6043290031249999 0.288836846875 0.5246753234375 0.2940411140625
0 0.574891775 0.4059328640625 0.5142857125 0.4059328640625 0.4519480515625 0.408535 0.39826839999999997 0.41373926718750004 0.396536796875 0.48399687968749994 0.4727272734375 0.491803278125 0.5142857125 0.491803278125 0.5627705640625 0.491803278125 0.6060606078124999 0.48399687968749994 0.6112554109375 0.4059328640625 0.574891775 0.4059328640625
0 0.552380953125 0.491803278125 0.509090909375 0.491803278125 0.45887445781249997 0.489201146875 0.403463203125 0.51522248125 0.4069264078125 0.593286496875 0.45367965468750004 0.598490765625 0.510822509375 0.5906843609375 0.5506493484375 0.57767369375 0.6077922078125 0.5880822296875 0.6112554109375 0.491803278125 0.552380953125 0.491803278125
0 0.396536796875 0.6141035625 0.37056277031249996 0.5724694265625 0.3030303015625 0.5828779625 0.2597402578125 0.5750715578125 0.22337662187500001 0.595888628125 0.18528138593750001 0.61150143125 0.1887445890625 0.61930783125 0.1904761890625 0.6739526390624999 0.21991341874999998 0.668748371875 0.2978354984375 0.663544103125 0.3290043265625 0.6505334375 0.38268398124999997 0.6583398359375 0.396536796875 0.6141035625
0 0.4709956734375 0.598490765625 0.41038961093750004 0.601092896875 0.4069264078125 0.68175904375 0.491774890625 0.6765547765625 0.5489177484375001 0.6765547765625 0.6008658 0.6765547765625 0.6147186140625001 0.5906843609375 0.517748915625 0.593286496875 0.4709956734375 0.598490765625
0 0.5212121203125 0.684361175 0.465800865625 0.684361175 0.405194803125 0.6921675796875 0.40865800781250006 0.7936507921875 0.439826840625 0.78324225625 0.49004329062499996 0.7754358578125 0.5471861453125 0.7598230546875 0.6060606078124999 0.767629453125 0.6095238109375 0.6713505078125 0.5212121203125 0.684361175
0 0.38614718593749997 0.663544103125 0.36709956718750003 0.663544103125 0.2857142875 0.6713505078125 0.221645021875 0.68175904375 0.178354978125 0.7077803828125 0.1922077921875 0.770231590625 0.22857142968750002 0.7624251906249999 0.2580086578125 0.7546187875 0.29610389531250003 0.75201665625 0.33766233749999996 0.74941451875 0.38268398124999997 0.736403853125 0.38614718593749997 0.663544103125
0 0.2770562765625 0.780640125 0.18528138593750001 0.7754358578125 0.1904761890625 0.8561020046875001 0.26839826875 0.8378870656249999 0.316883115625 0.8404892015625001 0.38095238125 0.8300806671875 0.3896103890625 0.7546187875 0.3290043265625 0.74941451875 0.2770562765625 0.780640125
0 0.5229437234375001 0.780640125 0.47965367968750006 0.7858443937499999 0.41038961093750004 0.7910486609375 0.41904761874999996 0.8613062734374999 0.4952380953125 0.8561020046875001 0.5471861453125 0.8482956015625 0.5974025968750001 0.8378870656249999 0.6043290031249999 0.772833721875 0.58008658125 0.772833721875 0.5229437234375001 0.780640125
0 0.7480519484375 0 0.6787878796875 0.010408535937500001 0.621645021875 0.020817070312499998 0.6285714296875 0.10928961718750001 0.708225109375 0.10148321874999999 0.7428571421875 0.10148321874999999 0.7896103890624999 0.0936768140625 0.8277056296874999 0.0702576125 0.8277056296874999 0.015612803125 0.7480519484375 0
0 0.8277056296874999 0.10668748593749999 0.779220778125 0.0936768140625 0.7290043265625 0.10408535000000001 0.6614718625 0.10928961718750001 0.6147186140625001 0.1327088203125 0.6164502187500001 0.20817070000000001 0.6683982687500001 0.20556856875 0.6995670984375 0.20556856875 0.7376623375 0.1951600328125 0.7878787890625001 0.1977621640625 0.8311688328125 0.1821493609375 0.8277056296874999 0.10668748593749999
0 0.796536796875 0.223783503125 0.735930734375 0.21597710312500001 0.666666665625 0.21077283593749999 0.6147186140625001 0.223783503125 0.61818181875 0.2992453828125 0.6632034625000001 0.30705178125 0.7116883125 0.30705178125 0.7601731593750001 0.29664324531249997 0.8155844140624999 0.30965391875 0.8259740250000001 0.23679416875 0.796536796875 0.223783503125
0 0.7497835484375 0.3122560484375 0.690909090625 0.31485818593750003 0.61818181875 0.3174603171875 0.6129870140625 0.395524328125 0.6683982687500001 0.4033307328125 0.7186147203125001 0.4033307328125 0.779220778125 0.4007285953125 0.8277056296874999 0.4059328640625 0.8363636359375001 0.320062453125 0.7497835484375 0.3122560484375
0 0.73246753125 0.41113713125 0.682251084375 0.41373926718750004 0.621645021875 0.41113713125 0.621645021875 0.49700754687500004 0.7047619046875 0.49700754687500004 0.7619047640625001 0.491803278125 0.8277056296874999 0.5022118140625 0.822510821875 0.41373926718750004 0.7896103890624999 0.41113713125 0.73246753125 0.41113713125
0 0.689177490625 0.5022118140625 0.625108225 0.5074160812499999 0.6199134187500001 0.5906843609375 0.7134199125 0.593286496875 0.758441559375 0.6062971640625 0.8311688328125 0.61930783125 0.8311688328125 0.5178246171875001 0.758441559375 0.5100182125 0.689177490625 0.5022118140625
0 0.7290043265625 0.601092896875 0.6337662328125 0.6036950265625001 0.6337662328125 0.6791569078124999 0.7186147203125001 0.684361175 0.7705627703125 0.6921675796875 0.8259740250000001 0.7077803828125 0.839826840625 0.6375227703124999 0.8138528140625001 0.6141035625 0.7290043265625 0.601092896875
0 0.6978354984374999 0.697371846875 0.6337662328125 0.6921675796875 0.626839825 0.765027321875 0.73073593125 0.770231590625 0.7705627703125 0.770231590625 0.8294372296875 0.7780379890625 0.8346320359374999 0.7129846453125 0.75670995625 0.699973978125 0.6978354984374999 0.697371846875
0 0.6874458875 0.770231590625 0.6303030296875 0.770231590625 0.61818181875 0.8482956015625 0.7030303015625 0.8743169406250001 0.7688311671875 0.8795212078124999 0.8242424249999999 0.8977361421875001 0.8294372296875 0.8014571968749999 0.751515153125 0.7780379890625 0.6874458875 0.770231590625
0 0.4865800875 0.8769190703125 0.41385281406249996 0.8795212078124999 0.405194803125 0.9627894859374999 0.4969696984375 0.95758521875 0.5437229453125 0.9497788203124999 0.6077922078125 0.9471766828125 0.6060606078124999 0.8561020046875001 0.559307359375 0.8561020046875001 0.4865800875 0.8769190703125
0 0.2528138546875 0.8587041359375001 0.1922077921875 0.8561020046875001 0.1887445890625 0.9289617484375 0.2770562765625 0.936768146875 0.335930734375 0.92375748125 0.39307359218750004 0.92115535 0.3896103890625 0.8430913328124999 0.30995670937500003 0.8456934703125001 0.2528138546875 0.8587041359375001
0 0 0.6739526390624999 0.0952380953125 0.6921675796875 0.16103895937499998 0.6947697109375001 0.174891775 0.61150143125 0.0606060625 0.598490765625 0.003463203125 0.5906843609375 0 0.6739526390624999
0 0 0.765027321875 0.10216450156250001 0.7598230546875 0.1662337671875 0.7624251906249999 0.1714285703125 0.6921675796875 0.0588744578125 0.6921675796875 0.003463203125 0.6947697109375001 0 0.765027321875
0 0.0536796546875 0.770231590625 0.0069264078125 0.7754358578125 0 0.8613062734374999 0.04502164375 0.8639084046875001 0.11601731562499999 0.85349986875 0.1714285703125 0.8482956015625 0.173160175 0.7780379890625 0.12987013125 0.7754358578125 0.0536796546875 0.770231590625
0 0.0103896109375 0.871714809375 0.0086580078125 0.85349986875 0 0.941972415625 0.117748915625 0.936768146875 0.173160175 0.934166015625 0.174891775 0.8639084046875001 0.0623376625 0.871714809375 0.0103896109375 0.871714809375
0 0.8467532468750001 0.0702576125 0.9419913421875 0.083268278125 0.9922077921874999 0.088472546875 0.997402596875 0.007806398437500001 0.93160173125 0.010408535937500001 0.8502164515624999 0 0.8467532468750001 0.0702576125
0 1 0.083268278125 0.9125541125 0.0780640109375 0.84502164375 0.06765547499999999 0.8467532468750001 0.1457194921875 0.9454545453125001 0.1483216234375 1 0.153525890625 1 0.083268278125
0 0.8987012984374999 0.1457194921875 0.839826840625 0.1561280265625 0.8467532468750001 0.223783503125 0.8606060624999999 0.255009109375 0.9090909093749999 0.257611240625 0.9558441562500001 0.27322404375 0.9939393921875 0.23679416875 0.9800865812499999 0.1665365578125 0.8987012984374999 0.1457194921875
0 0.8952380953124999 0.2602133765625 0.84502164375 0.2836325796875 0.848484846875 0.3799115296875 0.8883116875000001 0.3799115296875 0.954112553125 0.3799115296875 0.9922077921874999 0.361696590625 1 0.26281550781249996 0.9593073593750001 0.26281550781249996 0.8952380953124999 0.2602133765625
0 0.8813852796875 0.38511579218750003 0.841558440625 0.3981264640625 0.848484846875 0.47879261250000005 0.8779220765625 0.489201146875 0.9350649343749999 0.47879261250000005 0.9956709968749999 0.47879261250000005 0.9956709968749999 0.372105125 0.9264069265625 0.3799115296875 0.8813852796875 0.38511579218750003
0 0.8588744578125 0.5048139453125 0.8623376625000001 0.5906843609375 0.9489177484375 0.593286496875 0.9939393921875 0.580275825 0.997402596875 0.47879261250000005 0.9419913421875 0.48399687968749994 0.8969696984375 0.489201146875 0.8588744578125 0.5048139453125
0 0.8554112546875 0.684361175 0.9350649343749999 0.684361175 0.9956709968749999 0.684361175 0.9956709968749999 0.5906843609375 0.8952380953124999 0.5906843609375 0.8502164515624999 0.5906843609375 0.8554112546875 0.684361175
0 0.848484846875 0.6921675796875 0.8502164515624999 0.78324225625 0.9212121203124999 0.7780379890625 0.9922077921874999 0.7780379890625 0.9956709968749999 0.6921675796875 0.952380953125 0.6895654421875 0.8969696984375 0.6895654421875 0.848484846875 0.6921675796875
0 0.8554112546875 0.8561020046875001 0.9367965375 0.8482956015625 0.9922077921874999 0.8482956015625 0.9939393921875 0.772833721875 0.9142857125000001 0.7780379890625 0.8571428578125 0.788446525 0.8554112546875 0.8561020046875001
0 0.6320346328124999 0.92115535 0.7497835484375 0.9601873546874999 0.81731601875 0.9731980218749999 0.8277056296874999 0.900338278125 0.6995670984375 0.871714809375 0.645887446875 0.85349986875 0.6320346328124999 0.92115535
0 0.8554112546875 0.936768146875 0.9471861453124999 0.9263596171874999 0.9904761890625 0.9263596171874999 0.9991342 0.8482956015625 0.9090909093749999 0.8639084046875001 0.8502164515624999 0.8639084046875001 0.8554112546875 0.936768146875
0 0.2874458875 0.007806398437500001 0.225108225 0 0.1696969703125 0.0260213390625 0.1939393921875 0.083268278125 0.23203463281249997 0.080666146875 0.2874458875 0.059849076562500006 0.3203463203125 0.046838409375 0.3722943703125 0.0416341421875 0.36709956718750003 0.00260213125 0.2874458875 0.007806398437500001