0 0.6751282140625 0.8410904984375 0.452738871875 0.9126011515625001 0.3406216578125 0.8947759156249999 0.35435050156250003 0.9290250578125001 0.4681818046875 0.97601916875 0.6753982749999999 0.8975240140625 0.6751282140625 0.8410904984375
0 0.66160795625 0.7745032796875 0.44237673749999995 0.8479181734375001 0.3497564171875 0.8548344984374999 0.3469378890625 0.8985844046875 0.45143390625 0.9183070624999999 0.6694992265625 0.82903936875 0.66160795625 0.7745032796875
0 0.6321580578125 0.7199535515625 0.41477999062500004 0.800978609375 0.3704272796875 0.7958778984375 0.375160421875 0.8485097421875001 0.4410717734375 0.85362409375 0.6419720046874999 0.77132044375 0.6321580578125 0.7199535515625
0 0.40434832500000006 0.7470749953125 0.612112978125 0.681895925 0.5985231953125 0.6260880625 0.396318 0.7140976265625001 0.40434832500000006 0.7470749953125
0 0.12312871562500001 0.6987068359374999 0.42728952500000006 0.631052409375 0.420155040625 0.5574943203125 0.10899074687500002 0.62958289375 0.12312871562500001 0.6987068359374999
0 0.1260863015625 0.6333982046875 0.416996925 0.555590075 0.39455050625 0.4966062046875 0.11325329843750001 0.5585683515625 0.1260863015625 0.6333982046875
0 0.11318376875 0.5693477109375 0.400936275 0.48963533281249993 0.3918095734375 0.4300258046875 0.0914245953125 0.5021211953125 0.11318376875 0.5693477109375
0 0.13843258593750002 0.7836835734375 0.4515890984375 0.69764644375 0.42728952500000006 0.631052409375 0.1185961015625 0.7132878671875 0.13843258593750002 0.7836835734375
0 0.1352664046875 0.8813302843749999 0.39514403593749997 0.797795778125 0.38471236875 0.7438921640625 0.1229120578125 0.8305958671875 0.1352664046875 0.8813302843749999
0 0.0921118484375 0.49387855937499997 0.38933870625 0.4198789203125 0.38845092812500004 0.360908684375 0.070352675 0.42665204375 0.0921118484375 0.49387855937499997
0 0.076668915625 0.4304605375 0.382065159375 0.3678795515625 0.36600451093749997 0.3019248140625 0.05937283125 0.35943235156250003 0.076668915625 0.4304605375
0 0.0695344359375 0.35690244843749996 0.3723902796875 0.2949539421875 0.3671089421875 0.2290060171875 0.054091498437499996 0.29348443125 0.0695344359375 0.35690244843749996
0 0.032532862499999995 0.29347079531250003 0.353789221875 0.22963167499999998 0.358599959375 0.171933209375 0.029791928125 0.226890390625 0.032532862499999995 0.29347079531250003
0 0.0335677640625 0.231331359375 0.35544184375 0.1700289640625 0.357094471875 0.1104262484375 0.0061796046875000005 0.1520537203125 0.0335677640625 0.231331359375
0 0.4535025328125 0.6682673953125 0.620722040625 0.612850725 0.61538509375 0.5703195203125 0.43786904375 0.6195276984375 0.4535025328125 0.6682673953125
0 0.44324212812499997 0.6106711328125 0.6092136484374999 0.5655903015625 0.595946609375 0.516261440625 0.43582644375 0.569910609375 0.44324212812499997 0.6106711328125
0 0.43646663593749996 0.5622323734375 0.59479576875 0.5115353953125 0.583862790625 0.466638 0.426429178125 0.5158588749999999 0.43646663593749996 0.5622323734375
0 0.4332732 0.5078892359375 0.592433075 0.46575742187499997 0.5791984218749999 0.41140793281250004 0.41354700468749994 0.45264964843750005 0.4332732 0.5078892359375
0 0.418567609375 0.452652821875 0.575361040625 0.41111017343749995 0.5547393281249999 0.357346675 0.40446982656249997 0.3947588046875 0.418567609375 0.452652821875
0 0.40328660000000005 0.3950533859375 0.5656760625 0.3558769328125 0.5535598671875 0.3112741203125 0.393281528125 0.3436592625 0.40328660000000005 0.3950533859375
0 0.3906597515625 0.3380462984375 0.5651043953125 0.30714676875 0.55119716875 0.2654961375 0.38567528906250004 0.286655346875 0.3906597515625 0.3380462984375
0 0.387466315625 0.283703159375 0.552092684375 0.26402004375 0.5417999015625 0.211444409375 0.3801154 0.232901378125 0.387466315625 0.283703159375
0 0.38165110625 0.22374705781249998 0.5329742937499999 0.2061228484375 0.5311870171875 0.16270789375 0.3804716359375 0.17767449375 0.38165110625 0.22374705781249998
0 0.374300190625 0.172945275 0.5312194046875 0.15768726718749998 0.5249869421875 0.11663215625000001 0.3760625859375 0.12864656875 0.374300190625 0.172945275
0 0.8466109015625 0.2984648796875 0.9452644046875 0.29645995625 0.92991863125 0.24890177812499997 0.8409862406249999 0.254752159375 0.8466109015625 0.2984648796875
0 0.8324807328125001 0.245591484375 0.928224759375 0.236792084375 0.9244235109375 0.18510655625 0.823914209375 0.2001049109375 0.8324807328125001 0.245591484375
0 0.8245543953125001 0.192426684375 0.922729640625 0.17299686718750001 0.915889378125 0.13459935625 0.81505996875 0.15343683125000002 0.8245543953125001 0.192426684375
0 0.81505996875 0.15343683125000002 0.8999968046875001 0.126024671875 0.8843633203125 0.077284978125 0.798210875 0.11001234687500001 0.81505996875 0.15343683125000002
0 0.609889978125 0.5065242984375 0.7237348484374999 0.4844464046875 0.7183655156250001 0.44693582656249997 0.6033050359375001 0.4743289328125 0.609889978125 0.5065242984375
0 0.599500040625 0.469010546875 0.726680471875 0.4398531109375 0.71302856875 0.40440462187500004 0.5891101015625 0.43149679062499996 0.599500040625 0.469010546875
0 0.5873514531249999 0.42942835625000003 0.7124531515625 0.4020415953125 0.700592275 0.363640915625 0.5787849328125 0.3839417828125 0.5873514531249999 0.42942835625000003
0 0.5820468890625 0.38187652031249997 0.709515040625 0.3539006 0.7000206140625 0.314910746875 0.569355271875 0.3349106796875 0.5820468890625 0.38187652031249997
0 0.56309043125 0.2988761953125 0.68822450625 0.2664688171875 0.67428489375 0.22983880937499998 0.553628390625 0.2548657203125 0.56309043125 0.2988761953125
0 0.566093315625 0.3369759421875 0.6929212625 0.31667824843750003 0.687584315625 0.27414704375 0.5627703281249999 0.30271530625 0.566093315625 0.3369759421875
0 0.5601199328125 0.255755821875 0.6843584984375 0.22482453750000003 0.6751193953125 0.1920368265625 0.550370178125 0.2105638359375 0.5601199328125 0.255755821875
0 0.0276083859375 0.14630213281249999 0.3376238984375 0.105695671875 0.327609578125 0.0545424484375 0.0428383640625 0.0985334578125 0.0276083859375 0.14630213281249999
0 0.658432159375 0 0.657070315625 0.0034560625 0.6542517953125 0.0472059734375 0.665231640625 0.1144256625 0.7369805781250001 0.0992530671875 0.8131925859375 0.0802788 0.818621040625 0.0251170625 0.838357578125 0 0.658432159375 0
0 0.9144367640625 0.40752943124999996 0.9709432890624999 0.3961516890625 0.9675151109375 0.337813928125 0.8956966484375 0.363765884375 0.8480467562499999 0.378319640625 0.8049294843749999 0.3782923640625 0.749040671875 0.3922068265625 0.765309915625 0.42582349375 0.8268277109375 0.42396015625 0.8515444671875001 0.42587804062499995 0.9144367640625 0.40752943124999996
0 0.76311716875 0.3725591734375 0.8119329640625 0.3738582171875 0.848734009375 0.370077 0.8786010937500001 0.35995057343750003 0.9160893859374999 0.3479267203125 0.9567357953125001 0.3378071109375 0.955500359375 0.33273367187499997 0.93984883125 0.301653725 0.894808871875 0.30479564375 0.8610964140625 0.3212604671875 0.796899159375 0.34531499062500004 0.7530946359375 0.35353035625 0.76311716875 0.3725591734375
0 0.8241643734374999 0.2470494484375 0.7867456140625 0.24829394218749998 0.7410879375 0.248899146875 0.7478132984375 0.28758243125 0.7852320578125 0.28633793750000003 0.8258089328124999 0.286997684375 0.8241643734374999 0.2470494484375
0 0.8087214406250001 0.1836314265625 0.769997715625 0.1905818359375 0.7312044625 0.208311609375 0.74493330625 0.24256075156249998 0.7798116625 0.24194873281249998 0.81475955625 0.23055735156249998 0.8087214406250001 0.1836314265625