0 0.3491664046875 0.0365726203125 0.0188738578125 0.094043884375 0.0283107890625 0.28735632187500004 0.3680402625 0.232497384375 0.3491664046875 0.0365726203125
0 0.3633218 0.266457678125 0.0550487578125 0.3369905984375 0.06448568906249999 0.5067920578125 0.36961308593750003 0.4310344828125 0.3633218 0.266457678125
0 0.3916325875 0.4937304078125 0.059767221875 0.5329153625 0.06291286562500001 0.6974921609375 0.386914125 0.6739811890625 0.3916325875 0.4937304078125
0 0.37118590625 0.72622779375 0.0786410828125 0.7314524546875 0.07077697187500001 0.903866246875 0.38376848125 0.8908045984375 0.37118590625 0.72622779375
0 0.7392261734375001 0.023510971875 0.457691096875 0.0391849546875 0.460836740625 0.1880877765625 0.7423718171875 0.15935214375 0.7392261734375001 0.023510971875
0 0.76439131875 0.2612330171875 0.487574709375 0.253396028125 0.484429065625 0.39184952812499996 0.7706826062500001 0.404911178125 0.76439131875 0.2612330171875
0 0.7360805296875 0.4754440984375 0.44353570312499996 0.4571577875 0.4466813453125 0.5929989546875001 0.7297892421875 0.616509925 0.7360805296875 0.4754440984375
0 0.7297892421875 0.6635318671875 0.4498269890625 0.6530825515625 0.454545453125 0.8045977015625001 0.73450770625 0.8124346890625 0.7297892421875 0.6635318671875
0 1 0.18025078125 0.8398867578125 0.18025078125 0.832022646875 0.29780564374999996 0.9987417437499999 0.27951933281249997 1 0.18025078125
0 0.9955961 0.4310344828125 0.8273041828125001 0.43625914374999997 0.832022646875 0.5381400234375 1 0.5172413796875001 0.9955961 0.4310344828125
0 0.9908776328125001 0.5485893390625 0.8288770062499999 0.5747126437500001 0.835168290625 0.6713688624999999 0.9955961 0.647857890625 0.9908776328125001 0.5485893390625
0 0.9987417437499999 0.67920585 0.8398867578125 0.7157784765625 0.8461780453125 0.807210028125 0.9971689203125 0.7836990578125 0.9987417437499999 0.67920585
0 0.9908776328125001 0.820271684375 0.8603334390624999 0.8411703218750001 0.871343190625 0.9169279015624999 0.9940232765625 0.9090909078125 0.9908776328125001 0.820271684375