0 0.35944534687499996 0.5402521609375001 0.3758961578125 0.49408959062499996 0.22189330625 0.48645833906249997 0.155546221875 0.5001862312500001 0.166861790625 0.5369974953125001 0.23209082187500002 0.528022946875 0.35944534687499996 0.5402521609375001
0 0.38648297187499997 0.4694607640625 0.3840424765625 0.43567860156249993 0.21947591875 0.43899089843750005 0.1547943625 0.4524314140625 0.16804918124999998 0.491188284375 0.231065221875 0.4780351453125 0.38648297187499997 0.4694607640625
0 0.37069883125 0.2852064515625 0.3699238546875 0.251136925 0.19068757187500002 0.2318979890625 0.140926359375 0.2838080046875 0.1544549109375 0.32479787031249996 0.2064291203125 0.27706644687500004 0.37069883125 0.2852064515625
0 0.6920944109375 0.4235705328125 0.6885358625 0.39454172656250003 0.617238446875 0.38176115625 0.5436355921875 0.419543134375 0.55467741875 0.45412141406249995 0.6165985203125001 0.4320363328125 0.6920944109375 0.4235705328125
0 0.4122638703125 0.48553440937500003 0.41192079843749996 0.524357284375 0.5301496296875 0.5176391234375 0.526340459375 0.4726920328125 0.4122638703125 0.48553440937500003
0 0.41548297187500005 0.3869296828125 0.4151398984375 0.425752553125 0.5361291859375 0.42767895625 0.5411950921875001 0.385760984375 0.41548297187500005 0.3869296828125
0 0.40398612500000003 0.293144284375 0.4042136296875 0.32274784375 0.5346254640625 0.332169328125 0.540512571875 0.29695030624999996 0.40398612500000003 0.293144284375
0 0.3969152546875 0.20771609062500002 0.3935379875 0.23566140937500002 0.5292201125 0.24645375781249998 0.528718875 0.214617215625 0.3969152546875 0.20771609062500002
0 0.6821742578125 0.2177825 0.68324608125 0.24039972656250003 0.77313795625 0.252252178125 0.7737547625000001 0.215662290625 0.6821742578125 0.2177825
0 0.8295807375 0.3519637953125 0.830629446875 0.3882663125 0.9022468265624999 0.375909290625 0.9056472140625 0.3342786875 0.8295807375 0.3519637953125
0 0.7087958390625 0.3933262359375 0.7098445484375 0.429628753125 0.7961547625 0.42613767812500003 0.794535471875 0.399054484375 0.7087958390625 0.3933262359375
0 0.7033673796875 0.32129595625 0.7002638421875 0.351474253125 0.780162596875 0.365050946875 0.7849547625 0.320899984375 0.7033673796875 0.32129595625
0 0.37523675 0.391593634375 0.373937415625 0.33937284375 0.20355309687499998 0.3368483125 0.15853781875 0.3719779359375 0.1615488984375 0.3965407796875 0.23261880625 0.379717790625 0.37523675 0.391593634375
0 0.19579970625 0.1626094359375 0.20296302812499997 0.19329649531249998 0.355026625 0.198982134375 0.35730895625 0.1621048765625 0.19579970625 0.1626094359375
0 0.583384196875 0.21658621562499997 0.5847066453124999 0.25512171562499997 0.6723624109374999 0.2764808609375 0.671039971875 0.23794536093750002 0.583384196875 0.21658621562499997
0 0.6787969875 0.2457278171875 0.6804162781249999 0.27281101093750004 0.777243971875 0.2857469625 0.7814655562499999 0.2508153125 0.6787969875 0.2457278171875
0 0.8172359468750001 0.43162114999999995 0.8113488390624999 0.46684016718750004 0.8810038468749999 0.466222821875 0.9063066125000001 0.4367746453125 0.8172359468750001 0.43162114999999995
0 0.9060097656250001 0.44822694687500003 0.8937343140625 0.48682844062499997 0.9489471125 0.49326341874999996 0.9742729921875 0.45012995624999996 0.9060097656250001 0.44822694687500003
0 0.9189020328125 0.3730355640625 0.9169165484375 0.3984605265625 0.9832405156249999 0.39841791875 0.9799557015625 0.37162209062499996 0.9189020328125 0.3730355640625
0 0.6954023390625 0.436681075 0.6906101687499999 0.48083203750000003 0.747762221875 0.4892126296875 0.79168255625 0.44515105312500003 0.6954023390625 0.436681075
0 0.8098718593750001 0.1911888390625 0.8164877140625 0.21740991875 0.8808724281250001 0.2154217046875 0.8837022265625001 0.18301041406250002 0.8098718593750001 0.1911888390625
0 0.9212537015625 0.2951024515625 0.9788194234375001 0.297618409375 0.975831459375 0.2732441296875 0.9187900890625 0.275005575 0.9212537015625 0.2951024515625
0 0.8175364234375 0.2537124296875 0.8208212375 0.2805082578125 0.8910468312500001 0.27067159687500003 0.8869408140624999 0.2371768125 0.8175364234375 0.2537124296875
0 0.21197314843749998 0.2806703015625 0.21299875 0.3306581078125 0.3792308265625 0.3270584296875 0.38178689062500004 0.29241415625 0.21197314843749998 0.2806703015625
0 0.356569321875 0.600034015625 0.3735676015625 0.558337425 0.2206827984375 0.545952828125 0.1538113625 0.5415294562499999 0.1548600765625 0.5778319734374999 0.2256100203125 0.5861465703125 0.356569321875 0.600034015625
0 0.5982546859375 0.448882709375 0.5421051171875 0.504175209375 0.6458686296875 0.51819465 0.6839712062500001 0.46829623593749997 0.5982546859375 0.448882709375
0 0.66423558125 0.487662984375 0.64668983125 0.5248936078125 0.7263148421875 0.5362373125000001 0.7507964078125 0.5000901828125001 0.66423558125 0.487662984375
0 0.6046235484375 0.2927291078125 0.5962266046875 0.335221821875 0.6769696734374999 0.34181219375 0.679799471875 0.30940089843749996 0.6046235484375 0.2927291078125
0 0.605826053125 0.387978478125 0.690970053125 0.3847558765625 0.6976839765625 0.334857021875 0.5957865234375 0.3409702953125 0.5496564078125 0.38333469375 0.54609829375 0.42408779062499996 0.605826053125 0.387978478125
0 0.138019 0.5317707796875 0.0839144671875 0.543973178125 0.09257726250000001 0.5797505703125 0.146681790625 0.5675481671875 0.138019 0.5317707796875
0 0.12430966875 0.3850478609375 0.0764295609375 0.430581290625 0.0959074359375 0.4673597046875 0.1493817140625 0.41512688124999997 0.12430966875 0.3850478609375
0 0.2167932703125 0.5812547312499999 0.1518155234375 0.6268711453125 0.30354194687499997 0.66090069375 0.34967206093750003 0.618536290625 0.2167932703125 0.5812547312499999
0 0.39319055625 0.5309951078124999 0.3853603109375 0.5706200640625 0.5052547625 0.5740316015625 0.5180775234375 0.5406329890625 0.39319055625 0.5309951078124999
0 0.11929505625 0.289072978125 0.07535247187500001 0.3618623328125 0.08893989531249999 0.3864514296875 0.1325133875 0.3279012796875 0.11929505625 0.289072978125
0 0.065904446875 0.44004034374999995 0.0201330609375 0.4720362265625 0.04163468125 0.5094353015624999 0.079463125 0.481645015625 0.065904446875 0.44004034374999995
0 0.0372366484375 0.559808478125 0.0050190765625000005 0.57374623125 0.008909415625 0.6054816453125 0.0437463546875 0.587036321875 0.0372366484375 0.559808478125
0 0.041157415625 0.2812917359375 0.0158953421875 0.3253419734375 0.035525053125 0.3474709625 0.059056648437500005 0.306554409375 0.041157415625 0.2812917359375
0 0.0562045484375 0.3609135 0.0266450234375 0.395782365625 0.0445442578125 0.4210450375 0.07150806875 0.3908767046875 0.0562045484375 0.3609135
0 0.0823197375 0.220322515625 0.06594981093749999 0.3110352578125 0.08525354375000001 0.3218800703125 0.13160729843750002 0.251509790625 0.0823197375 0.220322515625
0 0.5910879921875 0.213339 0.6671404437499999 0.22998533281250003 0.6709848515625 0.20097096718750002 0.58337269375 0.18490161249999998 0.5383107421875 0.20543467187500003 0.542565084375 0.24013942500000002 0.5910879921875 0.213339
0 0.5356696609375 0.3391402796875 0.40405970625 0.326409746875 0.4050232734375 0.36877005937499996 0.53335681875 0.38064836562500004 0.5356696609375 0.3391402796875
0 0.5367171859375001 0.43393554375 0.40889416093750003 0.4262218125 0.40432595156250006 0.4752067953125 0.5295676375 0.47911325781249997 0.5367171859375001 0.43393554375
0 0.38394595625 0.38658230625 0.20540213281250003 0.379114746875 0.20806743593750002 0.43535695625 0.3797324640625 0.42983588125 0.38394595625 0.38658230625
0 0.140708209375 0.481000521875 0.0839163828125 0.5007223703125 0.092822890625 0.538877090625 0.14805441875 0.5236771078125 0.140708209375 0.481000521875
0 0.158547709375 0.6437760703125 0.1220806609375 0.6826718765625001 0.21452952343749998 0.695071590625 0.26737862031250004 0.660436946875 0.158547709375 0.6437760703125
0 0.1099408515625 0.6181415484375 0.062283178125000005 0.643375134375 0.079997875 0.675757409375 0.125754890625 0.6522693171875 0.1099408515625 0.6181415484375
0 0.13364261718749998 0.5786131828125 0.0689222140625 0.59403284375 0.0783536171875 0.6278443328125001 0.13703172187499998 0.6148847796875 0.13364261718749998 0.5786131828125