0 1 0.7362261390625 0.879659103125 0.7348524640625 0.8781235984375 0.7963933062499999 1 0.7842284234375 1 0.7362261390625
0 1 0.657600103125 0.9997963609375 0.6566942796874999 0.8580282796875001 0.6818901312500001 0.8685626984375 0.731074509375 1 0.7246325812500001 1 0.657600103125
0 0.851649040625 0.6721185859375 0.998965325 0.6488117078125 0.9881538921875 0.59699980625 0.84638580625 0.6221956578125 0.851649040625 0.6721185859375
0 0.6949063875 0.656751175 0.8418031750000001 0.6548337484375 0.83598591875 0.599655775 0.6967189015625 0.59783785625 0.6949063875 0.656751175
0 0.8426421625 0.6120548375 0.9899584499999999 0.5887479640625 0.9812285859375001 0.5313117390625 0.8371019234375 0.5595043875 0.8426421625 0.6120548375
0 0.829891653125 0.541850275 0.982756134375 0.52043236875 0.9822100671875 0.464515846875 0.8272640140625 0.491558071875 0.829891653125 0.541850275
0 0.8161676124999999 0.48778012187500003 0.971390675 0.46336542343750003 0.9684860265624999 0.41044569375 0.8111813921875 0.44048471562499997 0.8161676124999999 0.48778012187500003
0 0.8155344781249999 0.43979072500000005 0.9710065 0.408033703125 0.96608455 0.3613478921875 0.8061383328125 0.38625146875 0.8155344781249999 0.43979072500000005
0 0.80315553125 0.3816824953125 0.9583018828125001 0.35869815781250003 0.9526656796875 0.31709930625 0.8060162484375001 0.33764641875 0.80315553125 0.3816824953125
0 0.8167188109374999 0.3324067109375 0.9432620984375 0.3109365140625 0.9502750578124999 0.25883833749999996 0.8128367750000001 0.27186125625 0.8167188109374999 0.3324067109375
0 0.68768105 0.5437281265625 0.8164928874999999 0.53191385625 0.8185764499999999 0.480506328125 0.6860675671875 0.4928385984375 0.68768105 0.5437281265625
0 0.6793877296875 0.48878762187499997 0.8076814640625001 0.4720590546875 0.802304315625 0.43291735625000005 0.6752429281250001 0.44947325625 0.6793877296875 0.48878762187499997
0 0.6768009453125 0.44052790937499997 0.7979596484375 0.42729248125 0.7915463015624999 0.378322184375 0.670258071875 0.390329040625 0.6768009453125 0.44052790937499997
0 0.6727227703125 0.3899837109375 0.791028203125 0.3734078875 0.790062346875 0.3286612296875 0.667930346875 0.34452647812500004 0.6727227703125 0.3899837109375
0 0.669292215625 0.34558238750000003 0.790517540625 0.321117121875 0.786502265625 0.283031328125 0.666120715625 0.303638203125 0.669292215625 0.34558238750000003
0 0.6621646218749999 0.30169904999999997 0.7911726125 0.279883521875 0.789688653125 0.2302225671875 0.6568540953124999 0.2513275140625 0.6621646218749999 0.30169904999999997
0 0.5332861531249999 0.32474314843749996 0.6420584734375 0.30077596406249996 0.6456334328125 0.251652928125 0.52771658125 0.27191446875 0.5332861531249999 0.32474314843749996
0 0.5519526390625 0.4069048609375 0.6613725859375 0.38908054999999997 0.654244990625 0.3451972109375 0.5460573921874999 0.362848865625 0.5519526390625 0.4069048609375
0 0.5501947515625 0.44953970312499997 0.6679820765625 0.4280495859375 0.658778365625 0.3881973015625 0.5442994999999999 0.405483703125 0.5501947515625 0.44953970312499997
0 0.557063296875 0.4909658875 0.6655099421874999 0.47577138750000003 0.6607175187500001 0.4303141484375 0.5501947515625 0.44953970312499997 0.557063296875 0.4909658875
0 0.54557614375 0.5362106265625 0.6683557703125 0.5264882515625 0.67575730625 0.47807579218749996 0.547204509375 0.4923472078125 0.54557614375 0.5362106265625
0 0.5411280046875 0.363539521875 0.6595000578125 0.33573386875 0.6484792609375 0.3023697890625 0.5298481625 0.32771829218750004 0.5411280046875 0.363539521875
0 0.654330215625 0.21552620781249998 0.7549941984374999 0.19768196875 0.75071986875 0.1571390265625 0.6534938875 0.1720081171875 0.654330215625 0.21552620781249998
0 0.5318725453125001 0.24016413124999997 0.6413591078125 0.2111099859375 0.633972459375 0.16476949999999999 0.513328134375 0.20660746406250002 0.5318725453125001 0.24016413124999997
0 0.591972153125 0.810222459375 0.7070986390625 0.7990789281249999 0.710088878125 0.7562714234375 0.5831570046875 0.7740559015625 0.591972153125 0.810222459375
0 0.5782313328125 0.751058325 0.690375021875 0.735345828125 0.6865559015625 0.687258775 0.5738274859375 0.70928680625 0.5782313328125 0.751058325
0 0.56967896875 0.6936606750000001 0.6842873515625 0.6776028468749999 0.684553846875 0.6326835265625 0.5692978281250001 0.6425984812500001 0.56967896875 0.6936606750000001
0 0.56975303125 0.6350543734375 0.6901974859375 0.6269059046875001 0.682551784375 0.5781082750000001 0.5650901312500001 0.5908257109374999 0.56975303125 0.6350543734375
0 0.560745459375 0.5852008375 0.67438055 0.571772825 0.672959490625 0.534570265625 0.5611414781249999 0.5415100859375 0.560745459375 0.5852008375
0 0.691500175 0.591815171875 0.822451040625 0.5884282562500001 0.828879275 0.5426456078124999 0.693387590625 0.550408909375 0.691500175 0.591815171875
0 0.5333155671875 0.5503956750000001 0.467027815625 0.562176725 0.3238792703125 0.5922070953125 0.33405628906249996 0.6294295671875 0.4557997078125 0.6098785984374999 0.5137200765625 0.60176335625 0.5333155671875 0.5503956750000001
0 0.5202186531249999 0.52106264375 0.4408339859375 0.5035106625 0.295416896875 0.5238851078125 0.2982664453125 0.5509137390625 0.44407211249999995 0.534225009375 0.511003775 0.5522750671875001 0.5202186531249999 0.52106264375
0 0.5240526671875 0.4743967515625 0.45582576093749994 0.44406095468749995 0.3155342109375 0.45374348593749997 0.315526765625 0.501119959375 0.44453475625000005 0.479304428125 0.5130873375 0.5008675453125 0.5240526671875 0.4743967515625
0 0.5143974734375 0.41840034218750005 0.43209663125000003 0.3850495625 0.29510983281250003 0.4142166125 0.29549468437500004 0.44159057187500006 0.43403578906250007 0.4271664046875 0.506933040625 0.45435440156249995 0.5143974734375 0.41840034218750005
0 0.5094906625 0.33459924375 0.42323896875000006 0.2807721390625 0.289719021875 0.3077186578125 0.29753280625 0.36223699531250003 0.416158784375 0.331198040625 0.48580458125000003 0.36469459843749996 0.5094906625 0.33459924375
0 0.4971830453125 0.2374558734375 0.41768132031249994 0.1888622703125 0.299055346875 0.2199012203125 0.297655171875 0.26541180625 0.41874513437500005 0.2381471125 0.48453291875 0.27424396406249996 0.4971830453125 0.2374558734375
0 0.729201409375 0.06694472500000001 0.7236376124999999 0.0141708921875 0.5753276265625 0.057607865625 0.58614345 0.1014068609375 0.6356370984375 0.1789218515625 0.733047121875 0.1426164953125 0.729201409375 0.06694472500000001
0 0.5682474453124999 0.108033765625 0.5594676265625 0.0639495046875 0.4204816578125 0.097841103125 0.4339754546875 0.1474441265625 0.4980451578125 0.206438896875 0.6072431843749999 0.16436242343750002 0.5682474453124999 0.108033765625
0 0.9418928609374999 0.14425121093749999 0.9510090453125001 0.09354005 0.7498731624999999 0.125840775 0.76369101875 0.15892042343749999 0.7950746750000001 0.24103255781250002 0.942846603125 0.2120891890625 0.9418928609374999 0.14425121093749999
0 0.765519175 0.11746936562500002 0.932153153125 0.071465009375 0.92658935625 0.0186911671875 0.7545994281249999 0.0530874734375 0.765519175 0.11746936562500002
0 0.76053625625 0 0.7704594421875 0.046745828125 0.9293774015625 0.0059420578125 0.9287509453125 0 0.76053625625 0
0 0.563434103125 0 0.5710416390625 0.056148626562500005 0.7161355953124999 0.021401234375 0.7161787109375 0 0.563434103125 0
0 0.7184683374999999 0.77876764375 0.7717342484375 0.7766372078125 0.8369276031249999 0.7861672890625 0.8372046171875 0.78879480625 0.8567697890625 0.7460584953125 0.7772904140625 0.7278647031250001 0.7211118828124999 0.7277368921875 0.7184683374999999 0.77876764375
0 0.8444387656250001 0.654464478125 0.769534071875 0.6542940625 0.7115509906249999 0.6624180984375 0.71154303125 0.7130795812499999 0.7782639328125 0.7117302890625 0.840267671875 0.7163745953125 0.8444387656250001 0.654464478125
0 0.5151239734375 0.72726825625 0.4306424640625 0.7631020140625 0.326192203125 0.7617385718749999 0.33353700000000003 0.8060371843749999 0.45643642343749996 0.804815703125 0.5298215359375 0.765204 0.5151239734375 0.72726825625
0 0.50875269375 0.6668352343749999 0.42108156250000006 0.697783215625 0.314549734375 0.7020440953125 0.32161751875 0.7437151890625 0.43771820781250004 0.754111621875 0.5345466531249999 0.708548928125 0.50875269375 0.6668352343749999
0 0.4645016078125 0.6783679453125 0.5161054546875 0.66047236875 0.5573094046875 0.6200369140624999 0.46950374375 0.6243403921875 0.41179767500000003 0.6350919453125 0.3256540953125 0.6551605671875 0.33979763125 0.687841265625 0.4645016078125 0.6783679453125