0 0.5797773640624999 0.0664540109375 0.4576376015625 0.0345560875 0.3555967859375 0.0186071234375 0.3246753234375 0.0372142453125 0.2952999390625 0.0770866546875 0.2952999390625 0.1515151515625 0.3695114421875 0.143540671875 0.4468150890625 0.15948963124999999 0.4885590609375 0.1913875609375 0.5612244890625 0.1913875609375 0.58750773125 0.15948963124999999 0.5797773640624999 0.0664540109375
0 0.29220779218750004 0.23923445000000002 0.3818800234375 0.265816053125 0.4746444046875 0.268474215625 0.4870129859375 0.1887293984375 0.437538653125 0.1621477953125 0.3153988875 0.1461988296875 0.30148423125 0.17543859687500002 0.29220779218750004 0.23923445000000002
0 0.570500928125 0.31632110468749997 0.477736546875 0.28442318125 0.3200371046875 0.2578415734375 0.2860235 0.2817650171875 0.2782931359375 0.3561935140625 0.3432282 0.37480063750000003 0.39888682656249996 0.380116959375 0.45454545625 0.40404040312499995 0.51020408125 0.40669856718749997 0.556586271875 0.3960659234375 0.575139146875 0.3774588015625 0.570500928125 0.31632110468749997
0 0.332405690625 0.380116959375 0.29375386406250004 0.3880914390625 0.289115646875 0.470494415625 0.37569573125 0.483785221875 0.422077921875 0.48910154375000003 0.4746444046875 0.505050503125 0.46691403749999993 0.4120148828125 0.403525046875 0.40404040312499995 0.4004329015625 0.3960659234375 0.332405690625 0.380116959375
0 0.828695115625 0.44125464843750006 0.8194186765625 0.3960659234375 0.7776747078125 0.3907496015625 0.7297464453125 0.3934077609375 0.63388991875 0.3934077609375 0.573593075 0.3880914390625 0.5643166359375 0.4120148828125 0.5179344453125 0.41467304687500006 0.48082869375000004 0.4279638484375 0.4870129859375 0.494417865625 0.5210265921875 0.510366825 0.5766852203124999 0.49973418125 0.6493506499999999 0.49973418125 0.7421150265625001 0.5130249890624999 0.7884972171875 0.5130249890624999 0.8256029687499999 0.470494415625 0.828695115625 0.44125464843750006
0 0.4607297453125 0.494417865625 0.388064315625 0.483785221875 0.30612244843749997 0.4731525796875 0.2767470609375 0.505050503125 0.2782931359375 0.579479 0.3432282 0.59011164375 0.408163265625 0.595427965625 0.483920840625 0.608718765625 0.5550401968750001 0.6060606078124999 0.573593075 0.5821371640625 0.570500928125 0.5130249890624999 0.4607297453125 0.494417865625
0 0.28138528281249997 0.6326422109375 0.284477428125 0.6831472625 0.3726035890625 0.6804891 0.4483611625 0.6911217421875 0.47309832968750004 0.6618819765625 0.45454545625 0.6007442859375 0.3818800234375 0.6007442859375 0.29993815625 0.5980861234375 0.28138528281249997 0.6326422109375
0 0.63388991875 0.5077086671875 0.5828695109375001 0.515683146875 0.5844155843750001 0.579479 0.6771799625 0.6113769296875 0.7653061218749999 0.6273258890625 0.8178726015625 0.5422647546875 0.8085961671874999 0.48910154375000003 0.7622139765625 0.53429026875 0.6957328406250001 0.5236576312500001 0.63388991875 0.5077086671875
0 0.7683982687500001 0.6459330109375 0.647804575 0.6060606078124999 0.5766852203124999 0.595427965625 0.53957946875 0.619351409375 0.477736546875 0.62466773125 0.47928262187500004 0.7017543859375001 0.5473098328125 0.7123870296875 0.6091527515624999 0.7123870296875 0.6833642546875 0.723019671875 0.7792207796875 0.7469431171875 0.827149040625 0.6459330109375 0.8039579453125001 0.5821371640625 0.7683982687500001 0.6459330109375
0 0.4004329015625 0.6990962281249999 0.332405690625 0.7017543859375001 0.2752009890625 0.6990962281249999 0.2782931359375 0.7788410406249999 0.3695114421875 0.789473684375 0.4468150890625 0.8001063281249999 0.5148423 0.7974481640625 0.570500928125 0.7921318421875 0.5658627078125 0.709728865625 0.4607297453125 0.7017543859375001 0.4004329015625 0.6990962281249999
0 0.66326530625 0.733652309375 0.5797773640624999 0.72833599375 0.5782312921874999 0.79479000625 0.6277056296875 0.8187134500000001 0.7003710578125 0.8213716078125 0.76685219375 0.8293460937500001 0.7869511421875 0.8001063281249999 0.783858996875 0.7496012750000001 0.7482993203125 0.744284953125 0.66326530625 0.733652309375
0 0.28138528281249997 0.8027644859375 0.2798392078125 0.890483784375 0.3525046390625 0.8851674624999999 0.4128014828125 0.8851674624999999 0.4684601125 0.890483784375 0.470006184375 0.8027644859375 0.40661719375 0.8001063281249999 0.3354978375 0.8027644859375 0.28138528281249997 0.8027644859375
0 0.7127396421875 0.834662415625 0.6493506499999999 0.8213716078125 0.5952380953125 0.8054226484375 0.541125540625 0.8054226484375 0.4761904765625 0.8001063281249999 0.477736546875 0.8452950578125 0.477736546875 0.890483784375 0.5442176875 0.89845826875 0.6106988265625 0.9117490703125 0.6802721093749999 0.90909090625 0.7467532484375 0.90909090625 0.7900432890625 0.90909090625 0.7884972171875 0.8373205734375 0.7127396421875 0.834662415625
0 0.7158317859375 0.2764486953125 0.63388991875 0.2817650171875 0.5813234390625001 0.3056884625 0.5828695109375001 0.380116959375 0.6277056296875 0.39872408125000003 0.6972789109375 0.3907496015625 0.7745825609375 0.3934077609375 0.8116883125 0.3774588015625 0.8070500921875 0.3030303046875 0.76685219375 0.2764486953125 0.7158317859375 0.2764486953125
0 0.81632653125 0.2259436484375 0.8132343843750001 0.1780967546875 0.7653061218749999 0.1515151515625 0.6880024734375 0.1621477953125 0.5967841671875 0.15683147343749998 0.5612244890625 0.1913875609375 0.5055658640625 0.19936204062500001 0.4901051328125 0.22328548593750003 0.4931972796875 0.2977139828125 0.5318491015625 0.2977139828125 0.5998763125 0.28973950312499996 0.6694495984375 0.2764486953125 0.7343846625 0.268474215625 0.785405071875 0.271132375 0.81632653125 0.2259436484375
0 0.8008658000000001 0.0770866546875 0.76685219375 0.0212652859375 0.709647496875 0.0132908015625 0.64471243125 0.031897923437499996 0.5813234390625001 0.061137690625 0.5921459484375 0.140882509375 0.646258503125 0.15683147343749998 0.709647496875 0.140882509375 0.7730364859375001 0.15683147343749998 0.8333333328125001 0.1887293984375 0.8410636968749999 0.11430090625 0.8132343843750001 0.085061140625 0.8008658000000001 0.0770866546875
0 0.06266611250000001 0.12782918125 0.0010621359375 0.11530191875 0.002124275 0.1990482984375 0.0462029828125 0.194482965625 0.13754680625 0.23739704687500002 0.1497613875 0.234657853125 0.14285749375 0.208178953125 0.13542253124999998 0.18352618125 0.11789726250000002 0.1698301984375 0.0913438265625 0.139699034375 0.06266611250000001 0.12782918125
0 0.06001076875 0.211831215625 0.0371748125 0.211831215625 0.00796603125 0.2090920171875 0.0010621359375 0.2793980640625 0.0515136703125 0.2775719359375 0.07222535 0.2839633921875 0.09771665 0.29309404687499996 0.11152443906250001 0.27209354375 0.0961234453125 0.2264402625 0.06001076875 0.211831215625
0 0.10037199375000001 0.3049639 0.082846725 0.2940071171875 0.06319717968750001 0.290354853125 0.0371748125 0.2857895265625 0.0037174796874999997 0.2857895265625 0.002124275 0.348791053125 0.0440787078125 0.3478779828125 0.0754117625 0.348791053125 0.0982477171875 0.3570086375 0.11152443906250001 0.36431316406250003 0.112586575 0.3314428015625 0.10037199375000001 0.3049639
0 0.0993098578125 0.3634001 0.0780671046875 0.35974783593750004 0.0499204625 0.35974783593750004 0.0318641265625 0.358834771875 0.0053106874999999994 0.355182509375 0.002124275 0.4282277546875 0.0462029828125 0.4282277546875 0.0754117625 0.427314690625 0.09346810156249999 0.42914081875 0.1030273375 0.4035749828125 0.1051516125 0.37709608125 0.0993098578125 0.3634001
0 0.0456719109375 0.5186212453125 0.0031864109374999997 0.509490590625 0.0010621359375 0.56975291875 0.05470008125 0.5788835734375 0.07488069375 0.57340518125 0.1030273375 0.567013725 0.1205526046875 0.546013215625 0.1030273375 0.5113167187500001 0.0456719109375 0.5186212453125
0 0.1991507828125 0.3122684265625 0.1795012375 0.3122684265625 0.14232642499999998 0.31044229843750004 0.12692543125 0.346051853125 0.1364846703125 0.371617690625 0.155072075 0.36979155625 0.1837497890625 0.370704625 0.2049925375 0.3661392984375 0.2124275 0.3396603921875 0.1991507828125 0.3122684265625
0 0.20339933281250003 0.4428368015625 0.17259734375 0.4428368015625 0.1380778734375 0.4382714734375 0.1263943640625 0.45470665468749993 0.1306429109375 0.4720549 0.1348914625 0.49488154375000004 0.14816818437499998 0.4976207375 0.1858740640625 0.5012730000000001 0.202868265625 0.49396847343749994 0.20339933281250003 0.4428368015625
0 0.1056826796875 0.49944687187500003 0.1263943640625 0.483011690625 0.1210836765625 0.466576509375 0.09771665 0.44009760781249996 0.07275641875 0.4364453453125 0.031333057812499995 0.43918454375 0.002124275 0.4364453453125 0.0010621359375 0.5058383281250001 0.0164631328125 0.5049252625 0.0339884015625 0.5049252625 0.046734051562500004 0.5012730000000001 0.0663835953125 0.4976207375 0.0865642078125 0.4976207375 0.1056826796875 0.49944687187500003
0 0.1056826796875 0.6674509359374999 0.0982477171875 0.6418851 0.0775360375 0.6464504265625 0.0387680203125 0.66562480625 0.00477961875 0.6628856078124999 0.0026553437499999997 0.722234871875 0.023367023437500002 0.722234871875 0.04301656875 0.722234871875 0.0679768 0.715843409375 0.0886884828125 0.7057996906249999 0.1056826796875 0.699408228125 0.1056826796875 0.6674509359374999
0 0.10674482031250002 0.643711228125 0.1088690953125 0.6793207890625 0.11046229999999999 0.7067127546874999 0.1407332203125 0.6939298359375 0.15719635 0.6875383796875 0.16197596875 0.6382328359375 0.13967108125 0.6300152453125001 0.10674482031250002 0.643711228125
0 0.15932062656249998 0.624536853125 0.16463131250000002 0.656494146875 0.1635691765625 0.6802338531250001 0.18003230625 0.6774946546875 0.19968185 0.6720162625 0.19968185 0.650102690625 0.20180612656250002 0.6236237890624999 0.15932062656249998 0.624536853125
0 0.19702650625 0.5797966437500001 0.1842808578125 0.5633614625 0.17472161875 0.5679267890624999 0.155072075 0.5706659828125 0.1370157375 0.57705744375 0.1348914625 0.604449409375 0.13754680625 0.6281891171875 0.14498176875 0.6263629828124999 0.16463131250000002 0.6217976546874999 0.18003230625 0.620884590625 0.19968185 0.6181453921875 0.19702650625 0.5797966437500001
0 0.11524191875 0.5797966437500001 0.09293703125 0.5852750343750001 0.0637282515625 0.588014228125 0.0716942828125 0.6199715265625 0.0796603125 0.6427981640625 0.0955923734375 0.6382328359375 0.12267688125000001 0.63275444375 0.1364846703125 0.620884590625 0.13117398281249998 0.598057953125 0.11524191875 0.5797966437500001
0 0.1094001625 0.14700355625 0.13223611875000002 0.191743771875 0.1455128375 0.2090920171875 0.1635691765625 0.234657853125 0.20180612656250002 0.23283171875000003 0.20021291875 0.191743771875 0.1492303203125 0.1451774265625 0.1094001625 0.14700355625
0 0.20605467656249998 0.2629628828125 0.19224688750000002 0.250179965625 0.1795012375 0.2383101171875 0.16463131250000002 0.24287544374999998 0.1492303203125 0.2447015734375 0.15985169375 0.2629628828125 0.1641002453125 0.283050328125 0.1635691765625 0.303137771875 0.187998340625 0.3013116375 0.20180612656250002 0.3013116375 0.20605467656249998 0.286702590625 0.20605467656249998 0.2629628828125
0 0.1891689453125 0.3817606484375 0.181084803125 0.38454045625 0.165455459375 0.3826872515625 0.1649165171875 0.40029271875 0.16383862968750001 0.4253110109375 0.1821626875 0.43365044375000006 0.1967141421875 0.43272384218750004 0.1994088578125 0.4197513921875 0.20048674531250002 0.398439509375 0.20048674531250002 0.3817606484375 0.1891689453125 0.3817606484375
0 0.162221803125 0.41141195937499997 0.16006603125000002 0.3891734734375 0.1525208296875 0.37342121562499997 0.1401251421875 0.37527442031249997 0.1250347453125 0.37712763125 0.10886645937499999 0.378054234375 0.104554915625 0.4123385609375 0.102938084375 0.434577046875 0.111022228125 0.4392100640625 0.1261126296875 0.4392100640625 0.1417419734375 0.42809082500000006 0.15575448593750002 0.4253110109375 0.162221803125 0.41141195937499997