0 0.09358829375 0 0.089749059375 0.025561584375 0.20801809843750002 0.0689701375 0.2163860203125 0 0.09358829375 0
0 0.2245595515625 0 0.219880703125 0.032003857812499995 0.3363301828125 0.0722966890625 0.35827275468750003 0 0.2245595515625 0
0 0.5042341859375 0.0352242953125 0.3634765984375 0.0296798046875 0.357109453125 0.0983314265625 0.4999412890625 0.10424556874999999 0.5042341859375 0.0352242953125
0 0.500487425 0.121091615625 0.368026840625 0.117025746875 0.36398863124999997 0.1833009578125 0.49619452343750003 0.1901128953125 0.500487425 0.121091615625
0 0.5094408484375 0.2064308046875 0.379309203125 0.19998853125 0.377854615625 0.2611412734375 0.5017635078125 0.2664745734375 0.5094408484375 0.2064308046875
0 0.23458427343750002 0.146282315625 0.2317459640625 0.15415085312500001 0.2183552453125 0.20759353125 0.3384438578125 0.2541178109375 0.35984012656250003 0.18256164218749998 0.23458427343750002 0.146282315625
0 0.495141675 0.3378722578125 0.5113707062499999 0.276561046875 0.3832787109375 0.2732401953125 0.3808032140625 0.320287253125 0.495141675 0.3378722578125
0 0.5044574203125001 0.3283666265625 0.3574770828125 0.32171316875 0.365629690625 0.39295237968749996 0.4957613375 0.3993946578125 0.5044574203125001 0.3283666265625
0 0.3463050078125 0.30576491093749997 0.2223593484375 0.27809343124999997 0.2188305125 0.3388765109375 0.34535979375000003 0.361425515625 0.3463050078125 0.30576491093749997
0 0.20772930625 0.2084913109375 0.0778155796875 0.1769648 0.07195780625 0.2401242890625 0.197723028125 0.2709114890625 0.20772930625 0.2084913109375
0 0.2003407625 0.12901390468750001 0.0885859171875 0.1063064265625 0.0884415203125 0.1760670109375 0.194482984375 0.1921734 0.2003407625 0.12901390468750001
0 0.20602003125 0.27239011562500004 0.0818196828125 0.2474647 0.07443379375 0.3271005796875 0.19372157968749998 0.3595248796875 0.20602003125 0.27239011562500004
0 0.6926995390624999 0.04927086875 0.5289072703125 0.0647444046875 0.5388794406249999 0.1390993375 0.6946293890625 0.11940111093750001 0.6926995390624999 0.04927086875
0 0.6932115671875 0.20289202031250003 0.6985232109374999 0.12288648906249999 0.5344786859374999 0.1425838421875 0.5345865390625 0.2081206109375 0.6932115671875 0.20289202031250003
0 0.7051476937500001 0.2106020890625 0.5364061078125 0.21123633125 0.5297842703125 0.282634015625 0.696196928125 0.284376184375 0.7051476937500001 0.2106020890625
0 0.69335861875 0.2922447203125 0.527200646875 0.2877564890625 0.519778 0.34505419531250003 0.6877555234375 0.35265814687499997 0.69335861875 0.2922447203125
0 0.69528846875 0.3623749578125 0.544923690625 0.346744 0.5427050437500001 0.41613493124999995 0.688921321875 0.43102658437499997 0.69528846875 0.3623749578125
0 0.72301778125 0.3589422953125 0.725383484375 0.3789040578125 0.728586765625 0.43530397968749995 0.8805164281250001 0.45679673125000003 0.8920508171874999 0.37790015781249997 0.72301778125 0.3589422953125
0 0.8997308171875 0.47696967343749996 0.730915703125 0.43292756875 0.713922615625 0.5024769734375 0.8868862296875 0.5472583953125 0.8997308171875 0.47696967343749996
0 0.8780798578125 0.5512718999999999 0.7053709328125 0.5037444203125 0.68863253125 0.570547753125 0.871166571875 0.60307746875 0.8780798578125 0.5512718999999999
0 0.703186384375 0.4363602375 0.548673103125 0.4199899625 0.5464176984375 0.467042715625 0.6980926703125 0.49128153750000003 0.703186384375 0.4363602375
0 0.6848831109375 0.49730179531249996 0.5321526265625 0.46170906875 0.5327722890625 0.5232314625 0.6784791984375 0.5436152375 0.6848831109375 0.49730179531249996
0 0.34411781406249997 0.07926744687500001 0.2158057296875 0.0759408890625 0.2024517703125 0.1517217421875 0.33465767031250004 0.15853366875 0.34411781406249997 0.07926744687500001
0 0.8543178843750001 0.6028662890625001 0.7049718453125 0.57625106875 0.6964936828125 0.6221948625 0.852062471875 0.649919053125 0.8543178843750001 0.6028662890625001
0 0.6816089562500001 0.555338815625 0.533063734375 0.54282356875 0.5290255234375 0.6090987796875 0.6762605515625 0.6130061734375001 0.6816089562500001 0.555338815625
0 0.21941662343749999 0.42345743125 0.20562406718749998 0.4970579796875 0.47422066249999995 0.5407114 0.51602544375 0.47401181093750006 0.5167585234375001 0.400345146875 0.341757425 0.37753224687500003 0.22752925 0.42696176250000006 0.21941662343749999 0.42345743125
0 0.2233903734375 0.4933109046875 0.2115213890625 0.564949453125 0.46661684843750006 0.6454315203125 0.4933412375 0.6059467796875 0.496273365625 0.5530158046875 0.2233903734375 0.4933109046875
0 0.22516620625 0.566113284375 0.2085461390625 0.5782409796875 0.2017860078125 0.6323515468750001 0.460759071875 0.7085910109375 0.469455159375 0.6375629734375 0.22516620625 0.566113284375
0 0.4475939125 0.71413253125 0.21444026562500001 0.6362929203125 0.20341525 0.7096973578125 0.4275078328125 0.794296546875 0.4475939125 0.71413253125
0 0.018187471875 0.3788342203125 0.0117904125 0.4478083421875 0.0119430234375 0.45360461093750004 0.18331621874999998 0.4944517109375 0.2128974796875 0.4937528203125 0.22067803125 0.409861653125 0.1900801671875 0.420542384375 0.018187471875 0.3788342203125
0 0.014906714062500001 0.5661676109375 0.1884493578125 0.6209818734375 0.20285882187499998 0.5565549375 0.013051015625 0.49568685781250005 0.014906714062500001 0.5661676109375
0 0.0168045234375 0.6382478265625 0.1784430796875 0.6834020468750001 0.1984501109375 0.687078246875 0.2041275078125 0.6258685578125001 0.1778234171875 0.6218796578125 0.01510328125 0.5736335109375 0.0168045234375 0.6382478265625
0 0.0186176390625 0.7071112890625 0.157556178125 0.7494660796875 0.1670530828125 0.6925380265625 0.016985329687500002 0.6451149265625 0.0186176390625 0.7071112890625
0 0.898890575 0.2814182375 0.7125362421875 0.2900794953125 0.717595853125 0.3719333109375 0.8995470046875 0.3652788046875 0.898890575 0.2814182375
0 0.49383046875 0.7696514999999999 0.7614684406250001 0.9072351046874999 0.7690242375 0.90868303125 0.7817555828125 0.8762784531250001 0.7724895390625 0.7132908312499999 0.7814783609375 0.710287846875 0.5622639765625 0.5951627203125 0.49383046875 0.7696514999999999
0 1 0.41255604218749997 0.92036303125 0.4136517046875 0.9183990718749999 0.4802965796875 1 0.48029632031249997 1 0.41255604218749997
0 1 0.4810148953125 0.9186537578125 0.47755051562500006 0.9135600390624999 0.5324718046875 1 0.5478764265625 1 0.4810148953125
0 1 0.6012815578125 0.8924184531250001 0.6012819046875 0.8860513015624999 0.6699335203125 1 0.6629678953125 1 0.6012815578125
0 0.8385982265624999 0.6586853734375 0.681464559375 0.6250993953124999 0.690890590625 0.682608284375 0.8350693843749999 0.719468453125 0.8385982265624999 0.6586853734375
0 0.8718965234375 0.7316143890625 0.9937410234374999 0.7455656109375 0.9991279875 0.6874825046875 0.8673830468749999 0.6666066203125001 0.8718965234375 0.7316143890625
0 0.417730559375 0.8390672734375 0.196864896875 0.7605247375 0.179614765625 0.8150706734375 0.4068679765625 0.8804314156249999 0.417730559375 0.8390672734375
0 0.6760160046875 0.9799439421875 0.4784486390625 0.9167225625000001 0.48373974999999997 0.983178215625 0.496659853125 0.98548073125 0.6760160046875 0.9799439421875
0 0.012355690625 0.4417134375 0.0117904125 0.447808353125 0.013275765625 0.504223046875 0.1271158890625 0.5360856468749999 0.2061683484375 0.566307353125 0.2169859125 0.506005453125 0.12380659062499999 0.4778757734375 0.012355690625 0.4417134375
0 0.30086178124999996 0.7283525109375 0.20539655625000003 0.707280415625 0.1938899046875 0.773823384375 0.2545167859375 0.7961518265625 0.31772910312499997 0.828160246875 0.420526278125 0.846479915625 0.4388898484375 0.8174852578125 0.4523238453125 0.7853072953125 0.30086178124999996 0.7283525109375
0 0.2346502109375 0.82257383125 0.1873090515625 0.8072226625000001 0.189566925 0.8767691687499999 0.2553336703125 0.9000136 0.27826825 0.9156248375 0.41593100781250003 0.9148051109375 0.42079857187499997 0.8811005046875 0.39509928125 0.8765205890625 0.29206080624999997 0.8420242890624999 0.2346502109375 0.82257383125
0 0.17754292031250002 0.8561879156250001 0.179163190625 0.8011613687500001 0.0204625359375 0.777181746875 0.0217259015625 0.8251652046875 0.028697293750000002 0.8273570734375 0.17754292031250002 0.8561879156250001
0 0.179404484375 0.817338 0.18036289218749998 0.7506694734375 0.01865763125 0.7086302203125 0.020628257812500002 0.7834759796874999 0.128216178125 0.8059108374999999 0.179404484375 0.817338
0 0.6245538093749999 0.8436536374999999 0.5341081937500001 0.7860486843750001 0.49627269375000005 0.7637299375 0.4816891859375 0.806669453125 0.47877619375 0.8568560203125 0.6079655359375 0.9098415375 0.7484860203125 0.9533223796874999 0.7593345828125 0.9114644375 0.7188155671875001 0.8788906203125 0.6245538093749999 0.8436536374999999
0 0.49010228125 0.8473516203125 0.47895975 0.9128394265625 0.5461338921875 0.9380052578125 0.6615178453125 0.9803915046875 0.761327528125 0.977310346875 0.76540354375 0.9586432578125 0.7525073890625 0.9286873625000001 0.7201962375 0.9390627625000001 0.49010228125 0.8473516203125
0 0.7611358296875 0.9671019203125001 0.7837471625 0.976618246875 0.9003555953125 0.9730185046875001 0.8846717265624999 0.96837423125 0.7997865390625 0.9071506046875 0.779574690625 0.90184503125 0.768557821875 0.9246333265625 0.7611358296875 0.9671019203125001
0 0.9728532937500001 0.9707804734375 0.9894573531249999 0.7917528468749999 0.9425824125 0.7758718203125 0.88751595625 0.7499247 0.8369275 0.7132515890625 0.7908480515625 0.684296453125 0.7753928218749999 0.7027852578125 0.772156925 0.773157646875 0.7881210953125 0.8451467734375001 0.786500821875 0.9001733265625 0.8507955671874999 0.9392890625 0.90615029375 0.9728396203124999 0.9728532937500001 0.9707804734375