0 1 0.1914875015625 0.8444739109375 0.20417942656250002 0.847058821875 0.2640522890625 1 0.2540405515625 1 0.1914875015625
0 0.29281045781250004 0.0862745109375 0.02875816875 0.1045751640625 0.0235294140625 0.177777778125 0.27973855937500003 0.16993464062500002 0.29281045781250004 0.0862745109375
0 0.2849673203125 0.16209150156250002 0.0313725515625 0.1751634 0.026143790625000003 0.25359477343750003 0.2849673203125 0.222222221875 0.2849673203125 0.16209150156250002
0 0.2823529421875 0.2248366 0.026143790625000003 0.258823528125 0.0313725515625 0.3111111109375 0.28758169843750003 0.2849673203125 0.2823529421875 0.2248366
0 0.28758169843750003 0.3006535953125 0.039215684375 0.3137254890625 0.047058821875000004 0.373856209375 0.2823529421875 0.360784315625 0.28758169843750003 0.3006535953125
0 0.3058823515625 0.366013071875 0.0418300671875 0.373856209375 0.04444444375 0.42875816875000006 0.3032679734375 0.4235294140625 0.3058823515625 0.366013071875
0 0.3032679734375 0.41830065312500003 0.0575163375 0.43660130625000004 0.06274509843750001 0.4888888890625 0.29281045781250004 0.49150326718750004 0.3032679734375 0.41830065312500003
0 0.3006535953125 0.4758169953125 0.054901959374999997 0.49150326718750004 0.0601307203125 0.5359477109374999 0.29803921718750004 0.541176471875 0.3006535953125 0.4758169953125
0 0.316339871875 0.541176471875 0.0522875828125 0.5437908484375 0.0496732046875 0.5986928093749999 0.316339871875 0.5986928093749999 0.316339871875 0.541176471875
0 0.3006535953125 0.601307190625 0.054901959374999997 0.6039215687499999 0.0496732046875 0.6640522890625 0.3058823515625 0.658823528125 0.3006535953125 0.601307190625
0 0.3215686265625 0.6640522890625 0.0496732046875 0.6718954265625 0.0575163375 0.7189542484375 0.3137254890625 0.7084967328125 0.3215686265625 0.6640522890625
0 0.3084967328125 0.7111111109375 0.047058821875000004 0.7084967328125 0.04444444375 0.7764705859375 0.2954248359375 0.781699346875 0.3084967328125 0.7111111109375
0 0.3006535953125 0.781699346875 0.047058821875000004 0.77908496875 0.039215684375 0.8313725515625 0.29803921718750004 0.8392156843749999 0.3006535953125 0.781699346875
0 0.3006535953125 0.8392156843749999 0.047058821875000004 0.8366013062500001 0.039215684375 0.8862745109375 0.29281045781250004 0.8888888890625 0.3006535953125 0.8392156843749999
0 0.3006535953125 0.8941176484375 0.054901959374999997 0.8862745109375 0.054901959374999997 0.9359477109375 0.28758169843750003 0.956862746875 0.3006535953125 0.8941176484375
0 0.5490196093749999 0.1150326796875 0.3006535953125 0.1176470578125 0.3006535953125 0.1830065375 0.5516339859375 0.159477125 0.5490196093749999 0.1150326796875
0 0.5437908484375 0.177777778125 0.3084967328125 0.201307190625 0.3032679734375 0.26928104375 0.559477125 0.2379084984375 0.5437908484375 0.177777778125
0 0.5620915015625 0.2457516359375 0.3084967328125 0.27450980468749997 0.3032679734375 0.3241830046875 0.5542483640625 0.3084967328125 0.5620915015625 0.2457516359375
0 0.316339871875 0.38692810624999996 0.559477125 0.366013071875 0.559477125 0.3058823515625 0.3241830046875 0.33202614218750004 0.3189542484375 0.352941178125 0.316339871875 0.38692810624999996
0 0.5803921562500001 0.3686274484375 0.33202614218750004 0.389542484375 0.3294117640625 0.44705882187499996 0.5751634 0.43660130625000004 0.5803921562500001 0.3686274484375
0 0.3215686265625 0.4941176484375 0.5803921562500001 0.4888888890625 0.5830065375 0.43660130625000004 0.3189542484375 0.43921568437499997 0.3137254890625 0.43921568437499997 0.3215686265625 0.4941176484375
0 0.590849671875 0.5071895421875 0.3241830046875 0.49150326718750004 0.3241830046875 0.5542483640625 0.5830065375 0.5673202625 0.590849671875 0.5071895421875
0 0.5934640531250001 0.5725490171875001 0.3294117640625 0.5542483640625 0.3294117640625 0.6039215687499999 0.58823529375 0.6326797375 0.5934640531250001 0.5725490171875001
0 0.590849671875 0.630065359375 0.33986927968749997 0.6091503281249999 0.3294117640625 0.6692810437500001 0.5830065375 0.6823529421875 0.590849671875 0.630065359375
0 0.5803921562500001 0.7503267953125 0.316339871875 0.7111111109375 0.3189542484375 0.77124183125 0.5673202625 0.8 0.5803921562500001 0.7503267953125
0 0.58823529375 0.8183006531249999 0.334640525 0.784313725 0.33202614218750004 0.8418300671875001 0.5725490171875001 0.8705882359375 0.58823529375 0.8183006531249999
0 0.569934640625 0.8627450984375 0.3137254890625 0.847058821875 0.3084967328125 0.9045751640624999 0.5673202625 0.9254901953125 0.569934640625 0.8627450984375
0 0.8313725515625 0.149019609375 0.6954248359374999 0.156862746875 0.6928104578125 0.20653594687500001 0.8392156843749999 0.201307190625 0.8313725515625 0.149019609375
0 0.8366013062500001 0.190849671875 0.6771241828125001 0.21176470625000002 0.6875816984374999 0.2562091515625 0.8418300671875001 0.2457516359375 0.8366013062500001 0.190849671875
0 0.8418300671875001 0.2483660140625 0.6866715015625 0.25217735937499997 0.6901960796875 0.3058823515625 0.8444444437499999 0.2901960796875 0.8418300671875001 0.2483660140625
0 0.8444444437499999 0.2954248359375 0.6954248359374999 0.3111111109375 0.6980392171875 0.366013071875 0.847058821875 0.352941178125 0.8444444437499999 0.2954248359375
0 0.8313725515625 0.33986927968749997 0.6901960796875 0.3686274484375 0.7058823515625 0.415686275 0.847058821875 0.394771240625 0.8313725515625 0.33986927968749997
0 0.8392156843749999 0.46013072031249996 0.6954248359374999 0.46013072031249996 0.6849673203125 0.5124183015625 0.8366013062500001 0.5098039203125 0.8392156843749999 0.46013072031249996
0 0.8313725515625 0.5228758171875 0.6928104578125 0.5150326796875 0.6928104578125 0.5725490171875001 0.833986928125 0.5751634 0.8313725515625 0.5228758171875
0 0.8392156843749999 0.577777778125 0.6797385593749999 0.5725490171875001 0.6718954265625 0.6274509828125 0.826143790625 0.640522875 0.8392156843749999 0.577777778125
0 0.8418300671875001 0.640522875 0.6771241828125001 0.640522875 0.6692810437500001 0.6771241828125001 0.833986928125 0.6901960796875 0.8418300671875001 0.640522875
0 0.847058821875 0.6901960796875 0.6745098046875 0.6823529421875 0.6718954265625 0.7398692796875 0.8418300671875001 0.7477124171875 0.847058821875 0.6901960796875
0 0.847058821875 0.7477124171875 0.6797385593749999 0.7450980406250001 0.6771241828125001 0.8 0.8392156843749999 0.794771240625 0.847058821875 0.7477124171875
0 0.8496732046875 0.815686275 0.6849673203125 0.8026143781249999 0.6771241828125001 0.854901959375 0.847058821875 0.8627450984375 0.8496732046875 0.815686275
0 0.9934640531250001 0.1464052265625 0.8705882359375 0.1437908484375 0.8705882359375 0.19346405312499998 0.990849671875 0.18823529375 0.9934640531250001 0.1464052265625
0 0.9882352937500001 0.2483660140625 0.8601307203124999 0.2666666671875 0.8679738578125 0.3137254890625 0.99607843125 0.29281045781250004 0.9882352937500001 0.2483660140625
0 1 0.360784315625 0.8627450984375 0.360784315625 0.8601307203124999 0.415686275 0.990849671875 0.41307189375000003 1 0.360784315625
0 0.998692809375 0.4627450984375 0.8679738578125 0.4679738578125 0.854901959375 0.5333333328125 0.998692809375 0.5281045734375 0.998692809375 0.4627450984375
0 0.998692809375 0.53071895625 0.8444444437499999 0.53071895625 0.8496732046875 0.577777778125 0.998692809375 0.58823529375 0.998692809375 0.53071895625
0 0.998692809375 0.5803921562500001 0.8522875828125 0.59607843125 0.8522875828125 0.643137253125 0.99607843125 0.630065359375 0.998692809375 0.5803921562500001
0 0.998692809375 0.6379084984375 0.84266009375 0.642251021875 0.8444739109375 0.7029909421875 1 0.6954248359374999 0.998692809375 0.6379084984375
0 1 0.6957384140625 0.84266009375 0.7011778093750001 0.850822284375 0.75013236875 1 0.7546652 1 0.6957384140625
0 1 0.75013236875 0.8517291953124999 0.75013236875 0.85263610625 0.803619759375 1 0.8009000625 1 0.75013236875
0 0.99607843125 0.8078431374999999 0.8627450984375 0.8130718937499999 0.8698674046875 0.866172809375 1 0.8643596796875 0.99607843125 0.8078431374999999
0 0.8517291953124999 0.8697990750000001 0.6766954890625 0.8562005859375 0.6721609374999999 0.913314240625 0.8517291953124999 0.9232864671875 0.8517291953124999 0.8697990750000001
0 1 0.8679738578125 0.8535430171874999 0.870705640625 0.8535430171874999 0.92781929375 1 0.9160339375 1 0.8679738578125
0 0.6912060578125 0.12888439062499998 0.5587971375 0.1189121640625 0.561517871875 0.1769323859375 0.6830438625 0.17330612031249998 0.6912060578125 0.12888439062499998
0 0.6776023999999999 0.1823717828125 0.5597040484375 0.183278346875 0.559477125 0.2379084984375 0.673974759375 0.23223290625 0.6776023999999999 0.1823717828125