0 0.5430375484375001 0.44757950468749996 0.49340259062499997 0.4573928453125 0.41374154062499996 0.43940171718750004 0.362268246875 0.42795282031250004 0.2574833328125 0.42141058749999993 0.2299083515625 0.4557572890625 0.23848723593750001 0.484379540625 0.255645 0.49419288124999994 0.2568705515625 0.4966462171875 0.2568705515625 0.49828177343749996 0.2562766984375 0.498418159375 0.3218249453125 0.502370665625 0.3745237953125 0.5064595625 0.43886540937499996 0.5236329078125 0.4750192703125 0.532628475 0.5975747296875 0.510548453125 0.619021934375 0.4819262015625 0.6012513937499999 0.43694838125 0.5430375484375001 0.44757950468749996
0 0.6006386140625 0.5718818453125001 0.6147324937499999 0.5955974234375 0.6907168765625 0.5391707015625 0.696844653125 0.5048240046875 0.6802996640625001 0.48683287656249996 0.6092827640625 0.5262368453125 0.6006386140625 0.5718818453125001
0 0.607379165625 0.11210965937499999 0.4768576015625 0.0237895765625 0.2391166796875 0.11713849999999999 0.23785579218750003 0.11620273125 0.23358501562499998 0.1464563609375 0.2519683359375 0.18080305624999998 0.4725681625 0.1358252375 0.5957363984375 0.192251959375 0.615958046875 0.153816365625 0.607379165625 0.11210965937499999
0 0.441929296875 0.4459439484375 0.4731809375 0.453303953125 0.49462814218749995 0.45821062343749996 0.50872201875 0.45003284062500004 0.5381353328125 0.4492150625 0.57428919375 0.4434906140625 0.5981875062500001 0.43449504687499996 0.6141197140625 0.41650391718749996 0.6257624828125 0.3895172265625 0.620247490625 0.37888610312500004 0.6006386140625 0.3600772015625 0.581029740625 0.3518994125 0.5222031234375 0.3559883046875 0.49033870312500005 0.3576238609375 0.45295928593749996 0.351081634375 0.41129043281250005 0.343721628125 0.38126434374999996 0.338814953125 0.33101660625 0.340450515625 0.27280276406250004 0.34126829375 0.2568705515625 0.3469927421875 0.2207309453125 0.377325046875 0.22010391562499998 0.377250546875 0.23174668281250002 0.4091439125 0.255645 0.42549948437499996 0.31385884218750004 0.42468170625 0.362268246875 0.43285948906250005 0.401485996875 0.43940171718750004 0.441929296875 0.4459439484375
0 0.523428675 0.2570370984375 0.4805342671875 0.2488593140625 0.3702343515625 0.24477042343750002 0.3469488140625 0.2545837625 0.2875094171875 0.270939334375 0.25441944375 0.2652148859375 0.24829167187499998 0.2782993453125 0.22715955625 0.3097858765625 0.2538066671875 0.34453940781250003 0.383102675 0.34290385 0.45663595 0.351081634375 0.4958536984375 0.3608949796875 0.5920597328125 0.35680608281250004 0.6147324937499999 0.3314549484375 0.633728590625 0.312646040625 0.6257624828125 0.297926025 0.5914469578125 0.26357932968750003 0.523428675 0.2570370984375
0 0.5840936296875 0.2683956796875 0.6110558296875 0.24549788125 0.620247490625 0.21605785625 0.5908341781249999 0.185800046875 0.5117859078125 0.14818223125000002 0.4394781859375 0.1416400046875 0.35491491875 0.14981779374999998 0.2715772078125 0.1800755984375 0.22747238281249998 0.21123111875 0.22807001875 0.2111511859375 0.22623168749999997 0.25204011406250004 0.255645 0.2724845765625 0.3095694015625 0.2643067890625 0.37084713125 0.2471334375 0.4897259265625 0.2536756703125 0.5840936296875 0.2683956796875
0 0.5883644015625 0.5147318453125 0.48786892656249997 0.5400829796875 0.3757306796875 0.505736278125 0.3199679453125 0.502465165625 0.25623910781250003 0.4967407171875 0.2562766984375 0.498418159375 0.22560024374999998 0.5319051953125 0.222536359375 0.5433540921875 0.24704744843749998 0.5850607984375 0.33283627031249996 0.590785253125 0.4866433703125 0.6234963921875 0.5914282890625 0.5777007937499999 0.6159393828125 0.53762964375 0.5883644015625 0.5147318453125
0 0.6055221656249999 0.6120474953125 0.5767216328125 0.5793363499999999 0.48296670625000004 0.6267675046875001 0.413110096875 0.609594159375 0.31751683750000004 0.5883319124999999 0.2396941234375 0.5809719078125 0.2391166796875 0.5826924171875 0.21089359062500002 0.61777194375 0.2354046796875 0.658660871875 0.2513368921875 0.6627497625000001 0.311389065625 0.675834221875 0.40330566093750003 0.6987320203125 0.476838934375 0.7150875921875001 0.5810110734375 0.644758634375 0.6055221656249999 0.6120474953125
0 0.6061349453125 0.6831942265625 0.5748833015625 0.648847525 0.476838934375 0.7142698140625 0.40085455156250005 0.7020031343750001 0.3089379578125 0.6774697781250001 0.24153245625 0.661931984375 0.24034239375 0.662875690625 0.21273191875 0.688100896875 0.2354046796875 0.7379853921875 0.2623668796875 0.7396209484375 0.3309979375 0.7543409640625 0.4345573015625 0.786234325 0.49583503125000006 0.793594334375 0.579172740625 0.7118164796875 0.6061349453125 0.6831942265625
0 0.3003590734375 0.8156743562500001 0.3450918140625 0.8320299234374999 0.476838934375 0.8958166500000001 0.5810110734375 0.7976832265625 0.6000071703125001 0.78786988125 0.6091988296874999 0.7527054078125001 0.57618844375 0.7201494640625 0.5754960812500001 0.71835870625 0.48296670625000004 0.8001365625 0.35305792343750003 0.7600654125 0.2501113359375 0.7404387265625 0.20599137031249998 0.7813276546875 0.2323407953125 0.804225453125 0.3003590734375 0.8156743562500001
0 0.5191205671875 0.9351151796874999 0.5902027328125 0.8476128765625001 0.59939439375 0.8222617421875 0.5779471890625001 0.8018172781249999 0.48112837500000005 0.8901373609375 0.3567345875 0.840252871875 0.27891186874999996 0.8091772828125 0.24398356406250002 0.812448396875 0.244019540625 0.8126056859374999 0.2041530390625 0.853292165625 0.21334469843749998 0.8704655156250001 0.32548294218749996 0.8966344328125 0.43394452499999997 0.9448833656250001 0.46642172187500003 0.9588307578125 0.4890944828125 0.9621018765624999 0.49889891875 0.9596485359375 0.5191205671875 0.9351151796874999
0 0.6833913093749999 0.7551763046875 0.670522984375 0.754358525 0.6251774671875 0.8230519234375 0.6074069234375 0.8230519234375 0.6068313328125 0.822424046875 0.580444721875 0.8524919484375 0.5730913984375 0.8688475203125 0.5718658421875 0.8786608656249999 0.6374330109375 0.8966519953125 0.6558163328125 0.8614875156249999 0.69258296875 0.8107852421875 0.6993235171875 0.787069665625 0.6833913093749999 0.7551763046875
0 0.6196624703125 0.7437274015625001 0.6110835875 0.760082975 0.611734196875 0.76105929375 0.5792191703125 0.779709659375 0.5890236062499999 0.802607459375 0.5976024859375 0.8320474843750001 0.6386585671875 0.8238697015625001 0.6944213015625 0.738002953125 0.6931957453125001 0.7126518203125001 0.6711357640625 0.6971140250000001 0.6196624703125 0.7437274015625001
0 0.6049558140625 0.69547846875 0.6037302625 0.694660690625 0.5890236062499999 0.7134695984375 0.606794146875 0.75272296875 0.6245646875 0.753540746875 0.6833913093749999 0.6889362375 0.7023874046875 0.6488650875 0.6784890921875 0.6251495109375 0.6227263546875 0.665220659375 0.6049558140625 0.69547846875
0 0.6840040843749999 0.5580916703125001 0.66623354375 0.55154944375 0.61292191875 0.612882834375 0.6123470546875 0.6137838921875 0.5976024859375 0.6292384015625 0.592087490625 0.649682865625 0.5963769343750001 0.6758517828125 0.620275246875 0.68157623125 0.6398841203125001 0.6603139890625 0.69258296875 0.6153361703125 0.707289625 0.582625025 0.6840040843749999 0.5580916703125001
0 0.6104708109375 0.45250791718750005 0.609858034375 0.4835835046875 0.5963769343750001 0.512205753125 0.6147602515624999 0.5244724328125 0.686455196875 0.4852190625 0.7109662859375 0.454961253125 0.695646853125 0.428792340625 0.6155331703125 0.4541969015625 0.6104708109375 0.45250791718750005
0 0.6833913093749999 0.3600086234375 0.6209270625000001 0.3756886546875 0.618436915625 0.3763641953125 0.6270158 0.4008975515625 0.6061813703125 0.4147997890625 0.61292191875 0.4565064953125 0.696872409375 0.42870202031250004 0.711579065625 0.3878130921875 0.6833913093749999 0.3600086234375
0 0.7023874046875 0.34442567031250004 0.710353509375 0.3207100921875 0.695646853125 0.2920878453125 0.634409934375 0.29795996874999997 0.6374330109375 0.29781229374999996 0.623339134375 0.3051723046875 0.62885413125 0.3329767734375 0.609858034375 0.37304792343750004 0.6227263546875 0.3755012578125 0.6797146453125 0.357510128125 0.7023874046875 0.34442567031250004
0 0.645399115625 0.22330412812499997 0.6227656374999999 0.21695849531250003 0.621500803125 0.21594411875000002 0.59944081875 0.2658286140625 0.6196624703125 0.30426420625 0.695646853125 0.2936330828125 0.7152557296875 0.2543797109375 0.7079024015625001 0.22902857656250003 0.645399115625 0.22330412812499997
0 0.6190496953125 0.1856863140625 0.61598580625 0.2192152375 0.708515178125 0.230664134375 0.72628571875 0.1930463203125 0.7017746296875 0.1603351796875 0.6135346984375001 0.135801825 0.614185625 0.1375934171875 0.6190496953125 0.1856863140625
0 0.7165328718749999 0.2341406234375 0.774099084375 0.2520166953125 0.79003129375 0.215216659375 0.7894185171875 0.211945546875 0.764907425 0.1825055203125 0.7152724640625 0.1767810671875 0.7066935828124999 0.22911889687500003 0.7164980187500001 0.2372966796875 0.7165328718749999 0.2341406234375
0 0.7906440734375 0.283092278125 0.7655202 0.2495633609375 0.714714575 0.23745579375 0.7158852437500001 0.2757322734375 0.7036296953125001 0.29944785 0.7679713125000001 0.3084434171875 0.7906440734375 0.283092278125
0 0.7091785796875001 0.3061419328125 0.7066935828124999 0.3027189640625 0.7232385671875 0.3362478859375 0.704242475 0.36895903125 0.7955462890625 0.371412365625 0.8261851546875001 0.3329767734375 0.7790013015625 0.3019011859375 0.7091785796875001 0.3061419328125
0 0.7624972046875 0.41823488124999997 0.7642946484375 0.4263390046875 0.80473795 0.4238856703125 0.825572378125 0.40344120625 0.8084146140625 0.37236561875 0.763681871875 0.37236561875 0.7832907453125 0.3977167578125 0.7624972046875 0.41823488124999997
0 0.7630690921875 0.3690945046875 0.7097914359375 0.37487045937499996 0.7097574671875 0.37563673125 0.7232385671875 0.40180565 0.7011785875000001 0.42306789218749996 0.6993402546875 0.4394234640625 0.7569413203125 0.42306789218749996 0.786967409375 0.4001700921875 0.7630690921875 0.3690945046875
0 0.7061142890625 0.43868979843749994 0.7103702468749999 0.4680457109375 0.6950508140625 0.4958501796875 0.7011785875000001 0.512205753125 0.7538774328125 0.4803123921875 0.7777757484375 0.4516901390625 0.75326465625 0.42061455625 0.706080803125 0.43860568593749993 0.7061142890625 0.43868979843749994
0 0.7403963328125001 0.487672396875 0.6963085671875 0.5156002890625 0.708531915625 0.5490057890625 0.6993402546875 0.571085809375 0.733655784375 0.5498235671875 0.7587796531250001 0.5334679953125 0.7722607531250001 0.5023924125 0.7459113281249999 0.486036840625 0.7403963328125001 0.487672396875
0 0.738558 0.545779834375 0.7055014328125 0.57287405625 0.7115958 0.610384340625 0.6993402546875 0.639824365625 0.7201746828125 0.6324643609375 0.7495879921874999 0.6087487828125 0.7618435406249999 0.5964821031249999 0.7747118609375 0.563770959375 0.738558 0.545779834375
0 0.693825259375 0.7085177687499999 0.7508135484375 0.6594510515625001 0.763681871875 0.6439132578125 0.7422346640625 0.6095665625 0.70380434375 0.644571953125 0.6803441578125 0.6856199640625 0.6791186015624999 0.69461553125 0.693825259375 0.7085177687499999
0 0.692599703125 0.710971103125 0.6944699921875 0.712785690625 0.6889230421875 0.7412289078125001 0.683408046875 0.76249115 0.694438034375 0.7600378140624999 0.7373324484375 0.7134244375 0.7520391 0.69461553125 0.7569413203125 0.6774421796875 0.7452985515624999 0.66681105625 0.692599703125 0.710971103125
0 0.7410091125 0.7142422171875 0.6999857140625 0.7684230671875001 0.6975019234375 0.761673371875 0.7005658109375 0.7706689375 0.6956635906249999 0.805015634375 0.6993402546875 0.8107400874999999 0.71343413125 0.7992911859375 0.7508135484375 0.7534955875 0.7410091125 0.7142422171875
0 0.8053507265625001 0.487672396875 0.822508490625 0.45905015000000005 0.80596350625 0.43042789687500005 0.7679713125000001 0.4263390046875 0.771035196875 0.445965690625 0.7612307609375 0.4950324015625 0.7624972046875 0.49269077812499995 0.8053507265625001 0.487672396875
0 0.8028996171875 0.4852190625 0.7686257796875 0.49269077812499995 0.7685840890625 0.4925790671875 0.771035196875 0.5146590875 0.759392428125 0.5498235671875 0.7685840890625 0.5498235671875 0.8139296093749999 0.5293791031249999 0.8206701578125 0.504845746875 0.8028996171875 0.4852190625
0 0.8280234859375 0.5653613609375 0.8035123937499999 0.543281340625 0.7723029265625 0.5573283203125 0.778388525 0.5694502531250001 0.76613298125 0.581716928125 0.759392428125 0.597254721875 0.7679713125000001 0.614428071875 0.8176062734375 0.5898947171875 0.83170015 0.58417026875 0.8280234859375 0.5653613609375
0 0.761884346875 0.6203294640625 0.7526518796875 0.665993278125 0.7728735296875 0.653726603125 0.8182190500000001 0.622651015625 0.8157679421875 0.6005709953125 0.8028996171875 0.5964821031249999 0.783903521875 0.610384340625 0.761884346875 0.6203294640625
0 0.7557157640625001 0.6782599593749999 0.7551029890625001 0.6749888453125 0.7410091125 0.7207844437500001 0.7618435406249999 0.721602221875 0.8071890578125 0.665993278125 0.8108657218750001 0.6414599234375 0.7955462890625 0.63737103125 0.7557157640625001 0.6782599593749999
0 0.77961408125 0.7534955875 0.80473795 0.723237778125 0.812091278125 0.6741710671875001 0.7533043359375 0.7332406078125 0.7471368843749999 0.7747578296875 0.77961408125 0.7534955875