0 0 0.478609625 0.05576208125 0.478609625 0.1561338296875 0.4652406421875 0.17286245312499998 0.27272727343750003 0.08921933125 0.2620320859375 0 0.2566844921875 0 0.478609625
0 0.399628253125 0.2513368984375 0.3048327140625 0.2433155078125 0.1951672859375 0.2406417109375 0.176579925 0.4598930484375 0.2713754640625 0.48395721875 0.3605947953125 0.4893048125 0.5018587359375 0.486631015625 0.513011153125 0.37967914375 0.5018587359375 0.27540106875000003 0.399628253125 0.2513368984375
0 0.36245353125 0.684491978125 0.3550185875 0.5935828875 0.3568773234375 0.513368984375 0.317843865625 0.502673796875 0.25092936875 0.5 0.189591078125 0.4893048125 0.0985130109375 0.4893048125 0.014869889062499999 0.5 0.0055762078125 0.6176470593750001 0 0.7192513375 0.068773234375 0.7192513375 0.1505576203125 0.7272727265625 0.2639405203125 0.7192513375 0.3494423796875 0.71390374375 0.36245353125 0.684491978125
0 0.1747211890625 0.8449197859375 0.1747211890625 0.7352941171875 0.14498141250000002 0.7272727265625 0.0706319703125 0.7379679140625 0.014869889062499999 0.7299465234375 0.0018587359375000002 0.8716577546875 0.0018587359375000002 0.9572192515625 0.0390334578125 0.9572192515625 0.092936803125 0.9465240640625 0.1561338296875 0.9491978609375 0.17286245312499998 0.8983957218749999 0.1747211890625 0.8449197859375
0 0.43680297343749996 0.9465240640625 0.4944237921875 0.9518716578124999 0.513011153125 0.9251336890624999 0.520446096875 0.8582887703125 0.5223048328125001 0.799465240625 0.503717471875 0.7486631015625 0.44981412656249997 0.7406417109375 0.39776951718750003 0.7326203203125 0.3364312265625 0.7459893046875 0.2750929375 0.7459893046875 0.2044609671875 0.7352941171875 0.18773234218749998 0.820855615625 0.18773234218749998 0.8368983953125 0.182156134375 0.91176470625 0.237918215625 0.9385026734374999 0.310408921875 0.9411764703125 0.38104089218750004 0.9385026734374999 0.43680297343749996 0.9465240640625
0 0.721189590625 0.6951871656249999 0.71747211875 0.6336898390625 0.7081784390625 0.5668449203125 0.70074349375 0.4893048125 0.6747211890625 0.4893048125 0.6263940515625 0.4893048125 0.576208178125 0.513368984375 0.511152415625 0.50534759375 0.46282527812499996 0.508021390625 0.39776951718750003 0.518716578125 0.3921933078125 0.6149732625000001 0.3921933078125 0.687165775 0.42750929375 0.7326203203125 0.527881040625 0.7326203203125 0.6078066921875 0.716577540625 0.676579925 0.7219251343749999 0.721189590625 0.6951871656249999
0 1 0.5935828875 0.988847584375 0.491978609375 0.9442379187500001 0.486631015625 0.87918215625 0.478609625 0.8382899625 0.478609625 0.7936802968750001 0.478609625 0.7583643125 0.491978609375 0.7323420078125 0.5721925140625 0.7360594796875 0.6470588234375 0.802973978125 0.679144384375 0.8810408921875 0.687165775 0.9535315984375 0.6951871656249999 0.996282528125 0.679144384375 1 0.6497326203125 1 0.5935828875
0 0.8884758359375 0.4625668453125 0.91078066875 0.4331550796875 0.903345725 0.3422459890625 0.890334571875 0.2513368984375 0.8438661703125 0.2540106953125 0.7881040890625 0.2459893046875 0.7249070625 0.2406417109375 0.6710037171875001 0.2486631015625 0.6022304828125 0.2540106953125 0.600371746875 0.3422459890625 0.5947955390625 0.393048128125 0.617100371875 0.478609625 0.6710037171875001 0.478609625 0.7379182156249999 0.4572192515625 0.79925650625 0.4518716578125 0.8884758359375 0.4625668453125
0 0.8568773234375 0.91176470625 0.907063196875 0.893048128125 0.9200743499999999 0.8636363640625 0.9126394046874999 0.7807486625 0.903345725 0.716577540625 0.8736059484375 0.689839571875 0.83085501875 0.711229946875 0.7676579921875 0.7219251343749999 0.70074349375 0.7299465234375 0.6022304828125 0.7299465234375 0.596654275 0.79679144375 0.585501859375 0.8689839578124999 0.5817843859375 0.9385026734374999 0.6579925656250001 0.9358288765625 0.7267658 0.9304812828125 0.786245353125 0.919786096875 0.8568773234375 0.91176470625
0 1 0.2318656625 0.9993288218749999 0.232100428125 0.9557693609375001 0.2296386421875 0.9216970078125 0.23854674375 0.9232457515625001 0.354352059375 0.9139532906250001 0.4590222453125 1 0.46793034687499996 1 0.2318656625
0 0.9449281562499999 0.68840585 0.92479449375 0.7329463578125 0.9170507765625 0.9222435078125001 1 0.9222435078125001 0.9913904578125001 0.7106761015624999 1 0.695086925 0.9977798734375 0.6911022078125 0.9449281562499999 0.68840585