0 0 0.6103785359375 0.092958009375 0.596704240625 0.0804501015625 0.48567166874999995 0 0.505445603125 0 0.6103785359375
0 0 0.7518153734374999 0.1236591859375 0.7235817531250001 0.09689340937499999 0.6153945125 0 0.627092409375 0 0.7518153734374999
0 0 0.8650223374999999 0.01998554375 0.8714961203125 0.13680116874999998 0.8746265843750001 0.128093384375 0.7523853125 0 0.7743509875 0 0.8650223374999999
0 0.8167730093750001 0.139307896875 0.793692496875 0.170644596875 0.799910121875 0.205926921875 0.8223312203124999 0.25200265625 0.853070709375 0.23978102968749998 0.8764668171875 0.22240834999999998 0.8522134015624999 0.1618772953125 0.8167730093750001 0.139307896875
0 0.77732416875 0.1792043015625 0.7600090500000001 0.1458719515625 0.7332639015625 0.14829800625 0.684969078125 0.129881825 0.709147121875 0.1737543125 0.71608541875 0.2009530125 0.7132027203125 0.2332875359375 0.6992225265625 0.2675720359375 0.6861278656249999 0.2744198015625 0.6895522734374999 0.30602498125 0.7211772875 0.2663666265625 0.741615328125 0.264669903125 0.7593355234375 0.27595460312500003 0.7843237234375 0.27573179531249997 0.7975078718749999 0.2328723609375 0.77732416875 0.1792043015625
0 0.7210124328124999 0.2857197296875 0.6953035578125 0.29402616875 0.6635278 0.300367403125 0.6770134296875 0.3241422234375 0.7023925984375 0.3545419875 0.7101269421875 0.3903156203125 0.7358358171875 0.38200918125 0.752924825 0.36536584375 0.7766365265624999 0.36195718125 0.782552665625 0.330605265625 0.787823503125 0.3239955296875 0.7607627640625 0.312457571875 0.7434476453125 0.2791252234375 0.7210124328124999 0.2857197296875
0 0.7969379390625 0.2742731140625 0.7785724390625 0.28773060781250004 0.7831979734375001 0.305863071875 0.786306784375 0.323504234375 0.7871781999999999 0.348737734375 0.8063397468750001 0.34385517499999996 0.8265375609375001 0.34485299999999997 0.8383557296875 0.3348193921875 0.85233591875 0.3005348859375 0.8363726687499999 0.2870469453125 0.8267165265624999 0.2728296625 0.8115493203125 0.26791665 0.7969379390625 0.2742731140625
0 0.6741118109375 0.129137265625 0.6236690671875 0.082301746875 0.5680308609375 0.05873451875 0.5230097 0.038606396875 0.4989845875 0.0207092953125 0.3213965140625 0.0133388796875 0.342821453125 0.0467758125 0.35965611875 0.085497246875 0.3923786625 0.12104806562499999 0.41121050312499996 0.1548717234375 0.4666838515625 0.1977920484375 0.5128166546874999 0.2404591203125 0.579462871875 0.2980880359375 0.6142720703125 0.292729403125 0.646452909375 0.2643405125 0.68150233125 0.25628733125 0.6945216249999999 0.232781 0.7016388890624999 0.1879563734375 0.7018791156249999 0.185261825 0.6741118109375 0.129137265625
0 0.40637777656249996 0.3141030484375 0.41905325 0.38197316875 0.465261425 0.4412988015625 0.51442766875 0.4849484640625 0.5706970671875 0.5364437343749999 0.6367403140625 0.46080414999999997 0.7188834453124999 0.48463986718749996 0.7072442437500001 0.42265014531249995 0.70844536875 0.409177428125 0.6835466515624999 0.37338857187499996 0.674295584375 0.3371236453125 0.64939686875 0.30133478281250003 0.6241684421875 0.3042521453125 0.5914317796875 0.32137154843750004 0.562298496875 0.2980728125 0.5280592296875 0.2620306984375 0.48902958124999996 0.22720921718749998 0.44800275625 0.1972855234375 0.396043296875 0.1499587109375 0.3689071828125 0.12176218125 0.3406453140625 0.123696934375 0.315252034375 0.1459673921875 0.31164865937499997 0.1863855484375 0.3392511109375 0.2618632234375 0.40637777656249996 0.3141030484375
0 0.658907078125 0.56224465 0.68406013125 0.5426687343750001 0.6548514796875 0.502711434375 0.5968863953125 0.5227482046875 0.542675425 0.5356839453125 0.47243994999999994 0.4658029453125 0.4274328984375 0.39300460312499996 0.3872916015625 0.33564416874999997 0.345393365625 0.28048698125 0.308511625 0.27408485 0.294291209375 0.3110638921875 0.2970703109375 0.3674112703125 0.340800865625 0.4370237765625 0.39387197343749997 0.5068895421875 0.43057474375 0.58531501875 0.48300054374999996 0.6799229765625 0.569076753125 0.62463433125 0.620419134375 0.5913628796875 0.658907078125 0.56224465
0 0.3354264359375 0.5323154031249999 0.36543113437499997 0.5808476265625 0.38378252343749997 0.6200603671875 0.40675944218750004 0.677405578125 0.439317134375 0.73230949375 0.46812070937500005 0.7943144515625 0.4912624859375 0.8323065421875 0.5228875000000001 0.792648175 0.5737494328125 0.7647658125000001 0.6047291421875001 0.7498496453125 0.62740458125 0.7405606031249999 0.6420159625 0.7342041390625 0.667183128125 0.6619579812499999 0.654493546875 0.646758103125 0.6336645375 0.6178322406250001 0.6109137328124999 0.6104627296875 0.5773810296875 0.6190072046874999 0.54871408125 0.6429896078125 0.52635424375 0.66624266875 0.493301990625 0.669398065625 0.46751774375000005 0.6610459453125 0.4470938140625 0.610072428125 0.41301940468750004 0.5546772046874999 0.3680123546875 0.4818788609375 0.3473482 0.4335998859375 0.3285917328125 0.4164348015625 0.3180500609375 0.429654253125 0.32937366562500003 0.47767996406249996 0.3354264359375 0.5323154031249999
0 0.3257420703125 0.623438571875 0.3700284453125 0.7043205546875 0.394206490625 0.7481930421875 0.439529134375 0.8349554156250001 0.46050888125 0.8971983968749999 0.5021668984375001 0.9550501265625 0.5580594390625 0.9232525781250001 0.5866510171875 0.8826116203125001 0.6141168375 0.8721019390625001 0.6464625296875 0.8243599390625 0.6653838484375 0.822171921875 0.67353738125 0.783227675 0.655501590625 0.7579789578125 0.63426750625 0.751100740625 0.611111621875 0.7657788671875 0.5778945140625 0.7882873734375 0.548671746875 0.8010002953124999 0.529105121875 0.8279305062500001 0.507946409375 0.8377108609375 0.4818465640625 0.8153947171875 0.45910987187499996 0.7553549765625001 0.4220773890625 0.7156357046874999 0.3764391453125 0.61490931875 0.34987296562500003 0.5453120421875 0.3321527703125 0.5340273375 0.31227055 0.5469935296874999 0.3089074015625 0.5847171390625 0.3257420703125 0.623438571875
0 0.3202213890625 0.072723421875 0.26697132031250004 0.0748809875 0.241907746875 0.05844524062499999 0.21005661562500003 0.048127915625 0.186269540625 0.0348780125 0.1627980578125 0.035592120312499996 0.1365333609375 0.032629090625 0.13037700000000002 0.0666755546875 0.1391476109375 0.10832957812499999 0.1731466515625 0.147066234375 0.211380259375 0.1733127765625 0.24698550312499998 0.17652907812500002 0.300070715625 0.1937246140625 0.3239472796875 0.1709628546875 0.32579370625 0.1327479453125 0.323645796875 0.104328603125 0.3202213890625 0.072723421875
0 0.2322092671875 0.20223864531250002 0.20794173593749998 0.19437783125000002 0.1819172671875 0.18872025312500001 0.1684316390625 0.1649454390625 0.1402451390625 0.183538759375 0.12371195625 0.211451565625 0.1440605140625 0.2457665234375 0.190913996875 0.2803499578125 0.22722580468750003 0.3281528546875 0.29181358749999997 0.321350759375 0.3042016890625 0.26991639218749996 0.30333027343749996 0.24468290312500002 0.3062129734375 0.2123483859375 0.276194159375 0.2164863796875 0.2322092671875 0.20223864531250002
0 0.16975527968749998 0.29013030781250004 0.1523506828125 0.2928096203125 0.1368537671875 0.32660281874999997 0.1484176015625 0.3719339875 0.20860596562499997 0.3969751203125 0.2415687359375 0.4298313921875 0.291785365625 0.4266912234375 0.3069666796875 0.37893400625 0.28406513125 0.33824736718750004 0.241747703125 0.3578080546875 0.2132597234375 0.3097671265625 0.196575796875 0.3043628125 0.16975527968749998 0.29013030781250004
0 0.202689825 0.42832704218749995 0.176274384375 0.39204687968749996 0.1516771515625 0.4228922703125 0.12404647656250001 0.452755065625 0.163076128125 0.4875765421875 0.1905278375 0.5297370906250001 0.21710813125 0.5466641390625 0.2628499703125 0.5587086328125 0.32153572656249996 0.5305882296875 0.320348715625 0.49139071718749994 0.3176449828125 0.451701903125 0.2691853 0.45263883125 0.23030639218750001 0.4511344765625 0.202689825 0.42832704218749995
0 0.129048865625 0.5541803437499999 0.124965040625 0.599987584375 0.1441124734375 0.6477752531250001 0.1886531859375 0.6732924640625 0.24127206406249999 0.6432068546874999 0.302826409375 0.6354221625 0.28639682031249997 0.574653078125 0.23601533749999998 0.5971463546875 0.20584578750000002 0.5679672234375001 0.175360634375 0.524824078125 0.1437497296875 0.5118122046875 0.129048865625 0.5541803437499999
0 0.21453140468749998 0.032943253125 0.2630664625 0.048664892187499996 0.317757878125 0.030340060937500003 0.3153892 0.0130895546875 0.1529517 0.006347934375 0.1738201828125 0.016983584375 0.21453140468749998 0.032943253125
0 0.74155716875 0.5718268375 0.7538398890625 0.55237948125 0.7387014015625 0.5299062703125 0.724134075 0.51581716875 0.7046373453125 0.520043421875 0.6830470640625 0.5329619390625 0.6843923546874999 0.5474533187499999 0.6829714499999999 0.563391265625 0.6672498890624999 0.5770394875 0.6542626859375 0.5822030359375 0.6504815578125 0.59503385 0.6507104218750001 0.622047903125 0.6671364734375 0.62268348125 0.6901098515624999 0.6090416875 0.7025259046875 0.5954940234375 0.7175688578125 0.5968528859375 0.733525246875 0.587965921875 0.74155716875 0.5718268375
0 0.8158862671874999 0.3593010296875 0.7993905671875 0.366842 0.7725405234375 0.372200253125 0.7603971078125 0.37529452343749997 0.7554677062499999 0.3936098859375 0.757181165625 0.41876222968750004 0.7629105875 0.4358450359375 0.7752888375 0.4375120296875 0.8003179625 0.43039264531250004 0.81414895625 0.42315981249999995 0.8284177703125 0.418411409375 0.8359103843750001 0.40092633125 0.8440438 0.38364882499999997 0.827757046875 0.3666601625 0.8158862671874999 0.3593010296875
0 0.8198226859375 0.5222156203125 0.82862875 0.5121838015625 0.8348716015625 0.5013217046875 0.8386527328125 0.48849089218749997 0.8287740140625001 0.4735779390625 0.8147459937500001 0.46083482499999995 0.8004831453125 0.4433304515625 0.78927905 0.4654697953125 0.776964490625 0.4778790359375 0.7599294828125001 0.48407400625 0.747380090625 0.4917219765625 0.7469363109375 0.51149033125 0.752361253125 0.531988409375 0.759911590625 0.5508323500000001 0.764156421875 0.5697768609375 0.77606500625 0.56192131875 0.789661171875 0.5499272296875 0.8058523953125001 0.5458015296875 0.8117270781249999 0.5242784703125001 0.8198226859375 0.5222156203125
0 0.5731595875 1 0.578558740625 0.9908846625000001 0.596924240625 0.97742716875 0.6227979703125001 0.9497676203125 0.654017909375 0.932156903125 0.6385492203124999 0.8606096453125 0.5981394765625 0.9112842234375 0.540084909375 0.96733265625 0.48148863124999997 0.9594413921875 0.46657576718750005 0.8991636078124999 0.4090439859375 0.791812265625 0.378092496875 0.7013879703125 0.3508810140625 0.6565328796875 0.32949618593749996 0.6163375484375 0.3159210703125 0.628574396875 0.321973840625 0.68320983125 0.33002377968749996 0.73294748125 0.35444205 0.774125421875 0.380692634375 0.8297586875 0.4110883 0.9089134937500001 0.453377509375 0.994693265625 0.4568894453125 1 0.5731595875 1
0 0.216331009375 0.7654286875 0.223104453125 0.8119804937499999 0.2583941015625 0.8012327703125001 0.2979183140625 0.777994934375 0.3268254859375 0.7513179875 0.318775546875 0.7015803375 0.2935612296875 0.6518274578125001 0.2613050234375 0.6635577890625 0.23902055781249998 0.7034694218750001 0.213792128125 0.7063867703125 0.208596665625 0.729655065625 0.216331009375 0.7654286875
0 0.6922608171875 0.6257235125 0.6832358609375 0.639434265625 0.6751718109375 0.64236684375 0.6694958953125 0.6710242234375 0.6690908171875 0.6930718671875 0.6829815265625 0.6947990359375 0.6978331343749999 0.6857480359375 0.7116484734374999 0.6708166328125 0.7201929765624999 0.6624949703125 0.7400751921875 0.6495287765625 0.7491001484375001 0.6358180234375 0.7376870578125 0.62380398125 0.720687534375 0.60443565 0.7094251890625001 0.6257387343749999 0.6922608171875 0.6257235125
0 0.658850628125 0.772925578125 0.66634475 0.8113937468750001 0.675760665625 0.8283055718749999 0.7058689625000001 0.788155909375 0.7236786390625001 0.7634289390625 0.747870796875 0.7546311921875 0.739340409375 0.7102826328125 0.726650825 0.695082759375 0.7137210140625 0.682577409375 0.6956711109375 0.709998928125 0.6662834906249999 0.7420649515625 0.658850628125 0.772925578125