0 0 0.1302224640625 0.1117659 0.1627780765625 0.2682381625 0.1275094953125 0.249949196875 0.0515463921875 0.1016053625 0.010851871875 0.0020321078125 0.056972329687500003 0 0.1302224640625
0 0.0121926453125 0.154639175 0.018288965625 0.16006511406249999 0.004064215625 0.2116115046875 0.10566957968749999 0.24688008749999998 0.26214184218750003 0.198046665625 0.2540134125 0.141074334375 0.10566957968749999 0.170916984375 0.0121926453125 0.154639175
0 0.008128428125 0.29300054062499997 0.13005486875 0.36896364375 0.28043080625 0.2848616390625 0.26620605468749997 0.2170374375 0.125990653125 0.2848616390625 0.0101605359375 0.23602821718749997 0.008128428125 0.29300054062499997
0 0.03251371875 0.42051003593749997 0.1585043703125 0.4883342375 0.29465555625 0.4367878453125 0.2926234515625 0.3771025515625 0.152408046875 0.4476397171875 0.03251371875 0.3635377109375 0.03251371875 0.42051003593749997
0 0.6299532625 0.23602821718749997 0.9042877453125 0.2224633765625 0.9937004671875 0.1302224640625 0.9754115015625 0.0217037421875 0.835196096875 0.11123168593749999 0.634017475 0.13564839687500002 0.6299532625 0.23602821718749997
0 0.68278805 0.2550189890625 0.6543385484375001 0.29300054062499997 0.652306440625 0.3038524125 0.6462101203125 0.3635377109375 0.9266409265625001 0.4232230046875 0.9977646828125 0.322843190625 0.9937004671875 0.170916984375 0.8880308875 0.24416711875 0.68278805 0.2550189890625
0 0.9510262125000001 0.4395008140625 0.66653119375 0.415084103125 0.6604348718749999 0.4883342375 0.92460881875 0.537167659375 0.9510262125000001 0.4395008140625
0 0.9469620000000001 0.54801953125 0.68278805 0.5100379796875 0.674659621875 0.58328811875 0.9307051421875 0.661964190625 0.9469620000000001 0.54801953125
0 0.6319853703125 0.3581117734375 0.6360495828125 0.257731959375 0.4836415359375 0.233315246875 0.46738467968749997 0.27400976875 0.465352571875 0.33640803125 0.6319853703125 0.3581117734375
0 0.6421459031250001 0.45577862343750003 0.5019305015625 0.44492674687499995 0.4938020734375 0.5290287578124999 0.652306440625 0.5290287578124999 0.6421459031250001 0.45577862343750003
0 0.9611867484375001 0.843733046875 0.965250965625 0.7297883859375001 0.7335907328125 0.67552903125 0.71936598125 0.7107976140625001 0.7031091234375 0.784047746875 0.9611867484375001 0.843733046875
0 0.5913432234375 0.14921323749999998 0.45315992656250004 0.141074334375 0.455192034375 0.23060227812499998 0.5872790078125 0.2387411796875 0.5913432234375 0.14921323749999998
0 0.42877464062500004 0.168204015625 0.3231050625 0.18176885625 0.3271692734375 0.257731959375 0.4348709609375 0.23602821718749997 0.42877464062500004 0.168204015625
0 0.44909571093749995 0.2658708609375 0.33936191875 0.27400976875 0.335297703125 0.35539880468749996 0.45112781875 0.3418339640625 0.44909571093749995 0.2658708609375
0 0.48160942812499996 0.42593597499999997 0.3657793125 0.42864894375 0.3698435296875 0.5018990765625 0.4755131078125 0.4991861078125 0.48160942812499996 0.42593597499999997
0 0.690916478125 0.6131307625 0.54460475625 0.61584373125 0.54866896875 0.6863809015625 0.6929485875 0.67552903125 0.690916478125 0.6131307625
0 0.0650274328125 0.537167659375 0.2032107296875 0.64026044375 0.325137165625 0.5778621796875 0.321072953125 0.507325015625 0.19305019375000002 0.5860010875 0.07518796875 0.4991861078125 0.0650274328125 0.537167659375
0 0.3413940265625 0.5941399890625 0.217435478125 0.6809549640625 0.24791708906249998 0.7406402625 0.3596829921875 0.6538252828125 0.3413940265625 0.5941399890625
0 0.7518796984375 0.8952794374999999 0.760008128125 0.8545849171875 0.7153017687500001 0.816603365625 0.5811826875 0.7569180671875 0.5893111156249999 0.82474226875 0.7518796984375 0.8952794374999999