0 0.3030303015625 0.3877179296875 0.290909090625 0.372105125 0.2528138546875 0.31485818593750003 0.2112554109375 0.30705178125 0.1489177484375 0.2992453828125 0.0796536796875 0.320062453125 0.024242425 0.3460837875 0.0103896109375 0.4059328640625 0.024242425 0.4345563390625 0.04329004375 0.4215456671875 0.0761904765625 0.424147803125 0.1679653671875 0.4345563390625 0.21818181874999998 0.4293520703125 0.282251084375 0.43195420156250003 0.3030303015625 0.3877179296875
0 0.27012986875 0.5178246171875001 0.292640690625 0.51262035 0.29956709843749996 0.4501691359375 0.2354978359375 0.4501691359375 0.16277056406249998 0.4475670046875 0.1125541125 0.43715847031250005 0.041558440625 0.4345563390625 0.024242425 0.47879261250000005 0.0346320359375 0.5048139453125 0.0761904765625 0.51262035 0.12121212031249999 0.51262035 0.16103895937499998 0.5100182125 0.20606060781250002 0.51522248125 0.27012986875 0.5178246171875001
0 0.2545454546875 0.5906843609375 0.292640690625 0.5906843609375 0.2943722953125 0.5334374203125 0.2510822515625 0.5334374203125 0.19913419999999998 0.5256310156249999 0.1367965375 0.5230288859375001 0.10216450156250001 0.5230288859375001 0.06406926562500001 0.5256310156249999 0.041558440625 0.5204267484375 0.0155844140625 0.5594587546875001 0.039826840625 0.5646630218750001 0.06753246874999999 0.580275825 0.0883116875 0.580275825 0.1645021640625 0.5828779625 0.195670996875 0.5854800921875001 0.2545454546875 0.5906843609375
0 0.282251084375 0.6479313062500001 0.2978354984375 0.601092896875 0.27012986875 0.601092896875 0.2112554109375 0.601092896875 0.1662337671875 0.601092896875 0.10389610468749999 0.598490765625 0.06753246874999999 0.61150143125 0.0380952359375 0.5698672890625 0.019047618750000002 0.601092896875 0.041558440625 0.627114234375 0.0571428578125 0.6557377046874999 0.1056277046875 0.6609419734374999 0.15757575625 0.6505334375 0.19913419999999998 0.6479313062500001 0.245887446875 0.6505334375 0.282251084375 0.6479313062500001
0 0.2770562765625 0.7155867812500001 0.2857142875 0.663544103125 0.264935065625 0.6609419734374999 0.19913419999999998 0.6609419734374999 0.14372294531250002 0.6739526390624999 0.0883116875 0.6791569078124999 0.039826840625 0.6921675796875 0.024242425 0.663544103125 0.025974025 0.7259953171875 0.0536796546875 0.7416081203125 0.0952380953125 0.731199584375 0.1367965375 0.7233931796874999 0.18528138593750001 0.7207910484375 0.2354978359375 0.7181889124999999 0.2770562765625 0.7155867812500001
0 0.2372294359375 0.8014571968749999 0.27878787968749996 0.7962529296875 0.2874458875 0.7338017156250001 0.1696969703125 0.731199584375 0.07445887343749999 0.7442102515625 0.032900432812500005 0.7598230546875 0.0138528140625 0.7181889124999999 0.0138528140625 0.7155867812500001 0 0.7598230546875 0.019047618750000002 0.81707 0.0865800875 0.8248763984374999 0.135064934375 0.804059328125 0.18528138593750001 0.7936507921875 0.2372294359375 0.8014571968749999
0 0.7134199125 0.330470984375 0.6701298687499999 0.2680197765625 0.5939393921875 0.275826175 0.510822509375 0.291438978125 0.424242425 0.320062453125 0.38268398124999997 0.4007285953125 0.39826839999999997 0.43976060156249996 0.43463203593750005 0.457975540625 0.47445887343750004 0.4215456671875 0.5662337671875 0.390320059375 0.6285714296875 0.390320059375 0.6995670984375 0.3825136609375 0.7134199125 0.330470984375
0 0.7272727265625 0.47879261250000005 0.73073593125 0.408535 0.7030303015625 0.3877179296875 0.664935065625 0.39292219687499996 0.5922077921875 0.395524328125 0.5194805203125 0.41113713125 0.46233766249999997 0.4501691359375 0.42943722968750003 0.47358834375000003 0.45887445781249997 0.5100182125 0.5056277046875 0.5022118140625 0.559307359375 0.49700754687500004 0.6095238109375 0.491803278125 0.664935065625 0.491803278125 0.7272727265625 0.47879261250000005
0 0.7290043265625 0.580275825 0.7393939375 0.48659901093749997 0.716883115625 0.491803278125 0.638961040625 0.5022118140625 0.5489177484375001 0.5022118140625 0.4761904765625 0.5204267484375 0.43463203593750005 0.5074160812499999 0.4311688328125 0.5464480875 0.446753246875 0.5750715578125 0.4935064953125 0.598490765625 0.5437229453125 0.562060890625 0.6060606078124999 0.5750715578125 0.6510822515625 0.57767369375 0.7290043265625 0.580275825
0 0.7601731593750001 0.6427270375 0.7255411265625 0.5880822296875 0.6943722953125 0.5880822296875 0.6164502187500001 0.5828779625 0.5367965375 0.580275825 0.48484848437499994 0.6088992953125001 0.43636363593749994 0.5854800921875001 0.446753246875 0.6375227703124999 0.49004329062499996 0.6401249015625 0.5056277046875 0.6739526390624999 0.55757575625 0.6739526390624999 0.6510822515625 0.6609419734374999 0.7220779234375 0.6531355734375001 0.7601731593750001 0.6427270375
0 0.6424242437500001 0.666146240625 0.573160175 0.684361175 0.5038961046875 0.6739526390624999 0.4571428578125 0.6401249015625 0.4329004328125 0.6895654421875 0.4571428578125 0.7207910484375 0.4727272734375 0.7442102515625 0.5714285703125 0.7442102515625 0.6701298687499999 0.7416081203125 0.75497835625 0.739005984375 0.7653679640625 0.666146240625 0.6424242437500001 0.666146240625
0 0.7688311671875 0.8092635953125 0.7619047640625001 0.7416081203125 0.7411255421875 0.7416081203125 0.6545454546875 0.7598230546875 0.5662337671875 0.74941451875 0.5021645015625 0.7572209234375 0.45367965468750004 0.739005984375 0.424242425 0.780640125 0.4380952359375 0.8144678640624999 0.4779220765625 0.8092635953125 0.533333334375 0.835284934375 0.5870129859375 0.8430913328124999 0.6562770546875 0.8274785296875 0.715151515625 0.8248763984374999 0.7688311671875 0.8092635953125
0 0.75670995625 0.8274785296875 0.664935065625 0.8404892015625001 0.552380953125 0.8430913328124999 0.49004329062499996 0.8222742625 0.439826840625 0.8196721312499999 0.42770562968750003 0.8561020046875001 0.4709956734375 0.8795212078124999 0.507359309375 0.9107468140625 0.561038959375 0.8977361421875001 0.6632034625000001 0.902940409375 0.73073593125 0.8977361421875001 0.7705627703125 0.8769190703125 0.75670995625 0.8274785296875
0 0.7688311671875 0.26281550781249996 0.690909090625 0.29664324531249997 0.7134199125 0.322664584375 0.7186147203125001 0.3695029953125 0.7463203453125 0.41634139843750007 0.8207792218750001 0.3981264640625 0.9004329015625 0.3825136609375 0.9489177484375 0.356492321875 0.9298701312500001 0.3122560484375 0.8536796546875 0.2810304421875 0.7688311671875 0.26281550781249996
0 0.8051948031249999 0.4007285953125 0.7445887453125 0.4215456671875 0.7428571421875 0.489201146875 0.8329004328125 0.4709862078125 0.891774890625 0.463179809375 0.952380953125 0.44496486874999996 0.9471861453124999 0.38511579218750003 0.9264069265625 0.390320059375 0.8051948031249999 0.4007285953125
0 1 0.6219099671875 0.9956709968749999 0.5464480875 0.973160175 0.5074160812499999 0.9212121203124999 0.5100182125 0.9333333343750001 0.5594587546875001 0.9212121203124999 0.5854800921875001 0.8086580078125 0.5724694265625 0.7913419921875 0.5256310156249999 0.75497835625 0.5386416890625 0.73246753125 0.5906843609375 0.7653679640625 0.6245120984375 0.8069264078125 0.634920634375 0.8692640687500001 0.6505334375 0.916017315625 0.6479313062500001 0.9627705640625001 0.6479313062500001 1 0.6219099671875
0 0.9246753234374999 0.6557377046874999 0.84329004375 0.6557377046874999 0.7705627703125 0.6219099671875 0.777489178125 0.7103825140625 0.822510821875 0.7259953171875 0.8744588734375001 0.7233931796874999 0.9367965375 0.7129846453125 0.9956709968749999 0.7025761140625 1 0.632318503125 0.9246753234374999 0.6557377046874999
0 0.8467532468750001 0.739005984375 0.7722943703125 0.7285974484375 0.78268398125 0.8092635953125 0.841558440625 0.8092635953125 0.916017315625 0.7962529296875 0.9956709968749999 0.7962529296875 1 0.7077803828125 0.916017315625 0.7233931796874999 0.8467532468750001 0.739005984375
0 0.8606060624999999 0.81707 0.774025975 0.81707 0.777489178125 0.8873276062500001 0.84502164375 0.8691126718750001 0.9090909093749999 0.8639084046875001 0.9870129859375 0.8613062734374999 0.997402596875 0.8014571968749999 0.9437229453124999 0.8092635953125 0.8606060624999999 0.81707
0 0.9333333343750001 0.8639084046875001 0.84502164375 0.8769190703125 0.7878787890625001 0.8951340109375 0.78095238125 0.9497788203124999 0.8207792218750001 0.9471766828125 0.8883116875000001 0.9445745515624999 0.9419913421875 0.9471766828125 0.9939393921875 0.939370284375 1 0.8639084046875001 0.9333333343750001 0.8639084046875001
0 0.7480519484375 0.9627894859374999 0.7480519484375 0.8977361421875001 0.6510822515625 0.91595108125 0.5471861453125 0.91595108125 0.4709956734375 0.92115535 0.4380952359375 0.8925318750000001 0.424242425 0.9315638796875 0.48311688437500006 0.9758001578125001 0.5056277046875 0.9705958906250001 0.5627705640625 0.9679937546874999 0.6199134187500001 0.9679937546874999 0.6770562765625 0.9705958906250001 0.7480519484375 0.9627894859374999
0 0.34926985781250003 0.6580322734374999 0.3301555890625 0.67761656875 0.3344997375 0.7037289624999999 0.35274518125 0.7285357328125001 0.36838412656249997 0.7494256453125 0.3866295703125 0.7650930812500001 0.4092191640625 0.7677043218749999 0.420513959375 0.6958952453125 0.34926985781250003 0.6580322734374999
0 0.305436753125 0.56650074375 0.2962644765625 0.59268934375 0.2999333859375 0.6174995953125 0.310940115625 0.6271480265625 0.3246985265625 0.636796453125 0.3384569421875 0.6533366234375 0.3467119890625 0.6092295078125 0.357718715625 0.57752751875 0.3357052578125 0.5692574375 0.305436753125 0.56650074375
0 0.29809893125000003 0.629904721875 0.2925955671875 0.6588500109375001 0.289843884375 0.68779530625 0.3081884328125 0.6933086937499999 0.32745021093750004 0.7112272125 0.333870803125 0.678146875 0.3430430765625 0.6588500109375001 0.3283674359375 0.642309846875 0.3127745703125 0.625769678125 0.29809893125000003 0.629904721875
0 0.375146040625 0.8311434265625 0.3393741671875 0.7994414375 0.3136918 0.7649827546875 0.299016159375 0.7718744921875 0.29809893125000003 0.7884146609375 0.2999333859375 0.806333175 0.318277934375 0.8214949953125 0.3347880296875 0.8394135078125 0.357718715625 0.865602109375 0.375146040625 0.8311434265625
0 0.36780821874999997 0.762226059375 0.340291396875 0.7236323390625 0.301767840625 0.6974437375 0.294430021875 0.742929196875 0.32561575625 0.7677394484375 0.34946366875 0.7994414375 0.37055990156249996 0.8352784703125 0.3824838578125 0.8146032562500001 0.398993953125 0.7856579671875 0.36780821874999997 0.762226059375
0 0.357718715625 0.294966321875 0.3136918 0.34320848125 0.3384569421875 0.3804238578125 0.3852355421875 0.3404517875 0.41183513749999995 0.3225332671875 0.449441465625 0.31150649218750004 0.49805452343749995 0.279804503125 0.42284186874999996 0.279804503125 0.357718715625 0.294966321875
0 0.37904569062500004 0.42060175937500005 0.37402521875 0.4026837484375 0.3696323015625 0.3838226828125 0.3564535640625 0.3819365734375 0.34076458593750003 0.3847657375 0.32884096406249996 0.40174069375 0.3131519859375 0.41777260156249996 0.307503953125 0.44323503750000004 0.30562127656250004 0.466811371875 0.3250756078125 0.47246968906250003 0.3376267890625 0.46869747500000003 0.34641261874999996 0.4488933609375 0.3539433265625 0.441348934375 0.3658669484375 0.437576721875 0.37841813125 0.4356906125 0.37904569062500004 0.42060175937500005
0 0.42423059687500003 0.5881742515624999 0.40276654531249995 0.5862769125 0.380039909375 0.5881742515624999 0.35731326874999997 0.633710321875 0.3724643640625 0.65078634375 0.39266581875 0.67165704375 0.414129865625 0.6773490546875001 0.43685650468750004 0.6659650375 0.44190686875 0.63560765625 0.4305435484375 0.6185316281250001 0.42423059687500003 0.5881742515624999
0 0.398978775 0.8386226390625 0.382565090625 0.85000665625 0.367413996875 0.8841587109375 0.37751472656249996 0.90692674375 0.39014063593750004 0.9126187546875 0.416655046875 0.9277974421874999 0.42423059687500003 0.90882408125 0.42928095937500005 0.8803640375 0.4128672765625 0.8670826828125 0.398978775 0.8386226390625