0 0.5915802546875 0.1886870625 0.49870417343750006 0.19273035624999998 0.4916375140625 0.2506842421875 0.5915802546875 0.2506842421875 0.5915802546875 0.1886870625
0 0.5925897765625 0.25203200468750003 0.5007232203124999 0.2601185921875 0.501732740625 0.31133365468749996 0.59561834375 0.3005515359375 0.5925897765625 0.25203200468750003
0 0.59561834375 0.3018992984375 0.5037517874999999 0.3167247109375 0.5037517874999999 0.37602636093749997 0.604704046875 0.35580989218750003 0.59561834375 0.3018992984375
0 0.5986469109375 0.3517665921875 0.5108184437500001 0.3800696546875 0.5087993984375 0.42050259843750004 0.6087421390625 0.3975905984375 0.5986469109375 0.3517665921875
0 0.605713571875 0.4622833046875 0.5148565359374999 0.4636310671875 0.5077898765625 0.5054117734375 0.604704046875 0.5040640109375001 0.605713571875 0.4622833046875
0 0.6026850031250001 0.40837271093750005 0.5037517874999999 0.42589365468749996 0.5057708296875 0.4622833046875 0.5986469109375 0.45958777343749996 0.6026850031250001 0.40837271093750005
0 0.6087421390625 0.5134983609375 0.5158660578125 0.510802834375 0.5168755796875 0.5539313046875 0.6006659578125 0.5579745984375 0.6087421390625 0.5134983609375
0 0.6137897531250001 0.5633656593749999 0.5188946249999999 0.5647134234375 0.52192319375 0.605146365625 0.6168183203125001 0.597059778125 0.6137897531250001 0.5633656593749999
0 0.51182796875 0.5431491859375 0.42601854375 0.5431491859375 0.42399949843750007 0.590320953125 0.5057708296875 0.590320953125 0.51182796875 0.5431491859375
0 0.4159233203125 0.5498880109375001 0.343237690625 0.5498880109375001 0.33718055625 0.586277659375 0.4149137953125 0.5916687171875 0.4159233203125 0.5498880109375001
0 0.5057708296875 0.49597742343749995 0.4250090234375 0.49732518593749997 0.4169328421875 0.5364103609375 0.5037517874999999 0.5431491859375 0.5057708296875 0.49597742343749995
0 0.4149137953125 0.5000207171875 0.3341519890625 0.49732518593749997 0.3301138953125 0.544496953125 0.4149137953125 0.556626834375 0.4149137953125 0.5000207171875
0 0.5027422625 0.4501534234375 0.4179423625 0.4501534234375 0.4169328421875 0.49597742343749995 0.5037517874999999 0.49597742343749995 0.5027422625 0.4501534234375
0 0.5007232203124999 0.3989383609375 0.4189518875 0.40163389218749995 0.4159233203125 0.4515011859375 0.5027422625 0.44341459843750003 0.5007232203124999 0.3989383609375
0 0.40582809218750004 0.4541967171875 0.3321329421875 0.4568922421875 0.3311234171875 0.49193412812500004 0.40481857187500003 0.5000207171875 0.40582809218750004 0.4541967171875
0 0.40582809218750004 0.40163389218749995 0.327085328125 0.40298165468749997 0.32506628125 0.4488056546875 0.40784713906250003 0.4501534234375 0.40582809218750004 0.40163389218749995
0 0.5007232203124999 0.3585054171875 0.4159233203125 0.3477232984375 0.41390427343749997 0.3908517734375 0.4997136953125 0.3962428296875 0.5007232203124999 0.3585054171875
0 0.400780478125 0.3571576546875 0.32607580625 0.3598531859375 0.3230472390625 0.3975905984375 0.3977519109375 0.3962428296875 0.400780478125 0.3571576546875
0 0.4906279921875 0.30459482968749996 0.41087570625 0.29920376875 0.403809046875 0.3477232984375 0.4896184703125 0.35041882968750004 0.4906279921875 0.30459482968749996
0 0.4896184703125 0.2358588296875 0.40986618124999996 0.2358588296875 0.402799525 0.2843783609375 0.48658990312499995 0.2843783609375 0.4896184703125 0.2358588296875
0 0.384628115625 0.2399021234375 0.3139615328125 0.2735962421875 0.3169901 0.3126814171875 0.39472334375 0.2843783609375 0.384628115625 0.2399021234375
0 0.385637640625 0.29246494843750004 0.3089139234375 0.3302023609375 0.31598057968750004 0.3585054171875 0.39472334375 0.3288545921875 0.385637640625 0.29246494843750004
0 0.311942490625 0.3450277734375 0.2372378140625 0.3531143609375 0.2301711578125 0.3975905984375 0.3149710578125 0.3895040046875 0.311942490625 0.3450277734375
0 0.319009146875 0.3935473046875 0.245313996875 0.40298165468749997 0.2392568609375 0.44611012812500006 0.3200186671875 0.43667577343749997 0.319009146875 0.3935473046875
0 0.3139615328125 0.43937130468749996 0.25036160937499996 0.4488056546875 0.2574282671875 0.4892385984375 0.319009146875 0.48115201093750004 0.3139615328125 0.43937130468749996
0 0.303866309375 0.2412498859375 0.2392568609375 0.2668574171875 0.2311806796875 0.3099858859375 0.3089139234375 0.2938127109375 0.303866309375 0.2412498859375
0 0.4906279921875 0.17116611875 0.40986618124999996 0.1752094171875 0.403809046875 0.23046776875 0.4926470390625 0.22507671093749998 0.4906279921875 0.17116611875
0 0.39169477656249996 0.190034825 0.310932965625 0.19542588593750002 0.311942490625 0.2412498859375 0.3896757296875 0.24259765 0.39169477656249996 0.190034825
0 0.0706665828125 0.529671540625 0.1554664828125 0.529671540625 0.2554092234375 0.5013684796875 0.24733304218750002 0.4622833046875 0.1645521859375 0.47710871718750003 0.07672371875 0.49328189218749996 0.0706665828125 0.529671540625
0 0.07773324375 0.5768433046875 0.1645521859375 0.5741477781250001 0.25641874531250003 0.540453659375 0.24834256406250002 0.5013684796875 0.156476003125 0.5323670671875 0.08782846718750001 0.5364103609375 0.07773324375 0.5768433046875
0 0.08681894531249999 0.634797190625 0.16657123125 0.634797190625 0.2624758796875 0.5916687171875 0.25238065625 0.548540246875 0.17060932499999998 0.5808865984375 0.091866559375 0.5808865984375 0.08681894531249999 0.634797190625
0 0.09287608124999999 0.683316721875 0.1877712078125 0.6779256593749999 0.269542540625 0.6267105984375 0.24935208437499998 0.5889731859375 0.1746474125 0.634797190625 0.09287608124999999 0.6428837781250001 0.09287608124999999 0.683316721875
0 0.18171406875 0.743966134375 0.276609196875 0.750704953125 0.27862824375 0.704880953125 0.361409096875 0.632101659375 0.27862824375 0.630753896875 0.184742640625 0.6887077781250001 0.18171406875 0.743966134375
0 0.2826663328125 0.760139309375 0.3805900265625 0.769573659375 0.37857098125 0.721054134375 0.451256609375 0.638840484375 0.36746623125 0.634797190625 0.2897329921875 0.715663071875 0.2826663328125 0.760139309375
0 0.6299421125 0.722401896875 0.7601705328125 0.748009428125 0.7662276671875 0.694098834375 0.7510848265625001 0.6226673046875 0.6471039968750001 0.6105374234375 0.6370087718749999 0.664448015625 0.6299421125 0.722401896875
0 0.6309516375 0.729140721875 0.5168755796875 0.734531778125 0.51182796875 0.789790134375 0.6289325906250001 0.783051309375 0.6309516375 0.729140721875
0 0.620856409375 0.788442365625 0.519904146875 0.793833428125 0.5158660578125 0.8437007218750001 0.6218659343749999 0.8504395468749999 0.620856409375 0.788442365625
0 0.62792306875 0.859873896875 0.520913671875 0.8504395468749999 0.5148565359374999 0.9016546078125 0.6248945015625 0.9164800156249999 0.62792306875 0.859873896875
0 0.5077898765625 0.766878134375 0.3997709578125 0.773616959375 0.40179 0.8221364843750001 0.5057708296875 0.824832015625 0.5077898765625 0.766878134375
0 0.5128374906250001 0.824832015625 0.40179 0.819440959375 0.396742390625 0.874699309375 0.504761309375 0.8854814281250001 0.5128374906250001 0.824832015625
0 0.5057708296875 0.8908724890625 0.3997709578125 0.8868291953125 0.40179 0.9353487218750001 0.5077898765625 0.946130840625 0.5057708296875 0.8908724890625
0 0.645084953125 0.9313054281250001 0.5168755796875 0.9056979015625 0.5138470109375 0.9569129593750001 0.6349897265625 0.9919548453125 0.645084953125 0.9313054281250001
0 0.2826663328125 0.753400484375 0.18878072968749998 0.7466616593750001 0.1897902515625 0.796528959375 0.28569490000000003 0.792485665625 0.2826663328125 0.753400484375
0 0.276609196875 0.8046155468749999 0.1958473859375 0.8005722531250001 0.19382834375 0.8437007218750001 0.27862824375 0.8477440156249999 0.276609196875 0.8046155468749999
0 0.39169477656249996 0.773616959375 0.291752034375 0.765530365625 0.2836758578125 0.815397665625 0.39270429687499997 0.824832015625 0.39169477656249996 0.773616959375
0 0.39169477656249996 0.827527546875 0.295790128125 0.8234842531250001 0.291752034375 0.862569428125 0.39472334375 0.877394840625 0.39169477656249996 0.827527546875
0 0.39472334375 0.877394840625 0.295790128125 0.866612721875 0.29276155937500004 0.9056979015625 0.39472334375 0.9178277828124999 0.39472334375 0.877394840625
0 0.5087993984375 0.593016484375 0.42702806562499995 0.594364246875 0.42097093125 0.6415360109375 0.5077898765625 0.636144953125 0.5087993984375 0.593016484375
0 0.41289474843749996 0.5916687171875 0.3381900765625 0.590320953125 0.3341519890625 0.625362834375 0.40784713906250003 0.6428837781250001 0.41289474843749996 0.5916687171875
0 0.335161509375 0.5310193046875 0.2624758796875 0.533714834375 0.2644949265625 0.575495540625 0.32809485 0.575495540625 0.335161509375 0.5310193046875
0 0.3200186671875 0.4851953046875 0.2644949265625 0.4851953046875 0.25944731249999997 0.5323670671875 0.311942490625 0.5391058921874999 0.3200186671875 0.4851953046875
0 0.002019046875 0.1832960046875 0 0.18599153125 0.001009521875 0.2439454171875 0.0393713828125 0.2439454171875 0.15344743593750002 0.2695529484375 0.15849505 0.2331632984375 0.04239995 0.1913825921875 0.002019046875 0.1832960046875
0 0.0383618609375 0.29920376875 0.156476003125 0.318072475 0.15748552968750001 0.2668574171875 0.0121142703125 0.2479887109375 0.0030285671875 0.29920376875 0.0383618609375 0.29920376875
0 0.0030285671875 0.3531143609375 0.037352335937499995 0.3463755359375 0.16253314218749998 0.36254871093749996 0.1635426640625 0.3248112984375 0.032304721875 0.3072903609375 0.00807618125 0.3059425921875 0.0030285671875 0.3531143609375
0 0.0050476140625 0.4124160109375 0.05047613125 0.3975905984375 0.15748552968750001 0.40298165468749997 0.1554664828125 0.3652442421875 0.0464380390625 0.3517665921875 0.002019046875 0.3706352984375 0.0050476140625 0.4124160109375
0 0.18575216249999998 0.683316721875 0.0969141703125 0.684664484375 0.0969141703125 0.734531778125 0.17767598125 0.726445190625 0.18575216249999998 0.683316721875
0 0.1807045484375 0.739922840625 0.10801891875 0.742618365625 0.0999427375 0.787094603125 0.183733115625 0.789790134375 0.1807045484375 0.739922840625
0 0.1877712078125 0.789790134375 0.10902844375000001 0.788442365625 0.10599987656250001 0.8302230765624999 0.18575216249999998 0.832918603125 0.1877712078125 0.789790134375
0 0.0979236953125 0.764182603125 0.0161523625 0.7709214281250001 0.0161523625 0.8059633093749999 0.09489512812499999 0.8140498968750001 0.0979236953125 0.764182603125
0 0.0969141703125 0.723749659375 0.0151428375 0.718358603125 0.010095228125 0.7709214281250001 0.09590464843749999 0.768225896875 0.0969141703125 0.723749659375
0 0.0938856015625 0.671186834375 0.010095228125 0.665795778125 0.00807618125 0.717010834375 0.0888379921875 0.729140721875 0.0938856015625 0.671186834375
0 0.0706665828125 0.5714522468750001 0.0040380890625 0.5808865984375 0.002019046875 0.619971778125 0.07369515 0.615928484375 0.0706665828125 0.5714522468750001
0 0.06460944843750001 0.5188894234375 0.010095228125 0.533714834375 0.009085703125 0.575495540625 0.067638015625 0.559322365625 0.06460944843750001 0.5188894234375
0 0.7268562859375 0.2277722421875 0.62691354375 0.20890353125 0.6238849765625 0.25337976875 0.7218086718750001 0.26146635625000003 0.7268562859375 0.2277722421875
0 0.7258467609375 0.2830305921875 0.6259040234375 0.2641618859375 0.6158087953125 0.318072475 0.72382771875 0.33289788593749997 0.7258467609375 0.2830305921875
0 0.7268562859375 0.3275068296875 0.6188373625 0.3234635359375 0.620856409375 0.3706352984375 0.7248372390625 0.36928753593749997 0.7268562859375 0.3275068296875
0 0.719789625 0.4178070671875 0.6329706796875 0.4285891859375 0.6238849765625 0.47980424218750006 0.719789625 0.4851953046875 0.719789625 0.4178070671875
0 0.7359419890625001 0.37333082968750003 0.6289325906250001 0.37602636093749997 0.6309516375 0.42050259843750004 0.72786580625 0.42050259843750004 0.7359419890625001 0.37333082968750003
0 0.846989475 0.1994691796875 0.7520943515625 0.2021647109375 0.73897055625 0.249336475 0.8409323390625 0.249336475 0.846989475 0.1994691796875
0 0.8338656828125 0.3099858859375 0.8429513859375 0.2601185921875 0.734929309375 0.25879552031249997 0.72786580625 0.3140291796875 0.8338656828125 0.3099858859375
0 0.8368942515625 0.3207680046875 0.7379610343749999 0.3194202421875 0.7339229421875 0.3638964796875 0.8308371156250001 0.3612009484375 0.8368942515625 0.3207680046875
0 0.8389132968749999 0.3612009484375 0.756132440625 0.36659200468750003 0.7379610343749999 0.4285891859375 0.8409323390625 0.42050259843750004 0.8389132968749999 0.3612009484375
0 0.8389132968749999 0.42589365468749996 0.7339229421875 0.4285891859375 0.730894375 0.47980424218750006 0.8338656828125 0.47980424218750006 0.8389132968749999 0.42589365468749996
0 0.736951509375 0.4851953046875 0.6319611578125001 0.48384754062499996 0.6289325906250001 0.5310193046875 0.7268562859375 0.5310193046875 0.736951509375 0.4851953046875
0 0.7339229421875 0.537758128125 0.6339802046874999 0.5364103609375 0.6309516375 0.5808865984375 0.72382771875 0.583582128125 0.7339229421875 0.537758128125
0 0.8419418656250001 0.4892385984375 0.73897055625 0.47710871718750003 0.729884853125 0.5283237734374999 0.8389132968749999 0.5310193046875 0.8419418656250001 0.4892385984375
0 0.8702084984375 0.2021647109375 0.9792369375 0.14960188593749998 0.9691417140624999 0.11321223750000001 0.8550656562500001 0.16442729843749998 0.8631418375000001 0.167122825 0.8702084984375 0.2021647109375
0 0.9600560078125 0.19677365 0.8540561343749999 0.2372065921875 0.8621323171874999 0.2830305921875 0.9691417140624999 0.2560752984375 0.9600560078125 0.19677365
0 0.9620750546875 0.2897694171875 0.8530466140625 0.2843783609375 0.8409323390625 0.32211577343750003 0.9600560078125 0.3302023609375 0.9620750546875 0.2897694171875
0 0.9630845796875 0.34907106718750003 0.8500180421874999 0.3382889484375 0.8510275671875001 0.3868084796875 0.95601791875 0.3962428296875 0.9630845796875 0.34907106718750003
0 0.9640941 0.40163389218749995 0.8540561343749999 0.4002861234375 0.8540561343749999 0.44341459843750003 0.9620750546875 0.44611012812500006 0.9640941 0.40163389218749995
0 0.973179803125 0.4501534234375 0.849008521875 0.4555444796875 0.846989475 0.49732518593749997 0.9590464859375001 0.49193412812500004 0.973179803125 0.4501534234375
0 0.9550083984375 0.49597742343749995 0.8510275671875001 0.506759540625 0.849008521875 0.5458447171875 0.957027440625 0.5364103609375 0.9550083984375 0.49597742343749995
0 0.849008521875 0.5512357734375 0.8459799531250001 0.5512357734375 0.8520370890625 0.597059778125 0.9529893515625 0.6037985984375001 0.9529893515625 0.5660611859375 0.8500180421874999 0.5498880109375001 0.849008521875 0.5512357734375
0 0.77127528125 0.7385750718749999 0.648113521875 0.733184015625 0.6349897265625 0.791137896875 0.772284803125 0.789790134375 0.77127528125 0.7385750718749999
0 0.999427390625 0.791137896875 0.8772751546875 0.780355778125 0.8702084984375 0.8463962531250001 0.9913512125 0.863917190625 0.999427390625 0.791137896875
0 0.7520943515625 0.841005190625 0.6440754281250001 0.796528959375 0.6238849765625 0.8423529593750001 0.745027690625 0.8935680156249999 0.7520943515625 0.841005190625
0 0.8661704046875001 0.8180931906250001 0.7349324671875 0.789790134375 0.72079915 0.835614134375 0.8651608843749999 0.869308253125 0.8661704046875001 0.8180931906250001
0 0.999427390625 0.861221665625 0.8792942 0.8463962531250001 0.8691989734375 0.896263546875 0.989332165625 0.9178277828124999 0.999427390625 0.861221665625
0 0.8742465875000001 0.8922202531250001 0.7520943515625 0.8733515468749999 0.7399800765625 0.9313054281250001 0.8702084984375 0.9447830765624999 0.8742465875000001 0.8922202531250001
0 0.8348752046874999 0.6563614234374999 0.8762656328125 0.773616959375 0.9953893015625 0.784399071875 1 0.730488484375 0.9762083703125001 0.636144953125 0.8510275671875001 0.630753896875 0.8348752046874999 0.6563614234374999
0 0.38813249375000003 0.7677699375 0.49989839375 0.7623440046875001 0.4897378578125 0.6999457421875 0.536476325 0.64026044375 0.45722414218749996 0.632121540625 0.40235724375000004 0.70808464375 0.38813249375000003 0.7677699375
0 0.6401138000000001 0.1437873046875 0.6197927265625001 0.2034725984375 0.6462101203125 0.2116115046875 0.6949806953125 0.2170374375 0.7335907328125 0.227889309375 0.7356228421875 0.17362995312500001 0.6807559421875 0.154639175 0.6401138000000001 0.1437873046875
0 0.8067465953124999 0.13564839687500002 0.7823613093749999 0.1329354328125 0.7396870546875001 0.124796525 0.7254623046875001 0.17362995312500001 0.7498475906250001 0.1899077578125 0.7823613093749999 0.1953336953125 0.8067465953124999 0.1953336953125 0.8433245296875 0.18176885625 0.8453566328125 0.141074334375 0.8067465953124999 0.13564839687500002
0 0.2255639109375 0.1953336953125 0.1544401546875 0.198046665625 0.1544401546875 0.24959305625 0.2214996953125 0.24416711875 0.2255639109375 0.1953336953125
0 0.2214996953125 0.257731959375 0.16866490781250001 0.2550189890625 0.1625685828125 0.30656538125 0.2214996953125 0.30113944843749996 0.2214996953125 0.257731959375
0 0.227596015625 0.3309820921875 0.16053647499999998 0.36896364375 0.18288965625 0.39880629375 0.2296281234375 0.36896364375 0.227596015625 0.3309820921875