0 0.141460371875 0.46019571406250004 0.064489284375 0.5130917734375 0.156022465625 0.5395398046875 0.20178905937499997 0.49457815624999996 0.141460371875 0.46019571406250004
0 0.037445390625000005 0.6215286984375 0.1310588734375 0.624173496875 0.21635115468750002 0.565987834375 0.21011025625 0.5395398046875 0.1372997703125 0.5845014515625 0.047846889062499995 0.5765670453125 0.037445390625000005 0.6215286984375
0 0.39941751718749996 0.5289605921875 0.2933222375 0.5289605921875 0.2995631390625 0.573922240625 0.4035781140625 0.5712774421875 0.39941751718749996 0.5289605921875
0 0.38693571875 0.5977254671875001 0.2850010390625 0.59508066875 0.28292073906250004 0.6373975125 0.38485541875 0.6400423171875 0.38693571875 0.5977254671875001
0 0.3682130234375 0.65326633125 0.27667984218749997 0.6426871203125 0.26627834375 0.6902935734375 0.3661327234375 0.6902935734375 0.3682130234375 0.65326633125
0 0.582483878125 0.6135942859375 0.50551279375 0.6083046828125 0.50551279375 0.645331925 0.5845641781250001 0.6400423171875 0.582483878125 0.6135942859375
0 0.4826294984375 0.62946310625 0.4035781140625 0.6506215281250001 0.40149781406249996 0.7061623921875 0.4826294984375 0.66913515 0.4826294984375 0.62946310625
0 0.5970459765625 0.65326633125 0.49927189375000003 0.6559111359375 0.49927189375000003 0.6982279796874999 0.5991262734375 0.6850039640625 0.5970459765625 0.65326633125
0 0.6012065734375 0.825178521875 0.4847097984375 0.8278233265624999 0.4847097984375 0.8912985984375 0.6012065734375 0.8754297781249999 0.6012065734375 0.825178521875
0 0.7572290390624999 0.8198889203125 0.6324110671875001 0.8278233265624999 0.6344913671875 0.8727849796875 0.7634699406250001 0.8701401765625001 0.7572290390624999 0.8198889203125
0 0.9111712093750001 0.7907960859375 0.7842729375 0.780216875 0.7863532328125 0.8463369500000001 0.9090909093749999 0.8648505671875 0.9111712093750001 0.7907960859375
0 0.39109631562499997 0.9283258390625001 0.26627834375 0.909812221875 0.26211774375 0.9732874921875 0.38485541875 0.9838667031250001 0.39109631562499997 0.9283258390625001
0 0.6989806515625 0.46019571406250004 0.6095277703125 0.5130917734375 0.6386519640625 0.565987834375 0.72602455 0.5316053968750001 0.6989806515625 0.46019571406250004
0 0.9548574984375 0.4628405171875 0.877886415625 0.5130917734375 0.9049303078125 0.565987834375 0.9860619921874999 0.5263157890625 0.9548574984375 0.4628405171875
0 0.4576659046875 0.7431896328125001 0.347410028125 0.72996561875 0.3453297265625 0.780216875 0.4493447078125 0.780216875 0.4576659046875 0.7431896328125001
0 0.23299355 0.9627082765624999 0.2954025375 0.8410473421875 0.20386935624999997 0.8040201 0.118577075 0.89658820625 0.12273767656250001 0.917746628125 0.23299355 0.9627082765624999
0 0.081131684375 0.79608569375 0.0062408968750000005 0.88865379375 0.09361348281250001 0.9415498546875 0.1809860625 0.8119545078125 0.081131684375 0.79608569375
0 0.116496775 0.682359165625 0.02912419375 0.7273208140625 0.043686292187499996 0.7722824671875 0.1268982734375 0.732610421875 0.116496775 0.682359165625
0 0.23507384999999997 0.7193864078125001 0.1310588734375 0.724676009375 0.12897857343750002 0.7696376640625 0.22883295312500002 0.766992859375 0.23507384999999997 0.7193864078125001
0 0.5970459765625 0.7114519953125 0.4867900984375 0.7088071953124999 0.48887039843749996 0.7643480546875 0.592885375 0.7643480546875 0.5970459765625 0.7114519953125
0 0.72602455 0.6003702718749999 0.6303307671875 0.603015075 0.6240898703125 0.6559111359375 0.7239442484375 0.6585559390625 0.72602455 0.6003702718749999
0 0.3723736203125 0.85427135625 0.3973372171875 0.8066649046875 0.30164343437499996 0.7855064781250001 0.30164343437499996 0.780216875 0.29124194062500003 0.825178521875 0.3723736203125 0.85427135625
0 0.9839816921875 0.6902935734375 0.884127315625 0.6929383765625 0.8716455171874999 0.737900025 0.9402954031249999 0.83046813125 1 0.7934408890625 0.9839816921875 0.6902935734375
0 0.7239442484375 0.5606982265625 0.7572290390624999 0.65326633125 0.8695652171875 0.5924358640625 0.8154774265625001 0.5051573671875 0.7239442484375 0.5606982265625
0 0.794674434375 0.42316847187500006 0.7218639484375 0.46019571406250004 0.73850634375 0.5025125625 0.8279592250000001 0.4549061109375 0.794674434375 0.42316847187500006
0 0.3307676328125 0.68764876875 0.2745995421875 0.737900025 0.28084044218750004 0.7696376640625 0.3598918265625 0.7193864078125001 0.3307676328125 0.68764876875
0 0.557520284375 0.8833641906249999 0.4493447078125 0.9071674171874999 0.4472644078125 0.9574186734374999 0.56168088125 0.9415498546875 0.557520284375 0.8833641906249999