0 0.1951062390625 0.7211097015625 0.2454231125 0.7005457374999999 0.23720811562500002 0.6607887375 0.1180906171875 0.655305015625 0.0708543703125 0.6649015312500001 0.035940621875 0.6936910828125 0.1951062390625 0.7211097015625
0 0.041075 0.7732050828125 0.187918115625 0.7704632171875 0.2361812390625 0.74441553125 0.2279662390625 0.695062015625 0.190998740625 0.72796435625 0.057504996875000006 0.7293352890625 0.041075 0.7732050828125
0 0.43128747812499996 0.043869793750000004 0.298820609375 0.0315314125 0.2967668609375 0.07540120624999999 0.41691123125 0.0863686546875 0.43128747812499996 0.043869793750000004
0 0.41896498125 0.08773958281250001 0.2916324859375 0.084997721875 0.28957873749999996 0.1453186859375 0.42204560625000004 0.1412058921875 0.41896498125 0.08773958281250001
0 0.40869623125 0.148060546875 0.2782831125 0.1412058921875 0.27930998906250004 0.20289778906249997 0.4128037296875 0.191930340625 0.40869623125 0.148060546875
0 0.41793810468750003 0.19330126875 0.2834174859375 0.20563965 0.27930998906250004 0.24950944375 0.41074998125000006 0.2440257171875 0.41793810468750003 0.19330126875
0 0.4210187296875 0.24539665 0.2823906140625 0.25362223125 0.2864981125 0.30571761406250003 0.4210187296875 0.290637371875 0.4210187296875 0.24539665
0 0.41691123125 0.3441036796875 0.2936862359375 0.350958334375 0.28957873749999996 0.390715334375 0.41588435468749996 0.38386067968750004 0.41691123125 0.3441036796875
0 0.41074998125000006 0.297492025 0.2936862359375 0.3043466796875 0.2947131125 0.3454746078125 0.4076693546875 0.33587809218750003 0.41074998125000006 0.297492025
0 0.4128037296875 0.3756350921875 0.2854712359375 0.3989409171875 0.2823906140625 0.441439778125 0.41793810468750003 0.4249886078125 0.4128037296875 0.3756350921875
0 0.41485748281249996 0.4839386390625 0.41383060625 0.4345851234375 0.2870323625 0.44812770156250004 0.2823906140625 0.48530957187499996 0.41485748281249996 0.4839386390625
0 0.4128037296875 0.4866805046875 0.2854712359375 0.49079329375 0.27930998906250004 0.5236956390625 0.4117768578125 0.5195828453125 0.4128037296875 0.4866805046875
0 0.41588435468749996 0.53055029375 0.2834174859375 0.5319212265625 0.2813637375 0.57030729375 0.41383060625 0.5689363609375 0.41588435468749996 0.53055029375
0 0.41485748281249996 0.57853288125 0.2844443625 0.57853288125 0.2823906140625 0.611435221875 0.40972310468749995 0.6210317421875 0.41485748281249996 0.57853288125
0 0.41793810468750003 0.6224026703125001 0.2936862359375 0.623773603125 0.2875249890625 0.6607887375 0.41383060625 0.6662724640625 0.41793810468750003 0.6224026703125001
0 0.42615310468749995 0.68135270625 0.28957873749999996 0.6662724640625 0.2844443625 0.7019166703125 0.4210187296875 0.72796435625 0.42615310468749995 0.68135270625
0 0.44669060624999996 0.2878955109375 0.41896498125 0.32765250468749996 0.56786185 0.342732746875 0.5668349734375 0.290637371875 0.44669060624999996 0.2878955109375
0 0.5709424750000001 0.35781298906250003 0.4210187296875 0.35232926249999996 0.4210187296875 0.39619905625 0.56786185 0.3989409171875 0.5709424750000001 0.35781298906250003
0 0.5565662234375 0.3989409171875 0.4282068578125 0.3975699890625 0.42615310468749995 0.43869791718749995 0.5555393468750001 0.4428107109375 0.5565662234375 0.3989409171875
0 0.568888721875 0.4428107109375 0.42512623125 0.441439778125 0.4282068578125 0.48256771093750006 0.562727475 0.48805143281249996 0.568888721875 0.4428107109375
0 0.571969346875 0.4866805046875 0.42307247812500004 0.4839386390625 0.4199918578125 0.5264375 0.5699155984375001 0.5250665718749999 0.571969346875 0.4866805046875
0 0.5647812234375 0.5319212265625 0.4210187296875 0.5264375 0.4210187296875 0.560710778125 0.5668349734375 0.5661945 0.5647812234375 0.5319212265625
0 0.5637543468749999 0.5716782265625 0.42615310468749995 0.57030729375 0.42512623125 0.61006429375 0.5637543468749999 0.611435221875 0.5637543468749999 0.5716782265625
0 0.5658081 0.6141770875 0.4292337296875 0.611435221875 0.4323143546875 0.6484503609375001 0.5586199734374999 0.647079428125 0.5658081 0.6141770875
0 0.5740231 0.6539340828125 0.4282068578125 0.65667594375 0.43334123125 0.69643294375 0.5668349734375 0.7032875984375 0.5740231 0.6539340828125
0 0.7188124671875 0.2892664375 0.5812112234375 0.2961210921875 0.57607685 0.3454746078125 0.7239468421875 0.330394371875 0.7188124671875 0.2892664375
0 0.7218930921875 0.334507165625 0.5781305984375 0.350958334375 0.582238096875 0.386602540625 0.7229199656249999 0.370151365625 0.7218930921875 0.334507165625
0 0.7229199656249999 0.38248974687500004 0.5729962234375 0.390715334375 0.5740231 0.42773046875 0.7229199656249999 0.4291014015625 0.7229199656249999 0.38248974687500004
0 0.7218930921875 0.4249886078125 0.5781305984375 0.4291014015625 0.5791574749999999 0.4661165359375 0.7239468421875 0.463374675 0.7218930921875 0.4249886078125
0 0.720866215625 0.5182119171874999 0.72497371875 0.4716002625 0.5822304171875 0.46889714375 0.5729962234375 0.5154700515624999 0.720866215625 0.5182119171874999
0 0.7301080921875001 0.5236956390625 0.585318721875 0.516840984375 0.5791574749999999 0.5593398453125 0.726000590625 0.5552270515625 0.7301080921875001 0.5236956390625
0 0.7321618421875 0.5579689125 0.580184346875 0.5648235671874999 0.5750499734375001 0.6059515 0.7301080921875001 0.60183870625 0.7321618421875 0.5579689125
0 0.7331887140625 0.6128061546875 0.580184346875 0.6086933609375 0.580184346875 0.647079428125 0.7280543390624999 0.6443375671875 0.7331887140625 0.6128061546875
0 0.7290812156250001 0.6498212890625 0.5832649734375 0.6498212890625 0.5781305984375 0.686836428125 0.7290812156250001 0.6936910828125 0.7290812156250001 0.6498212890625
0 0.7352424671875 0.6978038765625 0.588399346875 0.69232015 0.580184346875 0.7348190109375 0.7362693390625 0.7471573921875 0.7352424671875 0.6978038765625
0 0.877978084375 0.0959651703125 0.7188124671875 0.1151582015625 0.7116243437499999 0.15217334062500001 0.8790049578125 0.1316093765625 0.877978084375 0.0959651703125
0 0.8861930843750001 0.14394775312500002 0.7136780921875 0.16999544375 0.7105974671874999 0.2138652375 0.8882468343750001 0.18644661406250002 0.8861930843750001 0.14394775312500002
0 0.877978084375 0.19330126875 0.7218930921875 0.2207198921875 0.71983934375 0.263218753125 0.8923543328125 0.23305826875000002 0.877978084375 0.19330126875
0 0.8923543328125 0.290637371875 0.7444843390625 0.2961210921875 0.7352424671875 0.3495874015625 0.8892737109375 0.3262815765625 0.8923543328125 0.290637371875
0 0.877978084375 0.33313623125 0.7290812156250001 0.34821647499999997 0.7362693390625 0.3948281234375 0.877978084375 0.3756350921875 0.877978084375 0.33313623125
0 0.891327459375 0.43047232968750004 0.737296215625 0.44418164375 0.7383230921874999 0.4839386390625 0.894408084375 0.4716002625 0.891327459375 0.43047232968750004
0 0.8954349578125 0.38386067968750004 0.731134965625 0.40305371093750003 0.7362693390625 0.44006885 0.8933812078125 0.42224674687499997 0.8954349578125 0.38386067968750004
0 0.8872199578125001 0.4716002625 0.7434574671874999 0.49353515937500003 0.739349965625 0.53055029375 0.8923543328125 0.5182119171874999 0.8872199578125001 0.4716002625
0 0.8851662078125001 0.5127281906250001 0.7403768421875 0.5387758812500001 0.7342155906250001 0.575791015625 0.8892737109375 0.5689363609375 0.8851662078125001 0.5127281906250001
0 0.8933812078125 0.5634526390625 0.737296215625 0.57853288125 0.7414037140625 0.6182898765625 0.8974887109375 0.607322428125 0.8933812078125 0.5634526390625
0 0.9077574593750001 0.647079428125 0.747564965625 0.6511922218749999 0.745511215625 0.6978038765625 0.9005693328125 0.69232015 0.9077574593750001 0.647079428125
0 0.9026230843749999 0.6978038765625 0.7516724671875 0.7060294640625 0.7434574671874999 0.7348190109375 0.9026230843749999 0.7375608765624999 0.9026230843749999 0.6978038765625
0 0.096526246875 0.5908712578124999 0.09590119375 0.5975470984375 0.0893381203125 0.6388538453125 0.24747686562500001 0.6443375671875 0.250557490625 0.596354984375 0.096526246875 0.5908712578124999
0 0.085230621875 0.596354984375 0.2690412390625 0.6004677734375 0.2618531125 0.5497433296875001 0.09755312031249999 0.5538561234375 0.09447249375 0.5634526390625 0.085230621875 0.596354984375
0 0.0842037453125 0.5538561234375 0.2279662390625 0.5497433296875001 0.2731487375 0.552485190625 0.2659606140625 0.5058735359375001 0.220778115625 0.504502603125 0.09755312031249999 0.5058735359375001 0.0842037453125 0.5538561234375
0 0.091391871875 0.503131675 0.234127490625 0.503131675 0.2782831125 0.5017607421875 0.2721218609375 0.4661165359375 0.231046865625 0.46474560781249996 0.10474124375 0.457890953125 0.106794996875 0.4661165359375 0.10696151406250001 0.46645000468750003 0.091391871875 0.503131675
0 0.2336923390625 0.0352685828125 0.1991465140625 0.0379815515625 0.1503759375 0.046120453125 0.1117659 0.078676071875 0.125990653125 0.1220835625 0.16053647499999998 0.108518721875 0.191018084375 0.08952794375 0.2519813046875 0.086814975 0.2844950234375 0.05968529375 0.272302378125 0.0352685828125 0.2336923390625 0.0352685828125
0 0.2560455171875 0.1030927828125 0.23166023125000001 0.1003798140625 0.21133915781249998 0.1003798140625 0.19305019375000002 0.108518721875 0.16866490781250001 0.108518721875 0.142247509375 0.11937059218749999 0.10973379531250001 0.1329354328125 0.12395854375 0.1763429171875 0.1585043703125 0.154639175 0.191018084375 0.1465002734375 0.23775655156250003 0.138361365625 0.2783986984375 0.1465002734375 0.2702702703125 0.1139446546875 0.2560455171875 0.1030927828125
0 0.2540134125 0.14921323749999998 0.23775655156250003 0.14921323749999998 0.217435478125 0.1465002734375 0.197114409375 0.1465002734375 0.16866490781250001 0.154639175 0.148343834375 0.170916984375 0.1117659 0.1926207265625 0.1320869734375 0.227889309375 0.1585043703125 0.20889853593750002 0.18288965625 0.1926207265625 0.21337126718750002 0.1871947890625 0.24791708906249998 0.1953336953125 0.2702702703125 0.18176885625 0.2540134125 0.14921323749999998
0 0.2702702703125 0.24416711875 0.2702702703125 0.2224633765625 0.2601097328125 0.198046665625 0.249949196875 0.1953336953125 0.227596015625 0.1953336953125 0.20727494531250001 0.1953336953125 0.18288965625 0.20889853593750002 0.1625685828125 0.2116115046875 0.142247509375 0.2170374375 0.1137980078125 0.233315246875 0.1178622234375 0.2767227375 0.1463117265625 0.260444928125 0.1666328 0.257731959375 0.18288965625 0.24959305625 0.215403375 0.24959305625 0.24385287656250001 0.24959305625 0.2702702703125 0.24416711875
0 0.258077625 0.260444928125 0.23572444843749998 0.257731959375 0.20930705 0.2550189890625 0.1950823015625 0.260444928125 0.1767933359375 0.260444928125 0.1442796171875 0.2685838296875 0.1137980078125 0.2875746078125 0.1077016875 0.322843190625 0.138183296875 0.320130221875 0.1767933359375 0.30927835 0.215403375 0.30113944843749996 0.24791708906249998 0.3038524125 0.276366590625 0.29842647968749997 0.258077625 0.260444928125
0 0.2926234515625 0.3581117734375 0.2885592359375 0.322843190625 0.26417395 0.325556159375 0.23775655156250003 0.322843190625 0.2032107296875 0.3147042890625 0.1727291203125 0.320130221875 0.138183296875 0.317417253125 0.1137980078125 0.320130221875 0.10566957968749999 0.3581117734375 0.13005486875 0.352685840625 0.1544401546875 0.3635377109375 0.19305019375000002 0.34725990156250003 0.2214996953125 0.34997287187500004 0.2519813046875 0.36896364375 0.2926234515625 0.3581117734375
0 0.28652712812500003 0.46663049531249995 0.28652712812500003 0.4313619125 0.2682381625 0.42593597499999997 0.2397886609375 0.415084103125 0.21337126718750002 0.4069451953125 0.1808575484375 0.41779707187500004 0.1503759375 0.40965816562499996 0.1178622234375 0.40423223124999996 0.09754115 0.46120455624999995 0.13005486875 0.46120455624999995 0.1544401546875 0.45577862343750003 0.20117862187500002 0.4476397171875 0.24182076874999997 0.4476397171875 0.26417395 0.45577862343750003 0.28652712812500003 0.46663049531249995