0 0.7815707187500001 0 0.7650067109375 0.0771129703125 0.8152853671875 0.0785946359375 0.8802893640624999 0.0656729640625 0.9435623281250001 0.0640098171875 1 0.058906023437499996 1 0 0.7815707187500001 0
0 1 0.07150442343749999 0.9901840078124999 0.0711941234375 0.9305355359374999 0.0643522296875 0.8803218515625 0.06847537031249999 0.8431349453125 0.07225609375 0.76513664375 0.0883225765625 0.77711454375 0.15808910625 0.8589971999999999 0.15593679375 0.912835378125 0.1433086234375 0.9685994921875001 0.136236340625 1 0.1430595703125 1 0.07150442343749999
0 1 0.155224840625 0.9780992421875 0.1528061640625 0.92974651875 0.1568803828125 0.877639375 0.1582500359375 0.8237037468749999 0.16247100625 0.7752535734375 0.1581380171875 0.75690375 0.18104638281250002 0.7576508625 0.24550160625 0.8171694015625001 0.24113389375 0.8636936374999999 0.2399109875 0.9158007781249999 0.23854134062500001 0.956807078125 0.24306998750000003 1 0.250887340625 1 0.155224840625
0 1 0.2699672 0.9776025703125001 0.2705559234375 0.9217734921874999 0.2720234 0.8733882812499999 0.2732952234375 0.8379973828124999 0.2714222296875 0.791408184375 0.2670403234375 0.7504343703125 0.2653140828125 0.7493529999999999 0.3326206171875 0.803451046875 0.342411659375 0.8518687343750001 0.3439422359375 0.9170676296875 0.3478349765625 0.956180471875 0.349610140625 1 0.3484583296875 1 0.2699672
0 1 0.38209739374999996 0.9807628749999999 0.382603046875 0.9193833671875 0.38701967656249997 0.88569101875 0.371085759375 0.8150716328125001 0.38135177656249997 0.7572191640625 0.3688561640625 0.7434358390625 0.46452912343749997 0.8031167968749999 0.47417341718749995 0.8570199421875 0.46715004687499995 0.927899190625 0.479303246875 1 0.47372422968750005 1 0.38209739374999996
0 1 0.49032472968749996 0.9615265781250001 0.489632359375 0.8889812546875 0.4943424828125 0.8386051484375001 0.4844536125 0.7472227453125 0.4700361 0.744377859375 0.5457987531249999 0.7966799015625 0.5612435125 0.8470235265625 0.5683299828124999 0.9513027765625001 0.5711954875 1 0.568208846875 1 0.49032472968749996
0 1 0.5811863765624999 0.9496691953124999 0.5908612062499999 0.8818838796874999 0.5820968703125 0.827240684375 0.5711461765625 0.7746720234375 0.5616893359375 0.7464337296875 0.562564240625 0.741597934375 0.6271662124999999 0.803464690625 0.6647856 0.8650066171875 0.6743809765625 0.9159017421875 0.6772019765625 1 0.6780787171875 1 0.5811863765624999
0 1 0.6873784359374999 0.9664317609375 0.6882607875 0.9150169890625 0.6896122359375 0.87168504375 0.6783642296875 0.83248421875 0.6685559999999999 0.78479003125 0.6596699593750001 0.7324704296875 0.6479592640625 0.7336898749999999 0.747914040625 0.791574828125 0.763212040625 0.866240984375 0.7808722125 0.9469603203125001 0.78322349375 1 0.7868679171874999 1 0.6873784359374999
0 1 0.8168227234375 0.9689841015624999 0.8118106359375 0.8869065468749999 0.7971485406250001 0.81978171875 0.7876999125 0.75275433125 0.78665849375 0.708091065625 0.7878324765625 0.669692859375 0.8477101359375 0.6629636140625 0.9095586234375 0.660528003125 0.9240322875 0.8066181218749999 0.9588021828125 1 0.9486328875 1 0.8168227234375
0 0.668669403125 0 0.66944760625 0.0235596703125 0.7088528015625 0.050556440625 0.742577625 0.069292759375 0.751135359375 0.004592953125 0.7452262703125 0 0.668669403125 0
0 0.6584117234375 0.0350627640625 0.6578500859374999 0.1472077296875 0.689132003125 0.1548455296875 0.7251048515625 0.16786595937499998 0.7373195546875 0.0974635125 0.6941274578125001 0.0649597703125 0.6584117234375 0.0350627640625
0 0.5565696484375 0 0.5529861328125001 0.0938990125 0.5791046718749999 0.0988189875 0.6259537421875 0.12562009375 0.6539657296875 0.133293553125 0.65475475 0.040765406250000004 0.606207128125 0.0280252171875 0.576629565625 0 0.5565696484375 0
0 0.591959625 0.24425033593749998 0.625424590625 0.240567446875 0.6478211875000001 0.245585253125 0.6491624218750001 0.2006979234375 0.643059784375 0.15600625937499998 0.6056779796875 0.1429725703125 0.5552369015624999 0.1274789 0.56176183125 0.20860178281250003 0.5602581765625 0.23947710625 0.591959625 0.24425033593749998
0 0.5622815625 0.2534402 0.5437043546875 0.256731759375 0.5535289296875 0.30132559375 0.5636133828125 0.3683386359375 0.5879034328125 0.37610993593750003 0.623164403125 0.3667733171875 0.6602538515624999 0.35458539375 0.6503318250000001 0.301584353125 0.638808690625 0.27105144062500003 0.614421190625 0.254872946875 0.5622815625 0.2534402
0 0.724445765625 0.27160371250000004 0.68347195625 0.269877459375 0.6536314796875 0.2650553171875 0.6598640546875 0.3209565875 0.675141609375 0.3541940640625 0.712328515625 0.35041334687500003 0.7344327625 0.330209553125 0.724445765625 0.27160371250000004
0 0.7304980828125001 0.3514547828125 0.6555281953125001 0.358132440625 0.6547560781249999 0.4264051359375 0.660154175 0.4874550359375 0.703754796875 0.47218780000000005 0.728762940625 0.471530459375 0.72982435625 0.4144283234375 0.7304980828125001 0.3514547828125
0 0.596776578125 0.4992199171875 0.635824453125 0.49539027031250005 0.654109309375 0.46687709999999993 0.6519884734375 0.44450681249999996 0.6457883828125001 0.391407940625 0.599134215625 0.381421240625 0.563905734375 0.393560246875 0.5701707890625001 0.4522639234375 0.5688295546875 0.497151246875 0.596776578125 0.4992199171875
0 0.5616455390625 0.5197661234375001 0.5676832187499999 0.55885299375 0.5720873046875 0.6176055765624999 0.57619904375 0.651136553125 0.6001642625 0.6308838359375 0.62599045 0.6105822125 0.6499881515625 0.5931318937500001 0.6514918093750001 0.5622565703125 0.6397088046875 0.509304446875 0.609933296875 0.5100871062500001 0.58019026875 0.513672159375 0.5616455390625 0.5197661234375001
0 0.7192432390625 0.4651650359375 0.7007634765625 0.4768638 0.6579936640625 0.4807912765625 0.6626576171874999 0.5619630703125 0.694391546875 0.5695387000000001 0.7257032 0.5406831125 0.7273043 0.51821499375 0.7192432390625 0.4651650359375
0 0.6903064718749999 0.6608237406249999 0.6936025359375 0.662066853125 0.7251090828125 0.6500256703125 0.7247517609374999 0.619199259375 0.7279864484375 0.5770654125 0.68890609375 0.5780926531249999 0.6572696140625001 0.5789242296875 0.656058309375 0.6350211640625 0.6714008312499999 0.673863446875 0.6903064718749999 0.6608237406249999
0 0.6354577156250001 0.6243496296875 0.6021876484375001 0.6448469296875 0.55598825 0.674093840625 0.571947953125 0.766181746875 0.6090374109375001 0.7539938171875 0.6458669953125 0.7193866828125 0.64903671875 0.6716480359375 0.6354577156250001 0.6243496296875
0 0.6426713515625 0.7326817703125 0.6092647890625 0.7736106234375 0.5541798203125 0.7867854703125 0.56955783125 0.8811780171875 0.595513953125 0.8720859875 0.6194142031250001 0.8462284703125 0.656276278125 0.8144237406249999 0.6426713515625 0.7326817703125
0 0.039180464062499996 0 0.044616659375 0.07922908749999999 0.10988051875 0.08872663593749999 0.1956475265625 0.10048849374999999 0.26639684375 0.10143208749999999 0.3795911453125 0.07042419375 0.44681342968750004 0.0882800171875 0.56088478125 0.132936953125 0.55882890625 0.11617146406250001 0.5540499609375 0 0.039180464062499996 0
0 0.4819675265625 0.2303219828125 0.5378940578125 0.23726170624999998 0.542957234375 0.1922765359375 0.5366272078125001 0.127968059375 0.4564755890625 0.118861853125 0.42082482343749994 0.094569646875 0.34077065625 0.093870640625 0.2513141953125 0.08500900624999999 0.154576265625 0.090355046875 0.0783739734375 0.1007678125 0.041414453125 0.124165340625 0.0331490703125 0.214086753125 0.081696690625 0.2268269359375 0.124531471875 0.22850427031249998 0.24389337968749997 0.247792846875 0.3313914265625 0.24829619374999998 0.42068546875 0.24314581249999997 0.4819675265625 0.2303219828125
0 0.2923341328125 0.4119116 0.4036674640625 0.3809526296875 0.4947575125 0.3701485296875 0.5523501140625 0.36022492968750003 0.5307100499999999 0.2598765765625 0.46907067968750005 0.241874 0.42071795312500004 0.24594821718749998 0.3740637890625 0.23596151718749997 0.29981990937499997 0.2547325640625 0.21966829375 0.24562635312499997 0.1564927859375 0.2556967 0.0913588546875 0.2574087640625 0.0449320703125 0.2670388703125 0.023185140625 0.3180690828125 0.033464484375 0.4018965296875 0.06692945 0.398213640625 0.13411925 0.4132670703125 0.234611596875 0.41062560000000004 0.2923341328125 0.4119116
0 0.555965184375 0.5115056703125 0.5434350625000001 0.39409832968749997 0.5395507109375 0.380184146875 0.4410167859375 0.3911839125 0.3443438234375 0.402134746875 0.2569432265625 0.41003860625 0.16751925 0.40397937656250005 0.057787018749999995 0.4124702296875 0.0439387296875 0.5025383875 0.051837378125 0.5415763296875 0.088991796875 0.5349932125 0.146811778125 0.5446864125 0.22144545624999998 0.5595441765625 0.35909223125 0.5503195828125 0.426022159375 0.54295380625 0.48345234374999996 0.51901820625 0.555965184375 0.5115056703125
0 0.45599257031249996 0.558985553125 0.377799375 0.5582376296875 0.2698956296875 0.5638771593749999 0.18419359062500001 0.5577200999999999 0.050138828125 0.555637259375 0.042295726562500004 0.6819898828125 0.0943703859375 0.6778178296874999 0.1505567859375 0.707176753125 0.2864075546875 0.7036058828125 0.416740378125 0.705786559375 0.4685226828125 0.67639289375 0.5574919031250001 0.6432185125000001 0.5340558359375 0.5485238765625 0.45599257031249996 0.558985553125
0 0.53372158125 0.6802856296875001 0.47994836718749995 0.6985186125 0.4800783015625 0.7097282125000001 0.38327540625 0.7094694406250001 0.26985372343749997 0.7208605359375 0.1710599328125 0.7094410828125 0.062896328125 0.69266140625 0.038336984375 0.8222566765625 0.1185535703125 0.8369676875 0.22479124218750002 0.8481914765624999 0.3124841875 0.8655092296875001 0.44281701250000005 0.8676899062500001 0.49822381250000003 0.82979120625 0.553500675 0.78068290625 0.53372158125 0.6802856296875001
0 0.5667623359375 0.9087574171874999 0.5652316609375 0.8654431359375 0.5582544921875 0.7959496359375 0.4645036328125 0.8651575828125001 0.36776570625 0.8705036296875001 0.36038679687499997 0.87630409375 0.259732034375 0.864933553125 0.177589515625 0.8446666593750001 0.042391081250000004 0.8389283828125 0.0353668484375 0.9428541703125 0.03992858125 0.9814436531249999 0.0684986328125 0.9857346 0.49485810468749997 0.9745276234375 0.5667623359375 0.9087574171874999
0 0.011608351562499999 0.500584946875 0.0234355859375 0.5002740593749999 0.0300673796875 0.43001837031249995 0.0165208625 0.38552237031250003 0.010188765625 0.38527442343749996 0.0114424140625 0.4934292703125 0.011608351562499999 0.500584946875
0 0.0149295390625 0.64380400625 0.0338448625 0.5953111171875001 0.03489375 0.5252021765625 0.0121636796875 0.524532340625 0.0149295390625 0.64380400625
0 0.0391584890625 0.7325309296875 0.032828465625 0.668222459375 0.015530523437499999 0.6697201296874999 0.018169984375 0.7835411999999999 0.0322993078125 0.7831698125 0.0391584890625 0.7325309296875
0 0.7141401484375 0.15418818750000002 0.6514016140625001 0.1370090359375 0.6480761875 0.25477297656250003 0.7404028125 0.26176027031250004 0.7408291921875 0.1734066359375 0.7141401484375 0.15418818750000002
0 0.64974155 0.803101846875 0.7287186640625001 0.7374805828125 0.7292042890625 0.6532258828125 0.7308083437499999 0.6479914875 0.651394878125 0.6759677359375 0.64974155 0.803101846875