0 0.5771532328125 0.1058936421875 0.50316816875 0.060922096875 0.45410949531250006 0.11382369375000001 0.38931923749999997 0.1366296765625 0.3107066984375 0.13749218125 0.3118071265625 0.20778275000000002 0.3657848171875 0.2414760453125 0.43174583125000005 0.28355729531249996 0.4941344328125 0.290422528125 0.535169059375 0.234630625 0.5740833734375 0.1868965734375 0.6104553609375001 0.17964040312500001 0.6288699453125 0.158451471875 0.5771532328125 0.1058936421875
0 0.6361906234375 0.215375159375 0.5980148468750001 0.2063741484375 0.5430524328125 0.2483276015625 0.48794934687499997 0.3010877328125 0.42153113593749997 0.2941281875 0.35557011875 0.25204693125 0.327151846875 0.2675967390625 0.3201930515625 0.3376986703125 0.3784465375 0.352574596875 0.476574084375 0.4008137109375 0.5257031015625 0.34250877343749997 0.5846599484375 0.30335130625 0.6393058468749999 0.28571288125 0.6477167500000001 0.25888481875 0.6361906234375 0.215375159375
0 0.6547560812500001 0.3374218640625 0.641074478125 0.30467172656249997 0.62502638125 0.29889112500000004 0.5723601140625 0.31927838125 0.5313254921875 0.375070278125 0.49467215624999994 0.40393980156250003 0.43443903749999996 0.3863150515625 0.35409304218750004 0.36551705624999997 0.335643284375 0.389407659375 0.334764071875 0.45694939218749997 0.40309158125 0.4720611078125 0.48948198749999994 0.4930005796875 0.53253141875 0.43725583593749995 0.579399440625 0.3978154265625 0.6544747328125 0.35903521562499996 0.6547560812500001 0.3374218640625
0 0.6514752125000001 0.43463480624999995 0.6477269484375 0.4129271359375 0.6441545375 0.3777111140625 0.601351284375 0.4145441765625 0.5607035125000001 0.440617715625 0.529989084375 0.477733715625 0.4932302453125 0.51470825 0.43494159374999997 0.50253399375 0.3987806234375 0.49358014843750003 0.33858266875 0.4732537265625 0.3438182078125 0.5355336015625001 0.398042084375 0.5503152109375 0.498360275 0.5850931312500001 0.5414800468750001 0.5239450515625 0.568129690625 0.48943639843750003 0.6127367375 0.4688605109375 0.6514752125000001 0.43463480624999995
0 0.63016660625 0.5233183234375 0.6626496562499999 0.505161159375 0.64518461875 0.4534050234375 0.606375809375 0.49303406250000004 0.5677780078125 0.516453090625 0.5187896734375 0.5639513578125 0.49228069531249996 0.5876533296875001 0.4279124625 0.5780392734375 0.38786255468749997 0.5581844265625 0.36361456406250003 0.56302186875 0.36079088125 0.6251131078125 0.42508878437500003 0.6401305109375001 0.4832367578125 0.66311144375 0.53360686875 0.6642903921875 0.5584527203125 0.6135245625 0.603411453125 0.5659319828125 0.63016660625 0.5233183234375
0 0.644164728125 0.5317534375 0.58068590625 0.6086399609375001 0.533536534375 0.6696937265625 0.465103521875 0.6626870234375 0.3989314921875 0.6368157890624999 0.35262615625 0.63302949375 0.3496266359375 0.7086290734375 0.399715403125 0.73142138125 0.4559189109375 0.7489518125 0.502013228125 0.7689481359375 0.5470071265625001 0.7186538859375 0.6002712578125 0.65233825 0.6350856234375 0.6099132218750001 0.6637500765625 0.575451721875 0.644164728125 0.5317534375
0 0.668422915625 0.68095830625 0.6449838046874999 0.6236573515625 0.5939454921875 0.67381013125 0.5427665078125 0.7347695796875 0.5118762421875 0.78539394375 0.4537986015625 0.7570096703125 0.3956506234375 0.7340287328125 0.341461915625 0.7165454546875 0.34033652187499996 0.80299888125 0.3905659578125 0.8149845062500001 0.46038073749999997 0.8706684140625001 0.5214579031250001 0.823453096875 0.5663814625 0.7785621875000001 0.5992161984375 0.7333883359375 0.6359046984375001 0.7018171359375 0.668422915625 0.68095830625
0 0.6676843765625 0.73769336875 0.6520583046875 0.6994927390625 0.59077013125 0.76291806875 0.527396809375 0.8316995859375 0.492582440625 0.8741246140625 0.43832339375 0.8620446765625 0.39445488906250004 0.8258854937500001 0.36048456406249996 0.8034704546875 0.357414703125 0.88447338125 0.3974997796875 0.9016265562499999 0.44553856718749996 0.92707336875 0.5097309625 0.9501957734375001 0.550976596875 0.8781938578125 0.59611116875 0.81709293125 0.63294034375 0.77471505625 0.6676843765625 0.73769336875
0 0.583173321875 1 0.60414541875 0.9740255453125 0.63708565625 0.92074668125 0.675999978125 0.87301263125 0.6564497968749999 0.8266126703125 0.5847359156249999 0.916818909375 0.524511321875 1 0.583173321875 1
0 0.7385441390625 0.125358346875 0.7051768265625 0.10678788125000001 0.655678215625 0.104443375 0.612260834375 0.11054294843750001 0.6277747921875 0.141741159375 0.6415512578125 0.170526778125 0.6812312921875 0.1797572671875 0.7156988515625 0.181749971875 0.7517650046875 0.1968257109375 0.7702556015625001 0.20318832343749998 0.774178153125 0.173631 0.7743942203125 0.157032534375 0.7755562031250001 0.1357123640625 0.7385441390625 0.125358346875
0 0.6341845890625 0.19288769375 0.6462235671875 0.2192607109375 0.649050346875 0.273881278125 0.6800737875 0.2686775734375 0.719892725 0.2672376359375 0.7508389953125 0.2679619546875 0.781738975 0.2722430796875 0.7821093765625 0.24378858593750002 0.77199309375 0.2056009140625 0.725147025 0.2033184890625 0.6802082125 0.1904070109375 0.6341845890625 0.19288769375
0 0.7961526859375 0.32001905625 0.79286290625 0.3009666078125 0.7913106109375 0.2843267671875 0.7834610375 0.275841284375 0.748885440625 0.2821478125 0.7214758812500001 0.2815062734375 0.6958038140625 0.2832773296875 0.6710004953125 0.2862546875 0.6462280421875 0.2868608359375 0.650309403125 0.3130476015625 0.6515067203125 0.356956346875 0.6780012375 0.3599483984375 0.702897153125 0.349857409375 0.7312063265625001 0.3493340453125 0.7542258562499999 0.3475008984375 0.7816817125 0.344585625 0.794106525 0.3413185390625 0.7961526859375 0.32001905625
0 0.8085665375 0.38553770468750004 0.810659 0.36068140937500004 0.8071994484375 0.35467060781250004 0.7958594531250001 0.342545534375 0.7665271984375 0.3537186484375 0.73466588125 0.355344840625 0.71155375 0.3642916078125 0.6769164234375 0.37534055624999996 0.6548582421875 0.371266375 0.6563179328125 0.395019846875 0.6592990421875 0.43778436875000004 0.682318571875 0.43595122656249996 0.705461571875 0.42463325 0.7294115765625 0.4192639890625 0.7480410765625 0.4149561640625 0.7755123734375 0.4108552890625 0.80203775 0.41147613125 0.8085665375 0.38553770468750004
0 0.8051577625 0.443570215625 0.8053583984375001 0.42815736875 0.793987534375 0.4184035 0.773589678125 0.42266993125 0.7567439703125001 0.42583354531250006 0.7309947328125 0.43353262499999995 0.7061759828125 0.437695590625 0.6769054624999999 0.44412628437499996 0.6694153265625 0.47597203906249996 0.6699908390625 0.4997048125 0.6804312203125 0.5129947953125 0.7071109359375 0.5017596015625 0.733759784375 0.4928956078125 0.7570262453125001 0.4720928015625 0.77562488125 0.47015618124999997 0.802273725 0.46129218749999995 0.8051577625 0.443570215625
0 0.8111045593749999 0.53028488125 0.8133050546874999 0.4971293515625 0.8126215125 0.48169580156249997 0.8084321109375001 0.4638082671875 0.7755477125 0.4760842046875 0.74803011875 0.48374189218749997 0.7212115078125 0.505647528125 0.690033728125 0.5227072734375 0.6555507375 0.5219001703124999 0.6614313265625 0.54575711875 0.6601458734375 0.5765621249999999 0.6571229328125 0.6049545390625 0.6844707624999999 0.6103385 0.712034653125 0.5991239937499999 0.7370077421875 0.5831049937499999 0.760274203125 0.5623021875 0.7834480640625 0.548613 0.8111045593749999 0.53028488125
0 0.8058348265624999 0.59538961875 0.8070276734374999 0.5716982390625 0.8081896531250001 0.5503780625 0.795888309375 0.5441603125000001 0.7628495765625 0.5682922953125 0.7404981562499999 0.5867445859375 0.7137104109375 0.6062790062500001 0.69850959375 0.618968840625 0.6623817125 0.6086355234374999 0.6646792796875001 0.6359665062500001 0.6651930593750001 0.66444169375 0.664853521875 0.6905249828125 0.6896414109375 0.6887332328125 0.7146453640625 0.6703430234375001 0.7334909328125 0.6494367390625 0.7692593734375001 0.6194388234375 0.7844601859375 0.6067489890625 0.8058348265624999 0.59538961875
0 0.8332906859375001 0.592474346875 0.821112809375 0.5767717671875 0.8022209406249999 0.6012348640625 0.7790162125 0.61729525625 0.7406569703125 0.6424886703125 0.72170336875 0.67169418125 0.7054794703125 0.69503375625 0.663131465625 0.686926784375 0.665135796875 0.7367842328124999 0.7182482921875 0.73328350625 0.7503411140625 0.7138732562500001 0.778074775 0.6896171078125 0.8084918390625001 0.663051840625 0.829213796875 0.633887715625 0.8312908265625 0.6102170234375001 0.8332906859375001 0.592474346875
0 0.750674165625 0.82417581875 0.7687898890625 0.79139280625 0.793079428125 0.75994025625 0.8145466656250001 0.7414672671875 0.8342609781249999 0.721767278125 0.8556664828124999 0.7080367046875 0.8541604921875001 0.6878400453125 0.8455810671874999 0.6674778296875 0.8253992796875 0.65514580625 0.7959898609375 0.67224694375 0.7638044359375 0.6987708234375 0.748464725 0.722131090625 0.7367388890625 0.7396461249999999 0.715472284375 0.7427062609374999 0.6872402796875 0.7373016015625 0.672240096875 0.7345785859375 0.6772365046875 0.7584148359375 0.6768815375 0.7856837328124999 0.6758275890625 0.79870468125 0.6960865515625 0.8051086812499999 0.716268334375 0.8174407046875001 0.750674165625 0.82417581875
0 0.7409606984375 0.0756043640625 0.7546164328125 0.053029965624999995 0.689780284375 0.0484736640625 0.6917553265625 0.050733368749999994 0.6932613171875001 0.07093003437499999 0.7017481437499999 0.098405875 0.7256981484375 0.09303661875 0.7409606984375 0.0756043640625
0 0.8825418984375 0.13821643125 0.8827888312500001 0.1192467671875 0.8804295296875001 0.0966582046875 0.8531743046875 0.084160625 0.8206448734375 0.0691676703125 0.80724238125 0.05672820468749999 0.7537116828125 0.052966385937500006 0.7482965046875 0.055614653125 0.7426673218750001 0.08038817031249999 0.742404953125 0.10054343750000001 0.7509998140625 0.11972005625 0.773150596875 0.1166806078125 0.7936410546875 0.1053005453125 0.814645296875 0.12239568125 0.8277845125000001 0.1321909375 0.84805890625 0.1374093359375 0.8594297671875 0.14716319375 0.874383653125 0.153443028125 0.8825418984375 0.13821643125
0 0.8903805171875 0.2154876421875 0.8889053984374999 0.1929197734375 0.8918048687500001 0.17401219375000002 0.8857699484375001 0.1620112953125 0.8645959453125001 0.1579578015625 0.8391245125 0.1443160109375 0.8224331390625 0.13562358593749999 0.8075872921875 0.12104452343750001 0.77927811875 0.1215678921875 0.7728110640625 0.142763903125 0.7733865718749999 0.1664966765625 0.7740546859374999 0.1831158234375 0.79432908125 0.1883342265625 0.8173331734374999 0.1876866875 0.8358083390625 0.1952348984375 0.857804784375 0.2040515 0.880669978125 0.2140743921875 0.8903805171875 0.2154876421875
0 0.876233653125 0.215156528125 0.843565321875 0.21083400624999998 0.8171171062499999 0.2042851421875 0.7932442625 0.20372638125 0.775560678125 0.2033124890625 0.7823408734374999 0.226004528125 0.783738834375 0.2545004140625 0.7888741390625 0.267666221875 0.8110712250000001 0.261069965625 0.84024914375 0.2617528921875 0.8588014749999999 0.263373096875 0.87825341875 0.263828375 0.8802995812500001 0.2425288921875 0.880423046875 0.2330440625 0.876233653125 0.215156528125
0 0.8858097671875 0.29484034062500003 0.88594866875 0.28416989843749996 0.8826743171875 0.2639318515625 0.8613614109375 0.2705488015625 0.8401411062499999 0.27005213125 0.8285387421875001 0.27808231875 0.8108397249999999 0.278854034375 0.7922410890625 0.2807906484375 0.7937779484374999 0.2986161015625 0.797052296875 0.3188541484375 0.80041925 0.3319785734375 0.8118055515625 0.3405468296875 0.8349022421875001 0.3327856703125 0.85356260625 0.3261066359375 0.8748292125000001 0.32304649375 0.882817690625 0.3208615453125 0.8858097671875 0.29484034062500003
0 0.8885439453125 0.356574528125 0.8896750546875 0.33762555625 0.8897676562499999 0.33051193125 0.8780156781249999 0.3269060734375 0.8605897421875 0.32982900000000004 0.8463194062499999 0.338982721875 0.8312266234375001 0.3433733234375 0.8117592453125001 0.3441036421875 0.81143514375 0.3690013296875 0.8075588890625 0.395001840625 0.8163543859375 0.39876560156249996 0.838551465625 0.392169346875 0.859011059375 0.38316049375 0.8882970125 0.3755441984375 0.8885439453125 0.356574528125
0 0.89873739375 0.38883417656249997 0.8926407421875 0.38157568125 0.873188796875 0.381120403125 0.8580034109374999 0.39262463593749997 0.84112684375 0.3981594484375 0.8276635171875 0.41326188124999996 0.8117328562499999 0.4140749828125 0.8123546656249999 0.43425094375000006 0.8093934578124999 0.45790094375 0.8135365546875001 0.47934528906249996 0.8358879703125 0.46089298906250004 0.8510116234374999 0.45413118125 0.8653591234375 0.4390494484375 0.8839423265624999 0.43829843124999995 0.8964134328125001 0.43147453437500005 0.89845959375 0.4101750453125 0.89873739375 0.38883417656249997
0 0.8562086609374999 0.46255457343749995 0.8402008390625 0.46929569375 0.8303205296874999 0.48092409687500004 0.8081080078125 0.48870594843750004 0.8112743312499999 0.5172432328125 0.81183440625 0.5421616078125 0.8288190171875 0.5283275625 0.84139815625 0.5132044375 0.8503325515625001 0.5062977609375 0.8610661734375 0.4970612671875 0.8752593390625 0.49383557343750006 0.87727463125 0.4749072890625 0.87235539375 0.44514302343749995 0.8562086609374999 0.46255457343749995
0 0.6929406609375001 0.0486957609375 0.5985933765625 0.042065590624999996 0.5635338937500001 0.048918232812500004 0.52264558125 0.0645647328125 0.5427038984375 0.0863815796875 0.5690595125 0.10004407343749999 0.5973223812499999 0.10307751093749999 0.6167588890625 0.104718403125 0.6522341015625 0.097246971875 0.6787594828125 0.09786780625 0.6973581140625 0.09593119375 0.7011417625 0.07704430625 0.703126190625 0.060487239062499996 0.6929406609375001 0.0486957609375
0 0.8325762750000001 0.57941200625 0.8297539703125001 0.59239156875 0.8356499875000001 0.6150629140625 0.8407852968749999 0.6282287265625001 0.8587466859375 0.60730175 0.8739320671874999 0.5957975171875 0.8927621984374999 0.5760768406250001 0.8913333765625 0.5499521640625 0.8791555000000001 0.5342495859375 0.86037166875 0.5504134484375001 0.847807953125 0.5643509718749999 0.8325762750000001 0.57941200625
0 0.8388163046875 0.64360019375 0.8412219109375 0.66263194375 0.8507009453125001 0.68182924375 0.8650330171875 0.6679331140625 0.8856469406249999 0.647068221875 0.9035002921874999 0.634440471875 0.9055310171875 0.614326596875 0.9067392968749999 0.5894496078125 0.8962371828125001 0.580902034375 0.8720093734375001 0.6076121703124999 0.8567159578125001 0.62741563125 0.8388163046875 0.64360019375
0 0.8830143093749999 0.713420659375 0.8676900296875001 0.7355953296875 0.8462536609375 0.7516971078125 0.8309448046875 0.7726861765625 0.8368871265625 0.7918006984375 0.8427368468750001 0.818028846875 0.859706025 0.8053804093749999 0.8821500375 0.7798144890625001 0.8991809484375001 0.762423625 0.9116674921874999 0.754414125 0.9120070296874999 0.728330840625 0.9149219328125 0.7082376531250001 0.90179814375 0.6972567953125 0.8830143093749999 0.713420659375
0 0.7331621687500001 1 0.7423242328125 0.9900155234374999 0.7639612375 0.9585008984375 0.7898493734375001 0.94013138125 0.8007681906249999 0.9166676359375 0.8204825046875 0.896967653125 0.8304091109374999 0.8817824375000001 0.8333703171875 0.85813244375 0.8256442078124999 0.840162125 0.8247291609375 0.8425126421875 0.7979414109375 0.8620470687499999 0.7728139921875 0.8899221140625 0.7565900937500001 0.91326169375 0.744787096875 0.9367047328125 0.7312929031250001 0.954178375 0.7119798609375 0.9430526531250001 0.6994624484374999 0.9534333640625 0.69740085625 0.97591844375 0.7042582203125 0.992682465625 0.7139261484375 1 0.7331621687500001 1
0 0.837019215625 0.80428963125 0.8201575343749999 0.7970741875 0.8006645125 0.7966179375 0.7833590125 0.8234960171875001 0.758470190625 0.846786215625 0.73938089375 0.8804433296875 0.7069975125 0.8933269375 0.698655428125 0.8829005109375 0.698285584375 0.9113117781250001 0.697127403125 0.9351574093749999 0.7393408046875 0.9486502046874999 0.7558431531250001 0.9183429375 0.7722419578124999 0.8959908234375 0.7921048093749999 0.86803580625 0.810169071875 0.8479962671875001 0.8332888765625001 0.8303486484375 0.837019215625 0.80428963125
0 0.507003190625 0.0673547734375 0.5413094828125 0.05981772656249999 0.5375029359375 0.0377725171875 0.4934913640625 0.0346796484375 0.3382551109375 0.0310462328125 0.3097244953125 0.052312318749999996 0.28643497500000004 0.0496822109375 0.2658202125 0.08047475625 0.22336183906249998 0.11701103906250002 0.2351461984375 0.16732692031250002 0.27422435156249997 0.1515615515625 0.3164113984375 0.13586894375 0.37095259375 0.12672050625 0.4394023890625 0.1241526078125 0.48183362656249995 0.08970069375 0.507003190625 0.0673547734375
0 0.2351190640625 0.16941129531250002 0.22091200781250003 0.18575878437499999 0.21286845781250002 0.20642055625000003 0.22015228437499998 0.24412108593749998 0.22773457656249999 0.2588935734375 0.2650412203125 0.25976675625 0.31467489375 0.2692684828125 0.338452809375 0.234379971875 0.3107441484375 0.212881403125 0.3109612125 0.1962064609375 0.30517756406249996 0.1627110453125 0.2662079359375 0.1701389484375 0.2351190640625 0.16941129531250002
0 0.15946684375 0.12802554531250002 0.1391234109375 0.137974409375 0.1140352453125 0.1540672265625 0.1153454953125 0.1728629203125 0.1194933015625 0.21257505625 0.145918846875 0.21319356250000002 0.17869783125 0.2035357609375 0.21303125781249999 0.193914346875 0.2242379578125 0.1691566140625 0.22619939375000003 0.13792747656249998 0.2158609453125 0.09598544375 0.1845550078125 0.1119327265625 0.15946684375 0.12802554531250002
0 0.12522268281249999 0.2502392046875 0.129479025 0.281613875 0.16520409687499998 0.2845350453125 0.20095630468749998 0.2853718515625 0.21208160625 0.266867221875 0.21396164374999999 0.2418911875 0.20820513125 0.20631140312500001 0.172371521875 0.2117276984375 0.1381737625 0.210927278125 0.1225207921875 0.21890092656250001 0.12522268281249999 0.2502392046875
0 0.26340538125 0.2659834828125 0.2416703046875 0.26338975625 0.2215439359375 0.2566636765625 0.21797378437499998 0.292025159375 0.2222843890625 0.319231090625 0.24701982656250002 0.33023505625 0.2734182328125 0.33293793125 0.30278986875 0.346135403125 0.31713258906249997 0.3193660734375 0.317512453125 0.2901849203125 0.3144849578125 0.28385905624999996 0.286694903125 0.268613590625 0.26340538125 0.2659834828125
0 0.2283665 0.3297984609375 0.2279052421875 0.36523271562500004 0.22883562343750002 0.41320955625 0.26935969531250004 0.405818034375 0.3002586390625 0.42113626093749995 0.323575296875 0.42168200625 0.33161884375 0.40102024375 0.334971928125 0.3823337046875 0.34151529687500004 0.3574668125 0.30431718281250003 0.348256159375 0.267119059375 0.3390455 0.2283665 0.3297984609375
0 0.23349895781250002 0.41331870468750004 0.2194275640625 0.4192443578125 0.21599308437500003 0.4441840109375 0.21866784374999998 0.477606659375 0.23094059687500001 0.49040393125000004 0.252702809375 0.49091328437500004 0.2883464828125 0.5000875625 0.333154021875 0.521986340625 0.338414275 0.47623939843749996 0.3387670046875 0.4491426140625 0.3218851859375 0.4320674609375 0.2738059625 0.42260212499999994 0.23349895781250002 0.41331870468750004
0 0.2866563765625 0.5104730171875 0.2479038140625 0.5012259765625 0.22147826718750002 0.500607471875 0.22254431718749998 0.538162471875 0.22063714375000001 0.56522286875 0.26099841874999996 0.5703375562499999 0.27796163906250004 0.5811596078125 0.3103878890625 0.5985985859375 0.34761314374999996 0.60572488125 0.352656334375 0.57665288125 0.3438180671875 0.5389159609374999 0.30525543593750004 0.515078340625 0.2866563765625 0.5104730171875
0 0.1432869578125 0.4153772390625 0.166440809375 0.42842918750000003 0.1976382203125 0.42081936875 0.21803591875 0.40670177343749997 0.22141613124999998 0.3859308640625 0.221714596875 0.3630028125 0.21115908437500003 0.337735721875 0.1860709234375 0.3538285390625 0.1580095375 0.35942675625 0.143748215625 0.3799429828125 0.1432869578125 0.4153772390625
0 0.1534083390625 0.4739942109375 0.15332694062500002 0.48024731875000004 0.1781166359375 0.48708254531249995 0.20765107187499998 0.48777382343750003 0.21564035625 0.47128078906250004 0.20200308437499997 0.44385656874999996 0.2067478171875 0.43771260781250004 0.17732191875 0.4286838640625 0.157114153125 0.42821088593749995 0.1567885546875 0.45322330624999996 0.1534083390625 0.4739942109375
0 0.21131048749999998 0.5650045734375 0.216407940625 0.5317638359375 0.21217874218750002 0.49830480625 0.1842258859375 0.49556554531249997 0.154664321875 0.49695864843750004 0.1557575046875 0.532429278125 0.153877465625 0.55740530625 0.178721428125 0.5600718015624999 0.21131048749999998 0.5650045734375
0 0.2185129109375 0.6089582109375 0.2290412875 0.6363096703125 0.2569941484375 0.6390489265625 0.2940023390625 0.662850159375 0.33270063125 0.6762659375 0.3377980890625 0.6430252046875 0.3381779453125 0.6138440515625 0.2840437453125 0.5917269765625 0.26080848749999996 0.5849281359375 0.22513768281250002 0.577838221875 0.2185129109375 0.6089582109375
0 0.22895989375 0.6425627734375 0.22249792343750002 0.6611765515625 0.23155325000000002 0.682238528125 0.2484622078125 0.69722931875 0.268534309375 0.7081241312500001 0.2932426140625 0.7212124609375 0.317950915625 0.7343007890625 0.3304949953125 0.72625438125 0.3340651484375 0.6908928921874999 0.30158461875000003 0.677622653125 0.2722943890625 0.65817206875 0.22895989375 0.6425627734375
0 0.12131120312499999 0.0729224203125 0.1252962203125 0.1251407671875 0.16281992812499999 0.10933900625 0.19412586874999999 0.093391721875 0.217632453125 0.0793468859375 0.2548848390625 0.08438880625 0.28010866874999996 0.057874148437499995 0.2706681265625 0.029464323437500002 0.1923378515625 0.027630948437500004 0.19030365625 0.0286671703125 0.1605250296875 0.0467352046875 0.12131120312499999 0.0729224203125
0 0.13257215312499998 0.2864834609375 0.12274245312500001 0.2705514203125 0.1145267078125 0.2591434375 0.1136905375 0.25912386875000004 0.1129527421875 0.25910659687500004 0.097598975 0.27444919843750004 0.08394294531249999 0.2954393859375 0.0711960671875 0.3108430109375 0.050058296875 0.32829336875 0.053052685937499997 0.35528111875 0.068648 0.378077528125 0.09646053437499999 0.3619049609375 0.11338826718749999 0.34659919375000003 0.1320029328125 0.330211340625 0.14400121562499998 0.308060784375 0.13257215312499998 0.2864834609375
0 0.083699059375 0.37842980625 0.0677242625 0.38478531875 0.0714964359375 0.41627754531249994 0.0899651484375 0.41110197656249997 0.10769985625 0.3980582328125 0.128677084375 0.39294137500000004 0.141365584375 0.3820226703125 0.14074834687499999 0.36518467656250003 0.1326931484375 0.34144319375 0.1183177125 0.3534439828125 0.103942275 0.365444778125 0.083699059375 0.37842980625
0 0.098341440625 0.41017646093750004 0.07897818281249999 0.41981736875 0.058749554687500004 0.43168116406249996 0.0584284578125 0.45634817656250004 0.0590019109375 0.47654984687499996 0.0808298984375 0.47033132968749997 0.10927426250000001 0.4698755171875 0.1302806734375 0.46251619843749997 0.153119978125 0.44286252812500004 0.14582797812499998 0.42474674375 0.13790413906250001 0.3909141984375 0.118643046875 0.3927065234375 0.098341440625 0.41017646093750004
0 0.1452733515625 0.46735339218750005 0.128389403125 0.4792954765625 0.10242435624999999 0.4820524546875 0.0781024625 0.48709102812499994 0.061320682812500006 0.4911845171875 0.06185034375 0.51474986875 0.065666309375 0.5428784203125 0.08236051718750001 0.5455122953125 0.10167999218749998 0.5392350625 0.12591431718749999 0.5409238515625 0.14278366874999998 0.530103 0.14803421562500002 0.512280784375 0.15745101718750001 0.495677653125 0.1525799484375 0.4843479484375 0.1452733515625 0.46735339218750005
0 0.1001870296875 0.5896707328125 0.0751019359375 0.5890836015625001 0.0701287078125 0.58560249375 0.06976382187499999 0.61363318125 0.07192203750000001 0.6406013640625 0.08522777499999999 0.6465206359375 0.1036964875 0.64134506875 0.134620178125 0.6431904203125 0.14632655156250002 0.6434644140625 0.1457822921875 0.6210202953125 0.14450402499999998 0.5907080062500001 0.1252721234375 0.59025786875 0.1001870296875 0.5896707328125
0 0.32646603750000003 0.8125513812499999 0.3416922421875 0.7994489312499999 0.3419841484375 0.777024375 0.3322128265625 0.7566074265625 0.3174244921875 0.7360730515625 0.2975169625 0.723269840625 0.2842258171875 0.7162293359375 0.2609444234375 0.7055902890625 0.2418000890625 0.6984127953125 0.23411401718749997 0.710570159375 0.2313281953125 0.7318147734375 0.22770620312499998 0.75303980625 0.24517819843750002 0.7601781703125 0.2617410375 0.772903096875 0.27918384375 0.782283909375 0.2915658390625 0.7949109828124999 0.3048569828125 0.8019514890625 0.32646603750000003 0.8125513812499999
0 0.3288139953125 0.8249436015624999 0.30642715625 0.809839215625 0.284025715625 0.79585606875 0.2699421859375 0.7854323125 0.2524993859375 0.7760515 0.24482790625 0.78708763125 0.2369812796875 0.8115785000000001 0.2392562578125 0.8295768578124999 0.25844438593749997 0.8333906765625001 0.2733202921875 0.8471976874999999 0.2923478609375 0.8633450109374999 0.3222748265625 0.8775043015625 0.33003388125 0.8597408015625 0.3344044703125 0.84526269375 0.3288139953125 0.8249436015624999
0 0.3691337578125 0.9402873749999999 0.3618563515625 0.9210503640625 0.353786559375 0.8984301015625 0.3295084484375 0.90010499375 0.3171556390625 0.885235465625 0.295546584375 0.8746355734375 0.2747736984375 0.86405524375 0.259047021875 0.8513498921875 0.255366653125 0.8770598406250001 0.25343159375 0.8972027953125 0.267529715625 0.9065053234375 0.2850017125 0.91364368125 0.299906809375 0.92520824375 0.3139611484375 0.9378744609374999 0.32552156718749997 0.9493607265625 0.35627011406250003 0.9646608125 0.3691337578125 0.9402873749999999
0 0.2134517625 0.8200003359375 0.1926934703125 0.8082987781250001 0.1827470078125 0.8013365562500001 0.17825965625 0.8247844828125 0.1780261265625 0.8427241249999999 0.18960114374999998 0.8530891703125001 0.20114697499999998 0.8656966703125001 0.21609586093750002 0.8738975390625001 0.2351526234375 0.8878024140624999 0.24454022812499998 0.8734417390625 0.2490421734375 0.8488725796875001 0.2300000125 0.8338464890624999 0.2134517625 0.8200003359375
0 0.21897115625 0.6530156984375 0.2015137578125 0.6447561140625 0.1907311265625 0.6377743234375 0.173244534375 0.6317571875 0.1622283765625 0.6427150453125 0.15788697812500002 0.65495069375 0.15589353749999998 0.67957855625 0.15998681406249998 0.6864037781250001 0.1758594453125 0.6878968515625 0.188285225 0.69716025 0.20989428437500002 0.7077601421875 0.22993316562500002 0.71047230625 0.2351691140625 0.69377131875 0.230371025 0.676835471875 0.21897115625 0.6530156984375
0 0.1484555765625 0.6726750515625 0.1436720890625 0.6546179828125 0.125378525 0.64633881875 0.10447427499999999 0.6458495453124999 0.08857245312499999 0.6465989203125 0.0741824234375 0.65972094375 0.0646050765625 0.6886575859375 0.0685232125 0.7089375390625 0.0775751234375 0.720365090625 0.092626178125 0.72071736875 0.11436659687499999 0.721226215625 0.14024407187500001 0.7251966140625 0.166282096875 0.7168334890625 0.1665740046875 0.6944089375 0.1508035375 0.6850672671875 0.1484555765625 0.6726750515625
0 0.09506171249999999 0.7263822328125 0.09308286875 0.7498888640625 0.092936915625 0.7611011421875 0.11382656718749999 0.7627116484375 0.125416178125 0.7719554609375 0.147919784375 0.7780900171875 0.16807543281249998 0.7718323640625 0.170846653125 0.7517089765625 0.16019538125 0.7346361359375 0.1426066265625 0.7364676015625 0.12090999531249999 0.73259506875 0.09506171249999999 0.7263822328125
0 0.0831674921875 0.5477743187499999 0.078782309375 0.563373653125 0.07851959375 0.58355575 0.096049965625 0.58620919375 0.11195178750000001 0.5854598234374999 0.13620071250000002 0.5860273859375 0.14312359375 0.56824430625 0.14255014375 0.5480426421875 0.1417869484375 0.5424169375 0.12160211406250002 0.5509170453125 0.103220975 0.54936525625 0.0831674921875 0.5477743187499999
0 0.0154857625 0.6067549265625 0.031387584375 0.6060055515625 0.047289403125000004 0.6052561703125 0.06729909687499999 0.610210784375 0.070950275 0.5867432890625001 0.07953090625 0.570120590625 0.0671343140625 0.55861475 0.041198453125 0.5591292734375 0.02113038125 0.55865956875 0.018344559375 0.57990418125 0.0154857625 0.6067549265625
0 0.016175975000000002 0.6179867734375 0.0085190890625 0.62790168125 0.006613220312499999 0.6458021875 0.0089028015625 0.66267930625 0.0305994328125 0.6665518406250001 0.051518271875 0.6659198984375 0.06501374531250001 0.6572632046875 0.07281659375 0.6361360234375 0.0689276484375 0.6136136140625 0.048038 0.6120031078125 0.0280283046875 0.60704849375 0.016175975000000002 0.6179867734375
0 0.014653821875 0.6706649031249999 0.013598720312500001 0.6874637390625 0.0133651953125 0.7054033859375 0.0199961734375 0.7100448687500001 0.038377309375 0.7115966593749999 0.0440991390625 0.7218247109375 0.0673659453125 0.7335849718749999 0.070180953125 0.7100979093750001 0.05963184375 0.685176471875 0.053044653124999994 0.6771713125 0.03387113125 0.6722362609375 0.014653821875 0.6706649031249999
0 0.09826466874999999 0.8016023359375 0.0911228515625 0.8362038187499999 0.1076856984375 0.84892875 0.120140678125 0.85594968125 0.1341950078125 0.8686158921875 0.1540149625 0.888146465625 0.1663969625 0.9007735390624999 0.1734366109375 0.8740206421875 0.17381609375 0.8448687265625001 0.1472629921875 0.8285452609374999 0.122353046875 0.814503403125 0.09826466874999999 0.8016023359375
0 0.023826728125 0.7370521937500001 0.022800821875 0.7516085734375 0.0394804328125 0.7553636765625 0.048488559375000004 0.7701549203125 0.0867334359375 0.7878736078124999 0.086996153125 0.76769150625 0.08565950781250001 0.7418641359375 0.058975051562500005 0.7356317156250001 0.0365590171875 0.7227697890625 0.0274341265625 0.7169483750000001 0.023826728125 0.7370521937500001
0 0.0725477421875 0.78529844375 0.055134131249999996 0.7736751703125 0.036913542187499995 0.759789875 0.02940260625 0.7584925109375 0.0291544828125 0.77755338125 0.024813084375 0.789789028125 0.0246379453125 0.8032437609375 0.037136703125 0.80690100625 0.053772521875 0.8140197953125 0.062032059375000004 0.8220641015625001 0.08356813125 0.8382701359375 0.088818678125 0.8204479140625001 0.0924260765625 0.8003441078125 0.0725477421875 0.78529844375
0 0.36668360624999996 1 0.36687760156250004 0.9850973406250001 0.355375559375 0.969126153125 0.33295952500000003 0.9562642328125 0.3080349828125 0.943343596875 0.29148673281250004 0.9294974437500001 0.2549725765625 0.9073329890625 0.25225972812499997 0.9229714609374999 0.25189484375000004 0.951002153125 0.2692938609375 0.9637466484375 0.29578858124999996 0.9845550234375 0.30770566875 1 0.36668360624999996 1
0 0.250820915625 0.9049926812500001 0.2334656859375 0.8888845 0.2151867125 0.8794841140624999 0.19026216875 0.866563471875 0.1810205171875 0.8697118749999999 0.17403925 0.8919798578125 0.17387869843749998 0.9043133578125 0.1820944484375 0.9157213515624999 0.194520228125 0.9249847390625 0.20361592812499998 0.9330486140625001 0.21768485625 0.944593596875 0.2359492375 0.955115215625 0.2478307546875 0.9419344765625001 0.2539320671875 0.9230106015624999 0.250820915625 0.9049926812500001
0 0.095680415625 0.10056105625 0.08043961875 0.11478474375 0.060784448437500006 0.1468502046875 0.0439442921875 0.1554286015625 0.031109831249999997 0.17755959062499999 0.0332242671875 0.2078914546875 0.0462818890625 0.2328716015625 0.0623734484375 0.21754626093749999 0.079403346875 0.1943918984375 0.107303453125 0.171491971875 0.11422633906249999 0.1537088984375 0.127823978125 0.13720361875 0.12387666093750001 0.11916611875000001 0.11492691562499999 0.099889965625 0.095680415625 0.10056105625
0 0 0.2996294140625 0.0027761015625 0.298025903125 0.0256153984375 0.278372221875 0.041838321875 0.25295583593750004 0.037171593749999995 0.2259289484375 0.0324026953125 0.2067506484375 0.025830101562500003 0.19762426093750002 0.009150492187500001 0.193869159375 0 0.20393511874999998 0 0.2996294140625
0 0 0.3630852953125 0.0018711859375 0.3675420109375 0.018006534375 0.34885299999999997 0.0357996265625 0.331324346875 0.0552212671875 0.3171985234375 0.0763590375 0.299748159375 0.0943418734375 0.2676435515625 0.122402525 0.2324101078125 0.11519809375000001 0.2075669609375 0.101318903125 0.1814460234375 0.0851689625 0.2012562671875 0.0647943859375 0.22433234062500002 0.04860065625 0.2475062671875 0.037409346875 0.2719188515625 0.0271855765625 0.2862599609375 0.00755959375 0.316082971875 0 0.322588153125 0 0.3630852953125
0 0 0.4082671015625 0.013698559374999999 0.42277573906250004 0.0331493890625 0.4064074609375 0.060903546875000006 0.39471980156250003 0.0704225125 0.3702680734375 0.05723352968749999 0.3553789828125 0.04413213125 0.3337625109375 0.028891331250000003 0.34798619375 0.0144721140625 0.3633506703125 0 0.37552925625 0 0.4082671015625
0 0.08549480937500001 0.0308956140625 0.05978111093750001 0.0590530453125 0.014439428125 0.09720900625 0.0219129625 0.12222149375 0.042022195312499996 0.1501442109375 0.06669325781249999 0.1271913234375 0.0904407546875 0.10029510156250002 0.1216958171875 0.09579768749999999 0.12495983125000001 0.069729278125 0.132892678125 0.059457034374999995 0.1429278171875 0.0374688296875 0.10698691093749998 0.027476926562499997 0.08549480937500001 0.0308956140625
0 0.014754864062500001 0.47586739843750003 0.015696228125 0.49928360781250003 0.01853890625 0.5202378125 0.0322861953125 0.5172175453125 0.051092796875 0.508467153125 0.0599221140625 0.5003187437500001 0.0589481390625 0.47940827812500003 0.058466584375 0.46853542656249997 0.0535486234375 0.46340727812500004 0.040337250000000005 0.4731241421875 0.0278357625 0.4761735625 0.014754864062500001 0.47586739843750003
0 0 0.5226837328125 0.00601566875 0.5249577390625 0.0074680546875000005 0.5091171015625 0.0108978640625 0.48496769375 0.010919610937500001 0.4832971875 0 0.4811268125 0 0.5226837328125
0 0 0.583681 0.0063854624999999995 0.58554944375 0.018083742187499998 0.5682412953125 0.02480933125 0.55521224375 0.015178546875 0.53960261875 0.0176935 0.5352659890625 0 0.5348518640625 0 0.583681
0 0 0.6408427109375 0.00831410625 0.62625286875 0.017568940625 0.607788653125 0.0104388046875 0.5889409375 0 0.5832749265625 0 0.6408427109375
0 0 0.7018804609375 0.0015926656250000002 0.7019177390625 0.0092376015625 0.6812181015625 0.0094950046875 0.6614444203125001 0 0.653299659375 0 0.7018804609375
0 0 0.7592110859375001 0.0008490640625 0.7590416984374999 0.0165863890625 0.7462235796875001 0.020925728125 0.7276443125000001 0.0088658046875 0.7097800796875 0 0.7145431359375001 0 0.7592110859375001
0 0.3075276265625 1 0.29937238125 0.9934954203125 0.2717467375 0.97526686875 0.261601153125 0.999204590625 0.26151322499999996 1 0.3075276265625 1
0 0.25799888593750003 1 0.2512083265625 0.9791816359375 0.23339935625 0.962281721875 0.21720029218749998 0.9476172328124999 0.19852917812499998 0.93399375 0.18464485625 0.9303721640625 0.17702851718749998 0.9488747265624999 0.17427047499999998 0.9718864999999999 0.18798319531250002 0.988690534375 0.1988291265625 1 0.25799888593750003 1
0 0.1716512796875 0.9212770562499999 0.15228961875 0.8977475734375 0.1304845078125 0.8730620171875 0.113566296875 0.850688590625 0.0988484234375 0.8481463578125 0.0936469328125 0.8700020625 0.09259888125 0.8875594890625 0.0915794359375 0.902919840625 0.1069735546875 0.91646661875 0.1264353140625 0.932306346875 0.1385810421875 0.9435793515625001 0.148197525 0.9602875171875 0.167745084375 0.9695360171875 0.16877883437500002 0.95307713125 0.1716512796875 0.9212770562499999
0 0.0671694328125 0.8265263125000001 0.0460977796875 0.8084511593749999 0.029798610937499997 0.80147643125 0.009231596875000001 0.807588284375 0.0007388140625 0.8304658234375 0.0062161484375 0.8503737328125001 0.025749415625 0.8607207671875001 0.040395784375 0.86875568125 0.05903830156249999 0.8845762390624999 0.0820773515625 0.877423375 0.08880293593750001 0.8643943296875 0.086516796875 0.851154346875 0.0873789453125 0.8478779031249999 0.0671694328125 0.8265263125000001
0 0.16951413906249999 0.7706815234375 0.1692710421875 0.789356659375 0.1847509625 0.796312215625 0.2034077796875 0.8110342328125 0.2359489109375 0.8293778359375 0.234596415625 0.8073687328125001 0.2416080046875 0.7723689265625 0.21550645781250002 0.7629670281250001 0.1943346953125 0.7525816359374999 0.17069089375 0.74323725 0.16951413906249999 0.7706815234375
0 0.9281707328125 0.44135192031250003 0.9034553765625001 0.44000217656249996 0.88163514375 0.4371776484375 0.8841890125 0.46191805625000004 0.8843725843750001 0.492001875 0.8987779187499999 0.4900252265625 0.9189032375 0.4904962734375 0.9396336828124999 0.48866767656250004 0.9496095671875 0.4734757734375 0.9623099484375001 0.46991668124999997 0.9619557500000001 0.45294046093749996 0.9556908734375 0.4481662046875 0.9494862203125001 0.43876574375 0.9281707328125 0.44135192031250003
0 0.9314831781249999 0.4961896078125 0.9107928890625001 0.49493406875 0.8854924921875 0.49434189218749996 0.8880865078125 0.5159981640625 0.8906203015624999 0.5422806421875 0.9002248265624999 0.555617028125 0.915235284375 0.5513407390625 0.9384564578125 0.5349163124999999 0.954082071875 0.527569340625 0.96803284375 0.5163268234375 0.9723088265625 0.49714515937500003 0.9678593046874999 0.485471971875 0.9598493265625001 0.482199409375 0.9314831781249999 0.4961896078125
0 0.9716765078125 0.5457203578125001 0.968417153125 0.5309899484375 0.9604272500000001 0.52617531875 0.9476264953125 0.53744475625 0.9377509703125 0.54492630625 0.9227003640625 0.5522867390624999 0.91167483125 0.559741375 0.8869092921874999 0.5622468015625001 0.899953834375 0.576434971875 0.9083481265625 0.594370653125 0.906412321875 0.6105220109375 0.9225928734375 0.60473056875 0.9360087796875 0.5903904484375 0.9493845375 0.5791344765625001 0.9621351109375 0.571720215625 0.973765771875 0.5619659265625 0.9716765078125 0.5457203578125001
0 0.9220178640625001 0.6047171078125 0.9022969281250001 0.6173671140625 0.90884575 0.6445148359374999 0.906224534375 0.66913411875 0.9323408265625 0.6512349140625 0.9499624624999999 0.62311038125 0.96445813125 0.6141944203125 0.9720838046875 0.6028038578125 0.9746447968749999 0.582810784375 0.9725053515625 0.5704203921875 0.958624834375 0.5762656703125 0.938308821875 0.590444284375 0.9220178640625001 0.6047171078125
0 0.98267734375 0.423225971875 0.9824725078125001 0.4233411421875 0.9673616828125 0.43532778437499997 0.9712060812500001 0.44930061875 0.9767554359374999 0.46485589843749997 0.9765848140625 0.4779635 0.98200786875 0.47465515312499995 0.98267734375 0.423225971875
0 0.9748455343750001 0.5673900859375001 0.9805018765625 0.5691543578125 0.9809155046875 0.5585712843749999 0.9813153609375 0.527854346875 0.976487346875 0.5296362953125 0.9723117374999999 0.5411076015625 0.97328109375 0.555013153125 0.9748455343750001 0.5673900859375001
0 0.98378659375 0.3380126140625 0.9749815343750001 0.3360123234375 0.9566816109375 0.3278713015625 0.945342021875 0.3152655796875 0.9262161656250001 0.326386971875 0.9067160375000001 0.3220742109375 0.897335228125 0.3357375 0.8947742375000001 0.3557305734375 0.9085041984375 0.36145081874999996 0.9251393140624999 0.36492525625 0.9406344484375 0.36760174375 0.9612444453125001 0.37502556249999996 0.97792975 0.37464481250000004 0.9832963640625 0.37567218750000003 0.98378659375 0.3380126140625
0 0.9708035171875 0.7509785171875001 0.973607834375 0.7455458921875 0.9753875593749999 0.70000969375 0.971557978125 0.6930200859375 0.9555816359374999 0.6918519609375 0.9462867421875 0.723402125 0.9300210171875 0.744464625 0.9220653515624999 0.7641332390625 0.9113765640624999 0.7662656484375 0.9134865812499999 0.7861698515625 0.9197102875000001 0.80855293125 0.9332768890625 0.8128414265625 0.9472672375 0.7845779312500001 0.958162728125 0.7665665109375001 0.9708035171875 0.7509785171875001