0 0.345567084375 0.6854420171875 0.1652351984375 0.787933809375 0.18432916093750001 0.8909305468750001 0.3561748390625 0.765132078125 0.345567084375 0.6854420171875
0 0.343445534375 0.5844497734375 0.1652351984375 0.6689768453125 0.1906938171875 0.765662203125 0.3752688046875 0.662928053125 0.343445534375 0.5844497734375
0 0.31162225781249997 0.479206178125 0.14189813125 0.5483789109375 0.1482627875 0.6372331015625 0.32647311874999996 0.5497321125 0.31162225781249997 0.479206178125
0 0.2776774328125 0.35921413750000003 0.09098089375 0.423408446875 0.11431795781250001 0.5261628328125 0.3031360515625 0.438055953125 0.2776774328125 0.35921413750000003
0 0.26282657187499997 0.2470532671875 0.0676438265625 0.2849669703125 0.07825158125000001 0.3854745 0.2797989828125 0.3412494171875 0.26282657187499997 0.2470532671875
0 0.23100329687499999 0.13883574375000002 0.0570360671875 0.12795488125 0.0527929625 0.2263367375 0.22676019531249997 0.24019151718749998 0.23100329687499999 0.13883574375000002
0 0.5216558640625 0.711071321875 0.364661046875 0.7289602796875 0.3604179453125 0.8451856781249999 0.5258989656249999 0.8089684703125 0.5216558640625 0.711071321875
0 0.5301420718750001 0.6243428093750001 0.38587656406250004 0.602843684375 0.37951190625 0.692424940625 0.5343851734375 0.7222399578124999 0.5301420718750001 0.6243428093750001
0 0.5004403468749999 0.498160565625 0.35617484374999997 0.506400678125 0.3561748390625 0.5837227031250001 0.5004403468749999 0.596300065625 0.5004403468749999 0.498160565625
0 0.494075690625 0.391462828125 0.3370808765625 0.3706907734375 0.3370808765625 0.45990849375 0.49195413906249996 0.477827809375 0.494075690625 0.391462828125
0 0.4877110375 0.2579997796875 0.30525760156250004 0.2267861609375 0.29464984375 0.310661921875 0.48346793593750004 0.3534077078125 0.4877110375 0.2579997796875
0 0.4431584578125 0.141587546875 0.26919122500000003 0.1217849171875 0.2585834703125 0.2086346078125 0.43467225000000004 0.24913353593749998 0.4431584578125 0.141587546875
0 0.6680429234374999 0.6848664875 0.5343851734375 0.75495311875 0.5534791390625 0.8222627734374999 0.682893784375 0.734574953125 0.6680429234374999 0.6848664875
0 0.6935015421874999 0.597168546875 0.56408689375 0.568873328125 0.549236034375 0.6529914531250001 0.689258440625 0.6747329343749999 0.6935015421874999 0.597168546875
0 0.6786506828125 0.46716413125 0.5322636234375 0.4666036546875 0.536506725 0.5704486421875 0.6807722328125 0.5681563749999999 0.6786506828125 0.46716413125
0 0.6637998171875 0.36392503593750003 0.5152912078125 0.345642190625 0.5174127625 0.4377126609375 0.6553136140625 0.4684970953125 0.6637998171875 0.36392503593750003
0 0.64682740625 0.2608071125 0.49407569531249995 0.230870928125 0.4877110375 0.3293739578125 0.6383411984375 0.3564574046875 0.64682740625 0.2608071125
0 0.6277334453125001 0.145914671875 0.4707386265625 0.12514261875 0.46225241875 0.19700150624999999 0.6171256859375001 0.2416861421875 0.6277334453125001 0.145914671875
0 0.69774464375 0.769413796875 0.69562309375 0.7754828218750001 0.8186730843750001 0.7149238578125 0.8017006734375001 0.6623626484375 0.6786506828125 0.7169737671874999 0.69774464375 0.769413796875
0 0.8271592875 0.5835864828124999 0.7041093015625 0.57871911875 0.704109296875 0.6649629171875 0.8271592921875 0.6579345828125 0.8271592875 0.5835864828124999
0 0.8186730843750001 0.4829577734375 0.69774464375 0.4660735359375 0.69562309375 0.5494645890625 0.816551534375 0.5633749046875 0.8186730843750001 0.4829577734375
0 0.805943775 0.39446711875 0.6913799875 0.3326104828125 0.67440758125 0.4019801546875 0.7868498140625 0.45801013125 0.805943775 0.39446711875
0 0.7910929109375 0.294201946875 0.659556715625 0.2214190296875 0.6510705078125001 0.2843561484375 0.7719989484374999 0.3517971015625 0.7910929109375 0.294201946875
0 0.7741205 0.155396928125 0.66804291875 0.113873053125 0.6298549953125 0.1904023625 0.7592696390625 0.23951505312500002 0.7741205 0.155396928125
0 0.9502092843750001 0.5349232140625 0.8547394625000001 0.4987412921875 0.8441317078124999 0.567747434375 0.9502092843750001 0.59737561875 0.9502092843750001 0.5349232140625
0 0.9396015249999999 0.4403635296875 0.8250377421874999 0.4052722078125 0.8101868765625 0.4685728625 0.9353584234375001 0.511980065625 0.9396015249999999 0.4403635296875
0 0.926872215625 0.32213363125 0.816551534375 0.316539196875 0.8123084281249999 0.385181809375 0.9353584234375001 0.3930231015625 0.926872215625 0.32213363125
0 0.926872215625 0.2239941375 0.791092915625 0.19903636875 0.7826067078125 0.28576488125 0.9226291140624999 0.3104802921875 0.926872215625 0.2239941375
0 0.9374799749999999 0.6040505359375 0.8335239453125001 0.6159361125 0.82928084375 0.6994483453125 0.9396015249999999 0.6723296125 0.9374799749999999 0.6040505359375
0 0.9014135937500001 0.14812624375 0.7974575671874999 0.11540295781250001 0.7741205 0.18216224375 0.8886842843749999 0.20833179687499997 0.9014135937500001 0.14812624375
0 0.9438446265625 0.478782184375 0.9820325546875001 0.478009684375 0.9820325593750001 0.4082007265625 0.9438446265625 0.41038192812499996 0.9438446265625 0.478782184375
0 0.939601521875 0.380885046875 0.9820325593750001 0.3867223875 0.9820325546875001 0.314206696875 0.9523308343749999 0.305809875 0.939601521875 0.380885046875
0 0.9311153171875001 0.2802563328125 0.9820325546875001 0.29919730312500004 0.9820325546875001 0.215766065625 0.9396015249999999 0.193527821875 0.9311153171875001 0.2802563328125
0 0.9098998015624999 0.1773807671875 0.9820325593750001 0.2010173453125 0.9820325546875001 0.132782303125 0.91202135625 0.1058854171875 0.9098998015624999 0.1773807671875
0 0.15887054218750002 0.7139492375 0.052792965625 0.79435625 0.0676438265625 0.879751803125 0.1864507125 0.7986177265625 0.15887054218750002 0.7139492375
0 0.12280416875 0.6148958515625 0.0443067578125 0.649118678125 0.0549145171875 0.7466522859375 0.148262784375 0.6937376609375 0.12280416875 0.6148958515625