0 0.1727291203125 0.0705371703125 0.056899003125 0.0488334234375 0.0528347921875 0.1220835625 0.1706970109375 0.1437873046875 0.1727291203125 0.0705371703125
0 0.312944525 0.0325556140625 0.18288965625 0.0271296796875 0.178825440625 0.105805753125 0.29465555625 0.124796525 0.312944525 0.0325556140625
0 0.45315992656250004 0.05968529375 0.3170087375 0.078676071875 0.3170087375 0.1465002734375 0.455192034375 0.1275094953125 0.45315992656250004 0.05968529375
0 0.45722414218749996 0.1437873046875 0.3292013828125 0.1627780765625 0.33123349062499996 0.227889309375 0.459256246875 0.2116115046875 0.45722414218749996 0.1437873046875
0 0.47348100000000004 0.22517634531250003 0.347490346875 0.24145414999999998 0.3515545640625 0.30113944843749996 0.47144889218749997 0.2848616390625 0.47348100000000004 0.22517634531250003
0 0.19305019375000002 0.2767227375 0.312944525 0.30113944843749996 0.3271692734375 0.227889309375 0.2032107296875 0.21432446875000002 0.20117862187500002 0.2224633765625 0.19305019375000002 0.2767227375
0 0.47144889218749997 0.35539880468749996 0.48160942812499996 0.29300054062499997 0.35786350625 0.31195874218749997 0.3596829921875 0.3581117734375 0.47144889218749997 0.35539880468749996
0 0.4795773203125 0.34454693281250004 0.3373298109375 0.3635377109375 0.3515545640625 0.4313619125 0.477545215625 0.415084103125 0.4795773203125 0.34454693281250004
0 0.325137165625 0.34997287187500004 0.2032107296875 0.34454693281250004 0.2052428375 0.40423223124999996 0.3292013828125 0.40423223124999996 0.325137165625 0.34997287187500004
0 0.18288965625 0.2794357015625 0.0548668953125 0.2712967984375 0.0548668953125 0.33369506250000003 0.178825440625 0.3418339640625 0.18288965625 0.2794357015625
0 0.16866490781250001 0.2034725984375 0.05893111250000001 0.200759628125 0.0650274328125 0.2685838296875 0.16866490781250001 0.2658708609375 0.16866490781250001 0.2034725984375
0 0.186953871875 0.3418339640625 0.0650274328125 0.339121 0.0650274328125 0.41779707187500004 0.18288965625 0.42864894375 0.186953871875 0.3418339640625
0 0.6360495828125 0.040694520312499996 0.4795773203125 0.0841020046875 0.49583418124999995 0.154639175 0.6441780109375 0.108518721875 0.6360495828125 0.040694520312499996
0 0.6502743359375 0.1899077578125 0.648242228125 0.11123168593749999 0.49190439843749995 0.158787928125 0.49786628593750004 0.2224633765625 0.6502743359375 0.1899077578125
0 0.6624669765625 0.1953336953125 0.49989839375 0.22517634531250003 0.49989839375 0.2957135109375 0.6604348718749999 0.2685838296875 0.6624669765625 0.1953336953125
0 0.6584027640625 0.2767227375 0.49786628593750004 0.30113944843749996 0.49583418124999995 0.3581117734375 0.6584027640625 0.33640803125 0.6584027640625 0.2767227375
0 0.66653119375 0.34454693281250004 0.5202194671875 0.35539880468749996 0.5242836828125 0.4232230046875 0.66653119375 0.412371134375 0.66653119375 0.34454693281250004
0 0.7051412312500001 0.40965816562499996 0.853485065625 0.40423223124999996 0.857549278125 0.325556159375 0.6929485875 0.33640803125 0.697012803125 0.35539880468749996 0.7051412312500001 0.40965816562499996
0 0.8738061343749999 0.42051003593749997 0.7071733390625 0.4069451953125 0.697012803125 0.47748236562499996 0.8677098140625 0.49104720625000003 0.8738061343749999 0.42051003593749997
0 0.8595813859374999 0.4964731390625 0.688884375 0.480195334375 0.6787238375 0.54801953125 0.857549278125 0.54801953125 0.8595813859374999 0.4964731390625
0 0.6807559421875 0.415084103125 0.530380003125 0.42593597499999997 0.5324121125 0.472056428125 0.6807559421875 0.4693434640625 0.6807559421875 0.415084103125
0 0.6685633015625 0.47748236562499996 0.5181873593749999 0.4693434640625 0.5242836828125 0.5290287578124999 0.66653119375 0.5236028203124999 0.6685633015625 0.47748236562499996
0 0.30278398906250004 0.1302224640625 0.178825440625 0.14921323749999998 0.1727291203125 0.22517634531250003 0.3007518796875 0.20889853593750002 0.30278398906250004 0.1302224640625
0 0.8412924203125 0.5507325 0.6949806953125 0.5507325 0.690916478125 0.5968529593749999 0.8433245296875 0.5968529593749999 0.8412924203125 0.5507325
0 0.670595409375 0.5344546953125 0.5263157875 0.54801953125 0.5283478953125 0.6131307625 0.670595409375 0.5914270203124999 0.670595409375 0.5344546953125
0 0.2214996953125 0.4883342375 0.21336789218750002 0.48633354687499997 0.20665398437500002 0.56025361875 0.469416784375 0.5561584374999999 0.5037444015625 0.48409354687499995 0.49786628593750004 0.412371134375 0.3271692734375 0.42051003593749997 0.2214996953125 0.4883342375
0 0.47144889218749997 0.659251221875 0.49367530468750004 0.61624794375 0.49176996562499997 0.564297340625 0.22344139843750002 0.5535347578125001 0.21840596875 0.625214825 0.47144889218749997 0.659251221875
0 0.21504813125000002 0.692408015625 0.47144889218749997 0.721649484375 0.47348100000000004 0.6511123140625 0.23166023125000001 0.6239826390625 0.216726609375 0.6386479640625 0.21504813125000002 0.692408015625
0 0.459256246875 0.7293154234375 0.227596015625 0.694046840625 0.22353180312499998 0.767296975 0.44706360624999997 0.8107044640625001 0.459256246875 0.7293154234375
0 0.0101605359375 0.47748236562499996 0.0020321078125 0.48290830468749996 0.0020321078125 0.5507325 0.1849217640625 0.561584371875 0.2133683328125 0.555781628125 0.2133683328125 0.4729015515625 0.1848342234375 0.4885815671875 0.0101605359375 0.47748236562499996
0 0.20930705 0.6185567015625 0.0002017609375 0.589381665625 0 0.656538253125 0.20117862187500002 0.6836679328125 0.20930705 0.6185567015625
0 0.0060963203124999995 0.7270754234375 0.197114409375 0.7460661953125001 0.2167248453125 0.7461737937499999 0.2167252859375 0.685701753125 0.191018084375 0.6863809015625 0.004064215625 0.6646771546875 0.0060963203124999995 0.7270754234375
0 0.186953871875 0.7569180671875 0.0060963203124999995 0.73250135625 0.008128428125 0.7921866546875 0.18288965625 0.813890396875 0.186953871875 0.7569180671875
0 0.8555171703125 0.23060227812499998 0.6766917296875 0.2712967984375 0.688884375 0.34997287187500004 0.8636456015625 0.3119913203125 0.8555171703125 0.23060227812499998
0 0.559135903125 0.5938295984375 0.50877939375 0.775265190625 0.779014178125 0.8626252734375001 0.7864255250000001 0.8627238203125 0.79579895 0.8290252421875 0.7723002703125 0.6722250921875 0.7806948609375 0.6677496703125 0.559135903125 0.5938295984375
0 1 0.33369506250000003 0.8880308875 0.35539880468749996 0.8920951046875001 0.42051003593749997 0.9977646828125 0.40151926250000003 1 0.33369506250000003
0 0.991668359375 0.40423223124999996 0.8920951046875001 0.41779707187500004 0.8920951046875001 0.472056428125 0.991668359375 0.472056428125 0.991668359375 0.40423223124999996
0 0.9835399312499999 0.5236028203124999 0.8778703515625 0.5425935984375 0.8778703515625 0.6104177984375 0.9896362515625 0.58328811875 0.9835399312499999 0.5236028203124999
0 0.831131884375 0.6077048296875 0.6766917296875 0.6022788921875 0.690916478125 0.656538253125 0.8331639921875 0.6673901234375 0.831131884375 0.6077048296875
0 0.9977646828125 0.6077048296875 0.8595813859374999 0.6104177984375 0.8697419234374999 0.6728160625 0.9977646828125 0.6646771546875 0.9977646828125 0.6077048296875
0 0.44164251718749997 0.8559098453124999 0.2217620390625 0.8178298093749999 0.210012703125 0.8738298656250001 0.4348709609375 0.8979924015625 0.44164251718749997 0.8559098453124999
0 0.7722007718749999 0.9576777015625 0.5071009156249999 0.9208653296874999 0.5181873593749999 0.9848073812499999 0.7773308531249999 0.9992665468749999 0.7722007718749999 0.9576777015625
0 0 0.5983416703125 0.134479915625 0.6117816859375 0.2133683328125 0.6274617015625 0.2184037640625 0.5669816390625 0.12608753281250001 0.555781628125 0.0036372124999999996 0.538248928125 0 0.5983416703125
0 0.319113703125 0.7685497625 0.22522525937500001 0.7646048249999999 0.2200835640625 0.831269825 0.2805087328125 0.842469834375 0.3442908578125 0.8626298562500001 0.44499947031250003 0.8626298562500001 0.46010576406250003 0.831269825 0.470176625 0.79766979375 0.319113703125 0.7685497625
0 0.216726609375 0.86486985625 0.2251189921875 0.9320699171875001 0.2905795953125 0.9432699328125 0.3140782703125 0.95446994375 0.44667795000000005 0.9298299171875 0.44835642499999995 0.8962298859375 0.42317927343750006 0.8962298859375 0.320792178125 0.880549871875 0.2637239609375 0.8715898609374999 0.216726609375 0.86486985625
0 0.0656636828125 0.9119099015625001 0.211691178125 0.9141499015625 0.2083342234375 0.86038985 0.0204241859375 0.865456459375 0.015309375 0.9051898921875001 0.0656636828125 0.9119099015625001
0 0.15965839375 0.8738298656250001 0.210012703125 0.876069865625 0.2049772703125 0.8111098046875 0.0170667921875 0.7959808859375 0.010273945312500001 0.8693498609375 0.15965839375 0.8738298656250001
0 0.5490628375 0.7842251953125 0.51060380625 0.76908711875 0.5003870078125 0.8133452265625 0.5020654828125 0.8626252734375001 0.6313082078125001 0.8917452984375001 0.7706217953125 0.9096653203124999 0.777335703125 0.8671052781249999 0.7353737796875001 0.8424652531250001 0.64137906875 0.8245452375 0.5490628375 0.7842251953125
0 0.5742351421875 0.9298264796875 0.78068780625 0.967906515625 0.7874017140625 0.9119064640625 0.772295425 0.8850264375 0.7420828375 0.900706453125 0.5121314984375 0.8514264078125 0.507246409375 0.91700285 0.5742351421875 0.9298264796875
0 0.7907586671875 0.9992665468749999 0.9518924562500001 1 1 0.98358653125 0.9250368265625 0.967906515625 0.8058649609374999 0.9477465 0.7892675640625 0.9797549796875 0.7907586671875 0.9992665468749999
0 1 0.9119064640625 0.903216625 0.900706453125 0.815935821875 0.8559064125000001 0.7959823515625 0.854250721875 0.7874017140625 0.8783064328125001 0.7840447609375001 0.9208664750000001 0.8411129765625001 0.934306484375 1 0.990306540625 1 0.9119064640625
0 0.9418215953125 0.70358626875 0.886431853125 0.687906253125 0.83439906875 0.6610262265625 0.7874017140625 0.64086620625 0.7741592859375 0.661512040625 0.7773308531249999 0.7304662937499999 0.7991510546875 0.7976663562499999 0.8025080078125001 0.8514264078125 0.867968609375 0.8783064328125001 0.9502139765625 0.9119064640625 1 0.923106475 0.9988898109375001 0.7125462734375 0.9418215953125 0.70358626875