0 0.0305748796875 1 0.15180890625000001 0.9135538109375 0.142837478125 0.8479317343749999 0.019853532812499998 0.9190058890625 0.01514205 0.918795240625 0.0220953046875 1 0.0305748796875 1
0 0.22763533749999998 1 0.289973546875 0.9806177734375 0.2847577609375 0.9197043109375 0.2573355609375 0.8930916296875001 0.1556736953125 0.939113246875 0.16473469999999998 1 0.22763533749999998 1
0 0.31745966718749996 1 0.39248967343749996 0.964148896875 0.383379021875 0.9164770000000001 0.360596796875 0.885324675 0.2901428515625 0.9238665906250001 0.2881820609375 1 0.31745966718749996 1
0 0.12862018125000002 0.7601971890625 0.1122165359375 0.7448097078125 0.0125416375 0.8140364671875 0.0061609640625000005 0.8139080453125 0.0137342140625 0.9023535515625 0.14134725312500002 0.8305278828124999 0.12862018125000002 0.7601971890625
0 0.1529115359375 0.9460072015625001 0.2753987390625 0.8691317734374999 0.26465863437500003 0.8220062015625 0.2514047421875 0.7846752265625 0.14407932968749998 0.8624349421874999 0.1529115359375 0.9460072015625001
0 0.1367184453125 0.65901268125 0.1445571671875 0.7309823828125 0.25624410468750003 0.6845833890625 0.253790478125 0.6167759671875 0.1367184453125 0.65901268125
0 0 0.680372578125 0.1269718265625 0.6234896812499999 0.1161225765625 0.5555132984375 0 0.6061978578125 0 0.680372578125
0 0 0.7419561625 0.0045031953125000005 0.7945475265625 0.1286502609375 0.7213961890625 0.125063928125 0.6599363828125 0.0000930140625 0.707805403125 0 0.7078027078125 0 0.7419561625
0 0.128522209375 0.5632915125 0.1329628046875 0.6543040718750001 0.25155513749999997 0.5906702015625 0.2412026296875 0.528495096875 0.128522209375 0.5632915125
0 0 0.5643671171875 0.0012068109375 0.5642039484375 0.11891481562499999 0.5098183374999999 0.1046674390625 0.4608847984375 0 0.48745436406250003 0 0.5643671171875
0 0.1193324890625 0.4559677921875 0.1305392578125 0.5476956421875 0.2487439921875 0.499111325 0.23739800781249998 0.42533364999999995 0.1193324890625 0.4559677921875
0 0.11889590937500001 0.37256449375 0.1294967859375 0.437640246875 0.23941505 0.40973777343749995 0.2306919921875 0.34701633125 0.11889590937500001 0.37256449375
0 0 0.4626133890625 0.11629568125 0.4417860390625 0.1093675796875 0.3787431421875 0 0.38403683125 0 0.4626133890625
0 0.263446859375 0.7687019937499999 0.2786877171875 0.8292380906249999 0.38159143906250004 0.797719675 0.3583425578125 0.7219650578125 0.263446859375 0.7687019937499999
0 0.25481404375 0.5895775328124999 0.265663290625 0.6575539218750001 0.3554222640625 0.6095553578125 0.34506975781250004 0.547380246875 0.25481404375 0.5895775328124999
0 0.256492478125 0.6874840328125 0.2752406046875 0.749828103125 0.370772271875 0.6909422796875 0.35740923125 0.6327604874999999 0.256492478125 0.6874840328125
0 0.26617120625 0.48730035781250003 0.2700059125 0.5516607984374999 0.3559791671875 0.5377546234375 0.3513993484375 0.464692259375 0.26617120625 0.48730035781250003
0 0.253831728125 0.4019201234375 0.255540246875 0.4610256171875 0.3440272859375 0.43732485 0.3390598734375 0.37931201875 0.253831728125 0.4019201234375
0 0.114455315625 0.28155194843750003 0.12541370937500002 0.3703791625 0.2417406265625 0.3194405265625 0.23301756562499998 0.256719084375 0.114455315625 0.28155194843750003
0 0.23848172031249998 0.3205331953125 0.24933097499999998 0.388509584375 0.3545001125 0.344295934375 0.3392592578125 0.283759825 0.23848172031249998 0.3205331953125
0 0 0.3635455453125 0.10224389062499999 0.3542763765625 0.10266156562499999 0.30042583125 0 0.2770445390625 0 0.3635455453125
0 0 0.26649933125 0.11371020312499999 0.27285001875 0.10675581875 0.191632071875 0 0.1911100390625 0 0.26649933125
0 0.476058290625 0.9808881359375 0.47793610937500003 0.9832424421875 0.4749857390625 0.9096337468750001 0.392877271875 0.9490993578125 0.39685120625 0.9955096171875001 0.476058290625 0.9808881359375
0 0.3985408109375 0.9173612734375001 0.47625767343750003 0.8853359421875 0.47440993125 0.8441806359375 0.45237282187499994 0.8217302265624999 0.3844326671875 0.8504775453125 0.3985408109375 0.9173612734375001
0 0.4717741734375 1 0.46139323593750003 0.9858051421875 0.43124223125 1 0.4717741734375 1
0 0.44679951874999996 0.7370652984375 0.3691918046875 0.7899414484375 0.3831908109375 0.83597434375 0.47054514531249997 0.8186211953125 0.46703787343750003 0.8168132203124999 0.4645541671875 0.7878068046875 0.44679951874999996 0.7370652984375
0 0.3580452 0.620611584375 0.37215334843750003 0.6874953046875001 0.45989528281250003 0.6550926109375 0.44529038749999994 0.5824076171875 0.3580452 0.620611584375
0 0.1172776265625 0.1970559875 0.1269941703125 0.27137999375 0.23428949999999998 0.23242127968749998 0.22957045312500002 0.17730910312499998 0.1172776265625 0.1970559875
0 0.33399448593750003 0.1243935265625 0.3312323265625 0.1312874734375 0.2349856296875 0.14267037656249998 0.24445379687500002 0.214093740625 0.34094886562500004 0.20561148125 0.33399448593750003 0.1243935265625
0 0.245198909375 0.2227956625 0.25215329375 0.3040136171875 0.344395978125 0.2850214671875 0.3382958546875 0.23335625312500002 0.245198909375 0.2227956625
0 0.4458472859375 0.5106068828125 0.44372109843749996 0.5053519343749999 0.43800856875000005 0.43863717500000005 0.3584138875 0.46830820781250004 0.36862717031250003 0.5484334875 0.4458472859375 0.5106068828125
0 0.3486483625 0.2955313640625 0.3581165328125 0.3669547203125 0.4388439203125 0.33093609062499996 0.435009209375 0.26657564218749996 0.3486483625 0.2955313640625
0 0.3596067578125 0.38435857812499996 0.375344359375 0.45069596093750003 0.4481728625 0.42030963593750004 0.4413276296875 0.35994249375 0.3596067578125 0.38435857812499996
0 0.502539771875 1 0.5626675109375 0.954833065625 0.556070640625 0.897366571875 0.481225090625 0.9433487734374999 0.4971565328125 1 0.502539771875 1
0 0.47901983281250005 0.8784419937499999 0.49613851093749994 0.9413324031249999 0.5610982171875001 0.8777773828125 0.55124245625 0.8214035578125 0.47901983281250005 0.8784419937499999
0 0.473119090625 0.731224590625 0.4867305 0.7923070328125 0.5501699015625 0.7501491625 0.5386846890625 0.6943216750000001 0.473119090625 0.731224590625
0 0.35848521718750004 0.21465134375 0.361823184375 0.27321050625 0.433270615625 0.24627115625 0.422778884375 0.2020462265625 0.35848521718750004 0.21465134375
0 0.46064039062499995 0.6637945390625 0.47350668437500004 0.7161750515625 0.5371944640625 0.67691783125 0.5305975984375 0.61945134375 0.46064039062499995 0.6637945390625
0 0.4574416515625 0.5872851953125 0.4726825078125 0.6478212984375 0.5386357 0.59586884375 0.5262661484375 0.5492896171874999 0.4574416515625 0.5872851953125
0 0.45612073124999997 0.51313015625 0.4697321375 0.574212596875 0.5310453515625 0.5267997859375 0.5198085078125 0.473872934375 0.45612073124999997 0.51313015625
0 0.441903434375 0.4253956109375 0.45601158281250004 0.49227933124999995 0.5294760578125 0.4497441109375 0.502580678125 0.3901317015625 0.441903434375 0.4253956109375
0 0.6451635718750001 0.9003179031249999 0.6365195828125 0.8972482984375001 0.6271605609375001 0.846675753125 0.559717140625 0.8812243640625 0.56957290625 0.9375981812499999 0.6451635718750001 0.9003179031249999
0 0.5527438515624999 0.6627525578125 0.557959640625 0.7236660328125 0.624161203125 0.6746142203125001 0.6076484093750001 0.638375909375 0.5527438515624999 0.6627525578125
0 0.6229984125 0.71976284375 0.6318607 0.764534103125 0.6875404453125 0.7100583640625 0.6668844171874999 0.6841609875 0.6229984125 0.71976284375
0 0.5290884640625 0.46479365 0.5384474890625001 0.5153661953124999 0.598627996875 0.474301 0.59065005 0.42028148125 0.5290884640625 0.46479365
0 0.536678815625 0.5338627078125 0.5465345828125 0.5902365328125 0.6090896484375 0.557326928125 0.604867340625 0.5080160265625 0.536678815625 0.5338627078125
0 0.53799973125 0.608017740625 0.5529922203125001 0.6656532078125 0.6144145796875 0.6390912203125 0.6096955359375 0.5839790328125 0.53799973125 0.608017740625
0 0.5165307 0.33771177343750003 0.5298937390625 0.3958935578125 0.5894683515625 0.328176259375 0.5799701046875 0.29555390937500003 0.5165307 0.33771177343750003
0 0.6047281203125 0.5259662078125 0.6159649671875 0.5788930578125 0.6684949640625 0.5463608109375 0.6631399499999999 0.5033975390625 0.6047281203125 0.5259662078125
0 0.6350594390625 0.8410434421874999 0.6425406406249999 0.889261675 0.69230848125 0.8636233890625 0.689963996875 0.8166667984375 0.6350594390625 0.8410434421874999
0 0.6388941406249999 0.9054038890625 0.6447458984375001 0.9541684484375 0.696888296875 0.936685753125 0.6935503328125 0.878126596875 0.6388941406249999 0.9054038890625
0 0.7391861093750001 0.6867743890625 0.752688365625 0.72700600625 0.8033405437500001 0.6921194609375 0.7982339015625 0.6520568109375 0.7391861093750001 0.6867743890625
0 0.7345272203125 0.5540601953125 0.7404881234375 0.623675590625 0.7905043328125 0.6009379421875 0.786282025 0.5516270390625 0.7345272203125 0.5540601953125
0 0.5777760187500001 0.0545922859375 0.583627771875 0.1033568578125 0.6846536734375 0.0694841234375 0.678414321875 0.035769090625 0.5777760187500001 0.0545922859375
0 0.45204882656249995 0.2698142265625 0.51046065625 0.2472455515625 0.5034761921875 0.204828603125 0.4448159921875 0.22449663593750002 0.45204882656249995 0.2698142265625
0 0.4465245078125 0.2836021296875 0.45262462968749995 0.33526733750000004 0.5099037531249999 0.3190462859375 0.508443609375 0.26284142187500004 0.4465245078125 0.2836021296875
0 0.6020261234375 0.45525815 0.6179029421875 0.50364535 0.6674224093750001 0.475106428125 0.6585601296875 0.43033516250000003 0.6020261234375 0.45525815
0 0.6891097390625001 0.7871140453125001 0.7004858078125 0.8220907140625 0.7567714453125001 0.794267090625 0.7455346015625001 0.741340246875 0.6891097390625001 0.7871140453125001
0 0.5821263765625 0.26200785 0.589110840625 0.30442479843750003 0.6601706703125 0.29253499375 0.6394055 0.24578678593749997 0.5821263765625 0.26200785
0 0.713724228125 0.23280431093749998 0.7153236015625 0.27105898125 0.7595671234375 0.25920859687500003 0.7547088546875 0.22204659062499998 0.713724228125 0.23280431093749998
0 0.7897102281249999 0.49378318125 0.7810662390625 0.49071357187500003 0.7752144859375 0.44194900625000005 0.727712065625 0.4548920515625 0.731934365625 0.5042029546875 0.7897102281249999 0.49378318125
0 0.59724298125 0.390163175 0.602075978125 0.44660611093749997 0.6612552468749999 0.42123419531249995 0.6581622640625 0.36697277968750003 0.59724298125 0.390163175
0 0.6565600218750001 0.41174875312500003 0.6653333109374999 0.477930246875 0.7207379234375 0.453823928125 0.7157898625 0.3960371109375 0.6565600218750001 0.41174875312500003
0 0.686166384375 0.6396054671875 0.691524159375 0.69310751875 0.740594684375 0.6766547859375 0.73802648125 0.6194525 0.686166384375 0.6396054671875
0 0.7093092390625 0.293142915625 0.7159467390625001 0.34345098125 0.768331634375 0.32035712968749996 0.762794275 0.273827596875 0.7093092390625 0.293142915625
0 0.7020876234375 0.172525175 0.7127804859375 0.233915675 0.7591904390625 0.20453038281249997 0.7530132171874999 0.15959784375 0.7020876234375 0.172525175
0 0.4297564234375 0.1442885390625 0.4433659890625 0.20165579843749998 0.5614225828125 0.141429434375 0.5428209125000001 0.093477265625 0.4297564234375 0.1442885390625
0 0.345235459375 0.139081746875 0.3497459703125 0.19175850625 0.4212757171875 0.1806776359375 0.422186884375 0.12360261718750001 0.345235459375 0.139081746875
0 0.7989998484374999 0.6879396812499999 0.8149540656250001 0.7427354734375 0.8502125109374999 0.6941584546875 0.8408447796875 0.6505198640625001 0.7989998484374999 0.6879396812499999
0 0.9043960249999999 0.6693086171875 0.9137637640625 0.7129472078125 0.9505350609375001 0.7039596421875001 0.9466412999999999 0.6584856953125 0.9043960249999999 0.6693086171875
0 0.809813065625 0.8580665 0.813462384375 0.856842921875 0.8028262421875001 0.8203123968750001 0.753682678125 0.8601793578124999 0.762216040625 0.8940735328124999 0.809813065625 0.8580665
0 0.7914019171875 0.5334417859375 0.7965640828125 0.571807675 0.8343256625000001 0.552463903125 0.8309881562499999 0.5134862265625 0.7914019171875 0.5334417859375
0 0.83754095 0.5680928109375001 0.8502798796875 0.6072596953125 0.89141265625 0.5834442140625 0.8856942359375 0.5385820515625 0.83754095 0.5680928109375001
0 0.8338367796874999 0.45906885781250006 0.841379859375 0.5033192343749999 0.8788633156250001 0.48072733124999995 0.8718764859375 0.4429732265625 0.8338367796874999 0.45906885781250006
0 0.7732900609375 0.36576211718749996 0.78265779375 0.4094007140625 0.820141253125 0.3868087984375 0.8125981781249999 0.342558421875 0.7732900609375 0.36576211718749996
0 0.8578142968750001 0.3006668890625 0.8656355 0.348165409375 0.9069241781249999 0.3042493046875 0.8971224125000001 0.2774631953125 0.8578142968750001 0.3006668890625
0 0.579277634375 0.11672127968749998 0.57698526875 0.17763492187500002 0.6416827031250001 0.1659668578125 0.6365205328125 0.12760097343750001 0.579277634375 0.11672127968749998
0 0.28787743906249996 0.9365618187500001 0.385038546875 0.87712965625 0.37606712343750004 0.8115075781250001 0.27653144531249996 0.8627841500000001 0.28787743906249996 0.9365618187500001
0 0.1536076625 0.8562562921874999 0.2679476125 0.7821125265625 0.2449470984375 0.7092585578125 0.1445270875 0.7697833890625 0.1536076625 0.8562562921874999
0 0.5627276671875 0.8772310515624999 0.6296743484375 0.8368811624999999 0.622829109375 0.7765140265625 0.5565183984375001 0.80471501875 0.5627276671875 0.8772310515624999
0 0.5575118796874999 0.816317584375 0.6260880078125 0.7754213578125 0.610350409375 0.7090839734375 0.5482920828125 0.7477948640625 0.5575118796874999 0.816317584375
0 0.6212898953125 0.66065734375 0.6742074890625 0.613075571875 0.67437679375 0.5563243765625 0.60254176875 0.5983132734375001 0.6212898953125 0.66065734375
0 0.6787383265625 0.587685103125 0.7342788515625001 0.5511595578125 0.7191471375 0.5114742734375 0.669876040625 0.54291384375 0.6787383265625 0.587685103125
0 0.70026751875 0.780389071875 0.750562178125 0.7217510578125 0.732419934375 0.686059084375 0.6790056015625 0.7278395843750001 0.70026751875 0.780389071875
0 0.6665982359375 0.40675266875 0.7184922640625 0.3863693375 0.7133856234375 0.34630668125 0.6635086375 0.35109415 0.6665982359375 0.40675266875
0 0.65301690625 0.30686922656250004 0.6511390875 0.304514921875 0.6006261375 0.3214512859375 0.603467359375 0.3742091625 0.6626242999999999 0.360342415625 0.65301690625 0.30686922656250004
0 0.6594255578125 0.283833065625 0.712809815625 0.280853571875 0.7043351265625 0.22103277968750001 0.6484370875 0.2338068640625 0.6594255578125 0.283833065625
0 0.6502057609375 0.21531034375 0.7054678375 0.2146851625 0.69986445625 0.16882123437500002 0.646867796875 0.15675118125 0.6502057609375 0.21531034375
0 0.7987796296874999 0.756310928125 0.7992763703125 0.7621122203125 0.7461104093750001 0.8067933500000001 0.7557178046875 0.8602665390625001 0.8056248703125 0.816678071875 0.7987796296874999 0.756310928125
0 0.7658441953125 0.190794078125 0.808687384375 0.17219167500000002 0.7987541484375 0.130320934375 0.755374753125 0.1519281953125 0.7658441953125 0.190794078125
0 0.7685341734375 0.2407435515625 0.813507953125 0.22848948125000001 0.8097455578125 0.184549734375 0.762575290625 0.1989527921875 0.7685341734375 0.2407435515625
0 0.7728185359374999 0.3000462203125 0.8165506562499999 0.2825583109375 0.8094017828125001 0.24540415625 0.7663234421875 0.26126032499999996 0.7728185359374999 0.3000462203125
0 0.77740395 0.3535977984375 0.8168606625000001 0.34178099375 0.8109017796875 0.299990234375 0.771026434375 0.31618501875 0.77740395 0.3535977984375
0 0.7608027203125001 0.113382265625 0.804638178125 0.115635246875 0.8040787828125 0.072034096875 0.7566876015624999 0.06532315 0.7608027203125001 0.113382265625
0 0.703407109375 0.1566394484375 0.7546033953125 0.15218681875 0.7529199203125 0.10472495468750001 0.70469148125 0.10676996718750001 0.703407109375 0.1566394484375
0 0.6442621125 0.160932103125 0.694216746875 0.1512456296875 0.693069478125 0.100778909375 0.6330872203125 0.1138275125 0.6442621125 0.160932103125
0 0.584274565625 0.25732225937500003 0.64598301875 0.2366321890625 0.63557948125 0.1892689734375 0.5773750828125 0.204546571875 0.584274565625 0.25732225937500003
0 0.7270022093749999 0.4043977984375 0.7711672 0.36416413593749997 0.7628283406249999 0.331646584375 0.7191478874999999 0.3590049421875 0.7270022093749999 0.4043977984375
0 0.7819466484375 0.4622527015625 0.8311958374999999 0.4443275265625 0.8235766625000001 0.401680896875 0.7762888218749999 0.41471084375 0.7819466484375 0.4622527015625
0 0.829286159375 0.45909320156250005 0.830358571875 0.45308348125000003 0.78342345 0.47023277343750003 0.7874726671875 0.5267892140625 0.8383304671875 0.4998494546875 0.829286159375 0.45909320156250005
0 0.8419610437499999 0.5607838703125 0.8867139125 0.5274157859375 0.8720866296875001 0.4955941234375 0.8333353703125 0.5156496296874999 0.8419610437499999 0.5607838703125
0 0.8344505 0.454536584375 0.8666122859375 0.440928065625 0.864444271875 0.40634150625 0.8310408296875 0.41471618125000004 0.8344505 0.454536584375
0 0.8754499234375 0.4422025265625 0.91651525 0.4213711359375 0.907772003125 0.3748637921875 0.8671253 0.3913172015625 0.8754499234375 0.4422025265625
0 0.8282564671875001 0.409999590625 0.8652815359374999 0.3975855453125 0.8610488437500001 0.348153325 0.8223634890625 0.35971150625 0.8282564671875001 0.409999590625
0 0.8173594390625001 0.310537903125 0.8578885656249999 0.2927113828125 0.8556688843750001 0.2482543765625 0.8121202421874999 0.258618078125 0.8173594390625001 0.310537903125
0 0.8217756156249999 0.352845915625 0.8604609703125 0.341287734375 0.8556261624999999 0.3033577078125 0.81635293125 0.3080502984375 0.8217756156249999 0.352845915625
0 0.8192459281250001 0.2491662265625 0.8522307390625 0.24516952656250002 0.8508999812500001 0.20182701875000003 0.8484683437499999 0.2012297734375 0.8506648374999999 0.1990807859375 0.819810609375 0.20942581875 0.8192459281250001 0.2491662265625
0 0.9234484999999999 0.3540697265625 0.9672465328125 0.3280844875 0.9539268109375 0.29299934375 0.9157117578125 0.3100499875 0.9234484999999999 0.3540697265625
0 0.9358739999999999 0.47138194218749996 0.98832618125 0.45379537656249996 0.98183109375 0.41500948125 0.9319281265624999 0.434566403125 0.9358739999999999 0.47138194218749996
0 0.988615209375 0.511174590625 0.9846760765625 0.4945702859375 0.942185609375 0.5172920515625 0.932040409375 0.519281065625 0.9384695984375 0.5665642984375 0.987959640625 0.540009096875 0.988615209375 0.511174590625
0 0.9892524343750001 0.4831468640625 0.9873713437499999 0.46117821406250004 0.9431689234375 0.47317365 0.922760953125 0.475778584375 0.928771503125 0.5274397796875 0.9890529703125001 0.49192005781250003 0.9892524343750001 0.4831468640625
0 0.8484451515625 0.15462377968750002 0.8498702859374999 0.152733409375 0.8144538375 0.1561328703125 0.8174448765625 0.20033124687499998 0.85150209375 0.19032481875 0.8484451515625 0.15462377968750002
0 0.8571599234375 0.23786667499999997 0.8980417718749999 0.22415949999999998 0.88971715625 0.173274175 0.8526920828125 0.1856882203125 0.8571599234375 0.23786667499999997
0 0.85011968125 0.1371118640625 0.8904653187499999 0.1264095515625 0.8771081734375 0.06308618125 0.8429850468750001 0.08158993437499999 0.85011968125 0.1371118640625
0 0.9322576625 0.392079746875 0.98068381875 0.364542753125 0.9675992578124999 0.3322038375 0.9219057906250001 0.3545869875 0.9322576625 0.392079746875
0 0.8589345328125001 0.703409421875 0.9039742140625 0.68265801875 0.8906028296875 0.637702434375 0.8477596406250001 0.65630483125 0.8589345328125001 0.703409421875
0 0.8637550984375 0.7597072265625 0.9072003984375 0.7296026359375001 0.8978550406249999 0.69459748125 0.85554805 0.7101950265625 0.8637550984375 0.7597072265625
0 0.8161751484374999 0.8434620453124999 0.8592160578125 0.7993676562500001 0.8499882718749999 0.7657356171874999 0.809797634375 0.8060492734375 0.8161751484374999 0.8434620453124999
0 0.81608605 0.8053533765625 0.85812045625 0.7587713765624999 0.8490244812500001 0.708144675 0.8039705609375 0.7472638500000001 0.81608605 0.8053533765625
0 0.3613084453125 0.6188253703125 0.45281295000000005 0.5754322015625 0.44235774687499996 0.5181985390625 0.35454077968750003 0.5490550062499999 0.3613084453125 0.6188253703125
0 0.4784254203125 0.8593247078124999 0.5510720078125 0.8191656359374999 0.5403990328125 0.7685673375000001 0.4732469234375 0.8136562859375 0.4784254203125 0.8593247078124999
0 0.7490408953125 0.672907071875 0.7956696515624999 0.6593479609374999 0.789825 0.6115092015625 0.7423706375 0.6222327265625001 0.7490408953125 0.672907071875
0 0.8035423078124999 0.6764202140625 0.843075609375 0.6548654671875 0.8349648046875 0.60778651875 0.797179525 0.6225303890625 0.8035423078124999 0.6764202140625
0 0.8494802312499999 0.65479300625 0.8908858515625001 0.634685415625 0.88564568125 0.593906253125 0.8457290109375 0.604177409375 0.8494802312499999 0.65479300625
0 0.896081496875 0.6204937859374999 0.93848543125 0.6052388046875 0.9307200468750001 0.562193915625 0.8891901234375 0.5740434484375 0.896081496875 0.6204937859374999
0 0.9321187609375 0.6125608046875 0.9338183734375001 0.6119909484375 0.8882363328125 0.6241616359375 0.9021368109375001 0.677599103125 0.9422366484375001 0.6558543968749999 0.9321187609375 0.6125608046875
0 0.5128376453125 0.09906568906249999 0.5723162312500001 0.0733442796875 0.567265503125 0.01435848125 0.50802743125 0.042888734375 0.5128376453125 0.09906568906249999
0 0.42337925312499997 0.1348389421875 0.502754496875 0.1140043828125 0.49382647031250004 0.0476501359375 0.41105495000000003 0.066733934375 0.42337925312499997 0.1348389421875
0 0.3340848109375 0.1156569609375 0.40179902187499994 0.11029016250000001 0.38254733281250003 0.056065765625 0.327080865625 0.07177349375 0.3340848109375 0.1156569609375