0 0.5727784234375 0.20806268593750002 0.5573863546875 0.161463528125 0.5589255609375 0.11838702812499999 0.49889649687500004 0.10831153593750001 0.3080348625 0.0881605484375 0.189515940625 0.080603928125 0.13872211875 0.0856416734375 0.0232816109375 0.1224209921875 0.035595265625 0.19798719375 0.09870274375 0.1916900078125 0.1772022859375 0.19420888281249998 0.2818683453125 0.2030249390625 0.3680639265625 0.21435987031249998 0.40808330000000004 0.23325141875000002 0.53275905 0.22947310937499998 0.5727784234375 0.20806268593750002
0 1 0.244330696875 0.9960602859375 0.15491069375 0.8883158078125 0.07556618125 0.777492921875 0.07556618125 0.7082286203125 0.07556618125 0.623572246875 0.091938859375 0.5558471484374999 0.1070521015625 0.5558471484374999 0.10831153593750001 0.562003975 0.14357576249999998 0.56046476875 0.1813588625 0.5712392171875 0.2015098515625 0.5881704921875001 0.204028721875 0.7266990984375 0.1939532296875 0.8683061234375 0.1851371734375 0.9067862906249999 0.186396609375 1 0.244330696875
0 0.38635917656249996 0.23775979375 0.3696031328125 0.21158534218749997 0.30341724062500003 0.2015098515625 0.20490800937500003 0.195212665625 0.1294868765625 0.188915484375 0.041752093750000004 0.1964721046875 0.0232816109375 0.23929295156250002 0.030977645312500003 0.2821137984375 0.12025163593749999 0.28715154374999996 0.374220753125 0.30604309218750003 0.38635917656249996 0.23775979375
0 0.9975994921875 0.2569250640625 0.9698937687500001 0.22292027343749998 0.9114039109375 0.195212665625 0.8467572265625 0.188915484375 0.7236206843749999 0.195212665625 0.57431763125 0.204028721875 0.5373766703125 0.22543914531250003 0.40038726562500004 0.23173633124999998 0.3865344046875 0.25314675468750003 0.3865344046875 0.25188731875000003 0.37114234062499996 0.277076053125 0.374220753125 0.3337507015625 0.5342982562499999 0.3249346453125 0.6558955906249999 0.3022647859375 0.808277059375 0.2934487296875 0.8852373984374999 0.2909298546875 0.9344920140624999 0.323675209375 0.9975994921875 0.2569250640625
0 0.5450727046875 0.3352187828125 0.006350334375 0.29491680625 0.0048111281249999995 0.3893745609375 0.0956243296875 0.39189343125 0.2249176953125 0.3981906171875 0.378838375 0.4233793515625 0.512749359375 0.422119915625 0.5512295265625 0.40196892812499996 0.5450727046875 0.3352187828125
0 0.5466119109375 0.32640272656249997 0.545207340625 0.3265709078125 0.5512295265625 0.40700667343749997 0.9006294625000001 0.4032283625 0.963736940625 0.40196892812499996 0.962197734375 0.322624415625 0.8852373984374999 0.29869511718749997 0.7621008578125 0.29491680625 0.6574347984375 0.3012139921875 0.5466119109375 0.32640272656249997
0 0.07691200468750001 0.3853630125 0.0249210203125 0.3876020078125 0.025086718749999997 0.392398459375 0.013975551562499999 0.4547719671875 0.016711921875 0.47716195156249996 0.07964837500000001 0.481639946875 0.1945758125 0.49059594375 0.3642306015625 0.4973129390625 0.36970333437499997 0.42342598750000005 0.2465667984375 0.405514 0.07691200468750001 0.3853630125
0 0.90672728125 0.4152937828125 0.374244940625 0.42291847968749996 0.372913734375 0.42291847968749996 0.372913734375 0.5046116734375 0.4527860890625 0.5024331859375 0.6378237 0.5046116734375 0.8201989015625 0.5122363703125 0.9187081328125 0.5144148546875 0.9852684234375 0.47629136718750004 0.9666315421875 0.4033121171875 0.90672728125 0.4152937828125
0 0.5473017046875001 0.5078793984375001 0.374244940625 0.5024331859375 0.27174209375 0.4958977296875 0.030793832812499998 0.47411287968750004 0.0015073046875 0.4839160640625 0.0001760984375 0.48500530625 0.00022192656249999998 0.48514240781250006 0.0041697140625 0.595018803125 0.0401122765625 0.5830371328124999 0.2850541484375 0.5852156203125001 0.3329775609375 0.5863048625 0.3662577046875 0.5982865281249999 0.5233399953125 0.595018803125 0.5512953203125 0.5732339515625 0.5473017046875001 0.5078793984375001
0 0.9107208968749999 0.525307278125 0.5552889359375001 0.50134394375 0.55540765 0.5014893984375 0.5512953203125 0.5394674312500001 0.5512953203125 0.5863048625 0.67376625625 0.5982865281249999 0.7789315171875 0.604821984375 0.8920840140624999 0.6189821375 0.9852684234375 0.5590737984375 0.957313103125 0.499165459375 0.9107208968749999 0.525307278125
0 0.31966550312500003 0.5873941046875 0.052093128125 0.581947890625 0.0201441875 0.576501678125 0.025469009375 0.5830371328124999 0.0201926359375 0.5788651609375 0.0015073046875 0.6157144109375 0.0028385125000000002 0.6560163828125 0.014819364062500002 0.664730321875 0.364926503125 0.6669088109375 0.36892011875 0.6244283515625 0.3622640890625 0.5993757703125 0.34362720625 0.591751071875 0.31966550312500003 0.5873941046875
0 0.563276171875 0.6810689640625001 0.655129375 0.68760441875 0.7097088171875 0.68542593125 0.796237196875 0.699586084375 0.8787719609375 0.706121540625 0.9187081328125 0.7083000234375 0.9679627484375001 0.6592841125 0.9559818968749999 0.5852156203125001 0.9240329562499999 0.6037327421875001 0.9000712515625 0.6244283515625 0.375671265625 0.6039305484375 0.3582704734375 0.607000471875 0.3596016796875 0.626606834375 0.3622640890625 0.66581956875 0.3635952953125 0.6756227499999999 0.372913734375 0.6788904765625 0.42616197031249997 0.6778012343750001 0.516683965625 0.68215820625 0.563276171875 0.6810689640625001
0 0.526002409375 0.683247446875 0.40353147343750007 0.6810689640625001 0.36093288125 0.6778012343750001 0.3329775609375 0.66581956875 0.018812979687500002 0.66581956875 0.0201926359375 0.66713891875 0.0001760984375 0.6941398703125 0.0028385125000000002 0.7268171484375 0.013488157812500002 0.7529589718749999 0.06540518749999999 0.76058366875 0.5446392906249999 0.7594944234375001 0.5512953203125 0.724638665625 0.545970496875 0.6919613874999999 0.526002409375 0.683247446875
0 0.711488846875 0.690112625 0.612979615625 0.687300859375 0.550081221875 0.687300859375 0.549979521875 0.7688420640625 0.63474328125 0.770716571875 0.7733434828125 0.780089125 0.9153800499999999 0.7847753984375 0.9451619109375 0.7332263625000001 0.9314164390625 0.6957361578125 0.9050709453125 0.7088577296875 0.858107240625 0.7069832171875 0.7916707828125 0.697610665625 0.711488846875 0.690112625
0 0.0070645953125 0.7569079796875 0.0001605515625 0.7801408828125 0.0013060046875 0.839187959375 0.1880153640625 0.8429369796874999 0.341506496875 0.8429369796874999 0.3598337984375 0.833564428125 0.35754288125 0.766082053125 0.0058878328124999995 0.7557722453125 0.0070645953125 0.7569079796875
0 0.5557068078125 0.7679565640625 0.5327976796875 0.7632702859375 0.3609792515625 0.761395778125 0.359911428125 0.7625343875 0.3598337984375 0.8523095328125001 0.6920160937500001 0.8682428703125 0.9199618765625001 0.8663683593749999 0.9611983000000001 0.8054467734375 0.9302709796874999 0.7557722453125 0.9062163984374999 0.7867016687499999 0.713779759375 0.7773291171875 0.5557068078125 0.7679565640625
0 0.3117246359375 0.031015189062499997 0.323179196875 0.048823035937499995 0.4526157484375 0.07412892812500001 0.4640703109375 0.049760293750000004 0.4583430296875 0.03382695625 0.41367023593749996 0.019768125 0.3175239859375 0.0057827015625 0.3117246359375 0.031015189062499997
0 0.0356671921875 0.0410937828125 0.03646763125 0.08135043125 0.08572224687499999 0.077386303125 0.1349768671875 0.0707794234375 0.1850389359375 0.064172540625 0.1818091234375 0.0245312546875 0.11963526093750002 0.030477446875 0.0340452765625 0.0403877703125 0.0356671921875 0.0410937828125
0 0.1818353296875 0.0655517375 0.1123681875 0.0707794234375 0.040504896875 0.077386303125 0.0356601765625 0.108438640625 0.0493868765625 0.10976002031250001 0.088952059375 0.09720694375 0.128517240625 0.088618 0.185846384375 0.0833324953125 0.1818353296875 0.0655517375
0 0.23671590625 0.0661546046875 0.193920915625 0.064172540625 0.193141153125 0.0642296890625 0.18423148281249999 0.0740828625 0.1850389359375 0.0833324953125 0.2455978859375 0.087296625 0.266591659375 0.0925821296875 0.3190760890625 0.0919214390625 0.3190760890625 0.08135043125 0.286777975 0.077386303125 0.23671590625 0.0661546046875
0 0.3263431625 0.051619467187500004 0.3158462765625 0.039066390625 0.2593245859375 0.0298167578125 0.20199544375 0.010656806250000001 0.2012167390625 0.0100255640625 0.1850389359375 0.0225491890625 0.1777718578125 0.039066390625 0.1801942171875 0.05228015312499999 0.20522525156250002 0.0588870359375 0.23671590625 0.0661546046875 0.2746661875 0.0721007984375 0.3190760890625 0.0833324953125 0.3263431625 0.051619467187500004
0 0.473431521875 0.0993179078125 0.47491446249999997 0.0859752453125 0.45069088125 0.0740828625 0.33038042343749996 0.05228015312499999 0.3174611828125 0.07276148437499999 0.3174611828125 0.0859752453125 0.31988354218750004 0.0912607546875 0.375597778125 0.0952248828125 0.4192002265625 0.0991890078125 0.4684548421875 0.1051352015625 0.473431521875 0.0993179078125
0 0.46764738906250003 0.0476553390625 0.460380315625 0.06086910156250001 0.460380315625 0.077386303125 0.47006974843749993 0.087296625 0.48466985781250005 0.0939758546875 0.48541135 0.09456419375 0.5718087875 0.10777795625 0.5976472765625 0.1051352015625 0.61864105 0.0952248828125 0.607336709375 0.0707794234375 0.5492001140625 0.06285116562500001 0.46764738906250003 0.0476553390625
0 0.5677715265625001 0.0661546046875 0.5976472765625 0.06681529375 0.6017658765625 0.0543142984375 0.6041069015625 0.05095877812500001 0.5919951078125 0.0212278140625 0.4934858765625 0.0027285484374999997 0.4555355953125 0.000746484375 0.4418089015625 0.0258526296875 0.4684548421875 0.050298089062499995 0.5677715265625001 0.0661546046875
0 0.6146037828125 0.05228015312499999 0.6146868171875 0.0529922453125 0.6105665218749999 0.061529785937500005 0.612181428125 0.0952248828125 0.64609444375 0.0952248828125 0.690504340625 0.087296625 0.7607527296875001 0.0806897421875 0.7599452765625 0.06285116562500001 0.696963965625 0.06086910156250001 0.6146037828125 0.05228015312499999
0 0.6016845421875 0.0020678593750000003 0.5985356453125 0.0027542781249999997 0.5928025609375001 0.017924375 0.5984547296875 0.048976714062499996 0.6154112359374999 0.049637403125 0.7510632953124999 0.06483322968750001 0.7373366015625 0.015942310937500002 0.68404471875 0.015942310937500002 0.6259081234375 0.0060319875000000005 0.6016845421875 0.0020678593750000003
0 0.7752868765625001 0.0536015328125 0.8649141281249999 0.05228015312499999 0.8634149109375 0.0093645359375 0.7357216953125 0.008014053125 0.740566409375 0.049637403125 0.7752868765625001 0.0536015328125
0 0.8600694140625 0.08201112031249999 0.8624917734374999 0.054262217187499996 0.7559080093749999 0.0536015328125 0.757522915625 0.077386303125 0.7591378234375 0.078707678125 0.8600694140625 0.08201112031249999
0 0.0445421578125 0.0271740078125 0.0453496109375 0.0344415765625 0.1801942171875 0.028495382812499997 0.1979581765625 0.0126388703125 0.19069110312499998 0.00008579375 0.048579423437500005 0.0027285484374999997 0.048588132812500004 0.0027542781249999997 0.0445421578125 0.0271740078125
0 0 0.000746484375 0.0001322609375 0.036423640624999996 0.008210196875 0.0351445484375 0.0469645171875 0.032459512499999996 0.048579423437500005 0 0 0.000746484375
0 0 0.0767256125 0.0001346109375 0.0754671296875 0.0332378234375 0.076064928125 0.03243036875 0.0331202015625 0 0.0337808875 0 0.0767256125
0 0.0380825375 0.0793683671875 0 0.0747435484375 0.0001322609375 0.11834896406249999 0.037275084375 0.1150455234375 0.0380825375 0.0793683671875
0 0.2004091796875 0 0.1995730828125 0.0106568046875 0.3077717484375 0.0390663921875 0.31907608593750003 0.01263886875 0.31019410625 0 0.2004091796875 0
0 0.3312336953125 0.0001101734375 0.32795806875 0.006692678125 0.4418089015625 0.026513318749999997 0.451498334375 0.00008579375 0.3312336953125 0.0001101734375
0 0.5887652953125 0.0014071734375 0.4781442765625 0 0.58392058125 0.020567125 0.5887652953125 0.0014071734375