0 0.9118947390625 0.280141634375 0.9133961421875 0.25837540468750003 0.888763059375 0.22484744375000001 0.8758600968750001 0.201183478125 0.8500209999999999 0.1830392703125 0.817685003125 0.177173753125 0.7899424921875 0.1859236859375 0.7711492125 0.21124937031250002 0.7491485515625 0.238268634375 0.7379183874999999 0.26386103906249997 0.76239586875 0.275842303125 0.788350271875 0.25591125312499996 0.8252062875 0.24595397812500003 0.8543104140625 0.24336698281250002 0.8779594 0.25545800625 0.9118947390625 0.280141634375
0 0.8814779671874999 0.2968578484375 0.9088429515625001 0.303381915625 0.9062018578125001 0.2821644828125 0.8805760078124999 0.2665293546875 0.85631176875 0.25705717968749997 0.8319654 0.2564765453125 0.8104243921875 0.259330253125 0.7886946312500001 0.2698209609375 0.76840861875 0.2775830734375 0.7541353546875 0.2870859609375 0.7490822171875 0.2966360625 0.7663164484375 0.3121142296875 0.7907204734375 0.2936572359375 0.81349198125 0.2855658484375 0.838346984375 0.28227310625 0.8616516125 0.28045442187499997 0.8814779671874999 0.2968578484375
0 0.8746367171875 0.29522683125000004 0.8604211046874999 0.2856920953125 0.8361813546875 0.286366 0.809054096875 0.2924970953125 0.7884727015624999 0.30664167343750004 0.764577309375 0.3212252859375 0.765561403125 0.3426622359375 0.7498688765625 0.36503980937499997 0.7813518765625 0.360869 0.8171416562499999 0.3383663140625 0.853702290625 0.3347915 0.8813626609374999 0.3349331015625 0.902534825 0.3080236015625 0.8746367171875 0.29522683125000004
0 0.8975464625 0.3873417421875 0.9035102421874999 0.3687903546875 0.8898032578124999 0.35538223593749996 0.8694682765625 0.34285217968750004 0.84544176875 0.3460351625 0.8205867687499999 0.3493279046875 0.7962648812500001 0.358893359375 0.7749371265625 0.3642561453125 0.7641089734375 0.384720634375 0.7637559359375 0.41014072500000004 0.7653552875 0.42895883125 0.787889059375 0.40821228125 0.8183058328125 0.3914960625 0.8474099624999999 0.3889090671875 0.8793194625 0.389756421875 0.8975464625 0.3873417421875
0 0.86185463125 0.45042877031249995 0.8926157531250001 0.4476222640625 0.9160514921875 0.45720419687499997 0.9333678578125 0.4637908265625 0.9368461343750001 0.4455687015625 0.9102606718749999 0.4186427140625 0.8912383359374999 0.3919834328125 0.8580983281250001 0.39637376406249997 0.8298227015625 0.3988509890625 0.80745319375 0.4018144546875 0.7942216828124999 0.41371667343749996 0.7809080296875 0.4345104328125 0.7637717421875 0.4596166015625 0.7620815750000001 0.4890198265625 0.777207828125 0.48955326406250005 0.80078335 0.471206028125 0.8147367421875 0.45793952187500003 0.8361711234375001 0.45383127031250003 0.86185463125 0.45042877031249995
0 0.8816722984375 0.5061619937499999 0.9134751718749999 0.5057548093750001 0.9295697125 0.4782493203125 0.9113182234374999 0.470517915625 0.9014338734375 0.45279738125 0.8692289921875 0.45833248906249996 0.8360889890625 0.46272280937500004 0.8162049843749999 0.46535700625 0.7977892203125 0.47540868593749996 0.7902505828125 0.48528805625000004 0.7850086796875 0.5024751453125 0.7677657765625 0.526326775 0.7654603546875001 0.5583488484375 0.7844668875 0.5355322421875 0.81571215625 0.5187062640625 0.853609921875 0.5111483140625 0.8816722984375 0.5061619937499999
0 0.8861259968749999 0.5487066296875 0.912047228125 0.5579592859375 0.934843228125 0.5600139890625 0.92060313125 0.5403331625 0.9046815453124999 0.5107257703125 0.8766191609374999 0.515712090625 0.84845015625 0.5194438703125 0.8254654 0.5250261734375 0.812316021875 0.5280368421875 0.7861483734375 0.545458809375 0.7654603546875001 0.5583488484375 0.77101344375 0.5842551734375 0.7926365859375 0.572509915625 0.815088228125 0.5606549046875 0.8343324890625 0.550493465625 0.857530496875 0.5474202421875 0.8861259968749999 0.5487066296875
0 0.9299701671875 0.6012568703125 0.9316026796875001 0.5908912703125 0.9352120671874999 0.584069775 0.9058457203125 0.5638555171874999 0.8705977390624999 0.55330110625 0.8377531156250001 0.5513089718749999 0.8133246046875 0.5596198765625 0.7939737171875 0.568526775 0.78199719375 0.5853373937499999 0.7823660375 0.6093931859375 0.7831613734375 0.638467140625 0.798853903125 0.6160895671875 0.8333065515625 0.597570021875 0.8563979296875001 0.593242253125 0.8795959359375001 0.5901690281249999 0.90995505625 0.5924904375 0.9299701671875 0.6012568703125
0 0.9346860749999999 0.666602746875 0.9462361046875 0.6447739609375 0.925556771875 0.6183342078125 0.9116365406250001 0.6024170062499999 0.8834430515625 0.5960027015625 0.8561025453125 0.5996247140625 0.828975290625 0.6057558140625 0.80932901875 0.6210451734375 0.7946537499999999 0.6356759828125 0.7809136 0.651451584375 0.7728663359375 0.6652043265625001 0.8009532015625 0.670364090625 0.8431000828125 0.6635118875 0.8720975859375001 0.6596703546875 0.9054508390624999 0.65778911875 0.9346860749999999 0.666602746875
0 0.9247843687499999 0.727541809375 0.936678753125 0.7196227296875 0.9547501640625 0.6956613421875 0.9249573203124999 0.6704289265625001 0.8982075890625 0.6612860171875 0.8658960828125 0.6655665843749999 0.835028328125 0.6671185562499999 0.8148244515625 0.66598911875 0.7945384484375 0.6737512421875 0.7838990515625001 0.6865787250000001 0.7836526421875 0.7132533546875 0.803265746875 0.7271477078124999 0.837742884375 0.7187742421875 0.8668470078125001 0.716187246875 0.8858203765624999 0.7225543546875 0.912439003125 0.720296634375 0.9247843687499999 0.727541809375
0 0.9080990640625 0.767812225 0.92675255625 0.7704157078125 0.9442576859375 0.7693653312500001 0.9475716859375 0.7689262984375 0.9647324515625 0.75396621875 0.9424206046875 0.73789205625 0.915990734375 0.7325127703125001 0.8930881156250001 0.7292035343750001 0.86614961875 0.7276976296875 0.8461589921874999 0.7290772859375 0.8186052390624999 0.73019021875 0.7970642390625 0.7330439265625001 0.7924375968749999 0.7476121906250001 0.7862605703125001 0.76365449375 0.8010092984374999 0.77946194375 0.825355675 0.7800425734374999 0.85673205625 0.774617225 0.88655805625 0.7706659375 0.9080990640625 0.767812225
0 0.958997734375 0.8245025734375 0.9479650156250001 0.8031281734375 0.938482671875 0.780279725 0.90625330625 0.7756687421875 0.8657389328124999 0.7721553484375 0.8395467953125 0.7794312296875 0.8140765406250001 0.785342809375 0.7993767828125 0.7898275390625 0.791567246875 0.81623545 0.815429478125 0.8308355562499999 0.86203873125 0.8271981859374999 0.898303978125 0.8300058312499999 0.933527478125 0.8304141515625 0.9584891046875 0.8283759546875 0.958997734375 0.8245025734375
0 0.7141785890625 0.299991359375 0.73550635 0.2946285671875 0.7406416234375001 0.2761869328125 0.7317990187500001 0.260865725 0.7293711671875001 0.242157365625 0.71349855625 0.23284214531249997 0.6957556984375 0.22123736562500002 0.672984190625 0.22932875312499998 0.6416078093750001 0.2347541015625 0.629951153125 0.2553283421875 0.6148738765624999 0.2750870734375 0.5976309703125 0.2989387015625 0.5947924359375001 0.3246880671875 0.6182036828124999 0.324123921875 0.6457329515625 0.3128649046875 0.6835240859375 0.304052409375 0.7141785890625 0.299991359375
0 0.7336605859375 0.302485084375 0.7047452203125 0.29743507812500003 0.6730489703125 0.299096803125 0.653296075 0.31313161875 0.6262754359375 0.3205172578125 0.605078790625 0.3372806734375 0.6033641375000001 0.3565378140625 0.63329676875 0.35384107343750004 0.6608260328125 0.3425820453125 0.6960250453125 0.3328442921875 0.722135040625 0.33445995 0.740468671875 0.3332998140625 0.750788190625 0.3167087140625 0.7336605859375 0.302485084375
0 0.6595955265625 0.347819725 0.6344451375 0.3574949375 0.617579753125 0.36607255625 0.644542734375 0.3777245453125 0.6680606078125 0.37841494375 0.7036861125 0.37369534843749996 0.731748496875 0.368709034375 0.745833 0.366843140625 0.7496066531250001 0.3422385625 0.72018265625 0.3410619265625 0.683515403125 0.343382196875 0.6595955265625 0.347819725
0 0.7209779921874999 0.3701358875 0.687435978125 0.3796541296875 0.6582497125 0.3911326625 0.6387922046875001 0.3987850171875 0.6273487984375 0.4218683421875 0.6238705265625 0.440090465625 0.64303265 0.4388205625 0.6703486671875 0.425052465625 0.6969672953125 0.422794753125 0.716957925 0.42141509531250004 0.744593809375 0.41141061875 0.7393361046875 0.3791218265625 0.7209779921874999 0.3701358875
0 0.7344630484375 0.42036471875 0.7016429109375 0.4285186625 0.67098840625 0.4325797140625 0.653294521875 0.44126709062499997 0.636962253125 0.456117421875 0.6519242234375 0.47443394375 0.668518709375 0.482384865625 0.7044396046875 0.471282809375 0.7301231046875001 0.467880309375 0.763796228125 0.46976268593750004 0.7635340078125 0.4469614328125 0.7519926609375001 0.429460421875 0.7344630484375 0.42036471875
0 0.7756819328125 0.5011734046874999 0.7589563359375 0.48182185468750005 0.7483501125 0.46546562968750005 0.7122159734375 0.4740586015625 0.6765904671875 0.4787782015625 0.6512268328124999 0.4859443265625 0.6340660671875 0.500904415625 0.6218762953125 0.51520595 0.6356899 0.52986860625 0.6465093734375 0.548733921875 0.6825368843749999 0.5388863984375 0.7199260109375001 0.5352018265625 0.743337265625 0.5346376859374999 0.7620728999999999 0.5283496234375 0.7756819328125 0.5011734046874999
0 0.731229634375 0.5400476796875 0.6960306234375 0.5497854375 0.6690099843749999 0.557171078125 0.6372071078125 0.5575782640625 0.6348772046875 0.5794542468749999 0.6390686796875 0.5991976234374999 0.6660071750000001 0.600703528125 0.6879501859375 0.5927218984375 0.7087693093749999 0.5912324890625 0.7294818171874999 0.5884885343749999 0.7605628140625 0.5894456453125 0.766633209375 0.5721487921875 0.764263015625 0.5344028140625 0.731229634375 0.5400476796875
0 0.773194884375 0.6296381515625 0.7753115375 0.605253090625 0.7631549359375 0.590370909375 0.7339441859375 0.591703365625 0.7042248015625 0.596909196875 0.6820685484375 0.602381746875 0.653071040625 0.6062232812499999 0.652291515625 0.6266252078125001 0.6499616078125 0.648501190625 0.6569339671875001 0.66153283125 0.6873507390625 0.64481661875 0.709318234375 0.6469810734375 0.7364454921875 0.640849965625 0.7553943734375 0.63707099375 0.773194884375 0.6296381515625
0 0.6909024703125 0.657032746875 0.6637752124999999 0.6631638421875 0.665292425 0.69087350625 0.6876864140625 0.6980561187500001 0.7095228015624999 0.68881995 0.745681421875 0.69037305 0.7659674328125 0.6826109375 0.773292828125 0.6702224890624999 0.7726041125 0.6424030734375 0.745156984375 0.6447705499999999 0.7150111124999999 0.644958225 0.6909024703125 0.657032746875
0 0.7895097953125 0.693447415625 0.7764670375 0.6977126234375 0.7546883015625 0.6879111734375 0.7240337984375 0.691972225 0.699392040625 0.6977740453125 0.67838415625 0.7069004609375 0.6602392906250001 0.7004235953125 0.6569742578125 0.7211547984375 0.660870346875 0.747280640625 0.6790152171875 0.7537575000000001 0.7036569703125 0.7479556734374999 0.7328677203125 0.746623225 0.7643507281249999 0.7424524156250001 0.782873115625 0.73365528125 0.789558765625 0.7137395843750001 0.7895097953125 0.693447415625
0 0.71619109375 0.7475638421874999 0.6855365890625 0.7516248937500001 0.6587047171875 0.751373534375 0.6495335671875 0.7716185 0.66481540625 0.7936986453125 0.7034595328125001 0.7949224781249999 0.7403400296875 0.79511128125 0.772971403125 0.7945943375 0.789623540625 0.783507634375 0.7982860640625 0.7671360453125 0.7827909734375 0.7425468140625 0.7488224703124999 0.7470468984374999 0.71619109375 0.7475638421874999
0 0.7856366375 0.805603134375 0.77441515625 0.7918657421875 0.7368127796875 0.7930412296875 0.7082172875 0.7917548421875 0.68346890625 0.7963021296874999 0.6632650328125 0.7951727015625 0.660000003125 0.8159039046875 0.667612096875 0.8364627859375 0.689497459375 0.8475187859375 0.7201519625 0.8434577359375 0.7411843359375 0.8444774046875001 0.7644889625 0.8426587140624999 0.7939706125 0.824797725 0.7856366375 0.805603134375
0 0.635429234375 0.3789318875 0.6166691156249999 0.3750738546875 0.5843576125000001 0.379354421875 0.5615861 0.3874458140625 0.5492652171875 0.3903467296875 0.5316779515625 0.4002886515625 0.5207431796875001 0.4194985953125 0.5119985218750001 0.44476172500000005 0.5298724890625001 0.467767134375 0.5564421453125 0.445217246875 0.58749865625 0.43602827499999997 0.611205290625 0.42908166875 0.633230440625 0.41220849375 0.644165209375 0.39299855 0.635429234375 0.3789318875
0 0.6268559781249999 0.47521760156250004 0.631778 0.45426689375 0.6220002765625 0.4378008984375 0.6023050328124999 0.4327980953125 0.57672815625 0.43745512968750006 0.555933515625 0.4490906296875 0.539707865625 0.46519549375 0.5309387203125 0.48031253906250004 0.5212344515625 0.494284809375 0.5218655109375 0.5411418484375 0.5412985328125 0.5233434046875 0.5794916796875 0.5094029890625 0.60287844375 0.4986927578125 0.627331440625 0.5005279375 0.6268559781249999 0.47521760156250004
0 0.6276181453125 0.533475275 0.6186444328125 0.5067534375 0.600926059375 0.5052947359375 0.5757511828124999 0.5048238546875 0.5503875515625001 0.511989978125 0.540281271875 0.5310901625 0.52613911875 0.5519936734375 0.5167547203125 0.5697295625 0.525752921875 0.606597478125 0.5433978359375 0.5776179265625 0.5677197234375 0.5680524828125 0.5958642390625 0.5541746234375 0.62654323125 0.5602596578125 0.6275360078125 0.542366809375 0.6276181453125 0.533475275
0 0.57972073125 0.5613879500000001 0.5648322125 0.5735096796875 0.5478602015625 0.5808327578125 0.529386790625 0.6099220734374999 0.523825021875 0.6233455390625 0.533627234375 0.6499576125 0.5559477687500001 0.6267019781250001 0.5902937953125 0.60692789375 0.629126675 0.600514725 0.641505209375 0.5785761796875 0.6292419781249999 0.562439465625 0.6087182343750001 0.557546415625 0.57972073125 0.5613879500000001
0 0.6044849218749999 0.6063165453125 0.5804584140625 0.609499534375 0.559048521875 0.623753865625 0.540657246875 0.6439516296875001 0.5333563390625 0.6664861625 0.5328966796875 0.6906517140624999 0.5427565453125001 0.6982261578125 0.562378328125 0.6727907078124999 0.58389484375 0.659790921875 0.6184786046874999 0.652672 0.6350486078124999 0.6504768421875 0.6383136375 0.6297456343750001 0.6335890484375 0.60372955625 0.6044849218749999 0.6063165453125
0 0.649452978125 0.6523745734374999 0.6333916078125 0.6506963484375 0.6142294781250001 0.651966253125 0.5885459734375 0.655368753125 0.57478134375 0.6609982578125 0.5628048203125 0.6778088703125 0.554864175 0.6928161625 0.570523540625 0.6996222984375 0.612375040625 0.6991525625 0.635573040625 0.6960793375 0.658664425 0.6917515734374999 0.656745209375 0.6691698374999999 0.649452978125 0.6523745734374999
0 0.6383784140625 0.6995136859375 0.610635903125 0.7082636234375 0.5906452765625 0.709643275 0.56600351875 0.7154450953125 0.550499753125 0.73018566875 0.5492937312499999 0.7455694328125 0.5692022171875 0.7530813265625 0.5948035828125 0.758570365625 0.6187234625 0.7541328421875 0.6372703359375 0.75548178125 0.6538979890625 0.73424899375 0.653020515625 0.714066584375 0.6383784140625 0.6995136859375
0 0.570161828125 0.7643721859375 0.544265075 0.7652656125 0.553985153125 0.800769225 0.5798819 0.799875809375 0.6054832718750001 0.8053648546875 0.6300428874999999 0.8084545671875001 0.6565548921875 0.8049423093750001 0.6572277984375 0.7832858421875 0.6471302015625 0.7630562249999999 0.6183214593749999 0.7592607578125 0.5942949515625 0.762443746875 0.570161828125 0.7643721859375
0 0.6356291453125 0.8051771796875 0.60962576875 0.80481605625 0.5935644 0.8031378421875001 0.5745088953125 0.8056622750000001 0.5558554 0.8030587984374999 0.5471928765625 0.8194303765625 0.5477749671875001 0.845995253125 0.5704643390624999 0.8467954046875 0.5899463359375 0.849289134375 0.6362602015625 0.852034225 0.6620258437500001 0.8397401796875 0.65885163125 0.8122500390624999 0.6356291453125 0.8051771796875
0 0.4683170671875 0.502563865625 0.43507043593750006 0.5056996453125 0.42186340624999996 0.52774795 0.40555562343749996 0.5527443484375001 0.395367209375 0.580736084375 0.440508228125 0.569681225 0.495484615625 0.556054725 0.5186004843750001 0.5618730390625 0.5223741421875 0.5372684609375 0.5128917953125 0.5144200062500001 0.49450919843749996 0.49528798281249997 0.4683170671875 0.502563865625
0 0.512874440625 0.59307960625 0.506386228125 0.5660285 0.48607573437499996 0.563644528125 0.467020228125 0.5661689609375 0.4465209703125 0.571422 0.43382257031250004 0.5895969156249999 0.416850559375 0.59692 0.40725291406249997 0.612146803125 0.419704903125 0.6206465109375 0.4288428921875 0.6295852640625 0.44496191406249996 0.6122258484375 0.463590925 0.6046832531249999 0.48419680156249995 0.6006847640624999 0.4975594296875 0.6001831734375 0.512874440625 0.59307960625
0 0.51471151875 0.62455288125 0.5155976718749999 0.60540549375 0.49507393281249995 0.60051244375 0.46741355625000003 0.6003708421875 0.45447742187499995 0.6058905953125 0.4347245296875 0.619925409375 0.41849888437500005 0.636030275 0.4125351078125 0.6545816734375001 0.41498744375 0.6834361125 0.4366927203125 0.662799309375 0.45842248437500005 0.6523086015625 0.4832774890625 0.6490158593750001 0.51216836875 0.6439197859375 0.51471151875 0.62455288125
0 0.50156926875 0.7163692296875 0.53687490625 0.7078860109375 0.5307065640624999 0.684598528125 0.5281476046875 0.6544895453125 0.52376736875 0.64238316875 0.5085589890625 0.650741275 0.47996348906249997 0.6494548875 0.44516648124999997 0.6540647296875 0.4335919671875 0.6657474265625 0.4117800640625 0.6851296859375 0.40076314999999996 0.7132311734375001 0.41313300000000003 0.7306224265625 0.437963521875 0.7171835953125 0.4546401453125 0.716242978125 0.47048827187500003 0.71541211875 0.50156926875 0.7163692296875
0 0.5176061562500001 0.707901359375 0.48684502968750004 0.7107078703124999 0.46126815 0.7153649093750001 0.44170401562499995 0.7217627296875 0.4255849921875 0.7391221406249999 0.40524132812499997 0.7659218812499999 0.421433809375 0.7790007250000001 0.46232570156249997 0.76724011875 0.4989684671875 0.7547737531250001 0.5298362171875 0.7532217859375 0.5456598546875 0.7422448421875 0.5264487609375 0.7232225671875 0.5176061562500001 0.707901359375
0 0.50653159375 0.755040478125 0.4806348390625 0.75593389375 0.45743683593749995 0.7590071234375 0.442335075 0.768619775 0.4193992875 0.794494246875 0.43756864218749997 0.811117196875 0.4684363921875 0.809565225 0.500239265625 0.8091580453124999 0.5298520265625 0.8026976687499999 0.5366443015625 0.7840365171875 0.526866575 0.767570534375 0.50653159375 0.755040478125
0 0.45093126874999995 0.8106156062500001 0.4376752609375 0.8123717359375 0.42417285 0.84080249375 0.45404782499999996 0.8571433703125001 0.4853420703125 0.8606095734375 0.5079248203125 0.8601551859375001 0.5355362203125 0.8400046187499999 0.53019638125 0.8166073765625 0.51357740625 0.7985103703124999 0.4771234 0.8033397250000001 0.45093126874999995 0.8106156062500001
0 0.600854153125 0.34672100625 0.6069245515625 0.3294241578125 0.5913473203125 0.313726478125 0.5852034671874999 0.3005850734375 0.5644909671875 0.303329028125 0.5490693328125 0.30917805 0.5353291859375 0.32495364531250004 0.520014175 0.3320572140625 0.5104165296875001 0.3472840171875 0.503304384375 0.3621815453125 0.5217936078125 0.38256811874999996 0.5351072578125 0.361774359375 0.5550978843750001 0.3603947078125 0.5696910187500001 0.3546554375 0.5834556531249999 0.34902592656250003 0.600854153125 0.34672100625
0 0.539676253125 0.36624373593750004 0.5206452390625 0.378914253125 0.5119827124999999 0.39528584218749996 0.5054036859375 0.4164560671875 0.5302342015625 0.403017246875 0.5500937171875 0.390236971875 0.5775163578125 0.3777234046875 0.6133551125000001 0.3755128875 0.6009607765625 0.34797555 0.5742355265625 0.3489787296875 0.55477801875 0.356631084375 0.539676253125 0.36624373593750004
0 0.5150992765625 0.4418136125 0.5160920453125 0.42392076406249996 0.4846090453125 0.42809157343750004 0.46389654062499996 0.430835521875 0.44598940625 0.4370138265625 0.42768026875 0.44832004531249997 0.4186978734375 0.46092801093749997 0.4189356078125 0.4735831734375 0.3989939546875 0.49525499999999995 0.42472642968749996 0.5121446625 0.4463495671875 0.500399409375 0.4923190828125 0.48923479218750004 0.5210212046875 0.491775725 0.5239663625000001 0.4672808984375 0.5092176375 0.4514734609375 0.5150992765625 0.4418136125
0 0.0425101609375 0.6153058812500001 0.0614253140625 0.6181850625 0.07472601875 0.6177692640625 0.061147059375 0.593989303125 0.047506925 0.590411303125 0.024648496875000002 0.5934395453125 0.010947182812500001 0.6100634781250001 0.000485134375 0.6086032859375 0.00278385 0.6356502359375 0.010572551562500001 0.637038246875 0.025919059374999998 0.618850090625 0.0425101609375 0.6153058812500001
0 0.0317246125 0.6557761625 0.049647459375 0.65744055 0.0662645375 0.6646629500000001 0.0771280296875 0.6564924890625 0.064428246875 0.6325960625 0.048350903125 0.62126339375 0.0316466640625 0.6234763375 0.019477403125 0.6372047984375 0.0101459625 0.6424797812499999 0.0030699250000000003 0.639016196875 0.00524101875 0.66456155625 0.012182559375 0.6664425953124999 0.0317246125 0.6557761625
0 0.030183349999999998 0.7004068140624999 0.0389490703125 0.6884754890625 0.055879599999999995 0.688925084375 0.07283611250000001 0.7001412859375 0.07697969375 0.68612978125 0.0654985109375 0.6661106859375 0.045817325 0.6646792421875001 0.0212005484375 0.6679404265625 0.0073601125 0.6724664890625001 0.005828515625 0.6714740453125 0.008830765625 0.7067988984375 0.009422690625 0.7071959156250001 0.030183349999999998 0.7004068140624999
0 0.0667279703125 0.49228071875 0.04389551875 0.5060755671875 0.051093996875000006 0.5280082921875 0.046123212499999997 0.563669478125 0.0603030859375 0.5631372140625001 0.0801585890625 0.545697971875 0.10060580156250001 0.5456816734375 0.115011959375 0.54781194375 0.11518627968749999 0.5289412703124999 0.096671734375 0.5098539265625 0.0760854 0.49777234843749996 0.0667279703125 0.49228071875
0 0.068833309375 0.590278534375 0.066613175 0.6269215734375 0.0769109515625 0.6120947812499999 0.0885404734375 0.602476590625 0.1052447125 0.6002636453125 0.12118292187499999 0.5994984375 0.1248739296875 0.5801618703125 0.11177353281249999 0.5724735843750001 0.0944164109375 0.5774655390625 0.0844320859375 0.585519521875 0.068833309375 0.590278534375
0 0.14796409375 0.58384411875 0.1376849109375 0.582489865625 0.127136328125 0.59203538125 0.12005903281250001 0.6002156796875 0.1237174515625 0.6151217921875001 0.1351616234375 0.6090789937500001 0.145575503125 0.604983365625 0.158143521875 0.6051290625 0.1706703953125 0.6188602984375 0.1748676234375 0.6119668765624999 0.1722569625 0.60235399375 0.1618842203125 0.592864084375 0.14796409375 0.58384411875
0 0.1387850890625 0.609504303125 0.12949505156250002 0.6197884265625 0.1264802875 0.6265251968750001 0.12628696718750002 0.63832021875 0.13937013125 0.6374923265625 0.1510250859375 0.6268949046875 0.166127675 0.63575821875 0.173374615625 0.6366088375000001 0.1722332953125 0.6231799437500001 0.1617844625 0.6127947703125 0.1470623171875 0.6084077531250001 0.1387850890625 0.609504303125
0 0.13996135781250002 0.63741400625 0.132368925 0.6465678875 0.12647409375000002 0.6545915453125 0.1295998953125 0.6632308421875 0.1419982609375 0.6543456062499999 0.15544438437500002 0.65075361875 0.1689840671875 0.6552972859375 0.1785959328125 0.6558345953125 0.181154175 0.643726275 0.166127675 0.63575821875 0.15340748125 0.6338220109375 0.13996135781250002 0.63741400625
0 0.1484431828125 0.6598291796875 0.1409268359375 0.6698783265625 0.1334104890625 0.6799274718749999 0.12869811874999998 0.687794471875 0.137888403125 0.6974410390625 0.1467219109375 0.681785359375 0.1601680375 0.678193365625 0.175405325 0.6816067921875 0.1815870328125 0.669923775 0.172244575 0.6584867015625 0.1637390859375 0.656897465625 0.1484431828125 0.6598291796875
0 0.091626440625 0.673693528125 0.0863989328125 0.6825341125 0.080580190625 0.691453028125 0.0832083203125 0.7083063093749999 0.0995931234375 0.6970822859375 0.117693003125 0.6919684265625 0.127422096875 0.6798154609375 0.119262096875 0.6682217296874999 0.10963276562499999 0.6604440109375 0.1004013390625 0.6643829890624999 0.091626440625 0.673693528125
0 0.09131700312499999 0.6067393875 0.0815879109375 0.618892359375 0.0715544671875 0.6274642859374999 0.07551723906249999 0.6459514375000001 0.08768733906250001 0.6343804265624999 0.097281728125 0.6276773421875 0.10666533281249999 0.62552888125 0.1156859625 0.626144528125 0.1225349890625 0.6152784437500001 0.11311644375 0.60294610625 0.103504578125 0.6024087859375 0.09131700312499999 0.6067393875
0 0.14254215625 0.6959191796875001 0.1392405109375 0.706315309375 0.1393340703125 0.7144509718750001 0.15365830625000002 0.7071212859375 0.1629658203125 0.7040775671875 0.1784139 0.7029363765625 0.1837175 0.6949910499999999 0.17378380625 0.6836322859374999 0.1584118171875 0.6856687421875 0.14717844062500002 0.6871569156249999 0.14254215625 0.6959191796875001
0 0.09955198125 0.7106678265624999 0.0906249109375 0.7181878421875 0.08732326562500001 0.7285839828125 0.0955418765625 0.7338325734375 0.10940958593750001 0.7211313265625 0.12279709375 0.723884471875 0.13496719375 0.7123134656250001 0.128217921875 0.703248865625 0.12043836875 0.6961314265625 0.113343596875 0.6970713265625 0.09955198125 0.7106678265624999
0 0.106031846875 0.730632196875 0.09746774687500001 0.7353881125 0.087738653125 0.747541084375 0.0929599703125 0.7667668421875 0.10564522031250001 0.754222253125 0.1230777796875 0.7482914609375 0.1362195515625 0.7411184265624999 0.134334825 0.7259773375 0.1244186125 0.7218589828125 0.113717846875 0.729613971875 0.106031846875 0.730632196875
0 0 0.5368973421875001 0.008124265625 0.5353746968750001 0.026165532812499996 0.5366059828124999 0.053590395312500004 0.5356888140625 0.046975828125 0.5211743265625 0.03902661875 0.505025965625 0.029245107812499997 0.49545772968749996 0.020130914062499998 0.486706421875 0.001211540625 0.4892128265625 0 0.489689309375 0 0.5368973421875001
0 0.20964593593749997 0.5859085 0.20052519375000002 0.5842831015625001 0.19029413125 0.5828047984375 0.180671328125 0.58407960625 0.1743061125 0.5928572015625 0.1706269109375 0.60241244375 0.1773583546875 0.6111552296875 0.18302711562500001 0.6206055453125 0.193151978125 0.616430528125 0.20503211875 0.6108895000000001 0.21159879843749999 0.6088860781250001 0.2214964484375 0.60644138125 0.21985124687500002 0.5958912984375 0.20964593593749997 0.5859085
0 0.195527540625 0.6223491343750001 0.189103765625 0.6260338375 0.18014780625 0.635154634375 0.18604376875 0.64287461875 0.19748040312499998 0.6453266796875 0.20244950312499999 0.6333336234375 0.2118341375 0.6292566734375 0.2216841421875 0.62625155 0.2219847421875 0.6165771859375 0.21637456406250002 0.6122197703125 0.2030983328125 0.6145453140625 0.195527540625 0.6223491343750001
0 0.19871900781250001 0.682947253125 0.20613644843749998 0.6718351859375 0.2095259296875 0.6625229046875 0.2329976828125 0.66321195 0.2292400828125 0.6485156125 0.21950597031250002 0.6422080953125 0.2122769171875 0.6456981453124999 0.200512271875 0.6548537703124999 0.1922679546875 0.66607538125 0.19871900781250001 0.682947253125
0 0 0.602895134375 0.0006676562500000001 0.6107508546875 0.0054114359374999995 0.6123267296875 0.0231526046875 0.5947822859375 0.039583698437499995 0.5913393484375 0.0608940671875 0.5961132578125 0.06580644375 0.5752036234375 0.053378873437499995 0.566720578125 0.040975742187500004 0.5683637187499999 0.0279585671875 0.5726205734375001 0.0064842421875 0.5855948703125 0 0.580357478125 0 0.602895134375
0 0.415165459375 0.456640725 0.40572265312500005 0.47138884843750006 0.4376549328125 0.4590602296875 0.476045421875 0.42832972968750005 0.5171583546875 0.429631746875 0.5170188687499999 0.41750278593749995 0.5088070328125001 0.3942957921875 0.4778435640625 0.39704805625 0.4460247203125 0.41071135937500003 0.417303903125 0.42936311250000003 0.415165459375 0.456640725
0 0.054501204687500006 0.7122770390625 0.0772436 0.7281601859375 0.07829980156250001 0.7091242421875 0.06107285 0.6952098421875 0.0452071234375 0.6973117078125 0.031331123437500004 0.7018494093750001 0.02299661875 0.719150134375 0.0100861453125 0.721569809375 0.0111492953125 0.734078965625 0.0243578390625 0.7351663875 0.0383212234375 0.72116910625 0.054501204687500006 0.7122770390625
0 0.09211926875000001 0.6367881234375 0.08544495468749999 0.6466534265625 0.0790610078125 0.6552827812500001 0.07571602656250001 0.667101978125 0.08330765625 0.6726823937499999 0.09227769062499999 0.66191421875 0.10516933906249999 0.6554164375 0.1193462015625 0.6547357984375 0.11868048906249999 0.6422504499999999 0.112300634375 0.632318309375 0.1000787984375 0.6327399546875 0.09211926875000001 0.6367881234375
0 0.3318006421875 0.552283225 0.340099921875 0.564605275 0.3549316671875 0.5589799828124999 0.3764455296875 0.5561298703124999 0.3788914 0.5375037640625 0.3629081125 0.520098971875 0.3485419890625 0.5122410562499999 0.3304204625 0.5170820390624999 0.329158021875 0.5306708140625 0.3318006421875 0.552283225
0 0.335902440625 0.6005453875 0.344588346875 0.6079356625 0.35702966406250003 0.6026270453125 0.36898180625 0.6010436515625 0.37443338125 0.5893401859375 0.3733053875 0.576068090625 0.361022059375 0.56427383125 0.35066353281249996 0.5656461125 0.3344432578125 0.573895634375 0.335902440625 0.6005453875
0 0.34399662656249996 0.6104543312499999 0.341732290625 0.62173555625 0.3419609328125 0.6339066578125 0.3476411421875 0.6343742921875 0.3604926421875 0.6338918875 0.3708511671875 0.6325196125 0.38308739531249997 0.6247978875 0.3747881125 0.61247583125 0.3685951796875 0.605975421875 0.3550494140625 0.6077699437499999 0.34399662656249996 0.6104543312499999
0 0.3443194625 0.66165739375 0.34961304531250004 0.667056809375 0.3647524296875 0.66505116875 0.3759077609375 0.6635733312500001 0.38783635781250003 0.65223195 0.38053897812500004 0.6422174375 0.3711588015625 0.636139275 0.3586149328125 0.6402413421875 0.3451717203125 0.643242415625 0.3443194625 0.66165739375
0 0.3844028578125 0.69294128125 0.38780251093749996 0.6838810953125 0.3869341984375 0.673664359375 0.379704653125 0.668882246875 0.36916085781249997 0.669705078125 0.36241371718750004 0.6705989265625 0.354456653125 0.6750969890625 0.349873153125 0.6791481234375001 0.347683425 0.6846041015625 0.348781865625 0.69306838125 0.3532427984375 0.6964953140625 0.36561255625 0.6948565953125 0.3746569890625 0.69423239375 0.384825940625 0.6934592187499999 0.3844028578125 0.69294128125
0 0.37101613125 0.7004545953125 0.3581489703125 0.70962105 0.349308578125 0.7171060625 0.3460425671875 0.7232786015625 0.3458456796875 0.7388023312499999 0.3534872203125 0.7395119546875 0.3599820890625 0.7311897015625 0.37084140312499997 0.7251591859375 0.38055011250000004 0.7278908984375 0.392266671875 0.7274866906249999 0.38867798124999997 0.7164823703125001 0.38138912343750003 0.7065422359375 0.37101613125 0.7004545953125
0 0.359810421875 0.7408988140625 0.35116238437499997 0.7480511859375001 0.3433363921875 0.7570968703125 0.3470646 0.777626365625 0.3592532578125 0.7810172140625 0.3642765484375 0.7623316734375 0.370730171875 0.7604755953125 0.39059586562500004 0.76084716875 0.3920330515625 0.7466411734375 0.3798250703125 0.735243971875 0.372212846875 0.7312468484375 0.359810421875 0.7408988140625
0 0.3826139359375 0.6349695734374999 0.3846768765625 0.64603105 0.39477598125 0.650360528125 0.4090672875 0.646767021875 0.41920308593750005 0.647124471875 0.42201011250000003 0.640518471875 0.4174516828125 0.6309210734375 0.41025487343749995 0.6211064656249999 0.400859290625 0.6206509546875 0.3894335828125 0.6227313484375 0.3826139359375 0.6349695734374999
0 0.214949271875 0.729163028125 0.21978257812500002 0.7136102359375001 0.233173115625 0.7118362859375 0.242990021875 0.7114677921875 0.24281537343749998 0.7021706296875 0.231901828125 0.689635978125 0.21752896718749998 0.6943361578125 0.2084350296875 0.7104533875000001 0.1936101671875 0.7170775109374999 0.214949271875 0.729163028125
0 0.1597781453125 0.7318118421875 0.1870895515625 0.7272616515625 0.1872885671875 0.7151188875 0.1781406640625 0.7088745390625 0.1686191 0.7054757921875 0.1524985828125 0.711339528125 0.1425609921875 0.7247724328125 0.1444229546875 0.739438253125 0.1597781453125 0.7318118421875
0 0.037106018750000004 0.7368788421875 0.029289749999999996 0.7463026015625001 0.019195499999999997 0.7578922015625 0.0219011125 0.7752423421875 0.034387653125 0.7773162703125001 0.046151220312500005 0.7636414609375 0.06327205625 0.762305365625 0.08710615000000001 0.7675361406250001 0.0852441828125 0.7528703203125 0.0725046640625 0.740577578125 0.05377485 0.7374666796875 0.037106018750000004 0.7368788421875
0 0.2228090328125 0.611618 0.22769630937500002 0.61842678125 0.24108684687499998 0.6166528265625 0.25728569375 0.611710746875 0.2502411234375 0.5940033875 0.2288596671875 0.5959039374999999 0.2228090328125 0.611618
0 0.2569659921875 0.6369179218750001 0.2443407765625 0.6404545390624999 0.2362111859375 0.6461916859375 0.23463818593750002 0.6566524046875 0.2383864703125 0.6645441125 0.24765505625 0.65772405 0.259297940625 0.6571136578125001 0.2569659921875 0.6369179218750001