0 0.2858198265625 0.26968148593749997 0.438143090625 0.18327221875 0.5872881015625 0.123357303125 0.5614894593749999 0.0877026796875 0.450987928125 0.13636780312500002 0.3566412765625 0.17070717500000002 0.27043796875 0.2274201796875 0.22424676250000003 0.2414171203125 0.171699034375 0.3084027734375 0.2858198265625 0.26968148593749997
0 0.0341620140625 0.411952571875 0.0355078296875 0.4508767265625 0.21393895000000002 0.3774872546875 0.32353566875 0.326336175 0.27147456718749996 0.288979159375 0.079912221875 0.3615174375 0.0341620140625 0.411952571875
0 0.7116482578125 0.159737178125 0.5750616875000001 0.1249920703125 0.268760121875 0.28152128125 0.32640471875 0.3224766390625 0.5034672062500001 0.2805534421875 0.5555511203125 0.2475200234375 0.705446340625 0.2014084828125 0.7116482578125 0.159737178125
0 0.7614815390625 0.08529364218749999 0.584573653125 0.1158994234375 0.6695401249999999 0.14972571875000001 0.778982240625 0.1098920453125 0.7614815390625 0.08529364218749999
0 0.826805653125 0.1825748671875 0.9000564859375 0.137243959375 0.8845500765625 0.0946404546875 0.8449475890624999 0.09151319062499999 0.7818512890625 0.10603251250000001 0.6713497546875 0.154697634375 0.7050053390625 0.16497028593750002 0.70529173125 0.21272589375 0.826805653125 0.1825748671875
0 0.8580331875 0.23314525000000003 0.9264717328125001 0.2098192546875 0.911329728125 0.1682169375 0.822126971875 0.1814624859375 0.695934371875 0.210501121875 0.6477789281249999 0.23084355781250002 0.7226378296875 0.24864170937500002 0.771234271875 0.264737471875 0.8580331875 0.23314525000000003
0 0.65243479375 0.302346371875 0.7206735906249999 0.2549872046875 0.6488383515625 0.22201210625 0.599778090625 0.23986857968750003 0.5024077859375 0.28938489375 0.31976180468750004 0.327709746875 0.20639121875000002 0.380234403125 0.19566522656250002 0.40947591406250006 0.18041515625 0.426287628125 0.3120366515625 0.412164740625 0.5282064281250001 0.325039521875 0.65243479375 0.302346371875
0 0.1748316640625 0.42268928125 0.18842670625 0.389588240625 0.027960098437499997 0.453623875 0.012555425 0.48175300312499997 0.086509509375 0.49706519531250004 0.1950468046875 0.4547455625 0.2395829875 0.42445929375 0.1748316640625 0.42268928125
0 0.074283096875 0.49869995625 0.028687490625 0.5378176796874999 0.103700996875 0.5442984156249999 0.221595653125 0.5042035578124999 0.31472828124999996 0.49001305000000006 0.35926445937499996 0.45972678125 0.3171563296875 0.449715321875 0.376192371875 0.38881396874999996 0.302524684375 0.42125738281249997 0.21226111093750002 0.43158835624999997 0.074283096875 0.49869995625
0 0.8260098125 0.3095523609375 0.759603459375 0.29149301875 0.6664708390625 0.3056835234375 0.496205871875 0.3310562015625 0.37528755468749997 0.3863280078125 0.32560887968749996 0.4494541296875 0.38281246874999997 0.453971290625 0.5873514421875 0.3936016171875 0.8260098125 0.3095523609375
0 0.9279041953125 0.2724658390625 0.9450141609375 0.26076415937499997 0.9293352671875 0.21768674687499998 0.8136516109375 0.25211410624999997 0.7469360484374999 0.256689590625 0.68820921875 0.2949561203125 0.7662463796875 0.286259909375 0.8184620796875001 0.3122995125 0.9279041953125 0.2724658390625
0 0.035152987499999996 0.6142924187500001 0.1282856109375 0.6001019109375 0.2913120546875 0.5548415624999999 0.265358815625 0.5305043484375 0.2611439453125 0.49543972812500003 0.127249009375 0.538542928125 0.035152987499999996 0.6142924187500001
0 0.53253026875 0.489567590625 0.6415085656249999 0.48368615625 0.786902521875 0.354754384375 0.7769495546875 0.327408834375 0.3678716109375 0.448148178125 0.2760848046875 0.501262840625 0.262489759375 0.534363884375 0.2978003703125 0.5609258625 0.53253026875 0.489567590625
0 0.7491638609375 0.368490134375 0.7817600234375 0.3875942421875 0.8863688515625 0.3579655984375 0.9556656703125 0.2900289453125 0.9506642281250001 0.2762875890625 0.7844972859375 0.324661684375 0.7491638609375 0.368490134375
0 0.078606934375 0.663228028125 0.14154862968749998 0.660026121875 0.24344300937500002 0.6229396031250001 0.31755169687499996 0.6269343796875 0.3720636640625 0.55360323125 0.1509288078125 0.5918604609375 0.078606934375 0.663228028125
0 0.8631072359375 0.4114766921875 0.7402475 0.402703565625 0.6255082843750001 0.48669450000000003 0.53253026875 0.489567590625 0.3720636640625 0.55360323125 0.3856358921875 0.5908926218749999 0.48466121875 0.5576656343749999 0.5975679875 0.5390932140625 0.8631072359375 0.4114766921875
0 0.8872736640625 0.3604515546875 0.7957960703125 0.39093139374999997 0.8753336515625 0.409841928125 0.978028425 0.351470103125 0.9581248406249999 0.2967854546875 0.929250009375 0.31138999218749996 0.8872736640625 0.3604515546875
0 0.9835530390624999 0.366648853125 0.876238465625 0.41232788906250006 0.736450815625 0.4744675703125 0.8030117734375001 0.4812095 0.8339529109375 0.48402427187499997 0.9106442578125 0.43640390937499995 0.9867021421875 0.37530094531249997 0.9835530390624999 0.366648853125
0 0.5900202593749999 0.5418403625 0.407374271875 0.5801652109375001 0.31302762031250003 0.614504584375 0.26350355 0.66631329375 0.410970715625 0.66049948125 0.44705434843749997 0.6304744015625 0.6466054296875 0.59162716875 0.8076904562499999 0.48232188281250005 0.735546003125 0.47198161250000004 0.5900202593749999 0.5418403625
0 0.15465704375 0.731267746875 0.299873575 0.684043821875 0.25972968281250003 0.6676868671875 0.303670259375 0.6122798171875 0.14245344531249998 0.6625120812499999 0.073905434375 0.7325060796875 0.15465704375 0.731267746875
0 0.045264103124999996 0.71252559375 0.07918336249999999 0.8057179921875001 0.1230974859375 0.773722625 0.12431150937499999 0.7535737625000001 0.09851286718749999 0.717919134375 0.045264103124999996 0.71252559375
0 0.27648017343750003 0.6784818984375 0.133978084375 0.7331637062499999 0.12702595625 0.7610316390625 0.2011346421875 0.76502641875 0.37442326718749996 0.7244767953125 0.395256834375 0.7112634296875 0.4393520125 0.6445389640625 0.27648017343750003 0.6784818984375
0 0.6183559234375 0.666660709375 0.9181691734375 0.5040471921874999 0.7688923796875 0.504889084375 0.6417721421875 0.601832196875 0.4790549109375 0.624457721875 0.389364128125 0.730299909375 0.6183559234375 0.666660709375
0 1 0.42358664687500003 0.9465732843750001 0.4176962421875 0.800892934375 0.49887240625 0.9023235 0.49573812031250003 1 0.43637618749999996 1 0.42358664687500003
0 1 0.4619566796875 0.979765053125 0.461921128125 0.9047287359375 0.525830821875 0.966611009375 0.5314603671875 1 0.5057499109375 1 0.4619566796875
0 0.9721945078124999 0.5350587109375 0.889787878125 0.520007709375 0.7742984515625 0.590195271875 0.8435738562499999 0.6043950796875001 0.9721945078124999 0.5350587109375
0 0.3336609546875 0.7533894921875001 0.35116164843750003 0.77798789375 0.44413966875 0.7751147984375 0.6747864875 0.7277649296875001 0.8464429015625001 0.6005355484375 0.76297685625 0.594315996875 0.6351064109375 0.6774557406249999 0.380911575 0.7305611015625 0.3336609546875 0.7533894921875001
0 0.21848073750000002 0.8009422328125 0.3491974140625 0.7843333875 0.34498255 0.74926876875 0.3951022265625 0.72258084375 0.18422955000000002 0.7655487984375 0.14693188906250002 0.8157227421875 0.21848073750000002 0.8009422328125
0 0.157194065625 0.8204334718749999 0.18422955000000002 0.7655487984375 0.1297404015625 0.7684895171874999 0.07841050000000001 0.803594565625 0.10118168281249999 0.866157878125 0.1653374015625 0.842807103125 0.157194065625 0.8204334718749999
0 0.1941597015625 0.863284784375 0.21455226718749998 0.8136332218750001 0.18873081249999998 0.8483690265625 0.104909521875 0.8764000281250001 0.1243936734375 0.9299322984374999 0.208791346875 0.8917427218749999 0.1941597015625 0.863284784375
0 0.4845699546875 0.8392273625 0.47280735625 0.8069098921875 0.4732711734375 0.772957653125 0.357804565625 0.7727547859375 0.2080639546875 0.80754891875 0.1958147265625 0.8795741156249999 0.3277454296875 0.8428164031250001 0.4845699546875 0.8392273625
0 0.9360853468749999 0.6002402234375 0.9496803921874999 0.567139184375 0.8402382812500001 0.60697285625 0.6771890171875 0.722623634375 0.4690307890625 0.77304946875 0.48622227812499996 0.8202826968749999 0.7213931703124999 0.7853626218749999 0.78813155 0.710396709375 0.9360853468749999 0.6002402234375
0 0.9781934765625 0.610251684375 0.9294424328125 0.605473334375 0.8050366468749999 0.709874325 0.8717522046875 0.70529884375 0.9781934765625 0.610251684375
0 0.6978451609375 0.7911181125 0.5049369968749999 0.8247322328125 0.38554191875 0.8372203515625 0.3803994234375 0.8700602046875 0.5163903875 0.8796845281250001 0.5515692046875 0.8471734906249999 0.718501309375 0.8596125859375 0.879299940625 0.7025516921875 0.7870721296875 0.7192281609375 0.6978451609375 0.7911181125
0 0.333921821875 0.836301534375 0.2216106609375 0.8799947421875001 0.2049919609375 0.9282727281250001 0.2860527765625 0.904399575 0.38311386718749996 0.8775180812500001 0.37693476718749996 0.8487989562499999 0.333921821875 0.836301534375
0 0.20817022343749997 0.9017783703125 0.1283301203125 0.9407475968749999 0.13708873125 0.9648116796874999 0.24061177812499998 0.9321998875 0.20817022343749997 0.9017783703125
0 0.1749627 1 0.2608269203125 0.9642561687500001 0.24725469218749999 0.9269667765625 0.13781258125 0.966800446875 0.14989623125 1 0.1749627 1
0 0.4771284921875 0.9362039640625 0.5447716828125 0.8637240125 0.4001735703125 0.8656782906249999 0.230349603125 0.9274891593750001 0.24769569218749998 0.9634049734374999 0.4771284921875 0.9362039640625
0 0.751538471875 0.9151548843749999 0.946611103125 0.7230969921875 0.89243116875 0.7034028875 0.7052154734375 0.870078803125 0.58251034375 0.8499882624999999 0.47139038906249997 0.9439230390625 0.751538471875 0.9151548843749999
0 1 0.6077478875 0.9667172781250001 0.6256898203125 0.8971098468750001 0.7045152734375 0.9692543 0.7148555437499999 1 0.6785731968750001 1 0.6077478875
0 1 0.5525406109375 0.9874190531249999 0.5534034375 0.9332162984375 0.604099759375 0.9790982937500001 0.61273764375 1 0.6051300453125 1 0.5525406109375
0 1 0.51298595 0.9982996484375001 0.5128445140625 0.9356443484374999 0.5638020312500001 0.9465021296874999 0.59363354375 0.979871321875 0.5561505859375 1 0.55199241875 1 0.51298595