0 0.6599858484375 0.7108497609375 0.5612310359375 0.74416435625 0.58051321875 0.7998446703125001 0.67314346875 0.772934675 0.6599858484375 0.7108497609375
0 0.6533926390625 0.6595658515625 0.5583346859375 0.680064 0.5682065078125 0.731688053125 0.6606973375 0.709163575 0.6533926390625 0.6595658515625
0 0.6506429046875 0.6012007015624999 0.54660004375 0.6146067234375 0.5591855953125 0.6739922921875 0.6531066078125 0.65821618125 0.6506429046875 0.6012007015624999
0 0.645765909375 0.558014825 0.5421484953125 0.5683849953125 0.5527246031249999 0.6082021328125 0.64551586875 0.6072687875 0.645765909375 0.558014825
0 0.6191790312500001 0.4527367875 0.5231307578125 0.4836921703125 0.5389805156249999 0.5231764250000001 0.6290436515625 0.49424010156250003 0.6191790312500001 0.4527367875
0 0.62263305625 0.49929502656249997 0.5302888375 0.5275546921875 0.5360167453125 0.5646688609375 0.6374924921875 0.5492365218749999 0.62263305625 0.49929502656249997
0 0.6037475359375 0.40009594687499994 0.521811203125 0.43207537812499996 0.52996680625 0.4756013890625 0.62116688125 0.4419430375 0.6037475359375 0.40009594687499994
0 0.611412884375 0.35557128125 0.5159294765625 0.3791052875 0.5215179640625001 0.420604978125 0.6155711937499999 0.3903226109375 0.611412884375 0.35557128125
0 0.5031154921875001 0.39933585625 0.422316103125 0.4265932453125 0.43432238125 0.47315874999999996 0.51911186875 0.4445553078125 0.5031154921875001 0.39933585625
0 0.41305235781249994 0.42827218125 0.337387203125 0.4595822125 0.35109529375 0.49400428749999997 0.42291697656249994 0.4697754953125 0.41305235781249994 0.42827218125
0 0.5111316828125 0.4472473984375 0.42677484843749997 0.48293570781249995 0.44305005625 0.51938410625 0.52313795625 0.49381289375000004 0.5111316828125 0.4472473984375
0 0.4204892734375 0.4633636484375 0.3392716265625 0.5037776218750001 0.3532729609375 0.5496700953125 0.4325027546875 0.520049871875 0.4204892734375 0.4633636484375
0 0.5211429125 0.494485915625 0.43535590468749996 0.5234258671875 0.4460786234375 0.5689782015625 0.5298705828125 0.540711271875 0.5211429125 0.494485915625
0 0.5313007625 0.5474596328125 0.44379754687500006 0.568301553125 0.4573734171875 0.6172298781250001 0.5387448765625 0.592671834375 0.5313007625 0.5474596328125
0 0.4225275203125 0.523414978125 0.3514245234375 0.55607831875 0.35985896875 0.5908332765625001 0.43325023749999997 0.5689673140625 0.4225275203125 0.523414978125
0 0.43610339218750005 0.5723433140624999 0.3545925125 0.6012868890624999 0.3663127578125 0.64650271875 0.44440561562500003 0.6216045265625 0.43610339218750005 0.5723433140624999
0 0.5383194203125 0.5957076921875 0.45467407968750007 0.6297098140624999 0.4658222578125 0.6722262984375 0.5473259328125 0.6331619953125001 0.5383194203125 0.5957076921875
0 0.43756956718750006 0.629695303125 0.36346680625 0.653247446875 0.3744683609375 0.6900287234375 0.4488571546875 0.6678262609375001 0.43756956718750006 0.629695303125
0 0.5380693890625 0.6449616484375 0.453851971875 0.67626443125 0.47113190468750005 0.7224970421875 0.5487921109375 0.690513984375 0.5380693890625 0.6449616484375
0 0.5490925468750001 0.71210510625 0.46629810312500003 0.740035521875 0.4835780359375 0.7862681390625 0.5623823812500001 0.759683765625 0.5490925468750001 0.71210510625
0 0.4583179171875 0.74272760625 0.37550188125 0.7402958515625 0.38080433281250003 0.7804458671875001 0.4577818484375 0.7906318984375 0.4583179171875 0.74272760625
0 0.4488787578125 0.6981884359375 0.3647791625 0.694743515625 0.36380324218750004 0.7254422015624999 0.44762399999999997 0.737658175 0.4488787578125 0.6981884359375
0 0.3572028296875 0.66403756875 0.271694659375 0.6842064578125 0.2881164796875 0.7263900578125 0.363649425 0.709586271875 0.3572028296875 0.66403756875
0 0.3521792140625 0.6151164953125 0.2703750984375 0.6325896656250001 0.28551336875 0.6737601062499999 0.3603348171875 0.6586425046875 0.3521792140625 0.6151164953125
0 0.341742528125 0.570913825 0.2791773921875 0.58334296875 0.2807757890625 0.6261887015625 0.345622 0.6144362125 0.341742528125 0.570913825
0 0.371526190625 0.7618833453125 0.29128446874999997 0.7715986328125 0.30841778125 0.8120960484375 0.37769394843750004 0.8162031109375001 0.371526190625 0.7618833453125
0 0.567663234375 0.76947160625 0.4787370359375 0.79368589375 0.49644961875 0.847003378125 0.5771095953125001 0.824131515625 0.567663234375 0.76947160625
0 0.462197396875 0.78625 0.385674134375 0.813511021875 0.39440180625 0.8597363781249999 0.47534781718749997 0.8382141859375001 0.462197396875 0.78625
0 0.27492286875 0.6137015156250001 0.27460803125 0.571868946875 0.1698464796875 0.5768404203124999 0.08605452031250001 0.6051073453125 0.0997626109375 0.639529425 0.1899795640625 0.6264490312500001 0.27492286875 0.6137015156250001
0 0.26762536875 0.574224521875 0.26731053125000004 0.5323919359375 0.169385028125 0.5292726437499999 0.083025953125 0.55551325 0.10158223749999999 0.592638303125 0.1702719328125 0.57380456875 0.26762536875 0.574224521875
0 0.26160422968749997 0.5256399515625 0.2624263328125 0.479085340625 0.1585084875 0.4678643828125 0.079704146875 0.49444875 0.096133175 0.5467530796875 0.17393999531249998 0.52050521875 0.26160422968749997 0.5256399515625
0 0.25003059843750003 0.48615932968750003 0.2619720828125 0.4416382921875 0.1703033578125 0.41760814843749994 0.0753920203125 0.4438414953125 0.083973075 0.4843316546875 0.16648867812499998 0.4651722921875 0.25003059843750003 0.48615932968750003
0 0.3516025640625 0.40561710156249997 0.25435975 0.36032871875 0.2426395046875 0.31511289374999996 0.1503024875 0.35349328125 0.1650225046875 0.407820303125 0.2700916859375 0.434560675 0.3516025640625 0.40561710156249997
0 0.43895196406250003 0.36891925468750003 0.349682134375 0.3108180578125 0.3413799171875 0.2615568515625 0.246622396875 0.303646121875 0.26304422656250004 0.34582971875 0.35701563125 0.4008986859375 0.43895196406250003 0.36891925468750003
0 0.7386488171875001 0.285171553125 0.73845180625 0.20859127187499998 0.7210252546875 0.1566234515625 0.597779409375 0.22567714374999998 0.617061590625 0.2813574578125 0.6384782296875 0.3319792390625 0.7386488171875001 0.285171553125
0 0.5839103015625 0.165278415625 0.466767425 0.19756533437499998 0.4834824796875 0.251219334375 0.5973467625 0.21859227187500002 0.5839103015625 0.165278415625
0 0.56262588125 0.10015039375000001 0.4593161078125 0.14223240937499998 0.4738895046875 0.190824228125 0.5747859765625 0.16257181874999999 0.56262588125 0.10015039375000001
0 0.5516027265625 0.033006931249999996 0.446019071875 0.084533021875 0.46287355156250004 0.13380149531250002 0.566608778125 0.088683628125 0.5516027265625 0.033006931249999996
0 0.453345365625 0.16449292499999998 0.35117253125 0.20185290937499997 0.3594747546875 0.25111412187500004 0.467639925 0.22185580312500003 0.453345365625 0.16449292499999998
0 0.43947625781250005 0.1040942015625 0.33502954375 0.1508982609375 0.351744603125 0.20455225000000002 0.46032803125 0.1621373515625 0.43947625781250005 0.1040942015625
0 0.42959724218749995 0.04234943125 0.327145571875 0.0884804625 0.335447796875 0.137741675 0.4393296390625 0.098359 0.42959724218749995 0.04234943125
0 0.4611740390625 0.0107901859375 0.4332940984375 0.029532984374999998 0.4471560078125 0.079810984375 0.5652250750000001 0.013224692187500001 0.4611740390625 0.0107901859375
0 0.24275012343750002 0.2702444578125 0.14712729687499998 0.29816398906249997 0.15671307968749998 0.3484383671875 0.248052575 0.310394484375 0.24275012343750002 0.2702444578125
0 0.2240400203125 0.217263484375 0.14110616250000002 0.249579425 0.1522543375 0.2920959046875 0.2311980953125 0.2611260109375 0.2240400203125 0.217263484375
0 0.34162275000000003 0.202182159375 0.2358924796875 0.24797305781249998 0.25445596406250004 0.295218834375 0.3514945640625 0.25380620781249996 0.34162275000000003 0.202182159375
0 0.332462425 0.14887193125 0.2338614328125 0.1980424515625 0.246146546875 0.23583689375 0.34005315937499997 0.1998193296875 0.332462425 0.14887193125
0 0.32388136875 0.1083817765625 0.2257058296875 0.15451643125 0.2369934203125 0.19264739375 0.332462425 0.14887193125 0.32388136875 0.1083817765625
0 0.49538534062500006 0.352773984375 0.40845419375 0.37631525 0.4244505671875 0.42153470156250006 0.5055359921875 0.39562697812500003 0.49538534062500006 0.352773984375
0 0.39520035781249996 0.3793402125 0.326099615625 0.4214512609375 0.33752661875 0.45519668125 0.411057309375 0.4289452015625 0.39520035781249996 0.3793402125
0 0.3306977734375 0.4734081859375 0.26785380625 0.4946083828125 0.27472584843750003 0.537121234375 0.3471195984375 0.5155917875 0.3306977734375 0.4734081859375
0 0.322460353125 0.5152335109374999 0.2720193140625 0.5394804468750001 0.2870181625 0.5850364046875 0.34188194375 0.566528303125 0.322460353125 0.5152335109374999
0 0.091733984375 0.9748557984374999 0.129918703125 0.953297325 0.235766796875 0.8727587234374999 0.22305622656250002 0.8380001390625 0.1157707625 0.9016696484375 0.07786487343750001 0.91445706875 0.08916686562500001 0.972829478125 0.091733984375 0.9748557984374999
0 0.0681324765625 0.8584474953125 0.0879795234375 0.9067064359374999 0.2276183921875 0.8393534359375 0.21575153125000002 0.788402415625 0.103045796875 0.8466696109375 0.0681324765625 0.8584474953125
0 0.2213040203125 0.7792984781250001 0.2122975125 0.7418441703124999 0.0920370359375 0.7997676015625 0.0566910671875 0.8044606109375 0.0716899203125 0.8500165796875001 0.095344440625 0.84059064375 0.2213040203125 0.7792984781250001
0 0.20474277343749997 0.7415004046875 0.1987288375 0.7030365640625 0.09413550468750001 0.7441054203124999 0.046100567187500004 0.744402021875 0.051975090625 0.78725139375 0.0998706078125 0.79134031875 0.20474277343749997 0.7415004046875
0 0.150030853125 0.37238506875 0.0685127734375 0.391207915625 0.079096075 0.44114578125000004 0.1671641671875 0.41288247812499995 0.150030853125 0.37238506875
0 0.1425723375 0.306931415625 0.06034996875 0.33756118125 0.07776932187499999 0.379408265625 0.150163071875 0.3578788140625 0.1425723375 0.306931415625
0 0.1354142578125 0.26306889375 0.057181984374999995 0.29235260625000004 0.069041646875 0.3331829046875 0.1465624328125 0.305585371875 0.1354142578125 0.26306889375
0 0.0048927109375 0.3757255265625 0.0632175234375 0.361178621875 0.0496416515625 0.3122502921875 0.00433245625 0.332702021875 0.0048927109375 0.3757255265625
0 0.0055830984375000005 0.42874254843750004 0.07080105625000001 0.40200529218750003 0.060364373437499994 0.357802628125 0.004878579687500001 0.3746405265625 0.0055830984375000005 0.42874254843750004
0 0.0063196546875 0.48530490937500004 0.07896385781250001 0.4556520375 0.0616767296875 0.3992986921875 0.00556929375 0.4276823671875 0.0063196546875 0.48530490937500004
0 0.077187428125 0.5632675109374999 0.0707408375 0.517718803125 0.0069716265625 0.5353715578125 0.007406531249999999 0.5687693406250001 0.0093486390625 0.5760295375 0.077187428125 0.5632675109374999
0 0.076769175 0.576424090625 0.015480401562500001 0.5797456703125 0.025345015625 0.6212489953125 0.0823576625 0.6179237875 0.076769175 0.576424090625
0 0.7863780796875 0.65664246875 0.691334528125 0.69738206875 0.7037662578125 0.7409117078125 0.7985165750000001 0.6887017078125 0.7863780796875 0.65664246875
0 0.7732132625 0.5844368296875 0.669624646875 0.6352898984375 0.6910412890625001 0.6859116703125 0.7857916078125 0.6337016703125 0.7732132625 0.5844368296875
0 0.7664878328125 0.5476591703125 0.6634568921875 0.5809701390625001 0.671473075 0.6288816749999999 0.777349971875 0.588825978125 0.7664878328125 0.5476591703125
0 0.7369011828125 0.43326993593749996 0.6432806109375 0.47063717031249996 0.663127659375 0.5188961062499999 0.75120294375 0.5007535375 0.7369011828125 0.43326993593749996
0 0.7586110640625 0.4953621015625 0.662848825 0.527667159375 0.6702929359375001 0.57287935625 0.776602484375 0.5399085375 0.7586110640625 0.4953621015625
0 0.906660146875 0.6290812125 0.80591029375 0.6630688250000001 0.8288893296875001 0.7059326968749999 0.9232285906250001 0.6770000109375001 0.906660146875 0.6290812125
0 0.7812078453125 0.601986196875 0.799909590625 0.6549434890625 0.9063669171875001 0.6176108140625 0.8868059046875001 0.5707015484375 0.7812078453125 0.601986196875
0 0.8729439921875001 0.5204235484375 0.776609678125 0.5500292609375 0.790038940625 0.59322239375 0.887510190625 0.55889464375 0.8729439921875001 0.5204235484375
0 0.870333675 0.4576728671875 0.7668700875 0.48389895781250003 0.7979831234375 0.539926675 0.880924178125 0.5177314578125001 0.870333675 0.4576728671875
0 0.8507654640625001 0.40064288281250005 0.7490180828125 0.43496700468749994 0.7628799921875 0.4852450046875 0.8671944921874999 0.4529472015625 0.8507654640625001 0.40064288281250005
0 0.7341586546875 0.3850255109375 0.6373988890625 0.41766707968750005 0.650402690625 0.4638960640625 0.7538590796875 0.42754924531249994 0.7341586546875 0.3850255109375
0 0.7200107109375 0.33339783437500004 0.628810634375 0.3670561921875 0.6412423656249999 0.41058584062500003 0.7397111421875 0.37592156875 0.7200107109375 0.33339783437500004
0 0.8448837453125 0.34767278749999997 0.73772329375 0.38671531875 0.757570340625 0.4349742609375 0.856743409375 0.38850307968750003 0.8448837453125 0.34767278749999997
0 1 0.6740166859375 0.945599559375 0.666560909375 0.9460538140624999 0.7040079625 0.938645690625 0.7093993890625 1 0.715983021875 1 0.6740166859375
0 1 0.582080484375 0.9204572578124999 0.58827268125 0.9222022703125001 0.6368536171875 1 0.64039368125 1 0.582080484375
0 1 0.511362484375 0.89121425 0.5561989203125 0.9111935156250001 0.5899516015625 1 0.555173425 1 0.511362484375
0 1 0.4721288890625 0.989199971875 0.4436047078125 0.8874597890624999 0.48804955312500004 0.8967595359375 0.5369742609375 1 0.4912319421875 1 0.4721288890625
0 0.98460180625 0.391647771875 0.8784388812499999 0.4303537984375 0.8875920078125 0.47354330312500004 0.9960360156249999 0.43551393125000004 0.98460180625 0.391647771875
0 0.9945101781250001 0.383957090625 0.9943823249999999 0.38335378750000004 0.9718840390624999 0.3467684578125 0.8600148093750001 0.37872249999999996 0.8708769484375001 0.4198893078125 0.9945101781250001 0.383957090625
0 0.9604498328125001 0.3029023078125 0.8517125875 0.3294612875 0.8620026546874999 0.36792875 0.9670358406249999 0.3440654890625 0.9604498328125001 0.3029023078125
0 0.9421579796874999 0.23676475468749997 0.8438358171875 0.2771642125 0.8475758765625001 0.3250721328125 0.8505684484374999 0.3240626015625 0.8518520078125 0.3250757546875 0.9501669640625 0.27455556875 0.9421579796874999 0.23676475468749997
0 0.72412844375 0.1107454890625 0.5881792296875 0.15516131875 0.6134465515625 0.20882256875 0.7340002578125 0.1623695375 0.72412844375 0.1107454890625
0 0.829873115625 0.0851960484375 0.92264075 0.044837451562500005 0.9176887890625001 0.0214713609375 0.8136415828124999 0.019036946875 0.8088747265625 0.021417696875 0.829873115625 0.0851960484375
0 0.6751705984374999 0.0159065484375 0.5663371390624999 0.1075753984375 0.5960128015625 0.1467340265625 0.6933086390625001 0.066188175 0.6751705984374999 0.0159065484375
0 0.6872200796875 0.12319639375 0.8108913687499999 0.05110685625 0.8033660671874999 0.0187965265625 0.769483571875 0.018003771874999998 0.66352955625 0.08201870781250001 0.6872200796875 0.12319639375
0 0.9550687968749999 0.19785088281250002 0.92400595625 0.0512792453125 0.8303057656249999 0.092280915625 0.8142923765625 0.22349933437499997 0.8356874171875001 0.243758925 0.9550687968749999 0.19785088281250002
0 0.5228573921875 0.3390904203125 0.4640074921875 0.2949003140625 0.4608045203125 0.22902686718749998 0.3492155359375 0.2608489421875 0.375938178125 0.3158770640625 0.4462745234375 0.3736585109375 0.5228573921875 0.3390904203125
0 0.730629190625 0.8017199578125 0.7684851671875 0.7773052015624999 0.818669515625 0.7399983984375 0.8051461312500001 0.6863396328125 0.769298103125 0.7100770046875 0.7222587578125 0.7317676484375 0.697882678125 0.7487239625 0.730629190625 0.8017199578125
0 0.8843417140625001 0.6945557765625 0.8602462734375 0.7026842875 0.82927055625 0.718955925 0.8086297453125001 0.7433852812499999 0.8330493062500001 0.78754618125 0.8734890125 0.7651708562499999 0.8970086828125 0.7543255421875 0.9340082578125 0.7360217765625 0.9233637343750001 0.6959470421875 0.8843417140625001 0.6945557765625
0 0.2956872296875 0.84073756875 0.22827321875 0.8576573671875 0.23921287656249998 0.9092767015625001 0.3100670203125 0.8882853453124999 0.2956872296875 0.84073756875
0 0.283596028125 0.7836846171875 0.2242138375 0.7978949156249999 0.24117735312500002 0.8474821171875 0.29280836875 0.8271535312499999 0.283596028125 0.7836846171875
0 0.277233559375 0.7130549359375 0.2247171421875 0.6987497078125 0.20896313906250003 0.7360857234375 0.28328640156249996 0.7517676109375 0.277233559375 0.7130549359375