0 0.047211787500000005 0.826834196875 0.107414578125 0.878564796875 0.1620473265625 0.94466200625 0.24095509843750001 0.984398065625 0.302858225 0.99072275 0.32131232656250003 0.91355200625 0.3286481578125 0.8707819640625001 0.29293854375 0.8493651484375 0.2403551765625 0.8285419468749999 0.20646588124999998 0.792890440625 0.1726311296875 0.7714076671875 0.116254409375 0.7393813875 0.0787026578125 0.7265317734375001 0.063889196875 0.775233125 0.047211787500000005 0.826834196875
0 0.0767078109375 0.6954265000000001 0.1481379484375 0.741093875 0.21020469687499999 0.7899247796875 0.289068834375 0.8183258390624999 0.311359921875 0.7636931609375 0.32049425625 0.7010209281249999 0.28286615 0.6683350890625 0.228364290625 0.6362428453125 0.1645208546875 0.612981625 0.117420275 0.5551218328124999 0.0742439375 0.5424700828125 0.0593104953125 0.5600002203125001 0.037052129687500004 0.6231341484375 0.0767078109375 0.6954265000000001
0 0.375617846875 0.8946367921875 0.43583154375 0.9492011484375 0.5091038265625001 0.986301321875 0.5878588890625001 0.9863649046875 0.59506383125 0.9095898921875 0.5686194375 0.8595058281249999 0.5140957671875 0.8217460890625 0.44832293281249996 0.7843820890625001 0.37127911406249997 0.7417463328125 0.33190703906249996 0.7431314171875 0.322663621875 0.7774661671875001 0.3209960078125 0.831373321875 0.3210069140625 0.834207078125 0.375617846875 0.8946367921875
0 0.33550405156249996 0.7033270359375 0.405070240625 0.7518941124999999 0.4690009375 0.797825315625 0.5365722796875 0.81528711875 0.5759770828125 0.8224032796875 0.5962951375000001 0.7423328328125 0.5829529609375 0.686119578125 0.5378799453124999 0.6678662796875 0.48902448749999994 0.6412436671874999 0.4363974921875 0.6090854765625 0.3518978625 0.5780485359374999 0.31633004374999996 0.593470434375 0.309005121875 0.6390742265625 0.33550405156249996 0.7033270359375
0 0.14893295625 0.4604869046875 0.24096475156250002 0.4997612625 0.2859505046875 0.49534457187500003 0.3045354953125 0.452178796875 0.3043064375 0.3926700953125 0.261075559375 0.36584961250000003 0.20090549531250002 0.32262025 0.11643859062499999 0.300084553125 0.0675831296875 0.27346192812500003 0.043319015625 0.3026568453125 0.026652512499999996 0.3570916546875 0.0737312796875 0.409283953125 0.14893295625 0.4604869046875
0 0.41950192968750005 0.6040115828125 0.49089935 0.6411777078124999 0.552857015625 0.6616711375000001 0.5845551296875 0.615209921875 0.5880212515625 0.541400571875 0.541106103125 0.5317144828125 0.49591310312500003 0.4822899828125 0.42646689687499995 0.46489411875000003 0.3607049765625 0.430363875 0.313931621875 0.45751651249999997 0.29918360625 0.5232203515625 0.35559304687500004 0.5637478812500001 0.41950192968750005 0.6040115828125
0 0.37007927500000004 0.43003408906249996 0.42266264218750005 0.45085729687500004 0.5165583890625001 0.48723195781250006 0.5690872171875 0.493886421875 0.6063444640625 0.4302248515625 0.5948989609375 0.3796131375 0.534739803125 0.3392175171875 0.4727166890625 0.3017216078125 0.40324866875 0.27865825625 0.3319057875 0.2556608625 0.29285003125000003 0.33922463125 0.323087771875 0.4005117734375 0.37007927500000004 0.43003408906249996
0 0.1652067875 0.304037184375 0.24404911093749998 0.32677075 0.2984418890625 0.3305255171875 0.30552684218750004 0.2225792796875 0.23420577968749998 0.20524938124999997 0.1402554921875 0.15470599375 0.07446083906249999 0.11167449375 0.0202316734375 0.150425940625 0.018433165625 0.1703281375 0.05431730312500001 0.2370849109375 0.121943184375 0.2687154578125 0.1652067875 0.304037184375
0 0.1212245359375 0.5691586546875 0.19261104375 0.6034910421874999 0.2621663234375 0.64922436875 0.29583746875 0.628200928125 0.3011784484375 0.55432561875 0.2617082046875 0.5302069703125001 0.220308559375 0.4919855421875 0.162133334375 0.47986144687500004 0.0756715828125 0.4262204828125 0.041956815625 0.435908934375 0.027197896875 0.4987790296875 0.066711771875 0.5342326671875 0.1212245359375 0.5691586546875
0 0.7728920078125 0.82964661875 0.836691815625 0.8415728453125 0.873959971875 0.7807450171875 0.8623944874999999 0.698962078125 0.7985183265625 0.66719961875 0.717713878125 0.6218620296874999 0.6406373421875 0.5707250171875 0.5882612203125 0.6037430234375 0.588566634375 0.683087953125 0.6262601890624999 0.7327762859375 0.6883487484375 0.787274684375 0.7728920078125 0.82964661875
0 0.8705920203125 0.8800580953124999 0.8348169562500001 0.841638796875 0.7691641031249999 0.8354460234375001 0.7165262015625 0.8004540828125 0.641379059375 0.7634198624999999 0.59455116875 0.77640375625 0.57983588125 0.8506088453125 0.6232085546875 0.914268046875 0.6945950671875 0.948600428125 0.759956528125 0.9862623156250001 0.85423335 0.9829457265625001 0.869033471875 0.9623027375 0.8705920203125 0.8800580953124999
0 0.6838791265624999 0.60037925625 0.7534234953125 0.6432788390625 0.8135608421875 0.6780069578125001 0.8566062875 0.6566537328125001 0.8750603890624999 0.5794829828125 0.8449208234375 0.543699565625 0.7829195203125 0.5118711421875 0.7264882640625 0.46567611875 0.658873290625 0.43687932187499995 0.6045241453125 0.444459546875 0.589754315625 0.5044958984375 0.6124598859375 0.55754563125 0.6838791265624999 0.60037925625
0 0.48965588125000004 0.3181304828125 0.560944225 0.3269591421875 0.5868977671875 0.24952457187500002 0.5585239796875 0.1853377140625 0.4853280546875 0.16807377968749998 0.436374425 0.11594743437499999 0.3387398625 0.082538440625 0.3107042125 0.10619775625000001 0.29409224843750004 0.174801309375 0.34307859375 0.2354288921875 0.4069983890625 0.2785263453125 0.48965588125000004 0.3181304828125
0 0.5797473703125 0.340468315625 0.6080229875 0.379151440625 0.6550799375 0.4256762375 0.720874590625 0.46870774375 0.7959780984375 0.49440697031249997 0.8447572093750001 0.5011933515625 0.880183228125 0.4489327203125 0.870536225 0.378418815625 0.8142031421875 0.3577275171875 0.7691192203125 0.33664048750000003 0.7052103390625 0.2963767859375 0.665772815625 0.28075937500000003 0.6132112671875001 0.2656036671875 0.5964247796875 0.28886725625 0.5797473703125 0.340468315625
0 0.7220404609375 0.284448190625 0.8122410203125 0.33512349375 0.8458467171875 0.297097565625 0.8361233703125001 0.20674741718749998 0.7572046921875 0.164177625 0.6839869484375 0.141246184375 0.6275556921875001 0.0950511546875 0.580716896875 0.10520130937500001 0.5659688859374999 0.1709051546875 0.59617390625 0.22369105937499997 0.6544363890625 0.2584851375 0.7220404609375 0.284448190625
0 0.065053815625 0.1035030296875 0.1251584328125 0.1297299109375 0.177796334375 0.16472185781249998 0.24722072499999997 0.1764502140625 0.288456759375 0.172165428125 0.2918138078125 0.0700186015625 0.2409744140625 0.015124470312499999 0.1785011921875 0.006835940625 0.0223108546875 0.0123306015625 0.021593878125 0.017173851562500002 0.010541046875 0.0685770421875 0.065053815625 0.1035030296875
0 0 0.8005674640624999 0.032136546875 0.8075256124999999 0.044878803125 0.70788274375 0.0147501421875 0.674933071875 0 0.6658142265625 0 0.8005674640624999
0 0 0.6430908921875 0.0146410671875 0.6465956078125 0.0368667046875 0.574960440625 0.0253884765625 0.5158474765625 0 0.5068866125 0 0.6430908921875
0 0.8667550359374999 0.8575200296875 0.9062798234375 0.8958074171874999 0.9496088625000001 0.9481316312500001 0.992450515625 0.9721296781250001 0.9937240203125001 0.806659553125 0.9358412828124999 0.7814022140625 0.8963710390624999 0.757283565625 0.8833888156249999 0.7945839765625 0.8667550359374999 0.8575200296875
0 0.8717469765624999 0.692964796875 0.9056799015625 0.7399512921875 0.99213074375 0.7907585234375001 0.99383754375 0.791909315625 0.9950044609375001 0.6402882734374999 0.9520387640625 0.60511625 0.8994117671874999 0.572958053125 0.8920977515624999 0.6213955890625 0.8717469765624999 0.692964796875
0 0.9119467828125 0.41947399374999994 0.87648804375 0.463233375 0.8579794015625 0.52623538125 0.8938526296875 0.5901584046874999 0.9689234171875001 0.6073563984375 0.9951346453125 0.62337300625 0.9962026296875001 0.4846068875 0.996114078125 0.46160150624999996 0.955134028125 0.4349594875 0.9119467828125 0.41947399374999994
0 0.9457597203124999 0.4352892671875 0.996097346875 0.4572542796875 0.9953898156250001 0.273442321875 0.94503981875 0.248261921875 0.8925109921875001 0.24160745781249998 0.8644971578125 0.2709342734375 0.85164581875 0.3422396546875 0.881905378125 0.40919430312499994 0.9457597203124999 0.4352892671875
0 0.3728185625 0 0.2906647359375 0.0028901125 0.2785261609375 0.027974082812500002 0.3255612984375 0.0688313875 0.398855396875 0.111599065625 0.4645955046875 0.14046181562499999 0.524689228125 0.163854940625 0.5602025046875 0.13426430312499998 0.5636795359375 0.063288696875 0.52222535 0.0108985296875 0.4584909921875 0.0159747859375 0.41340763750000004 0 0.3728185625 0
0 0.5731380625 0 0.57483053125 0.0373892328125 0.623762346875 0.0838480828125 0.6838887828125 0.115742453125 0.7552752953125 0.1500748328125 0.81914054375 0.179003553125 0.8527026109375001 0.12964263125 0.84489775625 0.0505615234375 0.784782225 0.0215008984375 0.758446984375 0 0.5731380625 0
0 0.94503981875 0.248261921875 0.995386578125 0.272600203125 0.9949130515625001 0.14958013125 0.978340103125 0.130891059375 0.90317115 0.0881893453125 0.863864515625 0.10657691093749999 0.8472307328124999 0.1695129640625 0.8942549609375 0.20753652968749997 0.94503981875 0.248261921875
0 0.8425532562500001 0 0.8391422796875 0.016754421875 0.882438603125 0.0605773875 0.9482332515625 0.10360888125 0.9948650546875 0.1371116375 0.9943372874999999 0 0.8425532562500001 0
0 0 0.48190510781249996 0.03646311875 0.4701117734375 0.041782290625 0.3905689765625 0 0.3265302796875 0 0.48190510781249996
0 0 0.1885583328125 0.0072494453125 0.1877263515625 0.025812629687499998 0.13889308281249999 0.0218665703125 0.08801754218749999 0 0.0578460125 0 0.1885583328125
0 0.43954854374999996 0.9405679875 0.3493479796875 0.889892678125 0.32347078749999997 0.98716349375 0.32951275625 0.9970339046875001 0.49518983906249997 0.9955766125000001 0.5463536296875 0.9937767078125 0.5409873703125 0.988013809375 0.512853546875 0.9861694109375 0.43954854374999996 0.9405679875