0 0.4083922453125 0.5966235265625001 0.2298664421875 0.7026829640625001 0.303151878125 0.7344630984375 0.5114694796875 0.63207965625 0.48442299999999994 0.5859201765625001 0.4083922453125 0.5966235265625001
0 0.3795547 0.5843492343750001 0.44044975781250006 0.5857997453125 0.4975377234375 0.526905171875 0.4034009875 0.464130375 0.19638992187499998 0.6079814171875 0.229396734375 0.635928453125 0.3795547 0.5843492343750001
0 0.4427352625 0.38182355156250003 0.44345465624999997 0.3398480109375 0.352410578125 0.33202471875 0.1787684921875 0.45915047343750004 0.21391865625 0.5032782078125 0.3693274484375 0.3807238859375 0.4427352625 0.38182355156250003
0 0.348128828125 0.2522942453125 0.41819924531249997 0.25980333906249997 0.42595065625000006 0.20770570781250003 0.33133432812499997 0.17291459843749998 0.1542324796875 0.3371302703125 0.186167621875 0.35698696406249997 0.348128828125 0.2522942453125
0 0.352410578125 0.33202471875 0.43261060156250003 0.3369941359375 0.465984534375 0.27289975 0.35039454999999997 0.23779445781250003 0.1662606875 0.41213222343749994 0.1998645234375 0.42878419218749997 0.352410578125 0.33202471875
0 0.7657763484375 0.6240469328125 0.8263141828125 0.6228006515625 0.844195190625 0.5681633328125 0.765668815625 0.5126200937500001 0.6182462765625 0.6164540421875 0.64755846875 0.6481137343750001 0.7657763484375 0.6240469328125
0 0.792128159375 0.47533643750000004 0.817873059375 0.43265920781249995 0.7282628250000001 0.3882539484375 0.5885916875 0.4399902546875 0.6012169218750001 0.5036971453125 0.717888471875 0.45215458281250004 0.792128159375 0.47533643750000004
0 0.8099893874999999 0.6101755203125 0.622170796875 0.6934877390625 0.6635161484375 0.7527802859375 0.7689814765625 0.7430561671875 0.8738596718749999 0.64988890625 0.8099893874999999 0.6101755203125
0 0.711228528125 0.3228661515625 0.7826104093749999 0.32447375 0.7737972265625 0.2737428328125 0.7034919562499999 0.232856484375 0.5636984484374999 0.315273265625 0.5896732578125 0.3533424015625 0.711228528125 0.3228661515625
0 0.6893105109375 0.236412046875 0.755089284375 0.2589288640625 0.7759504640625 0.1951853234375 0.67943059375 0.1302216765625 0.5434441875 0.2729835421875 0.5735932078125 0.2793563234375 0.6893105109375 0.236412046875
0 0.26739975 0.7489995359375 0.20841813281250002 0.6829833640625 0.0760138625 0.7579748390625001 0.146558925 0.7848693484375 0.26739975 0.7489995359375
0 0.21509291875 0.6701644890625 0.1895977109375 0.6041116609375 0.050166375 0.6418561296874999 0.0884141328125 0.6935662609375 0.21509291875 0.6701644890625
0 0.1979411953125 0.5880880625 0.18126412187500002 0.5253970515625 0.0301519109375 0.5855745515625 0.070308159375 0.620088125 0.1979411953125 0.5880880625
0 0.303930625 0.1240583390625 0.393663234375 0.1377831296875 0.3877127890625 0.061257370312500004 0.289876496875 0.0495643234375 0.120046453125 0.1896660578125 0.1578195578125 0.22199078125 0.303930625 0.1240583390625
0 0.6525015421875 0.100750828125 0.7309104953125 0.1396054375 0.7467655859375 0.0854760515625 0.6640699375 0.0142600625 0.521296265625 0.1057830734375 0.5463168203125 0.1524504890625 0.6525015421875 0.100750828125
0 0.1614894484375 0.45512363593750005 0.1475527453125 0.39731825 0.0110837296875 0.423195359375 0.011350846874999999 0.4333943953125 0.0141942296875 0.48090800468749995 0.1614894484375 0.45512363593750005
0 0.1513746828125 0.315556015625 0.1306457609375 0.2538808796875 0.008956229687500001 0.3419638859375 0.009697434375 0.3702642296875 0.0100348546875 0.370497046875 0.1513746828125 0.315556015625
0 1 0.6286603796875 0.9786154921874999 0.587402125 0.8761154953125001 0.730127328125 0.93093279375 0.7331016515625 1 0.6836609953125 1 0.6286603796875
0 1 0.5033348640625 0.9885201328125 0.4567469734375 0.844200140625 0.5207942296875 0.8635001609374999 0.571682234375 1 0.5127618859374999 1 0.5033348640625
0 0.9921022734375 0.3889765890625 0.9873409296875 0.337229796875 0.9368152734375 0.319247765625 0.813708734375 0.369617359375 0.8415870906249999 0.43785903125000003 0.9447916359375 0.3952655890625 0.9921022734375 0.3889765890625
0 0.9743535265625001 0.31819523437499997 0.9784103171874999 0.2698102609375 0.9258587390624999 0.25233615625 0.8013233015625 0.291918625 0.80882501875 0.3485510421875 0.926211015625 0.3024020421875 0.9743535265625001 0.31819523437499997
0 0.97436341875 0.2234570265625 0.9547061765624999 0.1698722453125 0.9171728671875 0.1235556671875 0.779527659375 0.17478404218750002 0.80192526875 0.23325445781249998 0.9119220359375 0.1945307703125 0.97436341875 0.2234570265625
0 0.94493379375 0.17510870781250001 0.9744907375 0.145407453125 0.9174176125000001 0.06219471875 0.7763175828125 0.1031439015625 0.799669440625 0.1530160359375 0.917055440625 0.1068670359375 0.94493379375 0.17510870781250001
0 0.6458749375 0.7934257546875 0.620736953125 0.73006971875 0.49619657500000003 0.8170212859375001 0.558398159375 0.859939390625 0.6458749375 0.7934257546875
0 0.3539123875 0.785822390625 0.2595210234375 0.8791467453124999 0.29753392968750003 0.8974796250000001 0.378213546875 0.8744653484375 0.3699973828125 0.8124393703124999 0.3539123875 0.785822390625
0 0.62360464375 0.656905765625 0.596200940625 0.6080495046875 0.477263671875 0.6740918546875 0.49882940624999994 0.7104800734375 0.62360464375 0.656905765625
0 0.5185892421875 0.9228608015624999 0.49619162499999997 0.8643903859375 0.375228434375 0.930940671875 0.4288516875 0.9565051140625 0.5185892421875 0.9228608015624999
0 0.9887500390625 0.5374933328125 0.8530133281250001 0.571525140625 0.8781513125 0.6348811875 0.994940284375 0.60002725 0.9887500390625 0.5374933328125
0 0.487740609375 0.7689871515625 0.36511366875 0.7913730515624999 0.38655703125 0.8584417500000001 0.49869714531250003 0.8358987546875 0.487740609375 0.7689871515625
0 0.6420579453124999 0.8278188906249999 0.6523049796875 0.8419678328125 0.7261874421875001 0.86245290625 0.8256973750000001 0.8235721203124999 0.8146234140624999 0.7399718859375 0.6420579453124999 0.8278188906249999