0 0.7679756828125 0.1917521390625 0.7847778671875 0.2747136015625 0.848554359375 0.244186446875 0.91044578125 0.232827628125 0.9560634562500001 0.23521114375000002 0.992811484375 0.2284668453125 0.9779851953125 0.0904682390625 0.936046859375 0.08561685625 0.868636425 0.10067747812500001 0.8132119953125001 0.1538719890625 0.7679756828125 0.1917521390625
0 0.590925934375 0.1408895265625 0.5431889015625 0.1738508078125 0.5569237625000001 0.24661956875 0.6185809015625 0.2514372125 0.6901428546874999 0.238303575 0.7332107859375 0.2169548453125 0.7599559484375 0.190535075 0.7913702109375 0.15250275 0.7832033984375 0.09484555781250001 0.7096583078124999 0.0895207765625 0.63502903125 0.0924617078125 0.590925934375 0.1408895265625
0 1 0.2953753453125 0.9928971375 0.22926405781249998 0.9251667781249999 0.25970393125 0.8704451750000001 0.26436905781250003 0.8096869812499999 0.2862755421875 0.782091903125 0.30478456875000004 0.800828190625 0.3873910640625 0.8552174609375 0.36127564375 0.9096557578125 0.353973590625 0.94913878125 0.3359717015625 1 0.3285934578125 1 0.2953753453125
0 0.6387718875 0.2557983296875 0.5882018046875 0.2623904515625 0.572827003125 0.3028569046875 0.5685392625000001 0.354733121875 0.60755373125 0.369084159375 0.647886671875 0.35899301562499997 0.697890140625 0.3471270640625 0.7653005734375 0.33206644218750003 0.77572296875 0.300575628125 0.764303578125 0.2677155640625 0.7501001640625 0.2272997234375 0.6920769609375 0.2379486171875 0.6387718875 0.2557983296875
0 0.7070430937500001 0.3588917921875 0.6725124765625 0.3679180421875 0.6382651640625 0.3795812078125 0.572554559375 0.4104633296875 0.5962432578125 0.48409418593750003 0.6398778015625 0.46801928750000005 0.6787942109375 0.44474356875 0.7381849140625001 0.4284658828125 0.77271553125 0.4194396328125 0.7836555078125 0.374409271875 0.7556790703125 0.3526546328125 0.7379888 0.3532123828125 0.7542625468749999 0.339470053125 0.7070430937500001 0.3588917921875
0 1 0.358946553125 0.9729433125 0.34797846875 0.9479070734375 0.3538695046875 0.893446078125 0.36904932968750004 0.8576316140625 0.3808069953125 0.8416691328124999 0.39151360625 0.8003972734374999 0.4055690375 0.7725876796875 0.4210422875 0.7854616515624999 0.4523801109375 0.790627515625 0.491613478125 0.848978015625 0.4860892234375 0.8962535265625 0.474820484375 0.9400728671874999 0.4667784046875 0.9846879656249999 0.45729410625 1 0.4376595 1 0.3915972015625 0.9983472265625 0.380905234375 1 0.3746622546875 1 0.358946553125
0 0.7842798281250001 0.45907789374999997 0.7663345265625 0.42478226562500004 0.717740625 0.441477665625 0.681266965625 0.45594866562499997 0.631491234375 0.47934184531249996 0.60179335625 0.486088415625 0.5926539265625 0.5072083890625 0.592178565625 0.5293306171875 0.6020953546875 0.5508417718749999 0.6109432578125 0.5712529203125001 0.642778921875 0.56670635625 0.681526934375 0.5557064781250001 0.7270507265624999 0.536982175 0.7727110859375 0.5195289843750001 0.788240234375 0.49594013906249995 0.7842798281250001 0.45907789374999997
0 1 0.4753129578125 0.99244334375 0.46753635156250006 0.9467593515624999 0.47592064843750004 0.9088071015624999 0.485478303125 0.8649877609375001 0.4935203890625 0.828490465625 0.49892250000000005 0.788376796875 0.49721125 0.7947244875 0.529746840625 0.8075984609375 0.561084675 0.843323625 0.566193675 0.9009256296875 0.580249425 0.9543177343749999 0.5639695953125 0.9979112062500001 0.571523075 1 0.5704615578125 1 0.4753129578125
0 0.8034410624999999 0.6020291109375 0.7964998390625 0.5462712984375 0.7666181296875 0.5336089687500001 0.7386483359375 0.5387422125 0.7152272453124999 0.5508177015625 0.6912598953125 0.557808728125 0.6647686953124999 0.5678553187500001 0.6316146359375 0.5778285421875 0.62716046875 0.607161871875 0.631530575 0.6478374578125 0.6618876515625 0.6383775578125 0.71527975 0.62209771875 0.752163109375 0.6114400578125 0.781860984375 0.6046934890625 0.8034410624999999 0.6020291109375
0 0.8276867812500001 0.6507225421875 0.831095690625 0.6293581015624999 0.8260007265624999 0.617331415625 0.8118319953125 0.6004891437500001 0.788684034375 0.6151068453125 0.760714246875 0.6202400953125 0.733676778125 0.625202228125 0.7114375125 0.6305799359375001 0.68894875 0.6424843078125 0.6439475828125001 0.657224165625 0.6493393125 0.6808619734375 0.6519340578125 0.7050131015625001 0.67524221875 0.7007353937499999 0.7108071875 0.6955043984375 0.7482368078125 0.6899311921875 0.7762066015625 0.6847979421875 0.8097703484375 0.678638053125 0.8276867812500001 0.6507225421875
0 0.830667590625 0.6696181171875 0.8187311796875001 0.691251415625 0.7587891640625 0.6996601109375 0.729887046875 0.7049644625 0.7029861453125 0.7111977078125 0.666215721875 0.714057590625 0.672130078125 0.7337109515625 0.6739290625 0.759304303125 0.7144287921875 0.7557599890625 0.7532004375 0.7538290046875 0.7835811484375 0.7534379953125 0.8400433546875 0.739187053125 0.847680565625 0.7040848453125 0.8500442156249999 0.690689303125 0.830667590625 0.6696181171875
0 1 0.571837371875 0.9849951984375 0.575189696875 0.95195408125 0.5773651484375 0.9197323562499999 0.587167265625 0.892558328125 0.5908582921875001 0.8612452890625001 0.591420409375 0.8258168937500001 0.597922521875 0.8288213359375 0.625886984375 0.8390585265625001 0.6680781437500001 0.8631860828125 0.6714271109375 0.907937746875 0.663213925 0.9435027187499999 0.657982925 0.9849347703125 0.6542675 1 0.65109075 1 0.571837371875
0 1 0.6613787015625 0.9673571375 0.6587896703125 0.9396604796875 0.6664651390625 0.9132822109375001 0.6687139421875 0.8843800937499999 0.6740182984375 0.8713747890624999 0.6945515906249999 0.8614395984375 0.7171137921875 0.8646042421875 0.7554182546875 0.89564414375 0.752313915625 0.9489469484375 0.75290075 0.981602003125 0.7559808609374999 1 0.76875225 1 0.6613787015625
0 0.734790246875 0.847940084375 0.7774041281249999 0.8375268890625 0.815766078125 0.8317825640625 0.846942546875 0.829949334375 0.8755951640624999 0.8311716484374999 0.87656951875 0.795996084375 0.8709046640624999 0.7698160578125 0.8443425625 0.75265596875 0.82232915625 0.7424381109375 0.7937001671874999 0.7502846859375001 0.760932184375 0.7550023609375 0.7357593671875 0.75962228125 0.6995352078125 0.7675666109375 0.683958784375 0.7730176703125 0.6692253984375001 0.7951642984375 0.6740945 0.8227865421875 0.682146640625 0.844639915625 0.7025685187499999 0.8577422078125 0.734790246875 0.847940084375
0 0.572324034375 0.27373935625 0.556676715625 0.2519837453125 0.542757484375 0.2286147984375 0.5103755578125 0.22807692031250001 0.46619378906250003 0.250443446875 0.4393165234375 0.265745584375 0.41312208906250003 0.2874032875 0.38281228125 0.315000978125 0.386089859375 0.345507659375 0.3991003984375 0.37811660156250004 0.42561523125 0.377138915625 0.459814546875 0.3591967984375 0.49990457812500005 0.35183914843749997 0.5309208437499999 0.3396659046875 0.5583207421874999 0.320379325 0.5666407812500001 0.29163268124999997 0.572324034375 0.27373935625
0 0.5314750312500001 0.1943925265625 0.5563274484375 0.1690926015625 0.581340059375 0.154132675 0.6112874374999999 0.1408594421875 0.6116498671875 0.126534984375 0.6046666218750001 0.1057816328125 0.546499953125 0.13071478125 0.515959046875 0.1207657875 0.47045888593749996 0.14855897812500002 0.45088003125 0.15215225000000002 0.42109285625000004 0.17576549531250002 0.39780833125 0.189112090625 0.3713171296875 0.199158675 0.3761862265625 0.22678092031250002 0.3881278703125 0.2582898609375 0.4024331640625 0.2764032453125 0.43183428125 0.2580455578125 0.464305503125 0.241716771875 0.525542278125 0.21881251562499998 0.5314750312500001 0.1943925265625
0 0.5574356828125 0.3386882234375 0.5264194140625 0.3508614578125 0.494061125 0.3593924625 0.4678430515625 0.3719812765625 0.4280261453125 0.38188114375 0.43168978906250005 0.4071322765625 0.4414936515625 0.43644120781250006 0.45604843749999996 0.448027925 0.4833590390625 0.44560801093749997 0.5085318515624999 0.44098809531249994 0.5502134062499999 0.43074600468749996 0.5784326953125001 0.4190860953125 0.58140826875 0.384839425 0.5733561296875 0.362986053125 0.5574356828125 0.3386882234375
0 0.5991093125 0.47880395781249996 0.5809145078125 0.45103499999999996 0.5603324296875 0.42759270781250003 0.5278848359375 0.45299038906250005 0.4986202921875 0.47261918593749996 0.478744675 0.46460134062499997 0.46366725468750003 0.4569990640625 0.45318579999999997 0.47447681406250003 0.43881483593750004 0.4822989890625 0.441385953125 0.49738122812499996 0.44968759374999995 0.51270793125 0.4573773046875 0.5488857453125 0.4871881125 0.53434139375 0.5231155109375 0.5147859421875001 0.547356 0.510337128125 0.581965003125 0.49620835625000004 0.5991093125 0.47880395781249996
0 0.534986253125 0.5190882125 0.4938509609375 0.5344147453125 0.477252921875 0.556903584375 0.45490072187499997 0.5700790796875 0.4608623484375 0.6078702234375 0.472780359375 0.6303102609375 0.49727034375 0.6193347874999999 0.528536109375 0.6006348828125 0.5674206828125 0.5909061171875 0.6089893078124999 0.588461803125 0.59597876875 0.5558528609375 0.5900644140625 0.5361995046875 0.5740073984375 0.510630553125 0.534986253125 0.5190882125
0 0.6228192375 0.628697425 0.6101054640625 0.6076995953125001 0.56492046875 0.6030305578124999 0.5368141093750001 0.6068926921875 0.5090045234375 0.6223659359375 0.48824384062500004 0.632656984375 0.4598879875 0.64304578125 0.46102778125 0.6713524625 0.47121770625000003 0.695405834375 0.4803387375 0.7183592078125 0.502827503125 0.7064548296875001 0.539188234375 0.6997816171875 0.5746166359375 0.6932795046875 0.611909690625 0.68643518125 0.6246418593749999 0.663359665625 0.6228192375 0.628697425
0 0.6532760828125 0.708655325 0.6381750265624999 0.691984159375 0.6163454578125 0.7011752015625 0.5799610984375 0.6987795265625001 0.5440100671875 0.7092660796875 0.5200427140625 0.7162571171875001 0.48209046093749996 0.725814771875 0.48818864843750004 0.7648770265625 0.5005163593749999 0.791130415625 0.524893409375 0.7879527078125 0.5565925046875 0.78213503125 0.5883152375 0.78538625 0.635887515625 0.785728628125 0.6540770828125 0.7603553453125 0.6594635703125 0.7308509046875 0.6532760828125 0.708655325
0 0.6285891015625 0.7974374953125001 0.5887249328124999 0.789199590625 0.5551611875 0.795359484375 0.525053609375 0.79829271875 0.502268078125 0.7985859734375 0.5112761796874999 0.829337121875 0.5140074921875 0.8547593671874999 0.557167640625 0.8494306109374999 0.5862299578125 0.854466265625 0.6270028203125 0.853464175 0.66604759375 0.8540754203124999 0.66370234375 0.823397628125 0.660128 0.7812798140625 0.6285891015625 0.7974374953125001
0 0.420977234375 0.3870633453125 0.390822390625 0.37185880312499997 0.37685589375 0.33035206875 0.3482032734375 0.3291297546875 0.32116580781250004 0.33409189375000004 0.3097756640625 0.3608096390625 0.299204909375 0.39515406406250003 0.29327215624999997 0.4195740484375 0.3003683328125 0.4325296328125 0.3328868234375 0.434338628125 0.36540531718749997 0.43614762812499996 0.4132507296875 0.4390322234375 0.4485898328125 0.4493967875 0.43212311718749996 0.4200145109375 0.420977234375 0.3870633453125
0 0.41459275 0.44267445156249996 0.38753165156249997 0.438567696875 0.3544668984375 0.4316742546875 0.32397326249999997 0.4398630484375 0.29225052812499996 0.4366118296875 0.297505690625 0.45897852187500005 0.29812285156249996 0.4912696484375 0.323319296875 0.4957186171875 0.3418528953125 0.500094234375 0.3688903625 0.4951321015625 0.3962009578125 0.4927121921875 0.42644510156250004 0.49105006875 0.4445453625 0.48254345781249997 0.43556089531250003 0.4608611921875 0.41459275 0.44267445156249996
0 0.4279473203125 0.5050322984375 0.3975429765625 0.4963544203125 0.36184145 0.5003143078125001 0.3295960859375 0.50104753125 0.304809340625 0.5004118937500001 0.298353953125 0.5288163296875 0.30108526874999997 0.55423856875 0.3040660828125 0.5731341390625 0.3240546328125 0.5733542015624999 0.3597561640625 0.56939431875 0.3918649578125 0.567389978125 0.41678827343749997 0.569296728125 0.4354348 0.56587456875 0.43843400781249997 0.5406967875 0.4279473203125 0.5050322984375
0 0.448511 0.5725479421874999 0.40535085937500004 0.577876696875 0.3757659140625 0.576825484375 0.3405870078125 0.576800925 0.322872809375 0.580051984375 0.325877253125 0.608016446875 0.32756331250000004 0.6414075687499999 0.3448914453125 0.643412075 0.3718159796875 0.6462477125 0.41272540625 0.6465167390625 0.448177440625 0.649083521875 0.459205159375 0.6366902234375 0.4555178875 0.602370196875 0.4497164609375 0.5749190578125 0.448511 0.5725479421874999
0 0.383300659375 0.6558055375 0.341185778125 0.6531653984375 0.3375273703125 0.6810565109375 0.344694453125 0.721218765625 0.3680026125 0.7169410578125001 0.3890600546875 0.7182611328124999 0.42596704687500003 0.7166723609375001 0.4615792765625 0.7295791546875 0.4685809265625 0.706259165625 0.45932333124999997 0.68203468125 0.4495430984375 0.66179464375 0.4213001765625 0.664385665625 0.383300659375 0.6558055375
0 0.4460028625 0.7350302125 0.420396721875 0.7267679046875 0.3974509921875 0.716721159375 0.36841230937499997 0.7207543984375 0.36771107812500003 0.7584721921875001 0.38972448437499996 0.7686900375 0.4134659734375 0.77729456875 0.4306811796875 0.7870968515625 0.453763471875 0.7984147078125 0.47818778906250003 0.8133747921875001 0.49881190625 0.801812628125 0.4915082578125 0.7603792609375 0.47336072656250006 0.750748084375 0.4460028625 0.7350302125
0 0.3324798203125 0.2270252234375 0.30635104687500003 0.2227473609375 0.27908771875 0.243305053125 0.2762487109375 0.278822834375 0.27779819843750003 0.3109428515625 0.2996750359375 0.3198895953125 0.3307385703125 0.3258541390625 0.37312658593750003 0.3310365 0.3797185390625 0.3039031859375 0.3867201828125 0.280583196875 0.373573078125 0.24670314375000002 0.364202546875 0.23027643593749997 0.3324798203125 0.2270252234375
0 0.3018180546875 0.3752318453125 0.311456484375 0.341058521875 0.29594573125 0.3205740265625 0.2711353484375 0.3108694953125 0.25260175 0.306493878125 0.2194477 0.3164671109375 0.193479125 0.3225292453125 0.19489205 0.3533781546875 0.1900281921875 0.37889814374999997 0.1918035421875 0.39542260156250003 0.21138239374999998 0.3918293296875 0.23375822968749999 0.387722734375 0.2618645859375 0.3838606015625 0.2861050703125 0.3794117875 0.3018180546875 0.3752318453125
0 0.229642859375 0.3936627234375 0.2076767265625 0.4015826484375 0.1886441328125 0.41026037187500003 0.1932400984375 0.43534039843750005 0.203317090625 0.467191553125 0.2238282765625 0.4634271703125 0.24527178125 0.4594916859375 0.28256483593750004 0.45264735624999997 0.2909085046875 0.43296960156250003 0.2924527625 0.411947371875 0.284923246875 0.38610956875 0.25374678125 0.3879427984375 0.229642859375 0.3936627234375
0 0.27858603125000003 0.4598584625 0.24820532812499999 0.4602494734375 0.2210549296875 0.47300938906249995 0.192289375 0.47958485156249997 0.18137458906249998 0.48418037187499996 0.184788734375 0.515958175 0.191908546875 0.5379826484375 0.2181502546875 0.5344627281250001 0.24052608593749997 0.5303561328125 0.2724983125 0.52708068125 0.290758778125 0.5289140796875 0.29348485625 0.5011940796875 0.294209715625 0.47254518125 0.2799280546875 0.46350068593750005 0.27858603125000003 0.4598584625
0 0.2595823078125 0.5307473140625001 0.23002099999999998 0.5387649999999999 0.205917078125 0.5444849203125 0.19129662187500002 0.558833765625 0.1925729796875 0.588411553125 0.201444515625 0.6178915953125 0.2183393203125 0.607013871875 0.2395096953125 0.600536159375 0.2621586609375 0.5989717875 0.29281250000000003 0.6011229953125 0.3026347609375 0.5863585796875 0.300176578125 0.56347856875 0.286506840625 0.5335829578125 0.2595823078125 0.5307473140625001
0 0.2602940078125 0.5993140046875001 0.2216589296875 0.6025161015625 0.219978109375 0.6222672124999999 0.22446114375 0.655145021875 0.2473832390625 0.656122871875 0.2846999296875 0.6583474359375 0.334570190625 0.671229825 0.341185778125 0.6531653984375 0.32287804375 0.6331942234375 0.3246954296875 0.6147142234375 0.31373337968750004 0.6011719578125 0.285876515625 0.5985074203125 0.2602940078125 0.5993140046875001
0 0.328726734375 0.6787831390625 0.2953888484375 0.669347478125 0.26166489843749996 0.6651673609375 0.2394020046875 0.6614761812500001 0.22555367187500003 0.665313915625 0.22735265624999998 0.690907265625 0.22756012499999997 0.7193850484375 0.2423644140625 0.7244450953125 0.26769742500000004 0.7301651859375 0.28916456562500004 0.735298590625 0.3110414015625 0.7442453296875 0.3414457421875 0.7529232078125 0.3441718234375 0.7252032078124999 0.3381209015625 0.7042787390624999 0.328726734375 0.6787831390625
0 0.1488876640625 0.3410824421875 0.1154604765625 0.3485134421875 0.09226525 0.3449933671875 0.07279932812499999 0.3407888609375 0.0715518359375 0.373422196875 0.0899961359375 0.3946644890625 0.1265406984375 0.4074001703125 0.15653534375 0.4122647125 0.1851879609375 0.41348702656249997 0.1824330125 0.37899589843750003 0.1710376328125 0.35257140468750003 0.1488876640625 0.3410824421875
0 0.0899961359375 0.3946644890625 0.0801502421875 0.4003600109375 0.0846332765625 0.4332378140625 0.102667875 0.4506667765625 0.12493078124999998 0.4543579578125 0.1453526609375 0.46746025468749997 0.186695421875 0.4806115 0.19369706250000002 0.457291515625 0.18257481250000002 0.43340924999999997 0.14414196875000002 0.41194689375 0.11187296875 0.403611234375 0.0899961359375 0.3946644890625
0 0.1188141921875 0.45936904843750004 0.10626061406250001 0.44871122343750003 0.0822932609375 0.4557022609375 0.075701309375 0.48283558437499996 0.0988308703125 0.5122912281249999 0.1132491046875 0.5226068296874999 0.141242528125 0.526542484375 0.1793549765625 0.527324825 0.18383277343749999 0.5070603890625 0.17021031250000002 0.49530256406250006 0.171801828125 0.492418121875 0.1483098359375 0.47728692500000003 0.1188141921875 0.45936904843750004
0 0.0915324609375 0.5240000953124999 0.093468015625 0.550864553125 0.095267003125 0.5764578984375001 0.1191214265625 0.5772646484374999 0.14204352343749999 0.5782424953125 0.1655118828125 0.584304803125 0.19136751875 0.5860404421875 0.1910234921875 0.5562915421875 0.18176589062499998 0.532067053125 0.150066796875 0.5378847343750001 0.11686547656249999 0.529720175 0.0915324609375 0.5240000953124999
0 0.18898023749999998 0.5903671015625 0.1572575109375 0.5871158890625 0.12712629687500002 0.5809802281249999 0.1038181453125 0.5852579312499999 0.09347325 0.6040067921875 0.0962045703125 0.62942903125 0.104755703125 0.6382290640625 0.1323394296875 0.638351378125 0.1527613125 0.6514536703125 0.1881004140625 0.661818234375 0.20590391718749998 0.6417005109375 0.21265606718750002 0.6249071921875 0.2007616875 0.6115360375 0.189389934375 0.5941804421875 0.18898023749999998 0.5903671015625
0 0.2088847265625 0.6605960796875 0.185986265625 0.6686871171875 0.165314890625 0.6621114953125 0.13891298125 0.6552913984375001 0.12062888593750001 0.6443891171875 0.11549189062500001 0.6673668890625 0.1136745046875 0.68584689375 0.13448244843749999 0.693693628125 0.1459671328125 0.703251446875 0.1611811171875 0.7121248296875 0.18319451874999998 0.7223426859375001 0.20477459374999998 0.7196783078125 0.22244153125000002 0.69828946875 0.22332659062500002 0.6799805796875 0.2088847265625 0.6605960796875
0 0.5063650546875 0.8367193343749999 0.48673892968750004 0.82217481875 0.4649750234375 0.8054302984374999 0.43322865625 0.7931101921875 0.40532453593750006 0.772307871875 0.3758525203125 0.7634588828125 0.3635957109375 0.764412175 0.36391610937499996 0.7850921859375 0.37210481562500003 0.8082166656249999 0.375222190625 0.8283833515625 0.3913685078125 0.8370856281249999 0.4164520234375 0.849332378125 0.44938020625 0.8549547125 0.494202778125 0.8739482015625001 0.50789090625 0.8597704578125 0.5063650546875 0.8367193343749999
0 1 0.7683446390625 0.9696183234375001 0.759476378125 0.9140648078125 0.7644873078125001 0.8858218859375 0.7670783296875 0.8881671375 0.797756121875 0.8935825 0.83046281875 0.9288743328125 0.8226895953125 0.974308828125 0.82083196875 1 0.81532060625 1 0.7683446390625
0 0.1473669484375 0.8219221109375001 0.09944466874999999 0.8898732234375 0.10704487031250001 0.942256584375 0.190778078125 0.9322670046875 0.23035915624999997 0.9518918718749999 0.32541369531250003 0.9371356015625001 0.349658140625 0.9057969578125 0.38545820000000003 0.8535151593749999 0.364035940625 0.8009796281250001 0.2727515625 0.7773992234375 0.20774378906250002 0.7597519625 0.1473669484375 0.8219221109375001