0 0.9925097484375 0.2846357296875 0.9922966921875 0.2821419796875 0.7482492 0.2702996953125 0.760207296875 0.43063854062500007 0.9626075484375001 0.4359149859375 0.9925097484375 0.2846357296875
0 0.44436415 0.46281979062499995 0.451862796875 0.50983350625 0.711907128125 0.39510822968750003 0.7257104890625 0.35290133125 0.44436415 0.46281979062499995
0 0.44879598125 0.1071582296875 0.45898277031249995 0.20601168281249999 0.7416166015625001 0.1111625546875 0.7670189890625 0.021325075 0.44879598125 0.1071582296875
0 0.10030929687500001 0.1851770875 0.1803869515625 0.286993209375 0.430006590625 0.2132667234375 0.429070146875 0.08004625625 0.10030929687500001 0.1851770875
0 0.45230740625 0.2705173375 0.1618862484375 0.3557272359375 0.1658618828125 0.42263629687500004 0.45588120312499997 0.3530997765625 0.45230740625 0.2705173375
0 0.4582067109375 0.706345121875 0.4776438609375 0.770831575 0.64305428125 0.7303216078125 0.6651911546875 0.6633933453124999 0.4582067109375 0.706345121875
0 0.4422025859375 0.2337533171875 0.491614725 0.3434285203125 0.7459317140625 0.24317491875 0.75535759375 0.14973233749999998 0.4422025859375 0.2337533171875
0 0.7522765296875 0 0.7625479546875 0.0912544046875 0.9657518875 0.0651841015625 0.967091003125 0 0.7522765296875 0
0 0 0.495561459375 0.1541808796875 0.4081774328125 0.151555109375 0.2755610140625 0 0.38170206093750003 0 0.495561459375
0 0 0.5923482359375 0.0017090265625 0.612351325 0.21636638281249998 0.4635902703125 0.217798221875 0.459972365625 0.17327855625 0.40756057500000004 0 0.5052896421875 0 0.5923482359375
0 0.4312397328125 0.635233296875 0.23650207499999998 0.801149453125 0.257886053125 0.868045709375 0.4446920375 0.711177546875 0.4312397328125 0.635233296875
0 0.1708051421875 0.5823774859374999 0.22737646250000002 0.6739631078125 0.42749040625 0.6117264390625 0.4340526171875 0.5255196890625 0.1708051421875 0.5823774859374999
0 0.46938429375 0.5315218046875 0.5042829515625 0.593585634375 0.7106392375 0.522905034375 0.753964959375 0.4390824859375 0.46938429375 0.5315218046875
0 0.1811166796875 0.5196776015625 0.2196826796875 0.5431588453125 0.42472028906250003 0.49779724999999997 0.4396979890625 0.44895858125 0.49018288749999994 0.3470464453125 0.480191225 0.3319835265625 0.2213212296875 0.4400770203125 0.1811166796875 0.5196776015625
0 0.10700069999999999 0.7729125875 0.0683411390625 0.8705963515624999 0.075984128125 0.8989228312499999 0.2515109515625 0.711922425 0.2102256203125 0.6769897703125001 0.10700069999999999 0.7729125875
0 0.6382553609375 0.55189316875 0.65016266875 0.60975424375 0.8340114328125001 0.5812869328125 0.8962904843749999 0.5155347640625 0.6382553609375 0.55189316875
0 0.459587759375 0.6002494328125 0.4351334015625 0.64005291875 0.457321059375 0.6756024328125 0.6403973203125 0.6380935265625001 0.6097941765625 0.5651759453125 0.459587759375 0.6002494328125
0 0.9821576171874999 0.163470365625 0.9797758906249999 0.13559375 0.7650097859375 0.0996919453125 0.7613932218749999 0.24075230468750003 0.977050646875 0.23818245937500002 0.9821576171874999 0.163470365625