0 0.60120319375 0.897605253125 0.3956730890625 0.9176948875000001 0.3955470640625 0.9733462140625001 0.54743551875 0.9626949890625 0.6017405828125 0.9429042421875 0.60120319375 0.897605253125
0 0.608825059375 0.5111362015625 0.4413816046875 0.566677415625 0.45722016718749997 0.6376435390624999 0.627756578125 0.5782344828125 0.608825059375 0.5111362015625
0 0.20117568593750002 0.6624391968750001 0.05532702187500001 0.7155917859375001 0.067313365625 0.7852211453125 0.21663461874999998 0.7308030171875 0.20117568593750002 0.6624391968750001
0 0.3773064515625 0.5160311296875 0.23916222343750002 0.5718572421875 0.2599919 0.651967028125 0.40296537656250003 0.5916403031249999 0.3773064515625 0.5160311296875
0 0.5905526859375 0.3232089890625 0.42213220468749996 0.3845875734375 0.42874780156250003 0.442470965625 0.6100816046875 0.38186759531250003 0.5905526859375 0.3232089890625
0 0.22848833281249997 0.348273034375 0.023114246875 0.46970995000000004 0.0395502046875 0.5322364046875 0.24454466406250003 0.4081971734375 0.22848833281249997 0.348273034375
0 0.565870790625 0.24176243749999998 0.335379271875 0.303836753125 0.3419948734375 0.36172014531249996 0.5751438140625 0.31786193281249997 0.565870790625 0.24176243749999998
0 0.3660852171875 0.3639033546875 0.221157675 0.4359048203125 0.23471845156249999 0.4912571296875 0.38002561875 0.421857971875 0.3660852171875 0.3639033546875
0 0.24996546249999999 0.482959909375 0.0385673328125 0.62577678125 0.05999440625 0.6974469046875 0.278175846875 0.5384546796875 0.24996546249999999 0.482959909375
0 0.17134665625 0.470501696875 0.0354802203125 0.54194160625 0.0515365515625 0.6018657578125 0.1965199921875 0.5051780499999999 0.17134665625 0.470501696875
0 0.6380508359375 0.7992163875 0.466051809375 0.82352999375 0.4724496421875 0.8924553546875 0.6458053328125 0.8649066859375001 0.6380508359375 0.7992163875
0 0.4286685109375 0.8179692640624999 0.2801065265625 0.87759199375 0.295185825 0.9433535109375001 0.44412744374999996 0.8863330843749999 0.4286685109375 0.8179692640624999
0 0.6218326453125 0.725647971875 0.4887913390625 0.7412452578125001 0.48498917500000005 0.8029252578125 0.6317030640625 0.7933077984375 0.6218326453125 0.725647971875
0 0.5369628921875 0.06867380937499999 0.2793940375 0.170763275 0.2892644546875 0.23842310156250002 0.5570333062499999 0.14357899375 0.5369628921875 0.06867380937499999
0 0.22649005937500002 0.2092279890625 0.0074992984375 0.2999988484375 0.0115634359375 0.3779966453125 0.23815267499999998 0.25156880312499996 0.22649005937500002 0.2092279890625
0 0.3319125328125 0.21739928125 0.18101685 0.28609444375000004 0.1883917125 0.34918244375 0.349867021875 0.2903349328125 0.3319125328125 0.21739928125
0 0.313805309375 0.80775721875 0.1224333765625 0.8747594937500001 0.1257382578125 0.9475527015624999 0.32449089531249997 0.8559353984375001 0.313805309375 0.80775721875
0 0.660807903125 0.45382261250000006 0.6524560109374999 0.3965719890625 0.5894079484375 0.4031050953125 0.3246260890625 0.4557508484375 0.335311675 0.503929034375 0.610617253125 0.4858171859375 0.660807903125 0.45382261250000006
0 0.76556538125 0.6705258546875 0.7166754921875 0.7239716015625 0.732190325 0.7676491734375 0.7810802171875 0.714203421875 0.76556538125 0.6705258546875
0 0.717408078125 0.3153473765625 0.673459246875 0.31492002812500003 0.661193384375 0.3687218984375 0.6981970453125 0.37168033125 0.717408078125 0.3153473765625
0 0.7687493203125 0.11575367968750001 0.70624275 0.13853336562500002 0.697231709375 0.2021116734375 0.7614745703125 0.17869921875 0.7687493203125 0.11575367968750001
0 0.8517768171875 0.735030090625 0.812763190625 0.7684326515625 0.8093406640625 0.8327149609375001 0.8593694484375 0.78707610625 0.8517768171875 0.735030090625
0 0.8187430265625 0.596332921875 0.7884108734375 0.626571640625 0.7946468359375001 0.6818527249999999 0.8350171265625 0.6452150953125 0.8187430265625 0.596332921875
0 0.8306851640625 0.5152425 0.78163340625 0.555043971875 0.7815216 0.6044164656250001 0.8357822390624999 0.5627166859375 0.8306851640625 0.5152425
0 0.7578108875 0.6048355562500001 0.7114724515625 0.63816689375 0.722537671875 0.68894738125 0.7671398093749999 0.656248809375 0.7578108875 0.6048355562500001
0 0.8349904546875001 0.23138627031249998 0.786374234375 0.249103803125 0.7879987203125001 0.297843528125 0.8400875328125 0.2788604609375 0.8349904546875001 0.23138627031249998
0 0.7626134703125 0.1865061234375 0.71068651875 0.219133465625 0.7169224890625 0.27441455625 0.7732990562500001 0.234684309375 0.7626134703125 0.1865061234375
0 0.6465554625000001 0.1931734265625 0.6349487500000001 0.12614636562499998 0.579766984375 0.14899727499999998 0.3854639625 0.2335116625 0.393056596875 0.2855576859375 0.583451496875 0.22439277500000002 0.6465554625000001 0.1931734265625
0 0.76240815 0.242658528125 0.71774719375 0.282189915625 0.7255319890624999 0.33555316875 0.7751039359375 0.294232034375 0.76240815 0.242658528125
0 0.8999704 0.5297277015625 0.871001753125 0.5616022921875 0.879362959375 0.6011898812500001 0.9094053625 0.5766757359375 0.8999704 0.5297277015625
0 0.7384920859374999 0.4509824328125 0.6924139968749999 0.4542093703125 0.6957102171875 0.5033946015625 0.7348442281249999 0.49688450624999997 0.7384920859374999 0.4509824328125
0 0.7699598953125 0.3387414265625 0.7291757046875 0.3516667359375 0.729479540625 0.39806661249999997 0.777361790625 0.38061656718750003 0.7699598953125 0.3387414265625
0 0.84575175 0.6366943421875 0.7663662953125 0.7218256125 0.81700788125 0.7498805734375 0.8595608390624999 0.6781724046875001 0.84575175 0.6366943421875
0 0.7510912828125 0.10248460156250001 0.7514292984375001 0.0583565671875 0.7045192234375001 0.061912354687500004 0.664711459375 0.0831897421875 0.6705379890625001 0.13861114531250002 0.6948653578124999 0.1195903984375 0.7510912828125 0.10248460156250001