0 0.466393103125 0.7182632734375 0.4006683265625 0.723407184375 0.330703240625 0.7652675359375001 0.273459084375 0.798745953125 0.271338928125 0.872228184375 0.3540249375 0.8756964578125 0.4218698703125 0.9016645890625 0.47275356718749995 0.95859674375 0.5511992671875 0.9139753031250001 0.606323271875 0.8606923328124999 0.5872418890625 0.8379293390625 0.5490791109375001 0.8291526906250001 0.5087961875 0.7779565125000001 0.466393103125 0.7182632734375
0 0.5618000359375 0.7076958624999999 0.5003155718750001 0.6648158453125 0.4494318703125 0.602229946875 0.345544321875 0.6494809046875 0.284059853125 0.663138328125 0.2904203171875 0.7366863390625 0.3201024734375 0.753877821875 0.3900675578125 0.7120174640625 0.46003264218749995 0.7069064468749999 0.517276803125 0.763887940625 0.5745209640625 0.809561940625 0.6148038890625 0.801393803125 0.6275248125 0.7562625234375 0.619044196875 0.7279280234375001 0.5618000359375 0.7076958624999999
0 0.636005428125 0.6517340421875 0.557559728125 0.608722446875 0.5087961875 0.5659411078125001 0.4642729515625 0.506231421875 0.3731063265625 0.5253123328125 0.30102108437499997 0.5388875234375 0.30102108437499997 0.609559328125 0.3201024734375 0.635149190625 0.404908634375 0.616018934375 0.468513259375 0.5995510953125 0.5066760312499999 0.6309427140625 0.5490791109375001 0.6906359578125 0.6042031203125 0.7136785359375 0.621164353125 0.7081563625 0.636005428125 0.6743490171875 0.636005428125 0.6517340421875
0 0.62964496875 0.5951472625 0.6338852765625 0.572565178125 0.5936023484375 0.5355033625 0.546958959375 0.512526571875 0.5193969546874999 0.47556342812499997 0.47487371874999995 0.4102 0.3688660171875 0.4433001484375 0.31162185781249996 0.45699046406250005 0.3052613921875 0.521959184375 0.3688660171875 0.5026644640625 0.40702879062499997 0.49447988125000003 0.468513259375 0.48364933906249996 0.5066760312499999 0.523521578125 0.53847834375 0.5633444828124999 0.5808814234375 0.591942125 0.6254046609375 0.6318637078125 0.62964496875 0.5951472625
0 0.6466062015625 0.499165178125 0.6126837359375 0.479113940625 0.5851217328125 0.433670178125 0.53847834375 0.3824246671875 0.5130364953125001 0.3285167375 0.46003264218749995 0.3281055828125 0.3985481734375 0.35024361875 0.330703240625 0.36385169687499996 0.332823396875 0.428886203125 0.35826524531250004 0.43473730312500003 0.4006683265625 0.41527812500000005 0.468513259375 0.40732379218750003 0.4960752640625 0.43297943437499997 0.546958959375 0.4842578515625 0.5872418890625 0.5100121718749999 0.6275248125 0.5527277328125 0.6466062015625 0.499165178125
0 0.5830015796875 0.343193828125 0.5278775718750001 0.272094421875 0.48123418281249997 0.2180220296875 0.4324706390625 0.23743187500000001 0.3731063265625 0.2539326125 0.3201024734375 0.276136434375 0.322222625 0.355305296875 0.37098617031250003 0.352856690625 0.44095125468749996 0.327957565625 0.5130364953125001 0.32286299375 0.5618000359375 0.388259315625 0.6275248125 0.470748440625 0.6487263578125 0.42568295312500004 0.619044196875 0.38870336875 0.5830015796875 0.343193828125
0 0.621164353125 0.2926061671875 0.5830015796875 0.2583876609375 0.5490791109375001 0.210067703125 0.5024357234375 0.161649053125 0.43883110312499995 0.1102719703125 0.364625709375 0.1662337921875 0.31162185781249996 0.177130125 0.31162185781249996 0.26759003593749997 0.3688660171875 0.2510728453125 0.43035048593749997 0.22893480937500002 0.49183495468749994 0.2011430296875 0.5236372640625 0.255100296875 0.576641115625 0.3205295125 0.62964496875 0.3746512375 0.6550868171875 0.31548427968750004 0.621164353125 0.2926061671875
0 0.619044196875 0.21626417187500002 0.5808814234375 0.170738184375 0.5342380359375001 0.10535830937499999 0.49183495468749994 0.028703832812500003 0.423990021875 0.0507925296875 0.3731063265625 0.075839671875 0.330703240625 0.0924719765625 0.332823396875 0.1772945828125 0.3688660171875 0.15495919687499998 0.41550940625 0.11857167187499999 0.47275356718749995 0.1077082375 0.5087961875 0.1532177734375 0.5745209640625 0.2272262859375 0.638125584375 0.29556460156250003 0.6550868171875 0.2561199640625 0.619044196875 0.21626417187500002
0 0.591482196875 0.0068618328125000004 0.5896994546875 0.0045743625 0.52694146875 0.0040875421874999995 0.57028065625 0.066061684375 0.6444860484375 0.16275095312500001 0.6656875890625 0.11485858906249999 0.6254046609375 0.0636624171875 0.591482196875 0.0068618328125000004
0 0.73613034375 0.8245677140625001 0.697983490625 0.8391583812500001 0.6616974546875001 0.840117453125 0.6198289546875 0.8484765062499999 0.6049423796875 0.8781341906250001 0.588194978125 0.9102585296875001 0.6337851203125 0.9180554640624999 0.6858881421875 0.9172190828125 0.7212437671874999 0.89888511875 0.7603210359375 0.8892638625 0.7593906203125 0.8669267796875 0.7593906203125 0.8495591015624999 0.755668978125 0.8185165296875001 0.73613034375 0.8245677140625001
0 0.6291330671875001 0.74062099375 0.6254114234375 0.7976573390625 0.612385665625 0.8248483578125001 0.6607670453125001 0.828945303125 0.7082180140625 0.8169078984375 0.7575297984375 0.8160498687500001 0.7686947328125 0.776438934375 0.7686947328125 0.7466657796875 0.73613034375 0.7501348218749999 0.7035659546875 0.7498822140625 0.6616974546875001 0.7470763390624999 0.6291330671875001 0.74062099375
0 0.7705555578125 0.742958571875 0.7789292546875 0.7343396906249999 0.7807900796875 0.716986453125 0.7845117234375001 0.697166546875 0.7826509015625 0.67482225 0.7696251421875 0.670999559375 0.7407824015625 0.667054178125 0.716591709375 0.664385434375 0.686818553125 0.662913934375 0.6607670453125001 0.6515469171875 0.632854709375 0.6538114875 0.6309938890625 0.6996973390625 0.626341834375 0.726953315625 0.65239334375 0.728395946875 0.6784448578125 0.732319671875 0.7054267765625 0.735010071875 0.734269521875 0.735233809375 0.7705555578125 0.742958571875
0 0.7845117234375001 0.6735961374999999 0.7966070671875001 0.6612844765625 0.800328709375 0.6551106015625 0.7984678890625 0.6290446546874999 0.7919550140625 0.601702078125 0.764042678125 0.601485559375 0.7351999328125001 0.59629963125 0.7156612984375 0.5911858750000001 0.6905402015625 0.5847882671875 0.6663495140625 0.5721951375 0.6421588218750001 0.5695263875000001 0.638437178125 0.61415725 0.6365763578125 0.6389537796875 0.6598366343750001 0.635412571875 0.696122665625 0.6480995296875001 0.7203133578124999 0.658211565625 0.7538081562500001 0.6609524828125 0.7845117234375001 0.6735961374999999
0 0.7956766562500001 0.5843632734375 0.7956766562500001 0.5682361484375 0.7928854234375 0.5496062734375 0.7649730890625001 0.53946536875 0.7454344546875 0.5368327140625 0.7212437671874999 0.514315190625 0.6933314328125 0.5041742859375 0.6654190984375 0.49155229218749996 0.654254165625 0.5051117140625 0.6533237546875 0.5299154578125 0.6607670453125001 0.5634680000000001 0.6914706109375001 0.571149453125 0.7175221203125 0.5763137328125 0.7445040453125 0.58520686875 0.7621818578124999 0.5890656484375 0.7835813125 0.5941938328124999 0.7956766562500001 0.5843632734375
0 0.7993982984375 0.547175696875 0.8040503578125 0.528603565625 0.8049807671875 0.5124836546875 0.803119946875 0.47773386875 0.7742772015625 0.4576613625 0.7500865140624999 0.4425871375 0.725895821875 0.42006961875000004 0.6998443125 0.4024998625 0.6710015671875 0.3898706421875 0.6421588218750001 0.3946091015625 0.644950053125 0.42440391093749996 0.6458804687499999 0.45666537500000004 0.6393675890625 0.481425821875 0.6756536203125 0.48170729687499997 0.7082180140625 0.50056811875 0.73613034375 0.524355059375 0.7649730890625001 0.533262625 0.7993982984375 0.547175696875
0 0.7873029546875 0.4627245953125 0.800328709375 0.4566228984375 0.7993982984375 0.434285815625 0.7984678890625 0.4094676375 0.776138021875 0.396888940625 0.7603210359375 0.38312022031250004 0.7231045890625001 0.3505772671875 0.7035659546875 0.32809584531249997 0.677514446875 0.3080449875 0.6514629328125 0.305361809375 0.6514629328125 0.33265386874999997 0.650532521875 0.362419803125 0.647741290625 0.39093075625 0.6858881421875 0.38130228593750004 0.701705134375 0.3950710125 0.72961746875 0.41637684531249997 0.7528777453125 0.436406046875 0.7873029546875 0.4627245953125
0 0.8254498124999999 0.3947903578125 0.823588990625 0.3699649640625 0.8021895359375 0.33878525625 0.7705555578125 0.3100072625 0.7417128125 0.2837320171875 0.7082180140625 0.262382875 0.65239334375 0.2569876484375 0.6496021109375001 0.3090690125 0.69426184375 0.3019721609375 0.7110092453125 0.3269130359375 0.7305478796875 0.358078303125 0.7705555578125 0.38568070312499997 0.7947462453125 0.4032360234375 0.8142848796875001 0.4294391015625 0.827310634375 0.4134130171875 0.8254498124999999 0.3947903578125
0 0.739851990625 0.27503375 0.755668978125 0.2999674046875 0.7891637765625 0.3287598328125 0.81986734375 0.3476062265625 0.8412667984375 0.33536674375 0.8505709109374999 0.31434960156249997 0.8524317328125001 0.2932747140625 0.8301018656249999 0.27821492187499997 0.809632821875 0.256966821875 0.7873029546875 0.23694483281249998 0.7621818578124999 0.20325517187500003 0.743573634375 0.16837547656250001 0.7072875984375 0.17429674374999998 0.6858881421875 0.1865362203125 0.6644886875 0.1925729703125 0.6654190984375 0.20622621406250002 0.6654190984375 0.234758821875 0.6598366343750001 0.2595264828125 0.6756536203125 0.2571680828125 0.7054267765625 0.2524368390625 0.7277566421875 0.256331696875 0.739851990625 0.27503375
0 0.8466897453125 1 0.8682487234374999 0.9905854703125 0.8673183124999999 0.9657672921874999 0.8673183124999999 0.9421968749999999 0.8384755671875 0.9581002625 0.8207977546875 0.969128071875 0.7928854234375 0.978835934375 0.7817204906249999 0.9961169999999999 0.739851990625 0.9796651015625001 0.7231045890625001 0.951002578125 0.7072875984375 0.9322716609375 0.6821665 0.925874053125 0.6728623890625001 0.9543344875 0.6710015671875 0.9754093749999999 0.6551845765625 0.9926543578125001 0.6513550718750001 1 0.8466897453125 1
0 0.8068415890624999 0.9603359703125 0.8412667984375 0.945716434375 0.8701095453125 0.9335346843749999 0.8729007765624999 0.909985928125 0.8729007765624999 0.8901371546875 0.8645270796875 0.8739450718749999 0.8487100890624999 0.8800251250000001 0.8366147453125 0.8898556781250001 0.8152152906250001 0.8946518812500001 0.801259125 0.9044679999999999 0.7789292546875 0.9216624640625 0.7575297984375 0.9090909828125 0.734269521875 0.9051889046875001 0.7249654109375 0.9249655000000001 0.7249654109375 0.946054815625 0.7305478796875 0.9721496374999999 0.7426432234375 0.978446203125 0.761251446875 0.9860338328125 0.7845117234375001 0.9800115296874999 0.8068415890624999 0.9603359703125
0 0.8766224234375001 0.8653550593749999 0.8831352984375 0.8530001078125 0.8803440671875 0.8331296781249999 0.8822048890625 0.809573696875 0.871970365625 0.8107348578125 0.847779678125 0.8204715890625 0.8245194015624999 0.828975 0.8049807671875 0.8362667203124999 0.7807900796875 0.8348385234375 0.7593906203125 0.8396347203125 0.758460209375 0.8569951781249999 0.7575297984375 0.881798921875 0.764042678125 0.904179309375 0.7938158343749999 0.9056508093750001 0.809632821875 0.890886928125 0.827310634375 0.8823402203124999 0.8542925578125 0.8689034937500001 0.8766224234375001 0.8653550593749999
0 0.8701095453125 0.7586173984375 0.8496404999999999 0.75845861875 0.8301018656249999 0.7595476078125001 0.7993982984375 0.759309434375 0.776138021875 0.7516857078125 0.7705555578125 0.765288434375 0.7686947328125 0.7950471546875 0.761251446875 0.8185598328125 0.779859665625 0.8187041781250001 0.8049807671875 0.8188990468749999 0.8328931031250001 0.8129128281250001 0.8673183124999999 0.8094582203125 0.871970365625 0.7908860828125001 0.871970365625 0.780961696875 0.8701095453125 0.7586173984375
0 0.8784832453125 0.7375930359375 0.8784832453125 0.7264281015625 0.8756920140625001 0.6991143875 0.8673183124999999 0.6965683390625 0.844988446875 0.6926734828125001 0.8254498124999999 0.6850786249999999 0.801259125 0.6762071421875 0.7891637765625 0.6847971484375 0.785442134375 0.698414309375 0.7817204906249999 0.7194747625 0.779859665625 0.738068546875 0.7993982984375 0.7407012078124999 0.818006521875 0.7420861078125001 0.8301018656249999 0.7508637671875 0.8524317328125001 0.7510369828125001 0.8747616031250001 0.7586534875 0.8784832453125 0.7375930359375
0 0.8301018656249999 0.623087309375 0.8068415890624999 0.6154635828125 0.797537478125 0.6191130593749999 0.801259125 0.6464339875 0.801259125 0.6724855 0.8217281703125 0.6738848281250001 0.83754515625 0.6789697140625 0.8524317328125001 0.6890095781250001 0.87072321875 0.6926355531249999 0.8831352984375 0.68924775 0.8831352984375 0.6818044578125 0.8822048890625 0.6619484703125 0.8822048890625 0.642099696875 0.8515013218749999 0.633177690625 0.8301018656249999 0.623087309375
0 0.8868569468749999 0.635933046875 0.8933698218749999 0.6285402734375001 0.8933698218749999 0.6062104109375 0.8915089999999999 0.5838661078125 0.8784832453125 0.5763217796875 0.8589446109375001 0.5749296609375001 0.8440580359375 0.558687059375 0.8282410453125 0.5511210828124999 0.8049807671875 0.531091875 0.800328709375 0.5533856546875 0.803119946875 0.5782182734375 0.8021895359375 0.59930036875 0.8189369328125 0.6006708328125 0.8328931031250001 0.6169062203125 0.8505709109374999 0.6232460890625 0.8663879015625 0.6357742625 0.8868569468749999 0.635933046875
0 0.8440580359375 0.5041029406249999 0.8347539234375001 0.4965874828125 0.8217281703125 0.480359315625 0.8040503578125 0.4653356125 0.803119946875 0.4913798984375 0.7993982984375 0.5211241906249999 0.8226585796875 0.5299884578125 0.8328931031250001 0.542473328125 0.8496404999999999 0.5500465296875 0.8663879015625 0.5687846609375 0.871970365625 0.5378142625 0.8701095453125 0.517951053125 0.85522296875 0.514113934375 0.8440580359375 0.5041029406249999
0 0.6830969109375 0.965578815625 0.6812360890625 0.9481967078125001 0.677514446875 0.928319065625 0.6579758124999999 0.9256864046875 0.6300634781250001 0.9254698875 0.59284703125 0.9164973578125 0.5723779859375 0.91757911875 0.542604834375 0.9198292671875 0.5146925 0.9332587796875 0.49329304531249996 0.9554226421875001 0.5360919546875 0.973122315625 0.5872645671875001 0.984684203125 0.6151769015624999 0.9948251078125001 0.644950053125 0.988853321875 0.671931978125 0.977897690625 0.6830969109375 0.965578815625
0 0.8301018656249999 0.38986425625 0.823588990625 0.4133841484375 0.8263802234375 0.42705183281250003 0.842197209375 0.4433016484375 0.85522296875 0.4582892671875 0.8747616031250001 0.47580850625000004 0.8877873578125 0.45978242187499996 0.889648178125 0.432504796875 0.8701095453125 0.4112639171875 0.8542925578125 0.39873574375 0.835684334375 0.3762615296875 0.8301018656249999 0.38986425625
0 0.8468492671875 0.3205234703125 0.8366147453125 0.3402928453125 0.8338235140625001 0.3601199703125 0.8524317328125001 0.3776319875 0.8682487234374999 0.39884400000000003 0.8933698218749999 0.42757147656249994 0.9045347546875 0.41897424375 0.90360434375 0.3929155171875 0.9017435218750001 0.3718117671875 0.8831352984375 0.3580213921875 0.86173584375 0.3355255234375 0.8468492671875 0.3205234703125
0 0.898952290625 0.2378109109375 0.881274478125 0.219065565625 0.8580142015625001 0.19159307187500002 0.8403363890625 0.1778099109375 0.8338235140625001 0.205051453125 0.827310634375 0.224849696875 0.8431276249999999 0.2473022625 0.865457490625 0.2648431484375 0.881274478125 0.2885362625 0.9008131109375 0.30605549375 0.9147692765625001 0.29499882187500004 0.9119780453124999 0.2738878515625 0.9119780453124999 0.2465957921875 0.898952290625 0.2378109109375
0 0.8282410453125 0.1107264875 0.818006521875 0.0945199703125 0.797537478125 0.07327186875 0.7863725453125 0.048374296875 0.7593906203125 0.0283162265625 0.74444025 0.005774703125 0.690714125 0.005357940625 0.6896097906249999 0.0079261609375 0.6914706109375001 0.03151100625 0.7044963656250001 0.042776982812499996 0.7249654109375 0.031770828125 0.7389215796874999 0.050487315624999994 0.7510169234374999 0.07539210156250001 0.767764321875 0.1003329765625 0.7938158343749999 0.13030821406249998 0.8217281703125 0.151614053125 0.8226585796875 0.15410236875 0.8310322765624999 0.1355591015625 0.8282410453125 0.1107264875
0 0.8162967359375 0.1989897078125 0.8341334859374999 0.19199336875 0.8305661390625 0.1646160125 0.806486521875 0.14540334531250002 0.787757928125 0.1238539640625 0.767245665625 0.093966928125 0.75030075 0.0700531421875 0.733355834375 0.037815546875 0.6887639515624999 0.050549928125 0.6896557859375 0.075528303125 0.6896557859375 0.1052562265625 0.698574165625 0.0946233578125 0.7324639953125 0.1091556421875 0.7520844234374999 0.1449813453125 0.7779477140625 0.170153428125 0.79578446875 0.1988305890625 0.8162967359375 0.1989897078125
0 0.4995513390625 1 0.50631896875 0.9958415296875 0.5128618578124999 0.96099686875 0.47687596875000005 0.951993875 0.450704415625 0.9278002671875001 0.40653991562499997 0.8903813093749999 0.334568134375 0.8854610890625001 0.2773178578125 0.874112178125 0.23315335781250002 0.8563218875 0.192260303125 0.8385569703125 0.1791745265625 0.890798571875 0.22333902656250001 0.9303984937499999 0.24460341562500001 0.9632778921874999 0.2691392453125 0.96128725625 0.30021796875 0.9855189281250001 0.32803528125 1 0.4995513390625 1
0 0.2249747453125 0.742848375 0.185717415625 0.7425438515625 0.177538803125 0.7577471421875 0.1693601921875 0.7969410359375 0.177538803125 0.8188141078125 0.192260303125 0.8363760062500001 0.2249747453125 0.8366297796875 0.265867803125 0.8456708390625 0.27241069218749997 0.810826190625 0.27241069218749997 0.7933784828125 0.3018536921875 0.77179725 0.2773178578125 0.7345305468750001 0.2249747453125 0.742848375
0 0.0990241390625 0.7876715828124999 0.0712168578125 0.787455875 0.0663096921875 0.8288561078125 0.06467396875 0.8484720890625 0.0908455265625 0.8661228031249999 0.11210991562499999 0.877192571875 0.13828146875 0.8948432921875 0.170995915625 0.9125447624999999 0.18244596875000002 0.869014321875 0.1808102453125 0.836287190625 0.1693601921875 0.8100268156249999 0.133374303125 0.7988428578125 0.0990241390625 0.7876715828124999
0 0.074488303125 0.78093836875 0.0908455265625 0.7897891015625 0.126831415625 0.79006825 0.1644530265625 0.7969029703125 0.170995915625 0.7598773578125 0.1693601921875 0.7336931078125 0.1579101390625 0.713975625 0.1202885265625 0.7136837859375 0.082666915625 0.7155729171874999 0.07775974531249999 0.748249296875 0.074488303125 0.78093836875
0 0.206981803125 0.668556053125 0.1808102453125 0.6792578578125 0.17590307968750002 0.7075723093749999 0.1791745265625 0.744674053125 0.200438915625 0.73829611875 0.22333902656250001 0.7362927921875 0.2478748578125 0.7343021546874999 0.2773178578125 0.719263809375 0.280589303125 0.712746296875 0.280589303125 0.682212815625 0.265867803125 0.6537461015625 0.23478907968749999 0.666590796875 0.206981803125 0.668556053125
0 0.18898885781250002 0.5811779640625 0.1873531390625 0.631327421875 0.1873531390625 0.6684037921875 0.2282461921875 0.6599971546875001 0.2675035265625 0.651577828125 0.3067608578125 0.6431585 0.30021796875 0.616936184375 0.2969465265625 0.5972821421875001 0.288767915625 0.5754090781250001 0.2642320796875 0.57521875 0.2315176390625 0.5902317140625 0.18898885781250002 0.5811779640625
0 0.215160415625 0.5006853515625 0.192260303125 0.5005077078125 0.1791745265625 0.5134919828125 0.17590307968750002 0.5483620124999999 0.1791745265625 0.5745589468750001 0.1938960265625 0.5812160296875 0.23642480312499997 0.572822078125 0.28713219218749997 0.564491571875 0.305125134375 0.547183440625 0.305125134375 0.5188309171875 0.30021796875 0.47081166718749995 0.2527820265625 0.49225333281249994 0.215160415625 0.5006853515625
0 0.2249747453125 0.41788489218749997 0.18244596875000002 0.42191691093749994 0.18408169218749998 0.45028211875 0.18244596875000002 0.4895267625 0.21025324531249998 0.4897424703125 0.25114630312499997 0.48133582812500003 0.27077496874999996 0.4771261671875 0.3116680265625 0.45345278593750005 0.3214823578125 0.4142715828125 0.3165751921875 0.3837000359375 0.2773178578125 0.38993840468749996 0.2429676921875 0.40711964843750004 0.2249747453125 0.41788489218749997
0 0.0990241390625 0.613194546875 0.11374563906249999 0.6351183687499999 0.14318863906249998 0.6418896546874999 0.1693601921875 0.65954036875 0.1808102453125 0.6334576375000001 0.1808102453125 0.6094670421874999 0.177538803125 0.5876320296875 0.156274415625 0.5722003453125 0.12355996875 0.5632227265624999 0.0990241390625 0.5761181718749999 0.0990241390625 0.613194546875
0 0.11374563906249999 0.5369750359375 0.11374563906249999 0.5631465953125 0.1350100265625 0.5633115421875 0.1660887453125 0.5548287734375 0.1611815796875 0.548247815625 0.17590307968750002 0.52000949375 0.16772446875 0.5024983515625 0.1366457453125 0.5022572671875001 0.11047419218750001 0.5085971375 0.11047419218750001 0.5151400296875 0.11374563906249999 0.5369750359375
0 0.177538803125 0.45677425625 0.1726316390625 0.4218407796875 0.13828146875 0.42593625625 0.11210991562499999 0.427914203125 0.11374563906249999 0.45409844687499995 0.11210991562499999 0.49116212499999995 0.14318863906249998 0.493584171875 0.1726316390625 0.4916315953125 0.177538803125 0.45677425625
0 0.1873531390625 0.40886920312499997 0.2249747453125 0.4026181484375 0.24951057968749998 0.3962655890625 0.3067608578125 0.374900053125 0.3067608578125 0.344366571875 0.3018536921875 0.3094331015625 0.2609606390625 0.3222016671875 0.22170330312500003 0.34588773281249996 0.192260303125 0.347840303125 0.1808102453125 0.37610400624999996 0.1873531390625 0.40886920312499997
0 0.1955317453125 0.2998845 0.185717415625 0.321618 0.192260303125 0.3412974171875 0.23806052656249999 0.326385953125 0.2691392453125 0.30699836875000003 0.303489415625 0.29417904687499996 0.30021796875 0.257077296875 0.28713219218749997 0.24825194062499997 0.2609606390625 0.261134703125 0.23478907968749999 0.2740174640625 0.21352469218749998 0.284757328125 0.1955317453125 0.2998845
0 0.0761240265625 0.8790943812500001 0.0712168578125 0.9335803921875 0.11210991562499999 0.962250125 0.14318863906249998 0.9821198750000001 0.17590307968750002 0.9998213453125 0.22661046875 0.9871289109375001 0.23806052656249999 0.9545032859375 0.21188896875 0.92594775 0.1726316390625 0.9300051484375 0.14809580312499998 0.9145480890625001 0.1153813578125 0.8968466125000001 0.0761240265625 0.8790943812500001
0 0 0.6643657375 0.0217554109375 0.6830991125 0.0349537765625 0.69962613125 0.0490320359375 0.7220259109375 0.0649735984375 0.7385742078125 0.0657499734375 0.7385802328125 0.0666298609375 0.738587059375 0.0754287765625 0.726923428125 0.08598746874999999 0.7105806968749999 0.09830594687500001 0.688385678125 0.08598746874999999 0.6648263515624999 0.0666298609375 0.64707836875 0.0490320359375 0.6305172203125 0.019995625 0.6126941546875 0.0032776921874999995 0.6360282374999999 0 0.662224375 0 0.6643657375
0 0.0235151921875 0.572833059375 0.0191157359375 0.6056482078125 0.035833670312499996 0.6128170125 0.056951057812500004 0.6270590828125 0.071909209375 0.640080190625 0.0868673609375 0.6531012921875 0.0956662765625 0.6285325953124999 0.096546165625 0.6109415890625 0.0833477984375 0.599107328125 0.06135051406249999 0.59307075625 0.0428727984375 0.5788491609374999 0.0235151921875 0.572833059375
0 0.0340738890625 0.516601921875 0.0111967140625 0.509385328125 0.010316821875 0.5304958984375 0.010316821875 0.5563060421875 0.0314342140625 0.5693749218749999 0.051671709375 0.5800905953125 0.072789103125 0.599025421875 0.093026603125 0.6015287859375 0.1018255140625 0.5664013875 0.1097445359375 0.5476917968749999 0.08598746874999999 0.526390125 0.06399018749999999 0.518007171875 0.0340738890625 0.516601921875
0 0.1053450796875 0.47492 0.1000657328125 0.45610802968749997 0.08246790625 0.4442396421875 0.056951057812500004 0.4452148921875 0.036713562500000005 0.4380187796875 0.0191157359375 0.4402286484375 0.0147162765625 0.4695242265625 0.013836389062500001 0.49415435781249994 0.0314342140625 0.49898361874999997 0.056951057812500004 0.50504749375 0.08422768750000001 0.5087786484375 0.1018255140625 0.5218202265625 0.1097445359375 0.5042838328125 0.115023884375 0.4925928984375 0.1053450796875 0.47492
0 0.0411130171875 0.332465953125 0.027034754687500002 0.338222690625 0.024395084375 0.36635873750000003 0.024395084375 0.39568844687500004 0.029674428125000003 0.3922098328125 0.056071170312499995 0.3924145953125 0.08246790625 0.3926193578125 0.10270540624999999 0.3927763390625 0.1044651875 0.3611138984375 0.1053450796875 0.3376569640625 0.093026603125 0.3375614109375 0.060470625 0.338482053125 0.0411130171875 0.332465953125
0 0.30244071875 0.22538658281249999 0.312999415625 0.2043511015625 0.312999415625 0.1808873328125 0.297161375 0.1666862140625 0.2742842015625 0.177067446875 0.2602059421875 0.183997375 0.247007571875 0.19680006562500002 0.22852985312500002 0.2060422375 0.21093203124999998 0.218810796875 0.1924543125 0.2257065953125 0.1959738796875 0.2480244765625 0.198613553125 0.27033552968749996 0.20653257187500002 0.2833020296875 0.226770071875 0.2764198875 0.2514070265625 0.266052303125 0.2654852859375 0.25912238125 0.286602678125 0.24638111875000002 0.30244071875 0.22538658281249999
0 0.2936418078125 0.0986139875 0.2619657234375 0.11244653593750001 0.2417282234375 0.128714190625 0.2258901828125 0.1426695890625 0.2056526828125 0.1460321671875 0.203013009375 0.16478270781249998 0.21093203124999998 0.19065427968749998 0.2188510484375 0.20244758906250002 0.2373287671875 0.1932054171875 0.2522869203125 0.18276275625 0.2760439828125 0.16886878593750002 0.2998010453125 0.15380161875 0.3059602859375 0.1327320125 0.3015608296875 0.11744642812499999 0.2936418078125 0.0986139875
0 0.3358765890625 0.054360453125 0.3437956109375 0.034477678125 0.330597240625 0.0085651546875 0.2980412640625 0.023564065625 0.2857227859375 0.0352003875 0.270764634375 0.047989428125 0.25492659375 0.059598457812500005 0.236448875 0.06649425625 0.2214907234375 0.0757637265625 0.223250509375 0.0968947671875 0.226770071875 0.1239053984375 0.2434880046875 0.11113001250000001 0.2654852859375 0.100741953125 0.288362459375 0.0903607203125 0.3015608296875 0.0752116484375 0.3270776734375 0.0777559640625 0.3358765890625 0.054360453125
0 0.1537390984375 0.119819328125 0.1414206203125 0.1302824640625 0.1414206203125 0.1490534765625 0.1458200765625 0.173724565625 0.156378771875 0.16676733906250002 0.178376053125 0.1552060890625 0.1959738796875 0.1412643390625 0.216211375 0.12616986875 0.2118119203125 0.1003256015625 0.202133115625 0.084999078125 0.181895615625 0.0989203515625 0.1660575765625 0.107009809375 0.1537390984375 0.119819328125
0 0.19421409375 0.27030140468749997 0.1730967046875 0.2724839765625 0.15021953125 0.28286520312499996 0.137021165625 0.29214833281249997 0.12030322812500001 0.2931918328125 0.115903771875 0.3001968390625 0.1176635578125 0.32602063124999997 0.1220630140625 0.3389598328125 0.1335015984375 0.350780446875 0.1519793171875 0.3450578390625 0.1634179015625 0.33810744062500003 0.181895615625 0.330038453125 0.19421409375 0.305497059375 0.1994934421875 0.287940184375 0.19421409375 0.27030140468749997
0 0.11062442343750001 0.294289946875 0.1273423609375 0.285034125 0.1273423609375 0.26157035781250004 0.1000657328125 0.2519732625 0.072789103125 0.2552812375 0.049911928125 0.25510377968750003 0.0340738890625 0.254980921875 0.024395084375 0.2666377265625 0.019995625 0.2877209875 0.029674428125000003 0.31829896406249997 0.0446325796875 0.33249325625 0.06135051406249999 0.33379613125 0.0833477984375 0.3339667625 0.10270540624999999 0.3259046015625 0.10798475 0.3071745421875 0.11062442343750001 0.294289946875
0 0.050791821875 0.212875828125 0.050791821875 0.2246077078125 0.052551603125 0.249258309375 0.0798282328125 0.2436039578125 0.10270540624999999 0.2402618515625 0.1211831203125 0.24275156562500003 0.1326217046875 0.2252424703125 0.1299820359375 0.20410460156250002 0.1088646421875 0.1969016671875 0.0851075796875 0.202583321875 0.072789103125 0.21187326718750002 0.050791821875 0.212875828125
0 0.0331939953125 0.398103071875 0.0331939953125 0.4192204640625 0.037593451562500005 0.4356792328125 0.05871084375 0.43466985156250004 0.0780684515625 0.43364681562499996 0.0991858390625 0.44319613125 0.1000657328125 0.4373370171875 0.10094562031250001 0.4162264578125 0.093906490625 0.3974008328125 0.068389646875 0.3972028984375 0.051671709375 0.39590002968750004 0.0331939953125 0.398103071875
0 0 0.4227578515625 0.0208755171875 0.42381766093750006 0.0340738890625 0.41218816093750005 0.025274973437499997 0.394522078125 0.0217554109375 0.369857828125 0.0006380171875 0.3743867625 0 0.37433704218749997 0 0.4227578515625
0 0 0.36768 0.0015179109374999999 0.3673544578125 0.0235151921875 0.3663519109375 0.027914646874999997 0.34292226718749996 0.019995625 0.3205702625 0.005917365625 0.3110755421875 0 0.310714053125 0 0.36768
0 0 0.3010779703125 0.0076771468750000006 0.299357315625 0.0147162765625 0.2911996015625 0.026154865625000003 0.265478184375 0.0235151921875 0.24082075625 0 0.251836053125 0 0.3010779703125
0 0.0675097546875 0.121496809375 0.049911928125 0.13426538125 0.056951057812500004 0.170688815625 0.08246790625 0.157981684375 0.1088646421875 0.144108190625 0.137021165625 0.1279019640625 0.137021165625 0.097399065625 0.1299820359375 0.06918794687499999 0.116783665625 0.08199063749999999 0.0956662765625 0.1017710296875 0.08070812499999999 0.11456006562500001 0.0675097546875 0.121496809375
0 0 0.246286 0.0147162765625 0.23840612499999997 0.0428727984375 0.23275859531249998 0.0446325796875 0.20578891718749998 0.0446325796875 0.18467152343749998 0.004157584375 0.20195538124999998 0 0.2084744765625 0 0.246286
0 0 0.20654663125 0.0111967140625 0.1984904171875 0.029674428125000003 0.18690186875 0.050791821875 0.1718142328125 0.0472722546875 0.1506695421875 0.04199290625 0.131857571875 0.0191157359375 0.14810475 0.010316821875 0.15624881562499998 0 0.16029551250000001 0 0.20654663125
0 0.220610834375 0.0194438625 0.220610834375 0.048773571875 0.223250509375 0.065218684375 0.2619657234375 0.043228421875 0.2795635484375 0.029286671874999996 0.3059602859375 0.0165863625 0.3297173484375 0.003865578125 0.330698290625 0.0025652624999999997 0.24552520156250002 0.001904565625 0.2390885484375 0.006682125 0.220610834375 0.0194438625
0 0.203892896875 0.014621421875000002 0.18453529062500001 0.025029957812499996 0.1695771390625 0.036645815625 0.159898334375 0.044783053125 0.14669996875 0.054066178124999996 0.137901053125 0.065729809375 0.137901053125 0.07863488125 0.1449401828125 0.10215325 0.154618990625 0.10574789843750002 0.181015728125 0.0930475828125 0.200373334375 0.0838122328125 0.2188510484375 0.067530928125 0.222370615625 0.048787220312500004 0.216211375 0.028795237499999998 0.203892896875 0.014621421875000002
0 0 0.8496520953125 0.008557040625 0.8542822265625001 0.028794540624999997 0.8884616718749999 0.0446325796875 0.9038359828125 0.0648700796875 0.9051661484375 0.074548884375 0.8852970296875 0.0789483390625 0.8665601421875 0.0648700796875 0.8488531078125 0.057830951562499996 0.83002749375 0.028794540624999997 0.805165303125 0.0111967140625 0.7803918328125 0 0.769304703125 0 0.8496520953125
0 0 0.7528753874999999 0.013836389062500001 0.7733731781250001 0.0349537765625 0.798173953125 0.051671709375 0.8194210171874999 0.0666298609375 0.7925537265625 0.074548884375 0.7668050125 0.0455124734375 0.72903774375 0.027034754687500002 0.694871946875 0.0050374734375 0.6759302968750001 0 0.6720948625000001 0 0.7528753874999999
0 0 0.9405515828125001 0.006299281249999999 0.9460780828124999 0.0329636703125 0.976367821875 0.055525848437500004 0.980645053125 0.09347132968750001 0.971367565625 0.0832157953125 0.9480421375000001 0.075011365625 0.93703925625 0.07193470468749999 0.9096672968749999 0.039116990625 0.9039431078125 0.014503709375000002 0.875036678125 0 0.8610006125 0 0.9405515828125001
0 0 0.5188895 0.0052800578125 0.5229533625 0.010523821875 0.5177502796875 0.011179290625000001 0.5063938875 0.012490228124999999 0.48455505312499997 0.0033136515625 0.4757442671875 0 0.47409855937499995 0 0.5188895
0 0.201308646875 0.0070426078125 0.2073377859375 0.0016083390624999998 0.1398828125 0.0010850828125 0.141824771875 0.0192251015625 0.149583540625 0.03882588125 0.1642389859375 0.0354912265625 0.184066946875 0.021851671875 0.201308646875 0.0070426078125
0 0.135790178125 0.0479144640625 0.1332039234375 0.014560446874999999 0.1325275671875 0.0010280296875 0.12398412968750001 0.0009617562499999999 0.1116517953125 0.0063471312500000005 0.10130677187499999 0.0235085828125 0.0883754953125 0.03490274375 0.0676854515625 0.05083450625 0.051305834375000005 0.064500809375 0.052167920312500005 0.08059975625 0.0530300046875 0.0989975890625 0.0582025140625 0.1220266546875 0.07372004843749999 0.11984813125 0.091823834375 0.096999625 0.115100134375 0.0718923515625 0.135790178125 0.0479144640625
0 0 0.16267260156250002 0.0021669828125 0.16182261874999998 0.0245811921875 0.1436053390625 0.046133321875 0.1219330359375 0.0452712359375 0.118478 0.047857490625 0.10470470312499999 0.0409608125 0.09085784531249999 0.016822428125 0.0826244703125 0 0.0961469578125 0 0.16267260156250002
0 0.13234183906250002 0.2340981078125 0.1573423078125 0.2250964640625 0.179756521875 0.214925309375 0.2073432453125 0.2059437265625 0.20044656249999998 0.169107928125 0.20217073281250003 0.14613236875 0.1676873296875 0.1642560234375 0.14785937031250002 0.1790450234375 0.13147975 0.1858146546875 0.13147975 0.20535525 0.13234183906250002 0.2340981078125
0 0.94804475 0.54167275 0.937758478125 0.525457625 0.9159757718750001 0.5228683578125 0.8947981468749999 0.5227040781250001 0.8796712718749999 0.520166434375 0.879066196875 0.5516256484375 0.876040821875 0.5774187140625 0.8990336734375 0.5751767671875 0.9250519015625001 0.5745718328125 0.9474396781250001 0.577972565625 0.9540955046875 0.5683429875 0.9607513265625001 0.5635540171875 0.9613564015625 0.5458098453125 0.94804475 0.54167275
0 0.9534904281250001 0.485241328125 0.9371534015625 0.47704692812499994 0.9129503968750001 0.459110315625 0.897218446875 0.45414768437499997 0.8869321734375 0.467782928125 0.8839067984375 0.4951895234375 0.8808814203124999 0.5177555234375 0.9075047234375001 0.5179620468749999 0.9292874234375 0.5173242499999999 0.958936103125 0.5328828031249999 0.9674071515625 0.529721446875 0.9722477546875 0.51765749375 0.968012228125 0.4974554765625 0.9534904281250001 0.485241328125
0 0.968617303125 0.48213159531249994 0.9722477546875 0.46683119062499995 0.974668053125 0.44990786250000003 0.9625665531250001 0.4393260234375 0.9492549015625 0.43115509531249996 0.9353381734375 0.41894564218749997 0.9214214515625001 0.40350912499999997 0.9044793484375001 0.396923565625 0.9062945765625001 0.41387975 0.897218446875 0.4323649828125 0.8833017234374999 0.446778821875 0.9093199515625001 0.4502077203125 0.920816375 0.458364565625 0.9365483265625001 0.46655426718750004 0.946834603125 0.4747017265625 0.9601462546875 0.48690648750000004 0.968617303125 0.48213159531249994
0 0.9504650531250001 0.38517877968750003 0.9323127984375 0.3551876015625 0.9050844234375001 0.33561398750000004 0.9075047234375001 0.361449303125 0.900243821875 0.389629809375 0.920816375 0.40350442812500004 0.937758478125 0.4189644171875 0.958936103125 0.43445726249999994 0.97345790625 0.44102404218749997 0.9758782046875 0.42813455312500004 0.97345790625 0.4071398390625 0.965591928125 0.394977321875 0.9504650531250001 0.38517877968750003
0 1 0.557042071875 0.9994761296875 0.5565935125 0.9891898578125 0.54602575 0.97648328125 0.5378595171875 0.97648328125 0.551574553125 0.9704325265625 0.5676629531249999 0.9661970046875 0.5821518984375 0.9819289546875 0.595182203125 0.9970558296875 0.6041739765624999 1 0.6039351125 1 0.557042071875
0 1 0.502317375 0.9934253796875 0.4976526078125 0.9782985046875 0.49188789843749997 0.974668053125 0.5079950656250001 0.974668053125 0.5281642375 0.989794928125 0.5371560125 0.9994761296875 0.5452987796875 1 0.5458369875 1 0.502317375
0 1 0.4581411015625 0.995845678125 0.45652627343749996 0.9843492546875 0.441915296875 0.9758782046875 0.44426988749999996 0.974062978125 0.457164071875 0.9728528296875 0.4716764875 0.977088353125 0.48381084531249996 0.9873746296875 0.48792447031249997 0.9964507546875 0.4888016421875 1 0.491984059375 1 0.4581411015625
0 1 0.647768321875 0.995845678125 0.6428893921875 0.97648328125 0.6459662625 0.958936103125 0.6450233812499999 0.9371534015625 0.652115309375 0.920816375 0.65440888125 0.903269196875 0.6574998328125 0.8887473968749999 0.6630345531249999 0.891167696875 0.6840292625 0.9008488968749999 0.6986261609375 0.9214214515625001 0.6947519109375 0.9413889281250001 0.707008296875 0.9534904281250001 0.6941939109375 0.9728528296875 0.6862764343750001 0.992820303125 0.6823974875000001 1 0.686920553125 1 0.647768321875
0 0.9741401609375 0.25211953593750003 0.961055928125 0.23540314218749997 0.9498408703125 0.21620901718750002 0.9355105171875 0.1861910421875 0.9211801703125 0.1902335953125 0.9143265218750001 0.213441296875 0.911834290625 0.2341905828125 0.92304934375 0.236769815625 0.9311491078125 0.2576012671875 0.9479716921874999 0.280161875 0.9573175765625 0.3134641671875 0.9741401609375 0.31276391718749996 0.9841090984375 0.2953956078125 0.9828629828125001 0.2696328453125 0.9741401609375 0.25211953593750003