0 0.381495409375 0.62490398125 0.308427478125 0.5832269484375 0.24661237812499998 0.5567060125000001 0.15176036406249999 0.55470325 0.06660254374999999 0.5619466734375 0.04253690625 0.651049865625 0.0548917703125 0.7070666734375 0.14293855 0.7291184234375 0.22140528124999997 0.7331862890624999 0.31120093125000003 0.7465850890625 0.3771986515625 0.7033738656249999 0.381495409375 0.62490398125
0 0.22741559374999998 0.3983255390625 0.1327538234375 0.3817599296875 0.0948888421875 0.40019873749999996 0.073180853125 0.43404785312499994 0.090287690625 0.5019691671875 0.148719209375 0.5370583328125 0.231823765625 0.5617684296875 0.26337814375 0.5255152171875 0.2837558015625 0.4682807953125 0.300369378125 0.44874026875000006 0.22741559374999998 0.3983255390625
0 0.2160486296875 0.39190716718749996 0.2796887015625 0.40395001875 0.319150353125 0.3885085390625 0.3606652734375 0.34111352500000003 0.3533287234375 0.2766132625 0.29253956406250003 0.2967781734375 0.2109555828125 0.2808905453125 0.1248859609375 0.232710396875 0.090138234375 0.262968975 0.056949126562499994 0.2991374359375 0.07892209375 0.37022556406249996 0.1064841 0.3891416859375 0.142828503125 0.36188042343750004 0.2160486296875 0.39190716718749996
0 0.12135985625000001 0 0.094436359375 0.059173853124999995 0.056076745312499995 0.1154760578125 0.078316046875 0.1661761984375 0.12648400312500002 0.11038248125000001 0.179630859375 0.174343103125 0.23794822343750002 0.2181699671875 0.30987606093750003 0.2218988390625 0.34477598593750003 0.1799899875 0.390472146875 0.18818803906249998 0.412370378125 0.1397760703125 0.3489586 0.11025780781250001 0.2854326734375 0.0894772625 0.21430385625 0.0245844234375 0.16058561093749998 0 0.12135985625000001 0
0 0.41761015468749996 0.7404433781249999 0.516036003125 0.7193150765625 0.541393928125 0.65650975625 0.48026369375 0.5775625578125 0.43023409375000005 0.5254217109375 0.3639714 0.4636956921875 0.301928003125 0.45465016093750005 0.2696887453125 0.543329615625 0.2825382484375 0.5614830125 0.3509683421875 0.5825178140625 0.3893646359375 0.648628275 0.38867976249999997 0.701054525 0.41761015468749996 0.7404433781249999
0 0.39947873437500003 0.5005109671875 0.440575115625 0.48515421718749996 0.49611766562500004 0.4909481859375 0.5581230140625 0.5029062953125 0.5811993921874999 0.48952990312500005 0.5835950828125 0.4313632625 0.538051115625 0.4115149296875 0.49733521875 0.3977459671875 0.45179125468750003 0.377897628125 0.388379478125 0.348379365625 0.347092853125 0.3782989546875 0.3172112453125 0.411724346875 0.34298633125 0.44220599375 0.3822577453125 0.441327353125 0.39947873437500003 0.5005109671875
0 0.4275367375 0.35623843593750004 0.44240145000000003 0.345350878125 0.520335496875 0.3901947171875 0.556033075 0.412447140625 0.56013959375 0.348540109375 0.5146336765624999 0.3257791984375 0.44008321875 0.272367153125 0.4018757953125 0.3170190765625 0.4275367375 0.35623843593750004
0 0.317478953125 0.266011115625 0.3521886296875 0.238665109375 0.36275657968749997 0.3062474421875 0.4169687953125 0.288656115625 0.42936307500000004 0.216435096875 0.3725662875 0.1814306859375 0.33983376249999997 0.1826483203125 0.314780234375 0.2221530765625 0.317478953125 0.266011115625
0 0.5141349390625 0.7396183140625 0.5775847734374999 0.7662240125 0.6249537015625 0.77159424375 0.6662403265625 0.7416746609375 0.6703848921875 0.6748550515625 0.6295168062500001 0.672736378125 0.5643942046875 0.64895850625 0.5296084249999999 0.682129653125 0.5141349390625 0.7396183140625
0 0.4934936828125 0.56659025625 0.5140221578124999 0.6230307890625 0.54154611875 0.644859475 0.57979159375 0.597294975 0.581123290625 0.4953550390625 0.5075607296875 0.4915414171875 0.42913205000000004 0.4845609875 0.43970000000000004 0.5521433203125 0.4934936828125 0.56659025625
0 0.6549888734375 0.6011933468749999 0.5899043171875 0.5745029109375 0.5808175359375001 0.6439808390625 0.63776651875 0.6673349749999999 0.6882907515625 0.6816124109375 0.69057230625 0.63218348125 0.6549888734375 0.6011933468749999
0 0.5837078671875 0.5479507890625 0.6501227484375 0.5980265390625 0.6575367625 0.5313764234375 0.5909696796875 0.4929509546875 0.5837078671875 0.5479507890625
0 0.713003215625 0.5429955390625001 0.7187825078125 0.4762606734375 0.6800818203125 0.433450775 0.5729129890625 0.372518640625 0.5656892234375 0.42460591093750005 0.5945054671875 0.47273246718750006 0.6606920640625 0.540283628125 0.713003215625 0.5429955390625001
0 0.558695115625 0.33389251249999996 0.5596082765625 0.26399084687499996 0.51239154375 0.2469703265625 0.45042423749999994 0.23209966093749998 0.44004516875000005 0.2752797171875 0.4771491796875 0.31509230781249997 0.5180172625 0.3172109875 0.558695115625 0.33389251249999996
0 0.7089374859375 0.353339525 0.6947196046874999 0.314713396875 0.649289784375 0.28612734687499997 0.5959907296875 0.23381701875 0.5629157734375 0.26124776875 0.580174809375 0.3175188078125 0.65111338125 0.39697449375 0.7089374859375 0.353339525
0 0.6950212546875 0.5420633140625 0.655407409375 0.5691550765625 0.6793575281249999 0.6141148265624999 0.6942222375 0.603227275 0.728361190625 0.6195698203125 0.7314023453125 0.637214725 0.7787332296875 0.645497525 0.7875536734375 0.5964075828125 0.75995361875 0.5804040328125 0.6950212546875 0.5420633140625
0 0.681678496875 0.4364480828125 0.7154750109375 0.47900375000000006 0.7544800859375 0.498513096875 0.7924592125000001 0.4713365890625 0.794778809375 0.41899508281250003 0.7621984890625 0.4085624296875 0.6973802734375 0.36148400625 0.6527480999999999 0.3970592375 0.681678496875 0.4364480828125
0 0.7826861828125 0.7185660125 0.793179403125 0.66664824375 0.76725211875 0.647816871875 0.7116715140625 0.644935475 0.6965785140625 0.6732984359375 0.719046115625 0.7065231671875 0.758317528125 0.7056445250000001 0.7826861828125 0.7185660125
0 0.6862755468749999 0.710653359375 0.634914240625 0.7604524484375 0.5743914203125 0.760229378125 0.577090140625 0.8040874171875 0.6049184859375 0.8026155453125 0.6749072125 0.82956023125 0.751891409375 0.8218930640625001 0.7965996765625001 0.7804926921875001 0.7811656078125 0.7097435515625 0.7286642125 0.7215944999999999 0.6862755468749999 0.710653359375
0 0.8784146828124999 0.5282544359375 0.8887937546875 0.485074371875 0.8694434140625 0.46366942343749995 0.802838284375 0.428156525 0.7907864421874999 0.47416441093749995 0.8001762484375 0.506711153125 0.8406638484375 0.5379555328125 0.8784146828124999 0.5282544359375
0 0.7817757546874999 0.5378172046875 0.7840953484375001 0.48547569843750005 0.7611331265625 0.490114378125 0.7267278312500001 0.4941598265625 0.7098859671875 0.5311757625 0.7309471265624999 0.5468403203125 0.7502213734375001 0.5740704109375 0.7817757546874999 0.5378172046875
0 0.8467081109375 0.5761579234374999 0.7993772265625 0.5678751156249999 0.8019617953125 0.620470865625 0.8330215437499999 0.6220810578125 0.872216859375 0.6270275640625 0.8711148203124999 0.5861668390625 0.8467081109375 0.5761579234374999
0 0.78391940625 0.5447823015625 0.8031365109375 0.5604182171875001 0.8186386359375 0.5745306609374999 0.8470739890625 0.5706812890624999 0.838533334375 0.5382974484374999 0.8215208921875 0.5254375828125 0.7889020796875 0.506445140625 0.7819927343749999 0.520726615625 0.78391940625 0.5447823015625
0 0.9387514250000001 0.5288532828125 0.93613040625 0.5007689546874999 0.9181456328125 0.5051601031249999 0.89351211875 0.5038830515625 0.8827661765625001 0.525950896875 0.89222705 0.5450736609375 0.9169126828125 0.5423607828125 0.9387514250000001 0.5288532828125
0 0.7567188734375 0.3397477953125 0.7292732265625 0.3250161796875 0.7180935500000001 0.32310573125 0.711097334375 0.3440370828125 0.7233703375 0.3766144171875 0.752968525 0.39811201875 0.7863164312500001 0.418473134375 0.79192395625 0.3894845125 0.7885564640625 0.3613614875 0.769287240625 0.3497155125 0.7567188734375 0.3397477953125
0 0.9072012125000001 0.42894216093750004 0.9011762484375 0.46288349999999995 0.887988309375 0.4754593015625 0.89280209375 0.4867584359375 0.8933497234375001 0.492311609375 0.9156320328125 0.4956766859375 0.9392692484375 0.4902723390625 0.9506556265624999 0.47318330781249995 0.9523567296875 0.437912853125 0.928791640625 0.43779615312500003 0.9072012125000001 0.42894216093750004
0 0.21916171874999998 0.263021146875 0.29092459375 0.2921314296875 0.293077590625 0.2636793328125 0.26231933125 0.2319341859375 0.22690363281249998 0.21581631406250001 0.190763615625 0.18696591093749998 0.1333244640625 0.1522506984375 0.0986952453125 0.1441079609375 0.0812456046875 0.1844620390625 0.0488929359375 0.2065879109375 0.049129518750000004 0.2844541609375 0.11014090000000001 0.222458096875 0.16163970156250002 0.23464913437499998 0.21916171874999998 0.263021146875
0 0.0769373734375 0.44607270468750004 0.0431360578125 0.44273350625 0.0280465796875 0.43877749374999997 0.023140554687500002 0.473434359375 0.014798610937500001 0.49839186562500004 0.04181021875 0.544224634375 0.058369060937499995 0.5720599171875 0.0739764421875 0.5363709546875 0.10864709374999999 0.5413420890625 0.094944859375 0.4993730515625 0.0769373734375 0.44607270468750004
0 0.027529420312500004 0.41018698125 0.0485799609375 0.43508137187499996 0.0684304453125 0.41548110937500005 0.09018533749999999 0.3864583328125 0.067375409375 0.359885859375 0.0647267046875 0.28992615312500003 0.0484571515625 0.3081251734375 0.026722975 0.335562140625 0.027529420312500004 0.41018698125
0 0.0232456265625 0.329034384375 0.00512495625 0.334280225 0.0040380640625 0.41748028281250005 0.015585831250000001 0.43813151250000004 0.03783716875 0.43928505781249994 0.01773883125 0.4096794109375 0.0232456265625 0.329034384375
0 0.8889246984374999 0.5414076031249999 0.872094309375 0.534738603125 0.8538272515625 0.5384287953125 0.8496382984374999 0.5602382890625 0.8669221734375 0.5820016734375 0.9019136765625 0.5930900890624999 0.9182300437500001 0.5892987625 0.9340929203125 0.5704130640625 0.9318703453125 0.541315396875 0.9116374453124999 0.546062975 0.8889246984374999 0.5414076031249999
0 0.004122765625 0.631398109375 0.027222364062499997 0.64992375625 0.04397838125 0.653286775 0.0532193203125 0.5889125390625 0.0425479390625 0.5484495828125 0.019024621875 0.527275225 0.0033639750000000004 0.515189871875 0.004122765625 0.631398109375
0 0.9212131828125001 0.8035272953125 0.92323093125 0.756239096875 0.8728977484374999 0.7511353781250001 0.8458599453125 0.7846546984375 0.8201886265624999 0.8207392171875 0.836651575 0.8465362687500001 0.8623554562500001 0.8079590765625 0.9212131828125001 0.8035272953125
0 0.8518468921875 0.755032775 0.85536138125 0.7003391031249999 0.8316101218749999 0.6966134359375 0.807858859375 0.6928877625000001 0.7949417953125 0.7171616984375 0.8000495390625 0.754841859375 0.82506959375 0.7686107437499999 0.8518468921875 0.755032775
0 0.0069354390625 0.1956904359375 0.0314893125 0.21612667968750002 0.0681902046875 0.19308574375 0.0645466359375 0.15049276250000002 0.065751475 0.0582639875 0.04684745625 0.1121598328125 0.0241696109375 0.133433396875 0.0076234421875 0.1430245 0.0069354390625 0.1956904359375
0 0.4332441796875 0.219493890625 0.48637545624999995 0.2247426796875 0.5182605031249999 0.24884487187499998 0.5295180187499999 0.24443976875 0.4993902125 0.19299073125 0.46454425468749994 0.1812068265625 0.43422107499999996 0.1447137953125 0.417041734375 0.1737554875 0.4332441796875 0.219493890625