0 0.9966640640625 0.6410039765625 0.9137220328125 0.592443071875 0.8919667468749999 0.6968490234375 0.9830670093749999 0.7405538390624999 0.9966640640625 0.6410039765625
0 0.9993834734375 0.7648342921875 0.8865279265625 0.7138453390625 0.8511755859375001 0.8109671546874999 0.992584946875 0.8910926484375 0.9993834734375 0.7648342921875
0 0.9980237703125001 0.9153731078125 0.8443770562499999 0.8376756546875 0.8253411828124999 0.9542218328125 0.97898789375 1 0.9980237703125001 0.9153731078125
0 0.16363636406249998 0.0838744578125 0.1848484828125 0.10822510781250001 0.2136363640625 0.12987013125 0.239393940625 0.0919913390625 0.24848485 0.059523809375 0.22878787968749997 0.0216450234375 0.19242424375 0.0324675296875 0.16363636406249998 0.0838744578125
0 0.33181818281250003 0.183982684375 0.3212121203125 0.1461038984375 0.3212121203125 0.1136363625 0.33030302968749997 0.0892857140625 0.35757575625000004 0.054112553125 0.309090909375 0.056818184375000004 0.2833333328125 0.045995671875 0.2636363640625 0.073051946875 0.239393940625 0.11904761875 0.24848485 0.1650432921875 0.27272727343750003 0.173160171875 0.290909090625 0.1677489171875 0.310606059375 0.175865803125 0.3378787859375 0.2245671015625 0.34393939375000004 0.194805196875 0.33181818281250003 0.183982684375
0 0.34848485 0.24621211875000001 0.3636363640625 0.2272727265625 0.3333333328125 0.21103895781249998 0.309090909375 0.194805196875 0.2878787859375 0.181277053125 0.2681818171875 0.20833333281250002 0.240909090625 0.21103895781249998 0.245454546875 0.21915584531249999 0.24848485 0.251623375 0.2712121203125 0.26244588750000003 0.2863636359375 0.2840909109375 0.310606059375 0.300324671875 0.3212121203125 0.2678571421875 0.34848485 0.24621211875000001
0 0.25303030312499997 0.178571428125 0.2363636359375 0.1596320359375 0.2227272734375 0.1488095234375 0.20757575625000002 0.1488095234375 0.19696969687500002 0.1596320359375 0.1803030296875 0.1677489171875 0.190909090625 0.2056277078125 0.20151515 0.21915584531249999 0.2212121203125 0.2245671015625 0.239393940625 0.23538961249999998 0.24242424375 0.21103895781249998 0.246969696875 0.194805196875 0.25303030312499997 0.178571428125
0 0.5151515171875001 0.21645021406249998 0.5636363640625001 0.18939394062499998 0.6212121203125001 0.1650432921875 0.6424242437500001 0.1379870125 0.6772727265625 0.1136363625 0.696969696875 0.08116883281250001 0.7242424234375 0.051406928124999994 0.7151515171875 0.0162337671875 0.7045454531249999 0.0162337671875 0.6833333328125 0.0189393921875 0.653030303125 0.0189393921875 0.6303030296875 0.008116881250000001 0.59242424375 0.0054112562500000004 0.5636363640625001 0 0.5227272734375 0.0162337671875 0.47727272656249997 0.0216450234375 0.4212121203125 0.0270562796875 0.3681818171875 0.056818184375000004 0.3363636359375 0.1028138515625 0.3363636359375 0.10551948281250001 0.339393940625 0.1515151484375 0.35 0.178571428125 0.38333333281250004 0.197510821875 0.4121212140625 0.23538961249999998 0.445454546875 0.251623375 0.5151515171875001 0.21645021406249998
0 0.59393939375 0.3841991375 0.6121212140625001 0.321969696875 0.6818181828125 0.29220779218750004 0.7151515171875 0.2272727265625 0.7151515171875 0.186688309375 0.69242424375 0.15692640468750002 0.6651515171875 0.1461038984375 0.6363636359375 0.1650432921875 0.5818181828125 0.194805196875 0.539393940625 0.21103895781249998 0.49848485 0.23268398281249997 0.46212121406250006 0.25703463125 0.43181818281249995 0.2705627671875 0.40151515 0.24350649375 0.3772727265625 0.23268398281249997 0.35 0.2597402625 0.3378787859375 0.29220779218750004 0.310606059375 0.319264071875 0.310606059375 0.33279220781249996 0.29393939375 0.3896103875 0.3757575765625 0.39231601718750003 0.43333333281249997 0.4870129875 0.49242424375000005 0.454545453125 0.54393939375 0.427489178125 0.59393939375 0.3841991375
0 0.6075757562499999 0.5140692625 0.6651515171875 0.46266233906250004 0.7136363640625001 0.40854978593749997 0.7212121203125 0.3544372328125 0.710606059375 0.313852815625 0.6742424234375 0.308441559375 0.6287878796874999 0.3490259765625 0.5848484828125 0.39231601718750003 0.5348484828125 0.44913419687499995 0.460606059375 0.49512986875 0.409090909375 0.4653679640625 0.35454545312499997 0.427489178125 0.3227272734375 0.4572510828125 0.345454546875 0.4843073578125 0.38030302968749996 0.5248917734375 0.4272727265625 0.573593071875 0.5060606062499999 0.6547619046875 0.5651515171875 0.579004328125 0.6075757562499999 0.5140692625
0 0.5106060593749999 0.7711038984374999 0.54393939375 0.7196969703125 0.5803030296875 0.676406928125 0.6075757562499999 0.627705625 0.6287878796874999 0.5952380953125 0.6621212140625 0.557359309375 0.6727272734375 0.50595238125 0.6878787859375 0.46266233906250004 0.6787878796875 0.446428571875 0.6590909093749999 0.4572510828125 0.6348484828125 0.4978355 0.5848484828125 0.554653678125 0.546969696875 0.5979437203125 0.5227272734375 0.6412337671875 0.49696969687500003 0.6412337671875 0.46515151718750003 0.627705625 0.445454546875 0.5979437203125 0.41969697031250003 0.565476190625 0.3878787859375 0.546536796875 0.3651515171875 0.546536796875 0.34242424374999997 0.568181815625 0.3287878796875 0.579004328125 0.346969696875 0.6574675296875 0.360606059375 0.6682900421875 0.3818181828125 0.684523809375 0.41060605937499994 0.7088744578124999 0.45757575624999997 0.7521645 0.4848484828125 0.800865803125 0.5106060593749999 0.7711038984374999
0 0.509090909375 0.87391775 0.5348484828125 0.8198051968750001 0.5863636359375 0.749458875 0.6136363640625 0.7142857140625 0.6636363640625 0.6493506484375 0.6833333328125 0.61688311875 0.6833333328125 0.579004328125 0.6651515171875 0.5600649343749999 0.646969696875 0.565476190625 0.6151515171875 0.625 0.5621212140625 0.7088744578124999 0.5227272734375 0.7359307375 0.495454546875 0.7873376609375 0.4681818171875 0.800865803125 0.44848485 0.7846320359375001 0.43181818281249995 0.7521645 0.404545453125 0.7305194828125 0.3742424234375 0.6980519468749999 0.353030303125 0.676406928125 0.33181818281250003 0.676406928125 0.3121212140625 0.695346321875 0.3166666671875 0.7359307375 0.3348484828125 0.74404761875 0.3621212140625 0.800865803125 0.3878787859375 0.8198051968750001 0.4121212140625 0.86850649375 0.46363636406250003 0.9172077921874999 0.509090909375 0.87391775
0 0.853030303125 0.23268398281249997 0.889393940625 0.2056277078125 0.90151515 0.1677489171875 0.89848485 0.13257575625 0.8727272734374999 0.12716449999999999 0.85 0.11904761875 0.8257575765625 0.124458875 0.79393939375 0.124458875 0.7681818171875 0.13257575625 0.7166666671875 0.1136363625 0.710606059375 0.14339826718749998 0.70606060625 0.170454546875 0.7045454531249999 0.20833333281250002 0.7257575765625 0.2380952375 0.7787878796875 0.2380952375 0.8136363640625 0.24621211875000001 0.853030303125 0.23268398281249997
0 0.895454546875 0.311147184375 0.8818181828125 0.2786796546875 0.85606060625 0.251623375 0.8409090906250001 0.2705627671875 0.8151515171874999 0.2678571421875 0.790909090625 0.2678571421875 0.746969696875 0.2678571421875 0.7181818171875001 0.25432900625 0.7181818171875001 0.2867965359375 0.7151515171875 0.311147184375 0.7227272734375 0.3652597375 0.7848484828125 0.39231601718750003 0.8242424234374999 0.3571428578125 0.8727272734374999 0.3382034640625 0.895454546875 0.311147184375
0 0.860606059375 0.38149350625 0.84393939375 0.373376625 0.8166666671874999 0.37878788124999996 0.8 0.37878788124999996 0.7681818171875 0.4166666671875 0.7287878796875 0.3841991375 0.703030303125 0.4166666671875 0.7136363640625001 0.4680735953125 0.7621212140625 0.4870129875 0.796969696875 0.4653679640625 0.8575757562499999 0.45995670781250003 0.8727272734374999 0.41937229218749994 0.860606059375 0.38149350625
0 0.8742424234374999 0.546536796875 0.85 0.50865800625 0.8287878796875001 0.47077922031249997 0.8 0.4978355 0.7712121203125 0.5113636374999999 0.7333333328125 0.500541125 0.6863636359374999 0.4843073578125 0.6803030296875 0.5221861484375 0.6757575765625 0.5600649343749999 0.7303030296874999 0.6060606078124999 0.7757575765625 0.6087662328125 0.803030303125 0.6006493515625 0.8333333328125001 0.568181815625 0.8742424234374999 0.546536796875
0 0.85 0.5979437203125 0.8181818171874999 0.6006493515625 0.7848484828125 0.63311688125 0.753030303125 0.6520562796875 0.70606060625 0.6141774875 0.6848484828125 0.6682900421875 0.7439393937500001 0.695346321875 0.79242424375 0.74134199375 0.8378787859375001 0.7305194828125 0.860606059375 0.6899350656250001 0.860606059375 0.6439393921875001 0.85 0.5979437203125
0 0.945454546875 0.059523809375 0.9318181828125001 0.0162337671875 0.90606060625 0.008116881250000001 0.8651515171874999 0.010822512500000001 0.8363636359375001 0.0162337671875 0.79393939375 0.0189393921875 0.7348484828124999 0.0216450234375 0.7227272734375 0.073051946875 0.7742424234375 0.10822510781250001 0.8227272734375 0.10822510781250001 0.8636363640625 0.10551948281250001 0.89393939375 0.1001082265625 0.9348484828125001 0.0892857140625 0.945454546875 0.059523809375
0 0.348236303125 0.5452623328125 0.3507968640625 0.5189708578125 0.348236303125 0.505253565625 0.336073640625 0.496108703125 0.32199055312499997 0.4778189828125 0.32199055312499997 0.46181547656250005 0.32455111406250003 0.44809818437500004 0.3047067671875 0.4286653578125 0.286142696875 0.4183773875 0.2707793328125 0.42752225 0.2541356828125 0.44466886250000004 0.2643779296875 0.4675310125 0.2707793328125 0.4858207375 0.28550255625 0.4995380296875 0.3002257828125 0.5029673515625 0.3111081703125 0.5201139640625 0.33223279687499996 0.5406899046875 0.348236303125 0.5452623328125
0 0.262457509375 0.3132114875 0.26629835 0.2892062265625 0.26309765 0.26977339843750003 0.2515751234375 0.26291475000000003 0.2259695140625 0.24919745781249997 0.210606146875 0.2366232734375 0.1984434828125 0.24005260156250002 0.18115969375000002 0.251483671875 0.187561096875 0.27091650624999997 0.193322359375 0.2903493328125 0.20676530624999997 0.299494196875 0.21956810937500001 0.3109252734375 0.24325329999999998 0.32578567187499996 0.2554159671875 0.3280718875 0.262457509375 0.3132114875
0 0.2317307765625 0.44695507812499996 0.242613159375 0.4583861546875 0.2483744234375 0.4412395421875 0.2573363859375 0.42523603593750003 0.2643779296875 0.406946309375 0.265658209375 0.38751348281250003 0.2541356828125 0.3760824046875 0.2381321796875 0.364651328125 0.22724979374999998 0.348647821875 0.2182878296875 0.323499453125 0.2029244640625 0.3360736375 0.1882012359375 0.3440753921875 0.177318853125 0.3555064703125 0.17987941406250002 0.3692237625 0.18500053593750002 0.381797940625 0.19268222031249999 0.39437212499999996 0.20036390312500002 0.398944559375 0.20420474375 0.4218067078125 0.21956810937500001 0.430951571875 0.2317307765625 0.44695507812499996
0 0.4803030296875 1 0.50757575625 0.9713203453125001 0.55606060625 0.9009740234375 0.59242424375 0.8333333328125001 0.6227272734375 0.7873376609375 0.65 0.75487013125 0.6621212140625 0.7088744578124999 0.6727272734375 0.6574675296875 0.6606060593749999 0.6412337671875 0.6363636359375 0.673701296875 0.60606060625 0.7088744578124999 0.5681818171875 0.7873376609375 0.503030303125 0.87391775 0.48333333281249996 0.928030303125 0.4257575765625 0.9172077921874999 0.3742424234375 0.8441558453125 0.339393940625 0.7819264046875001 0.3181818171875 0.8468614703125 0.346969696875 0.87391775 0.36969697031250004 0.9090909109374999 0.3863636359375 0.928030303125 0.409090909375 0.9821428578125 0.4303030296875 1 0.4803030296875 1
0 0.7681818171875 0.7900432921875 0.7651515171875001 0.7656926421875 0.740909090625 0.75487013125 0.7227272734375 0.7088744578124999 0.69242424375 0.6872294343750001 0.6636363640625 0.7278138515625 0.65151515 0.7738095234375 0.6772727265625 0.808982684375 0.7136363640625001 0.8441558453125 0.746969696875 0.8658008625000001 0.75757575625 0.822510821875 0.7681818171875 0.7900432921875
0 0.310606059375 0.6060606078124999 0.3242424234375 0.6087662328125 0.3257575765625 0.5871212140625001 0.3227272734375 0.557359309375 0.3151515171875 0.5519480531250001 0.30757575625 0.5357142859375 0.290909090625 0.5303030296875 0.28181818281250004 0.50595238125 0.2636363640625 0.5194805171875 0.25151515 0.5275974046874999 0.259090909375 0.5438311671875 0.2772727265625 0.5627705656249999 0.2848484828125 0.573593071875 0.296969696875 0.5925324703125 0.310606059375 0.6060606078124999
0 0.3227272734375 0.6574675296875 0.296969696875 0.61688311875 0.28181818281250004 0.5844155828125001 0.2681818171875 0.5925324703125 0.254545453125 0.6033549765624999 0.24242424375 0.6439393921875001 0.26515151718749996 0.6601731609375 0.2803030296875 0.6899350656250001 0.30606060625 0.7386363625000001 0.3166666671875 0.7251082265625 0.3272727265625 0.6899350656250001 0.3227272734375 0.6574675296875