0 0.7927051140625 0.7448033484375001 0.7806010359375 0.8090061015625001 0.9069876062500001 0.899688 0.939075865625 0.8897051703125 0.9501874578124999 0.8089733671875001 0.9093034687499999 0.8116420703125 0.7927051140625 0.7448033484375001
0 0.6421440390625001 0.8772423921874999 0.7599045249999999 0.9118975890625001 0.77552445 0.834020246875 0.67849413125 0.7911890125000001 0.6503378765625001 0.817709690625 0.6421440390625001 0.8772423921874999
0 0.5427768265624999 0.8632599437499999 0.642546840625 0.9099257968750001 0.6448626984375 0.8218798734374999 0.57795636875 0.785711228125 0.5541047406249999 0.8165664046875 0.5427768265624999 0.8632599437499999
0 0.9641738328124999 0.707354690625 0.92178510625 0.7090861390625001 0.8278762453124999 0.643575778125 0.8110605281250001 0.658921203125 0.7950462125 0.72779400625 0.9194692484375 0.7971320562499999 0.9523864156249999 0.792996728125 0.9641738328124999 0.707354690625
0 0.662055975 0.768181265625 0.7778739609375 0.8406897656250001 0.7907541984375 0.758977803125 0.6898010140624999 0.6852983234375001 0.6749488296874999 0.7219875890624999 0.662055975 0.768181265625
0 0.696001871875 0.521545765625 0.6901575421875 0.5877479812499999 0.7969676765625 0.6307435375 0.8082871812500001 0.5603711203125 0.696001871875 0.521545765625
0 0.9809387484375 0.5855484109375 0.9883820703125 0.5314686078124999 0.9887729000000001 0.5114932343749999 0.9463582015625001 0.5068091453125 0.8336785078125001 0.45897924687499997 0.8196193078125 0.525517025 0.9459932625 0.5806806328125 0.9809387484375 0.5855484109375
0 0.819631925 0.5610353171875 0.813003028125 0.6210678921875 0.935470946875 0.692740975 0.965441925 0.698141296875 0.9785021421875 0.6032516765625 0.939351740625 0.6051949109375 0.819631925 0.5610353171875
0 0.7127923515625 0.435163753125 0.6995135171875 0.49603174687499996 0.8121974218749999 0.5557010890625 0.8211632124999999 0.46681972812500006 0.7127923515625 0.435163753125
0 0.9909023515625 0.40265644375000004 0.9557057656250001 0.39141404999999996 0.8496844078124999 0.3664275890625 0.833271496875 0.41445641718750004 0.9455610140624999 0.465121209375 0.989581184375 0.47018151875 0.9909023515625 0.40265644375000004
0 0.7217539328125 0.33444296875 0.70691436875 0.406650525 0.8199842515625001 0.45164553749999997 0.835599971875 0.361928778125 0.7217539328125 0.33444296875
0 0.7322888609375 0.2579009171875 0.72057496875 0.319268784375 0.8265963265625 0.344255240625 0.840265340625 0.28055236093749997 0.7322888609375 0.2579009171875
0 0.9929988968749999 0.2955013421875 0.9810970890625 0.2900221640625 0.8492647796874999 0.28638645625 0.839289025 0.34803143593749997 0.9670420999999999 0.3683993671875 0.9914202546875 0.3761861703125 0.9929988968749999 0.2955013421875
0 0.5884618515625 0.6262931640625 0.5618873609375 0.7006714359374999 0.6608685999999999 0.729328209375 0.6788422453125 0.6699598171875001 0.5884618515625 0.6262931640625
0 0.6103078796875 0.4556998484375 0.59702905 0.5165678484375 0.68232444375 0.561569790625 0.6963836421875 0.49503200625000005 0.6103078796875 0.4556998484375
0 0.593907584375 0.539246975 0.5778890609375 0.5962803359375 0.6682736625000001 0.6517864171875 0.6897673609375 0.5905828796875 0.593907584375 0.539246975
0 0.7538045999999999 0.951798203125 0.7552223328125 0.9459162718749999 0.6570172515625 0.899750284375 0.6489541390625 0.958333215625 0.7538045999999999 0.951798203125
0 0.6083233124999999 0.3751588609375 0.600133684375 0.44653099375 0.683461340625 0.45834966406250005 0.690480421875 0.395482203125 0.6083233124999999 0.3751588609375
0 0.62472360625 0.291611740625 0.616919953125 0.34830955 0.7022069390625 0.3696326265625 0.706880715625 0.3119350828125 0.62472360625 0.291611740625
0 0.7346047234374999 0.1698549875 0.7228908296875 0.2312228484375 0.8340055890625001 0.2785528921875 0.849231128125 0.19167101250000002 0.7346047234374999 0.1698549875
0 0.629384765625 0.1983958984375 0.6114111203125 0.257764284375 0.7119615031250001 0.29876036093749997 0.7260207015625 0.23222258906249998 0.629384765625 0.1983958984375
0 0.9949360109375001 0.1964948671875 0.9646294859375001 0.1841383859375 0.8597997124999999 0.2098444046875 0.8574712375000001 0.2623720375 0.9642687515624999 0.26984929687500003 0.9933545953125 0.2773214046875 0.9949360109375001 0.1964948671875
0 0.996507234375 0.11618930937500001 0.9505172906249999 0.10149934218750001 0.861326790625 0.10378939843749999 0.8504016734375 0.1831663359375 0.9775349640625001 0.1734630125 0.995179659375 0.1840420375 0.996507234375 0.11618930937500001
0 0.5490491953125 0.900777703125 0.542416084375 0.9489708484375001 0.56918255625 0.9633051328125 0.631163740625 0.95944203125 0.6355151390625 0.93727496875 0.5490491953125 0.900777703125
0 0.458287028125 0.8836248031249999 0.4602421453125 0.8812897843749999 0.536919871875 0.8939438734375 0.5431627984375 0.8485856265624999 0.4649117234375 0.811752803125 0.458287028125 0.8836248031249999
0 0.4649033078125 0.78807394375 0.5392399390625 0.8177373734375 0.5564290109375001 0.7521993296875 0.49148200781250007 0.7255351078125 0.46880092968750003 0.7478856015625001 0.4649033078125 0.78807394375
0 0.4485366671875 0.96633650625 0.5322503046875 0.9634808546875 0.537318471875 0.9147878421875 0.47432658437499997 0.8857885953125001 0.45047496093749995 0.916643765625 0.4485366671875 0.96633650625
0 0.57440265625 0.6928309359375 0.50123236875 0.6428234046875 0.481299396875 0.6926873859375 0.4773975703125 0.7210362906250001 0.4738775109375 0.72287145625 0.5583799218750001 0.7380248796875 0.57440265625 0.6928309359375
0 0.5105673078125 0.4919100125 0.49259786875 0.5631178296875 0.5767143046875 0.5929455828125 0.5939033765625 0.5274075375 0.5105673078125 0.4919100125
0 0.9320587687499999 0.9406881640625 0.9379022734375001 0.8982319296875 0.8944681093750001 0.89568905625 0.779837496875 0.8620336078124999 0.7732086 0.9220661828125 0.8151342843749999 0.9479757093750001 0.9320587687499999 0.9406881640625
0 0.7420097796875 0.09231320937500001 0.7345963125 0.1461761203125 0.837491996875 0.182002284375 0.8507666234375 0.1092948609375 0.7420097796875 0.09231320937500001
0 0.644979453125 0.04948196875 0.64262994375 0.042812456250000006 0.6317048296875 0.12218939843750001 0.725592659375 0.12850260156249999 0.7384771 0.0586300640625 0.644979453125 0.04948196875
0 0.632887996875 0.14920301875 0.62429976875 0.1997311828125 0.713496996875 0.216384209375 0.7244221093750001 0.137007271875 0.632887996875 0.14920301875
0 0.5160172453125 0.416703253125 0.5136719390625 0.42187316406250003 0.587228209375 0.4572063734375 0.6012831984375 0.3788291703125 0.52499145 0.351500759375 0.5160172453125 0.416703253125
0 0.5366674828125 0.18357801875 0.529648396875 0.2464454875 0.6067247234375001 0.27994354375 0.6196091671875 0.2100710125 0.5366674828125 0.18357801875
0 0.5257465703124999 0.2747943859375 0.5159877984375 0.333827234375 0.5856296171875 0.36199105625 0.604383628125 0.2969528859375 0.5257465703124999 0.2747943859375
0 0.3812191203125 0.8738056078125 0.3667613265625 0.9194994171875001 0.4231074859375 0.9611735124999999 0.44186570156249994 0.907974771875 0.3812191203125 0.8738056078125
0 0.3862788765625 0.801433734375 0.3769102796875 0.8576316828125 0.4375610703125 0.903640278125 0.45709965625000004 0.8447717593749999 0.3862788765625 0.801433734375
0 0.3948586875 0.727226709375 0.3823602234375 0.7824249234375 0.4426250359375 0.8431078421875 0.4625538015625 0.7814044234375 0.3948586875 0.727226709375
0 0.4135916671875 0.6029913796875 0.3995282625 0.657689721875 0.459394475 0.6975286765625001 0.475803184375 0.6376604171875 0.4135916671875 0.6029913796875
0 0.5519014359375001 0.12037500625 0.5393987625000001 0.163733790625 0.6078658265625 0.18856286093750002 0.6141045421875 0.1313651765625 0.5519014359375001 0.12037500625
0 0.42530135468749997 0.5297840953125 0.41593276562500003 0.5859820375 0.47618915937499995 0.6229860890625 0.49142731875 0.57162250625 0.42530135468749997 0.5297840953125
0 0.43310080156249997 0.46124684218749995 0.4186430109375 0.5069406453124999 0.480468553125 0.5562840062500001 0.49844219531249995 0.4969156078125 0.43310080156249997 0.46124684218749995
0 0.44324555312499997 0.3875396828125 0.4295723296875 0.4394031328125 0.4870932484375 0.484412 0.50350195 0.424543740625 0.44324555312499997 0.3875396828125
0 0.4643406625 0.3054921640625 0.43502226874999994 0.3641963734375 0.5046682984374999 0.40419963281250004 0.52185736875 0.3386615953125 0.4643406625 0.3054921640625
0 0.3076502375 0.8029541015625 0.299045184375 0.80612455 0.3710365078125 0.8409578921875 0.383534975 0.7857596828125 0.3193683328125 0.7534256703125 0.3076502375 0.8029541015625
0 0.3490264296875 0.5498133984375 0.331044371875 0.5855029359375 0.3932601 0.6320113984375 0.4014539359375 0.572478690625 0.3490264296875 0.5498133984375
0 0.28879947499999997 0.5956853671875 0.26729315625 0.6213706140624999 0.31894870625 0.67338455 0.32988644375 0.6295258984375 0.28879947499999997 0.5956853671875
0 0.37672519531250004 0.336696728125 0.366181846875 0.3895599171875 0.42291819531249997 0.42839912656249995 0.43463629375 0.378870696875 0.37672519531250004 0.336696728125
0 0.3583697875 0.42257887343749995 0.35173667656249996 0.4707720125 0.41120850000000003 0.5016064234375001 0.423706971875 0.44640820937500003 0.3583697875 0.42257887343749995
0 0.34978996875 0.4967858984375 0.342376496875 0.5506488296875001 0.40106375156249996 0.5753135828125 0.4186472125 0.5187800765625 0.34978996875 0.4967858984375
0 0.393503053125 0.2147964234375 0.3825611140625 0.24681563906249998 0.4373507484375 0.311668734375 0.4533692734375 0.2546353671875 0.393503053125 0.2147964234375
0 0.3016460640625 0.41925795624999995 0.29422838281249997 0.46128144375 0.3439204 0.4919515375 0.3575936234375 0.44008808281249995 0.3016460640625 0.41925795624999995
0 0.2595063296875 0.7254261640624999 0.254828340625 0.771284284375 0.3021708515625 0.7952848546875 0.3119338296875 0.74809145 0.2595063296875 0.7254261640624999
0 0.252877425 0.7854587343749999 0.24663871249999997 0.8426564109375001 0.29671670625 0.8586521828125001 0.30491475156250003 0.8109589109374999 0.252877425 0.7854587343749999
0 0.1620437515625 0.5670355125000001 0.1550162546875 0.6062241203125 0.202753159375 0.6392292281249999 0.217995525 0.5997050703125 0.1620437515625 0.5670355125000001
0 0.178830021875 0.4688140640625 0.17219691875 0.517007215625 0.219929609375 0.5381728921875 0.2292939921875 0.47013551875 0.178830021875 0.4688140640625
0 0.3140238046875 0 0.3996955 0.027365 0.40439929843750005 0 0.3140238046875 0
0 0.5292203578125 0.1427255 0.47288261406250004 0.124730259375 0.46389999687500005 0.16625388593749998 0.5198475609375001 0.1870840125 0.5292203578125 0.1427255
0 0.4650789609375 0.18142807656249998 0.46079536093750006 0.23629074062500002 0.5159583546875 0.25095120937500004 0.524546578125 0.20042305 0.4650789609375 0.18142807656249998
0 0.30983569218749996 0.347885809375 0.298897953125 0.39174446875 0.345850284375 0.41857992343749995 0.363828134375 0.37105096875 0.30983569218749996 0.347885809375
0 0.20901711406249998 0.6530681328125 0.19534389375 0.7049315828125 0.24894615312499999 0.7309316203125 0.261843215625 0.6965773859375 0.20901711406249998 0.6530681328125
0 0.33793725937499997 0.1674525375 0.3152645953125 0.21348189843749998 0.384117634375 0.22363665156249998 0.3931002515625 0.18211302499999998 0.33793725937499997 0.1674525375
0 0.2264407265625 0.146636253125 0.21980341874999998 0.18298996875 0.2624469046875 0.19365150625 0.26595434375 0.15629805624999998 0.2264407265625 0.146636253125
0 0.1870238578125 0.4092813609375 0.1784188046875 0.412451809375 0.23436216718749997 0.42144250000000005 0.2409952734375 0.3732493609375 0.1952219046875 0.3615880828125 0.1870238578125 0.4092813609375
0 0.31344472031250004 0.2860619296875 0.307663871875 0.339061784375 0.364219109375 0.3626111328125 0.3718115890625 0.3074476203125 0.31344472031250004 0.2860619296875
0 0.25563966250000003 0.3155885703125 0.2478664109375 0.3720655 0.3007964359375 0.3944568921875 0.31273526875 0.3297123984375 0.25563966250000003 0.3155885703125
0 0.2225503546875 0.5340028296875 0.21713300000000002 0.5898611140625001 0.264260740625 0.6049145125 0.2722167125 0.5526094296874999 0.2225503546875 0.5340028296875
0 0.2159060921875 0.197317746875 0.2081289390625 0.24282415781250002 0.2581587984375 0.26428918281249997 0.2672033125 0.21507411406250002 0.2159060921875 0.197317746875
0 0.23127182343750002 0.0856773171875 0.2229504046875 0.129638715625 0.2668203265625 0.1573631015625 0.2803919640625 0.0972536453125 0.23127182343750002 0.0856773171875
0 0.44008417031249997 0.0168968421875 0.41946503125 0.064056796875 0.531798453125 0.120412696875 0.54801655 0.06416896875 0.44008417031249997 0.0168968421875
0 0.55646665625 0.043834056249999996 0.5544566765625001 0.0994974234375 0.6238101390625 0.1088534234375 0.6308960078125 0.057370715625 0.55646665625 0.043834056249999996
0 0.12047195 0.56640246875 0.10909772343749999 0.6091663796875 0.14109229375000001 0.655840803125 0.159471478125 0.6020581015625 0.12047195 0.56640246875
0 0.016656525 0.57632500625 0.01053955 0.6207681703125 0.0460248234375 0.6287886968749999 0.057399053125 0.5860247968750001 0.016656525 0.57632500625
0 0.136751290625 0.7671327156250001 0.140256128125 0.768252221875 0.1849498375 0.8024125953125001 0.195013284375 0.769172221875 0.14900408125 0.7312775890625 0.136751290625 0.7671327156250001
0 0.137070453125 0.43251322812500004 0.1318273328125 0.4706073671875 0.16775425156249998 0.4887111828125 0.1747497875 0.45117679062500005 0.137070453125 0.43251322812500004
0 0.0823227203125 0.4581088234375 0.0744533296875 0.5019922343750001 0.1134481484375 0.5243900640625 0.127890284375 0.48592017656250003 0.0823227203125 0.4581088234375
0 0.10068777656250001 0.364552728125 0.091939815625 0.40152736093749997 0.1274298046875 0.4228056828125 0.1370516140625 0.379482025 0.10068777656250001 0.364552728125
0 0.1637324078125 0.2653836078125 0.15411060000000001 0.308707265625 0.1896005890625 0.3299855953125 0.20097481562500003 0.28722169062499997 0.1637324078125 0.2653836078125
0 0.08442256406250001 0.2035958796875 0.07348055625 0.229927475 0.11160623437499999 0.2719321328125 0.12166496874999999 0.22543395624999998 0.08442256406250001 0.2035958796875
0 0.34676347500000004 0.052092817187499994 0.3397679328125 0.089627209375 0.4024133234375 0.0996949875 0.4032683375 0.040314771875 0.34676347500000004 0.052092817187499994
0 0.6612714046875 0.7620116140625 0.5665863796874999 0.71401046875 0.5544823046875 0.778213221875 0.646431840625 0.8342191640625 0.6612714046875 0.7620116140625
0 0.7950251734375 0.6685968484375 0.6999457625 0.6115911640625 0.6737614578125 0.6831345375 0.7817547593749999 0.753143703125 0.7950251734375 0.6685968484375
0 0.39054985468750003 0.711052784375 0.3271677875 0.6848884234375 0.3174090078125 0.7439212656249999 0.38079528749999997 0.78192505 0.39054985468750003 0.711052784375
0 0.40148337968750003 0.655354709375 0.342791921875 0.61885051875 0.3240379109375 0.683888690625 0.3889891234375 0.7223923484375 0.40148337968750003 0.655354709375
0 0.356053925 0.510624796875 0.2879728375 0.47112140468749997 0.28525418125 0.5264839359375 0.3345602265625 0.5718283484375 0.356053925 0.510624796875
0 0.293053628125 0.45794669062500004 0.2464914828125 0.4282763421875 0.2296841734375 0.4673006203125 0.282115890625 0.5018053359375 0.293053628125 0.45794669062500004
0 0.27473186875 0.638544284375 0.224645453125 0.5988696515624999 0.2050984609375 0.634059309375 0.251278840625 0.6902434171875 0.27473186875 0.638544284375
0 0.3090258796875 0.27067958281250004 0.260517025 0.2670231140625 0.253489528125 0.306211721875 0.30317734375 0.3250423734375 0.3090258796875 0.27067958281250004
0 0.3234836734375 0.22498577812499998 0.321528553125 0.22732080312499997 0.30942026562499997 0.2796841203125 0.3665383796875 0.2920095828125 0.37199673125 0.24048167656250002 0.3234836734375 0.22498577812499998
0 0.32971818124999996 0.15594866406250002 0.27572994375 0.14462295 0.264406234375 0.2031559109375 0.3164351453125 0.20497722187499998 0.32971818124999996 0.15594866406250002
0 0.3351681203125 0.0807419046875 0.282753234375 0.0935949109375 0.274945371875 0.138453290625 0.3289294046875 0.13793958281250002 0.3351681203125 0.0807419046875
0 0.15543168125 0.674425809375 0.156212046875 0.668756025 0.14645326875 0.7277888671875 0.1930196203125 0.7692986515625 0.20512790781249998 0.7169353234375 0.15543168125 0.674425809375
0 0.2293533265625 0.07824288593749999 0.1880503234375 0.05804505 0.1762131953125 0.099095765625 0.217144790625 0.11637298125 0.2293533265625 0.07824288593749999
0 0.21992534375 0.1242660890625 0.1745508375 0.111173690625 0.16864023749999998 0.15411742343749998 0.211976996875 0.16515795 0.21992534375 0.1242660890625
0 0.21309519531249999 0.1851289875 0.17179418125 0.170535753125 0.16291832343749998 0.20692837968750002 0.204775446875 0.223100234375 0.21309519531249999 0.1851289875
0 0.2057069390625 0.2388086703125 0.1675539046875 0.22381995625 0.1596055609375 0.2647118234375 0.1975719 0.2754379234375 0.2057069390625 0.2388086703125
0 0.193817528125 0 0.18580796093750002 0.0012891828124999998 0.1830453296875 0.0438374625 0.226006709375 0.040748164062499995 0.2316151234375 0 0.193817528125 0
0 0.2811885703125 0.0331563671875 0.234151709375 0.0321418921875 0.2300941453125 0.0784795125 0.2799095640625 0.08178249374999999 0.2811885703125 0.0331563671875
0 0.3508193328125 0.038585740624999997 0.29285294375 0.027075234375 0.28916677968750004 0.0763334625 0.3375025640625 0.08476779062499999 0.3508193328125 0.038585740624999997
0 0.40066462343750003 0.125957690625 0.3445492765625 0.11223645625 0.33197331874999997 0.15865513281250002 0.39123863124999997 0.1775854875 0.40066462343750003 0.125957690625
0 0.2542393765625 0.2795285828125 0.2129343796875 0.2537261515625 0.20313101093750002 0.28561954375 0.2442552796875 0.3239731640625 0.2542393765625 0.2795285828125
0 0.1955560609375 0.33503662031250003 0.1499968515625 0.323286209375 0.14038216718750002 0.365046809375 0.1876097125 0.3815330890625 0.1955560609375 0.33503662031250003
0 0.1407555609375 0.37357201875 0.141498371875 0.37941325312499996 0.130586765625 0.41935859531249997 0.17892851406250002 0.444606709375 0.185760659375 0.3893484046875 0.1407555609375 0.37357201875
0 0.13466623125 0.43467155 0.09780813125 0.4158934875 0.0818935171875 0.44723584218749995 0.12394131875 0.47887950625000003 0.13466623125 0.43467155
0 0.142038553125 0.33615508906249997 0.10981403593750001 0.3286640125 0.10593719531250001 0.36245044375 0.1366820703125 0.3750728609375 0.142038553125 0.33615508906249997
0 0.1079570140625 0.31406094375000004 0.069063159375 0.2988356015625 0.0581535421875 0.3443855375 0.0972340953125 0.3638734875 0.1079570140625 0.31406094375000004
0 0.1533155890625 0.2823165703125 0.1160900640625 0.2718270828125 0.10944063906249998 0.320138790625 0.1449998265625 0.33149700625 0.1533155890625 0.2823165703125
0 0.1684654890625 0.1834824109375 0.12642564843749998 0.1742571453125 0.12199668125 0.2176741453125 0.1607058328125 0.234241475 0.1684654890625 0.1834824109375
0 0.1618160640625 0.23179412031250002 0.1236670078125 0.22801461406249998 0.1170135921875 0.26511712656249997 0.1542391171875 0.2756066015625 0.1618160640625 0.23179412031250002
0 0.1299430359375 0.1711776765625 0.1619808546875 0.1744061578125 0.16344855 0.13564723437499998 0.13381589375 0.12618205625 0.135853634375 0.12823393593750002 0.133446478125 0.12886604375 0.1299430359375 0.1711776765625
0 0.0645963578125 0.235765246875 0.028109659375000002 0.219907803125 0.013307265625 0.25440739843750004 0.054796968749999994 0.2788678421875 0.0645963578125 0.235765246875
0 0 0.3818499234375 0.0366897796875 0.393569265625 0.0424176671875 0.3575721078125 0.00090596875 0.3418783671875 0 0.348460721875 0 0.3818499234375
0 0 0.470957746875 0.029315471875 0.48648113281249994 0.038002639062499996 0.440221290625 0.028187318750000002 0.43848710156250004 0 0.42361544375 0 0.470957746875
0 0 0.42424646250000003 0.0407831875 0.4481144046875 0.0492836625 0.3975919625 0.029468315625 0.39546557656250003 0 0.3879913296875 0 0.42424646250000003
0 0.1369479328125 0.080949803125 0.1382448609375 0.08276505625 0.1334425 0.11765684218750001 0.1662231234375 0.12672654375 0.1713929109375 0.08354617656249999 0.1369479328125 0.080949803125
0 0.1325149859375 0.1131576140625 0.09695579843749999 0.1017994046875 0.0862328796875 0.15161195 0.1254961453125 0.164153309375 0.1325149859375 0.1131576140625
0 0.1133183015625 0 0.09860620625 0.0560938859375 0.1374980671875 0.06571463281249999 0.147293475 0.0114028484375 0.1260008859375 0 0.1133183015625 0
0 0.0122332625 0.2595793984375 0.00731455 0.29531653750000003 0.0442547734375 0.316129203125 0.05627860312500001 0.2793410953125 0.0127531484375 0.2584333734375 0.0122332625 0.2595793984375
0 0.1134190359375 0.5721868359375 0.0724874359375 0.5549096140625001 0.05713291875 0.599039784375 0.10010226250000001 0.6183688859375 0.1134190359375 0.5721868359375
0 0.10306752187499998 0.62492000625 0.06250732656249999 0.6105633921875 0.0515937265625 0.6449041390625 0.09252930468750001 0.67339055625 0.10306752187499998 0.62492000625
0 0.1429147765625 0.7175043484375 0.10567929375 0.6789918859374999 0.0949504 0.7119906328125001 0.1347797375 0.7541336078125 0.1429147765625 0.7175043484375
0 0.15159796406249998 0.6600353234375 0.1095481703125 0.6227870640625001 0.0980844328125 0.6723629812499999 0.1368035390625 0.716953303125 0.15159796406249998 0.6600353234375
0 0.6009653328125 0.45752630937500005 0.516696975 0.42920857031250004 0.503568890625 0.48525782343749996 0.5908044968749999 0.525731278125 0.6009653328125 0.45752630937500005
0 0.4714889859375 0.7180826640625 0.4081427515625 0.6754596703125 0.39513902500000003 0.7250399437499999 0.4641063609375 0.7627416765625 0.4714889859375 0.7180826640625
0 0.21816287656250002 0.53680353125 0.1723236875 0.5273066328125 0.16417963124999999 0.57409654375 0.20906773125 0.5863766078125 0.21816287656250002 0.53680353125
0 0.1645749109375 0.5382083421875 0.1283910640625 0.5245926328125 0.11807058125 0.5706873671875 0.15561689375 0.5909121703125 0.1645749109375 0.5382083421875
0 0.118053028125 0.5212904875000001 0.079558553125 0.5120816453125 0.07236412812500001 0.551972 0.11181408125 0.5707468984374999 0.118053028125 0.5212904875000001
0 0.0771034890625 0.492775734375 0.0371123546875 0.4820598546875 0.0273345171875 0.5242119749999999 0.0680068828125 0.5382323984374999 0.0771034890625 0.492775734375
0 0.0315531734375 0.5307044109375 0.033185496875 0.531225803125 0.0210955671875 0.5736683796875 0.0591859859375 0.59406699375 0.07548872031250001 0.541651209375 0.0315531734375 0.5307044109375
0 0.4173810140625 0 0.4691072453125 0.021739215625 0.472099340625 0 0.4173810140625 0
0 0.48493354218749996 0 0.4782038015625 0.036108265625000004 0.5547301421874999 0.0548203609375 0.567476978125 0 0.48493354218749996 0
0 0.5893904609375 0 0.577071284375 0.030431993750000004 0.64298565625 0.034290975 0.6491261671874999 0.0052298671875 0.6327530078125 0 0.5893904609375 0