0 0.455192034375 0.3879544234375 0.4755131078125 0.33640803125 0.2601097328125 0.2875746078125 0.19305019375000002 0.33640803125 0.380004065625 0.396093325 0.455192034375 0.3879544234375
0 0.39219670624999997 0.5263157890625 0.4755131078125 0.4422137828125 0.4125177796875 0.39880629375 0.3535866671875 0.415084103125 0.20117862187500002 0.40151926250000003 0.1727291203125 0.4367878453125 0.39219670624999997 0.5263157890625
0 0.174761228125 0.5860010875 0.3596829921875 0.6673901234375 0.44706360624999997 0.6375474796875 0.44096728125 0.5968529593749999 0.3698435296875 0.61584373125 0.2032107296875 0.5344546953125 0.174761228125 0.5860010875
0 0.3596829921875 0.8274552375 0.44706360624999997 0.7704829078125 0.432838853125 0.721649484375 0.3657793125 0.7460661953125001 0.1950823015625 0.6836679328125 0.1666328 0.7107976140625001 0.3596829921875 0.8274552375
0 0.3698435296875 0.7596310359375 0.477545215625 0.6972327734375 0.43690306874999996 0.6429734125000001 0.3596829921875 0.6673901234375 0.1991465140625 0.6104177984375 0.16866490781250001 0.6348345109375 0.3698435296875 0.7596310359375
0 0.73765495 0.3906673921875 0.8067465953124999 0.317417253125 0.7823613093749999 0.2685838296875 0.723430196875 0.2821486703125 0.6055679734375 0.2875746078125 0.5811826875 0.325556159375 0.73765495 0.3906673921875
0 0.5750863625 0.5046120468749999 0.7173338765625 0.52088985625 0.798618165625 0.45577862343750003 0.76813655625 0.42051003593749997 0.6990449109375 0.46120455624999995 0.5791505796875 0.4395008140625 0.5750863625 0.5046120468749999
0 0.8250355640624999 0.23060227812499998 0.7112375515625 0.165491046875 0.60760008125 0.18176885625 0.5750863625 0.24959305625 0.76813655625 0.2848616390625 0.8250355640624999 0.23060227812499998
0 0.7132696609375 0.6782419953125001 0.7762649890625 0.6212696703125 0.7782970921875 0.569723278125 0.7092054484375 0.5887140515625 0.5872790078125 0.5887140515625 0.566957934375 0.632121540625 0.7132696609375 0.6782419953125001
0 0.7031091234375 0.784047746875 0.7884576296875 0.6972327734375 0.760008128125 0.64026044375 0.6990449109375 0.6782419953125001 0.5811826875 0.6646771546875 0.5527331859375 0.6782419953125001 0.7031091234375 0.784047746875
0 0.1016053625 0.2767227375 0.03657793125 0.320130221875 0.174761228125 0.3608247421875 0.22353180312499998 0.2821486703125 0.1016053625 0.2767227375
0 0.056899003125 0.3798155203125 0.02641739375 0.4395008140625 0.1666328 0.4422137828125 0.18288965625 0.37167661406249997 0.056899003125 0.3798155203125
0 0.048770575 0.45577862343750003 0.014224753125 0.4991861078125 0.16866490781250001 0.52088985625 0.1767933359375 0.45577862343750003 0.048770575 0.45577862343750003
0 0.335297703125 0.9576777015625 0.42877464062500004 0.9224091140624999 0.42471042499999995 0.8464460109375 0.33936191875 0.8817145984374999 0.1849217640625 0.8220292984375 0.152408046875 0.8627238203125 0.335297703125 0.9576777015625
0 0.7031091234375 0.9007053718750001 0.7742328796875 0.8111774281249999 0.7518796984375 0.7623440046875001 0.6807559421875 0.8193163296874999 0.57102215 0.7948996187499999 0.5527331859375 0.8464460109375 0.7031091234375 0.9007053718750001
0 0.1585043703125 0.5941399890625 0.0121926453125 0.6049918609375 0.0162568578125 0.661964190625 0.152408046875 0.6538252828125 0.1585043703125 0.5941399890625
0 0.02235318125 0.7135105828125 0.004064215625 0.73250135625 0.1544401546875 0.7976125875 0.1666328 0.73250135625 0.02235318125 0.7135105828125
0 0.8697419234374999 0.13564839687500002 0.81690713125 0.15192620625 0.9347693546875 0.2658708609375 0.965250965625 0.1763429171875 0.8697419234374999 0.13564839687500002
0 0.9672830734375 0.33369506250000003 0.8250355640624999 0.30927835 0.81284291875 0.3635377109375 0.9611867484375001 0.3906673921875 0.9672830734375 0.33369506250000003
0 0.8026823828125 0.5181768859375 0.9286730343749999 0.537167659375 0.9754115015625 0.507325015625 0.9733793937499999 0.45577862343750003 0.9266409265625001 0.46120455624999995 0.820971346875 0.44492674687499995 0.8026823828125 0.5181768859375
0 0.8006502734375 0.5968529593749999 0.9266409265625001 0.6049918609375 0.9754115015625 0.5751492109375 0.965250965625 0.5290287578124999 0.92054460625 0.5561584374999999 0.8006502734375 0.5398806281249999 0.8006502734375 0.5968529593749999
0 0.794553953125 0.716223546875 0.9347693546875 0.73250135625 0.965250965625 0.6782419953125001 0.977443609375 0.6212696703125 0.92054460625 0.6646771546875 0.808778703125 0.6538252828125 0.794553953125 0.716223546875
0 0.8006502734375 0.7867607171875 0.9428977843749999 0.7921866546875 0.987604146875 0.6972327734375 0.955090428125 0.67552903125 0.9368014640625001 0.748779165625 0.81690713125 0.73250135625 0.8006502734375 0.7867607171875
0 0.49176996562499997 0.1030927828125 0.43690306874999996 0.16006511406249999 0.5689900421874999 0.21432446875000002 0.5852469 0.1465002734375 0.49176996562499997 0.1030927828125
0 0.3149766296875 0.1953336953125 0.3149766296875 0.1329354328125 0.2336923390625 0.1302224640625 0.1991465140625 0.15735214375 0.30278398906250004 0.22517634531250003 0.3149766296875 0.1953336953125
0 0.45315992656250004 0.263157896875 0.43690306874999996 0.3038524125 0.5608616140625 0.339121 0.5811826875 0.2848616390625 0.45315992656250004 0.263157896875
0 0.3535866671875 0.040694520312499996 0.3048160921875 0.078676071875 0.4308067453125 0.1139446546875 0.4450314984375 0.0515463921875 0.3535866671875 0.040694520312499996
0 0.9489941078124999 0.24959305625 0.831131884375 0.24416711875 0.8148750265625001 0.3119913203125 0.9510262125000001 0.3119913203125 0.9489941078124999 0.24959305625
0 0.43690306874999996 0.141074334375 0.325137165625 0.1465002734375 0.312944525 0.2170374375 0.4348709609375 0.20889853593750002 0.43690306874999996 0.141074334375
0 0.755943915625 0.15735214375 0.755943915625 0.073250134375 0.6543385484375001 0.05968529375 0.5852469 0.0976668453125 0.5771184703125 0.1139446546875 0.755943915625 0.15735214375