0 0.7395913765625 0.257227765625 0.6915193984375 0.2211793921875 0.675146775 0.29218850625 0.65585983125 0.3501372046875 0.6226789921875 0.37644756562500004 0.5800144328125 0.430260603125 0.6221173515625 0.46143501875000004 0.6521417453125 0.5041083734375 0.6952032125 0.5264527890624999 0.7327555375 0.5197330484375 0.7699496609375001 0.476406246875 0.8213184953124999 0.4222240421875 0.8256125890625 0.3627138671875 0.7878424625 0.31157968125 0.7395913765625 0.257227765625
0 0.5860321359375 0.1553384578125 0.5398772421875 0.10163009062499999 0.51280586875 0.11156754843750001 0.4899655671875 0.16234249375 0.46424963906250005 0.23960742812500002 0.42819316875 0.2924077703125 0.4624099453125 0.3363682109375 0.4919357203125 0.3636813609375 0.5111596484375001 0.40608031875000006 0.5672968765624999 0.44764620468749994 0.6027143171875 0.4007325234375 0.635716059375 0.3561186265625 0.6627487375000001 0.3066307703125 0.6715547281250001 0.2454643546875 0.63943414375 0.2021474578125 0.5860321359375 0.1553384578125
0 0.717491821875 0.2413187890625 0.759275228125 0.2754365359375 0.7913958140624999 0.318753434375 0.8115782843750001 0.352322396875 0.8433406609375 0.35903222968750004 0.8621676828125 0.3252737296875 0.8508298984374999 0.270088740625 0.82098460625 0.245718921875 0.787585965625 0.21417535000000001 0.766764465625 0.1864930421875 0.7222458390625001 0.157618421875 0.717491821875 0.2413187890625
0 0.5411674625 0.019907740625 0.5340098984375 0.0359588671875 0.5287185640625001 0.0647486328125 0.5376019453125 0.0826830125 0.5751929703124999 0.11551366874999999 0.599567821875 0.1503697234375 0.6305507578125 0.184213084375 0.6567022875 0.22265601875000002 0.6839527671875001 0.231022084375 0.7102060125 0.208667759375 0.708710153125 0.16258714999999999 0.6685243171875 0.113752746875 0.62979564375 0.0714485546875 0.6078424484375 0.040377385937499996 0.5411674625 0.019907740625
0 0.8723804953125001 0.2564960125 0.8818582203125 0.23636637968750002 0.8829176609375 0.209812396875 0.8605782375000001 0.1888744515625 0.823914284375 0.1571389640625 0.7852761484374999 0.118397571875 0.7586603515625 0.0948667828125 0.7413612875 0.0946757109375 0.7428729781250001 0.114339265625 0.73951134375 0.14530631249999998 0.7318570421875 0.15703599375 0.7510711859375 0.17317457187500002 0.7702853390625 0.18931314999999999 0.8060671265625 0.2207778125 0.8239957078125 0.240361603125 0.840294415625 0.2581650484375 0.8584165546875001 0.2675685546875 0.8723804953125001 0.2564960125
0 0.6505361062499999 0.096617921875 0.6664155468749999 0.12033845781250001 0.6940311734375 0.14412856093749998 0.7173254234375 0.1536357234375 0.7326105843749999 0.1441942828125 0.7377681484374999 0.11986519843750001 0.7333774109375 0.09849392812499999 0.7219416187500001 0.075406565625 0.59699789375 0.0370480359375 0.6123523171875 0.054271396875 0.6340379781250001 0.0785966453125 0.6505361062499999 0.096617921875
0 0.40015339843750003 0.0132411265625 0.23501688125000003 0.007776740625 0.2340968046875 0.0119356625 0.213544428125 0.0652359640625 0.2105823984375 0.12652835 0.2404372796875 0.174570090625 0.275498321875 0.2086597109375 0.3142845171875 0.259443421875 0.349617834375 0.291024896875 0.3876079328125 0.2301193921875 0.41336646562499996 0.1628669703125 0.43240485624999997 0.1065101265625 0.42988844843749996 0.06167800624999999 0.40015339843750003 0.0132411265625
0 0.6308570546875 0.48881194531250005 0.6069055046875 0.43739909062500004 0.5779333890625 0.4492383859375 0.56712914375 0.4977562046875 0.545454703125 0.5273863671875 0.5166352078124999 0.5548229515624999 0.5442789328125001 0.5892271499999999 0.5763119999999999 0.6172036875 0.6131593046875 0.6518416984375001 0.650093284375 0.6346715296875 0.6789127749999999 0.6072349515625 0.71445241875 0.5689027890625 0.6865364234375 0.537006746875 0.6670071859375 0.5128689640624999 0.6308570546875 0.48881194531250005
0 0.5665516265625 0.469069765625 0.5680326390625 0.43842357187500003 0.5295516953125 0.41883445156250004 0.49161529687499994 0.39422903593749997 0.4652132875 0.3653895359375 0.4426560765625 0.335138675 0.42346506718750004 0.3758982234375 0.42213667812500005 0.42214170468749995 0.40570136874999996 0.47152249375000005 0.42523060625 0.4956602765625 0.44242902968750003 0.5242659578125 0.47652062656250005 0.550282734375 0.5008641015624999 0.58108199375 0.5177243015624999 0.54479035 0.5387015765625 0.5045791921875 0.563676271875 0.4785539703125 0.5665516265625 0.469069765625
0 0.392401440625 0.35599452343750004 0.402813771875 0.32809030156249996 0.4055365 0.3030088015625 0.35963823281249996 0.283734253125 0.337386271875 0.28467798125 0.31016744531249996 0.263362934375 0.2888519484375 0.23867675312499997 0.23883661875 0.2233217296875 0.225429284375 0.27881560312500003 0.22231463593749998 0.3245107046875 0.2186554359375 0.375222090625 0.2358538640625 0.4038277828125 0.2799658640625 0.422553928125 0.3155714578125 0.451627253125 0.34636280468749997 0.474039090625 0.35498886406249996 0.4455864703125 0.3773275046875 0.39283456562499997 0.392401440625 0.35599452343750004
0 0.22893586406250002 0.212506915625 0.19566108124999998 0.1789656921875 0.1520936234375 0.15522324062499998 0.1223913640625 0.1227787953125 0.0968061734375 0.08641485 0.058597507812500005 0.064317578125 0.05684421562500001 0.097471928125 0.07707061875 0.1321906921875 0.09442166874999999 0.17639366875 0.0844342421875 0.2173870484375 0.084772465625 0.2822843734375 0.10018462343750001 0.3103416625 0.1320650671875 0.322720903125 0.15982844062499998 0.33901965 0.19488948281250001 0.37310927656250004 0.2028183765625 0.3340756625 0.217314796875 0.2685491875 0.22893586406250002 0.212506915625
0 0.0756018609375 0.3157532890625 0.0508994359375 0.33927036718750003 0.0476321609375 0.36936816875 0.050693110937499994 0.40918398749999996 0.07022234375 0.4333217703125 0.0925072796875 0.46608078906249994 0.1110670671875 0.4821457171875 0.13319938125 0.499307434375 0.157629525 0.47829851874999996 0.17437008437499998 0.4601123125 0.176940190625 0.4194335234375 0.1810242875 0.3818112703125 0.185854284375 0.379053084375 0.15725833125 0.37969844531249997 0.1323703140625 0.3539154875 0.10926855937499999 0.328680928125 0.0756018609375 0.3157532890625
0 0.466141275 0.6118896984375 0.45518440625 0.6448102234374999 0.48488666562500005 0.6772546625 0.5136194828125 0.7016262656250001 0.5383548765625 0.7118119218750001 0.5547035078125 0.71423931875 0.5799504703125 0.6857059515625 0.60795314375 0.6657938125 0.5948717875 0.6332686140625 0.56380816875 0.6133649218749999 0.5268412125 0.59683235 0.5044366265625 0.5821787828125 0.466141275 0.6118896984375
0 0.0241229875 0.323274603125 0.0660063515625 0.336133065625 0.08422791562500001 0.287300675 0.0762001015625 0.22522607187500002 0.08025122031250001 0.153901078125 0.05245487343750001 0.10389958437499999 0.0484162078125 0.099488065625 0.0241229875 0.323274603125
0 0.46402934374999993 0.6072173796875 0.4714651265625 0.576905434375 0.470540521875 0.57778566875 0.45749785625 0.5528276984375 0.4331005171875 0.5255478734375 0.41414333125 0.50925099375 0.399388559375 0.5000647953125 0.397494915625 0.456411759375 0.3764587453125 0.45926631249999994 0.3724768015625 0.48831040937500003 0.3679371265625 0.514855090625 0.350560453125 0.5374587234375 0.34417156718749997 0.5657638796875 0.36270813125 0.5935726078125 0.39654238125 0.6179291328125001 0.41000566562499996 0.631375234375 0.437039725 0.642003065625 0.4499842125 0.6296797171875 0.46402934374999993 0.6072173796875
0 0.382903059375 0.6137417703125 0.38234533437499996 0.6112423437500001 0.3624635421875 0.5958257171875 0.3457910046875 0.58139434375 0.3318237328125 0.5573166203125 0.312920296875 0.5328875484375 0.2977597078125 0.5503510359375 0.28593066875 0.5676732343750001 0.2818801734375 0.5897116921875 0.28129833125000003 0.6256201453125 0.2748946359375 0.6387874578125 0.2834903046875 0.6588878734375 0.30509901250000004 0.673670584375 0.3189977328125 0.69074266875 0.33868866875000003 0.7002802171875 0.354093846875 0.6805636140625 0.3650520171875 0.6559894640625 0.382903059375 0.6137417703125
0 0.4501416265625 0.7275123921875 0.4657376390625 0.7136748734375 0.47355511874999995 0.6951211078124999 0.4778650125 0.6859673734375 0.46019931718749996 0.665410603125 0.4482183609375 0.65358368125 0.4375974484375 0.64450249375 0.42111575468750007 0.6359502046875 0.4046340640625 0.627397921875 0.38921408125 0.6319766921875 0.3781188015625 0.6425395546875 0.36845211875 0.6628538125000001 0.37272308125000003 0.6769701140625 0.3848411359375 0.70280833125 0.39854900781249997 0.714001325 0.41257002187499997 0.7299468546875 0.4291202671875 0.7455047890625 0.43892405468750006 0.7392018124999999 0.4501416265625 0.7275123921875
0 0.35822770312499996 0.6806686328125 0.34793473750000004 0.691477825 0.341966478125 0.7082711140625 0.3329112578125 0.722952603125 0.3273098765625 0.7363662234375 0.34138463125 0.744179571875 0.3526855640625 0.7546336265625 0.3652242453125 0.7689599703125001 0.3781298046875 0.77990665625 0.38416661875 0.7701190062500001 0.3987157328125 0.7582882828125 0.4147471859375 0.748076753125 0.41343305937499997 0.743122734375 0.4007799109375 0.7239990187500001 0.3866366109375 0.7091800421875 0.3728601828125 0.690981403125 0.35822770312499996 0.6806686328125
0 0.30399836874999997 0.683809571875 0.27966958124999997 0.6635353921875 0.26392165312500004 0.6482237765625001 0.25498872499999997 0.6617787046875 0.24617809375 0.674207071875 0.24088985156249998 0.692373240625 0.2474454578125 0.7083550421875 0.2625133734375 0.7222937828125 0.279308203125 0.7355986031249999 0.2910445671875 0.7496786328125 0.30709083125 0.754604934375 0.3104761140625 0.7463314453125001 0.3134797125 0.7262997828125 0.328273415625 0.7122159578125 0.319242321875 0.6884895609374999 0.30399836874999997 0.683809571875
0 0.3608458015625 0.7711080609375001 0.342133203125 0.7525580781250001 0.3359203609375 0.7716044765625 0.33019668593749996 0.78614466875 0.33108235625 0.8085344703124999 0.35244647812499996 0.8255702828124999 0.3744220671875 0.836973325 0.3934329953125 0.8451380000000001 0.40037960625 0.8193322703125 0.4159070671875 0.7984891203125 0.417359775 0.7698326265625 0.3968127796875 0.7681809640624999 0.37948984375 0.7826523921875 0.3608458015625 0.7711080609375001
0 0.280275546875 0.5892190609375 0.27174843593750003 0.5761242890625 0.259332046875 0.5606713921875001 0.2356295375 0.549902259375 0.211056165625 0.5318811875 0.186238203125 0.5161132234375 0.164468271875 0.5257270968750001 0.1677608859375 0.5488558375 0.1750113265625 0.5813483546875 0.1778147671875 0.6089833125 0.189932821875 0.6348215234375 0.20969231718749998 0.6513647109375 0.236290940625 0.6583665609375 0.2466524578125 0.65456301875 0.2577477375 0.6440001453125 0.2735197875 0.6209038796875 0.280275546875 0.5892190609375
0 0.1307563140625 0.50024401875 0.10742068593750001 0.486095234375 0.08666802968750001 0.46342665 0.0572270375 0.4520598734375 0.039277821875 0.457026240625 0.031039728125 0.4870918796875 0.027806356250000004 0.52451449375 0.031901284375 0.5478895484375 0.043270771875 0.565349246875 0.06266338593750001 0.585272090625 0.0817428640625 0.600442415625 0.09199689375 0.612903259375 0.11378163593749999 0.6184272171874999 0.1234483265625 0.5981129640625 0.1268725421875 0.5665694390625 0.13478269062499998 0.516613434375 0.1307563140625 0.50024401875
0 0.24061564375 0.66435066875 0.24141795312499997 0.66459698125 0.2344954703125 0.65199484375 0.2137576265625 0.644464090625 0.193875834375 0.6290474578125 0.17577470312500001 0.6048647109374999 0.158353596875 0.58205481875 0.154440203125 0.618104565625 0.1475473390625 0.635778096875 0.14417686093749998 0.659189434375 0.1584424625 0.6728818546875 0.1738235078125 0.6915731265625 0.19358300781249999 0.7081163125 0.20821548750000002 0.7184290718749999 0.2258663734375 0.7238480125 0.229305403125 0.7074423249999999 0.235395953125 0.6895224765625 0.24061564375 0.66435066875
0 0.31853817812499996 0.725524565625 0.304928478125 0.7516128796875 0.27869673281249996 0.7412313671875 0.2620241953125 0.7268 0.24720087343750002 0.7106081453125 0.241736596875 0.738033065625 0.23583688593750002 0.7618320062499999 0.2431948140625 0.7780601265625 0.2642457921875 0.7903434093749999 0.283134428125 0.7996346390625 0.29973840625000003 0.8070603609375 0.3060198046875 0.7950196078125 0.3082210890625 0.7747416265625 0.325666321875 0.7591436328125 0.3314437328125 0.7364712531250001 0.31853817812499996 0.725524565625
0 0.797833321875 0.7474105234375 0.796782465625 0.740929259375 0.794810153125 0.7267747296875 0.7908811859375 0.7144829515625 0.7620177625 0.7056216921875 0.7380459484374999 0.6921035484375 0.7048810421875 0.6905438125 0.6705515515625 0.699712103125 0.6535887328125 0.7105168796875 0.6380806437500001 0.7402442109375 0.64645615625 0.760059759375 0.679709271875 0.7850494218749999 0.7013931109375 0.7954016921875 0.7258825125 0.8041518249999999 0.7430472625 0.79956768125 0.758110296875 0.7820210000000001 0.7887852921875 0.7741942234375 0.797833321875 0.7474105234375
0 0.753124653125 0.6905741625 0.77768659375 0.7067369390625 0.7945925421875 0.7045367953125 0.8098418390625 0.6771934765625 0.8025015078125 0.6478419093750001 0.7895657125 0.6377118921875 0.7666447578125 0.63067501875 0.7405300421875001 0.6288162703125 0.714011453125 0.6145162531249999 0.697638771875 0.62796566875 0.681654275 0.637839071875 0.6627348171875 0.6505066140625 0.6393688046875 0.6556503859375 0.6300463046875 0.6688008015625 0.629746321875 0.6958067406249999 0.6413156015625 0.7104441453125 0.6627249703125 0.7071631203125001 0.6794289828125 0.69874234375 0.6921471828125 0.6866344390625 0.7187794875 0.6837251625 0.753124653125 0.6905741625
0 0.6999836109375 0.622526903125 0.7121842078125 0.61518700625 0.7499250671875 0.6230785 0.7706874453125 0.6257575 0.79152235625 0.6358491390625 0.8049032125 0.6337984999999999 0.8076362453125 0.624783734375 0.8088576953125 0.6054510609375 0.8057051234375001 0.586007259375 0.7938201859375 0.5823585125 0.7700503046875 0.57506100625 0.7539207453125 0.5701091265625 0.7304096609374999 0.5604276203125 0.7130429828125 0.5587911140624999 0.706081 0.5825200546875 0.6865145421875 0.6011476078125 0.6680558140625 0.6176517828125 0.65096360625 0.6296485656249999 0.6335557328125 0.65263400625 0.6710789921875 0.638287578125 0.6819699359375 0.6268504218750001 0.6999836109375 0.622526903125
0 0.7987686609375 0.5690969703125 0.8035308765625 0.5656320906250001 0.8070402968750001 0.5494653015625001 0.8034269999999999 0.5261848734375 0.7951965546875 0.5211946203125 0.77253439375 0.5117737296875 0.7532679359375 0.5033953437500001 0.738836215625 0.49896471093750006 0.732448690625 0.5093209875 0.7268532203125 0.5285425359375 0.7205382328125001 0.5463114578125 0.7232869359375 0.5533139765625 0.7402654234375 0.55852648125 0.7538482125 0.5626964812499999 0.7708266953125 0.5679089875 0.7852584031250001 0.5723396140625 0.7987686609375 0.5690969703125
0 0.6052058687499999 0.7683350484375 0.601923903125 0.750083253125 0.5882685765625 0.7385006078125 0.5749289109375 0.7159293078125 0.5628420421875 0.706059915625 0.54364811875 0.7050941749999999 0.514857225 0.7036455609375001 0.4948869109375 0.7098318375 0.4853056140625 0.725366253125 0.49733562343750004 0.7438402890625 0.520546715625 0.780527740625 0.5336844484375 0.7968783968750001 0.5459575812499999 0.7969511453125 0.5651515125000001 0.7979168859375 0.5804890078125 0.79400349375 0.5981713515625 0.7846513374999999 0.6052058687499999 0.7683350484375
0 0.526489190625 0.7823521203125 0.5113948140625 0.7678642171875001 0.493753665625 0.7525944390625 0.485580084375 0.7389995359375 0.4661116953125 0.7244005125 0.44850188125 0.7411653078125 0.4343446359375 0.7503679578125 0.4200579953125 0.7607626203125 0.4338583890625 0.7871705484375 0.4560754921875 0.808772090625 0.474234228125 0.8192738546875 0.480290428125 0.8038889390625 0.4917146359375 0.8037010609375 0.5113536234375 0.79248615 0.5097851734375001 0.790772896875 0.526489190625 0.7823521203125
0 0.2037084703125 0.7724407171875 0.2116311390625 0.77683884375 0.2233733015625 0.780443759375 0.2275369828125 0.7764798671875 0.2267547453125 0.7578921328125 0.23260915624999998 0.742652428125 0.23623570312500003 0.7221418546875 0.2417845046875 0.7140163125 0.2358748390625 0.7082703796875001 0.2282056109375 0.714434396875 0.2235214625 0.7188937703125 0.21223091875 0.71542750625 0.1988887921875 0.709365571875 0.1865489921875 0.6983691921874999 0.1756026484375 0.691732240625 0.16058336875 0.67532635 0.1593442671875 0.6867408125 0.1611976828125 0.6997599703125 0.1600660078125 0.7144837703125 0.1602203609375 0.7302576625 0.160856584375 0.741592590625 0.1734717328125 0.750052421875 0.180667428125 0.7568484453125001 0.2037084703125 0.7724407171875
0 0.0833261734375 0.66710915 0.066239521875 0.664904434375 0.07165833906249999 0.6848140484374999 0.07329438125 0.709644325 0.0946623734375 0.722286428125 0.1078065046875 0.730883265625 0.1227270640625 0.7430664703125001 0.147468834375 0.7445803546875001 0.1500245890625 0.7210369875 0.14613291875 0.6970347296875 0.1321707671875 0.676022753125 0.118547428125 0.6718403015625001 0.103077465625 0.674693421875 0.0833261734375 0.66710915
0 0.5991561015625 0.8426616031249999 0.618416428125 0.8227231875 0.615417034375 0.80795335 0.6095387203125 0.8015323437499999 0.6021937625 0.796507590625 0.591764165625 0.789612571875 0.56906209375 0.792798825 0.5459176859375 0.794002740625 0.5302578515625 0.7928881328124999 0.5186217125 0.8031647656249999 0.504343271875 0.8135534578125 0.48379854218749996 0.821095090625 0.4994157546875 0.8286594703124999 0.5177413890625 0.8536741624999999 0.5366372375 0.8613218375 0.545557571875 0.876062903125 0.562769296875 0.86288168125 0.5832170343749999 0.8562335359375 0.5991561015625 0.8426616031249999
0 0.45428949999999996 0.8698599640625 0.46178662656249997 0.8646722296875 0.46678152968750003 0.8579673671875 0.4749080890625 0.8469813609375001 0.48628908125 0.835496603125 0.48747879687499995 0.8343639765624999 0.488511153125 0.834680915625 0.4894553046875 0.8259835000000001 0.48515898281250003 0.8164261625 0.4711088890625 0.8181042109375 0.45923676249999995 0.8144593921875 0.4469271390625 0.80993131875 0.43620063125 0.8006466984375 0.430311665625 0.7861067703125 0.4178637421875 0.8025065484375 0.41513501249999996 0.8129029093750001 0.40783935156249995 0.8211482406249999 0.40273119062499996 0.8338098671875 0.41127973281249997 0.8484173500000001 0.425855534375 0.856636915625 0.438287940625 0.8649473796875 0.45428949999999996 0.8698599640625
0 0.057645635937499995 0.577639396875 0.0430732796875 0.5632543859375 0.0238718265625 0.57293415625 0.026222403124999998 0.5977258734374999 0.0232475125 0.6251302828124999 0.0447995421875 0.6402422171875 0.0559147421875 0.6493181984375 0.0694278640625 0.6548826984375 0.0914261359375 0.6658839703125 0.11011599218749998 0.6702059874999999 0.116101809375 0.6522212656249999 0.12147463124999999 0.6213053734375 0.0925800640625 0.618098103125 0.075526403125 0.59870365 0.057645635937499995 0.577639396875
0 0.5485202796875 0.8765865187499999 0.5417945937499999 0.864668909375 0.52671666875 0.8558172765625001 0.5130524484375 0.8431770296875 0.49565572031249994 0.82798335 0.4872385046875 0.8408821390625001 0.473444321875 0.8479075546875 0.45078932656250004 0.8719181921875 0.43916609375000004 0.8866478015625001 0.4405327203125 0.9109955359375 0.4594910171875 0.9210384703125 0.4824775671875 0.930910571875 0.4966503765625 0.9296315546875 0.5107402921875 0.9198818546875 0.5342175124999999 0.8975311874999999 0.5612144031249999 0.8889289218749999 0.5485202796875 0.8765865187499999
0 0.3903726140625 0.9480851031249999 0.39814644062500004 0.9522965718749999 0.4065592921875 0.9506213796875 0.41606623281250005 0.9468489281249999 0.424343534375 0.93844098125 0.43329569062499995 0.9278070656249999 0.44270290625 0.920962578125 0.4418286109375 0.9170444578125 0.4480455421875 0.91165366875 0.44614105937500004 0.9092441328125 0.43813971250000006 0.9031379453125 0.4312682671875 0.8985952296875 0.42372197500000003 0.8962784703125 0.41491796562500005 0.893575584375 0.40307956406249995 0.8868996921875001 0.3948584234375 0.8868088859375 0.3845769109375 0.889735246875 0.3824245546875 0.8975904578125 0.3776928640625 0.905262078125 0.3760875515625 0.9120686625 0.3759674875 0.921156084375 0.37462552968749996 0.9335180781249999 0.38214373749999997 0.9400842171875 0.3903726140625 0.9480851031249999
0 0.013014428125 0.4540823734375 0.0172260078125 0.4556212890625 0.03036058125 0.45595497656250006 0.041057814062499996 0.44962244531250006 0.049395418749999996 0.43590782499999997 0.046006703125 0.4185931390625 0.042617987499999996 0.4012784640625 0.0366800671875 0.38318115625 0.03297109375 0.3591104703125 0.028786418749999997 0.3297155484375 0.02396184375 0.3247590609375 0.012368728125 0.431553571875 0.013014428125 0.4540823734375
0 0.3935168171875 0.8512509640625 0.383526821875 0.85449899375 0.37971289375 0.8659581562499999 0.3874699625 0.877361103125 0.41205651249999997 0.8876157703124999 0.4274112671875 0.894134071875 0.4353880515625 0.8857572296875 0.44312215625 0.8736972953125001 0.4340267796875 0.8627856328125001 0.41283340312499994 0.850866246875 0.40153525468750006 0.8365718734375 0.3917348015625 0.8380738125 0.3935168171875 0.8512509640625
0 0.3282632203125 0.8577886203125 0.3214057671875 0.8697369281249999 0.3288671734375 0.8829581921875 0.3420377375 0.8948091921874999 0.3537120421875 0.8999547890624999 0.36480227187500003 0.9002365421875 0.37381215624999997 0.8889490484374999 0.3791012671875 0.8812037765625 0.36452640625 0.8720446687500001 0.359145334375 0.8703926453124999 0.3494594109375 0.8674190062499999 0.33139990625000004 0.8493825421875 0.3282632203125 0.8577886203125
0 0.203792653125 0.081529428125 0.21991110625000002 0.0072768859375 0.0590042203125 0.0019524578125000001 0.056414428125000006 0.0258093375 0.09459704687500001 0.063236265625 0.14975541875 0.12966965625 0.1956166828125 0.18182583125000001 0.203792653125 0.081529428125
0 0.289329665625 0.8148010781249999 0.2737320546875 0.8234934515625 0.2561366109375 0.8273153437499999 0.2480650546875 0.8411563609374999 0.25570742812499997 0.8498883375 0.27143941875 0.8632324390624999 0.2823558140625 0.874388596875 0.2952937671875 0.8762320656249999 0.3040034109375 0.8611678968750001 0.3184231140625 0.8400519875000001 0.31758513125 0.8291518734375 0.3067432796875 0.817309071875 0.2941362328125 0.8077624390624999 0.289329665625 0.8148010781249999
0 0.35070365312499996 0.817324246875 0.3327829703125 0.7962129703125 0.3203577546875 0.7803364390625 0.3124770640625 0.79707415 0.3148983984375 0.81200799375 0.3183723015625 0.8265554453125 0.324216728125 0.8425401984375 0.33344247031249996 0.8553058796874999 0.34465701718749997 0.8637154812500001 0.3641430046875 0.87040733125 0.3681533734375 0.8567385546875 0.3694950640625 0.8443790359375001 0.3660956984375 0.8291449343749999 0.35070365312499996 0.817324246875
0 0.2708122421875 0.4358176078125 0.2453482875 0.4071985546875 0.21959104687500003 0.40077673437500005 0.1973245296875 0.4206855 0.19277897500000002 0.443063071875 0.1931289703125 0.47883015625 0.1849555046875 0.49563648125000004 0.1992235546875 0.510417590625 0.2186993265625 0.5357124093750001 0.24895243281249999 0.5494577656249999 0.269052571875 0.56900099375 0.28739789375 0.5657182234375 0.29130018281250003 0.5297708015625 0.2977377328125 0.5094598968749999 0.28469951718750003 0.463854175 0.2708122421875 0.4358176078125
0 0.1895977921875 0.7623558609375001 0.1679891140625 0.753897 0.153116334375 0.7432481140625 0.1468355 0.7492275609375 0.1412014328125 0.757230428125 0.1374437671875 0.7718922046875 0.14886292343750002 0.7784393859375001 0.1621865546875 0.7873961031250001 0.1736696140625 0.7933546140625001 0.1859911484375 0.7995705421875 0.19663572812500002 0.8052716453125001 0.2005008609375 0.80159198125 0.2041026359375 0.792356903125 0.20821563593749998 0.77841250625 0.2036882625 0.764248584375 0.1895977921875 0.7623558609375001
0 0.0413272078125 0.67839415 0.05310796250000001 0.664064071875 0.046482021875 0.648569740625 0.0457692921875 0.649248265625 0.047383287499999996 0.646154409375 0.0382835078125 0.629900584375 0.020913779687500002 0.6191839156250001 0.017688296875000002 0.6171569640625 0.019404831249999997 0.6770478921875001 0.023444703125 0.67828815625 0.0413272078125 0.67839415
0 0.243086546875 0.832306265625 0.24629716875000002 0.8186931078124999 0.2450394578125 0.8183069812499999 0.246361071875 0.8181044390625001 0.24587019531249998 0.8106543125 0.235772653125 0.803904596875 0.22838224999999998 0.7961611203125 0.22237736406250003 0.7876264453124999 0.21183250468749998 0.7849973921875 0.20645404687500002 0.790645590625 0.20521181406250003 0.8060796390625 0.19580460156249999 0.8129241203124999 0.192210559375 0.8300692890624999 0.19911008125000002 0.8303626265625 0.21065704218749998 0.8357324765625 0.22310638906250002 0.840771071875 0.2335873515625 0.8439887953125 0.2421280046875 0.8411362656250001 0.243086546875 0.832306265625