0 0.049340792187499996 0.19242775781250002 0.12062326406249999 0.2719978578125 0.3756599609375 0.26173835 0.348301078125 0.1778966203125 0.049340792187499996 0.19242775781250002
0 0.15600749375 0.3076887453125 0.15776980937500001 0.3357630421875 0.3062608203125 0.3378828 0.3110250734375 0.31320888281250003 0.15600749375 0.3076887453125
0 0.16806712968749998 0.2735205875 0.16817945 0.3004523546875 0.3196767359375 0.3001781328125 0.3197112859375 0.27558589218749996 0.16806712968749998 0.2735205875
0 0.1508408265625 0.33921294999999996 0.1509662921875 0.36929721249999997 0.3077052421875 0.3665904078125 0.3060647359375 0.3404566296875 0.1508408265625 0.33921294999999996
0 0.14424994375 0.37464562031250004 0.14245024687500002 0.4021469171875 0.29783820781250003 0.40600397031249996 0.297384640625 0.3706929546875 0.14424994375 0.37464562031250004
0 0.146710696875 0.4138462921875 0.1453211234375 0.44788102968750004 0.2933365453125 0.4466329796875 0.3002555171875 0.4164270671875 0.146710696875 0.4138462921875
0 0.1441341859375 0.4570582671875 0.142662590625 0.4897863171875 0.2957152703125 0.48452696250000005 0.2923956796875 0.45973028749999995 0.1441341859375 0.4570582671875
0 0.14274461249999998 0.49109300468750006 0.14463119062500002 0.5211468499999999 0.29625086562499997 0.5211446671875 0.2926031734375 0.4911212328125 0.14274461249999998 0.49109300468750006
0 0.1448772703125 0.5250669203125 0.14885305625 0.5603171046875 0.298629590625 0.5590386453125 0.30227242187500003 0.5328136296875 0.1448772703125 0.5250669203125
0 0.1441438984375 0.5695551671875 0.14652262968750002 0.60744915 0.2929409828125 0.6088448921875 0.294248528125 0.5735034671875 0.1441438984375 0.5695551671875
0 0.1430824265625 0.6088166625 0.14243108437500002 0.6546116046875 0.3029383375 0.6557640421875 0.296791309375 0.6140108203125 0.29318706250000004 0.6127649625 0.1430824265625 0.6088166625
0 0.1401826734375 0.7030503328125 0.14288950625000002 0.746171075 0.29803139375 0.7461080578125 0.29724972968749996 0.7055702875 0.1401826734375 0.7030503328125
0 0.1326846625 0.667860975 0.13432516249999998 0.6939947546874999 0.294832415625 0.6951471875 0.2963860390625 0.6637258296875 0.1326846625 0.667860975
0 0.1328970109375 0.7555003796875 0.1370368484375 0.7933639421875001 0.2989771125 0.7892592125 0.2969264828125 0.7565919828125 0.1328970109375 0.7555003796875
0 0.1215149375 0.7988644203125 0.1262289609375 0.8458748125 0.29169144375 0.8417092500000001 0.298118275 0.8036632000000001 0.1215149375 0.7988644203125
0 0.3236326734375 0.7888334203125 0.32281728125 0.8320149875 0.467146421875 0.8282143874999999 0.47005103437500007 0.7902291671875 0.3236326734375 0.7888334203125
0 0.32797029218749996 0.745591025 0.3320281125 0.7821479078125 0.47635725781250005 0.7783473078124999 0.4828661125 0.74160795 0.32797029218749996 0.745591025
0 0.3271837703125 0.6488048046875 0.3334128265625 0.6918647124999999 0.474055696875 0.6855115671875 0.4700799046875 0.6502613796875 0.3271837703125 0.6488048046875
0 0.32615603437499996 0.6043469703125 0.3318109046875 0.6382600578125001 0.476222078125 0.63576615 0.4724103421875 0.6031293375 0.32615603437499996 0.6043469703125
0 0.340814246875 0.5570020296875 0.3416779375 0.5988464921875 0.47896263437500003 0.5951675453124999 0.474658746875 0.5546906046875 0.340814246875 0.5570020296875
0 0.328114921875 0.5232106046875 0.3340158703125 0.56104375 0.49378490468749997 0.5504359875 0.4860408140625 0.5113265625000001 0.48235453906250003 0.5087740125 0.328114921875 0.5232106046875
0 0.339601803125 0.33209584531249997 0.3379382140625 0.3728420453125 0.4963623265625 0.3748043125 0.4895923421875 0.33420375 0.339601803125 0.33209584531249997
0 0.5191792984375 0.5701673703125001 0.51270971875 0.6016002328125001 0.616512 0.6076379000000001 0.6294049546875 0.5776601703125 0.5191792984375 0.5701673703125001
0 0.51698433125 0.7033201 0.504385971875 0.7379909171875 0.6209368140625 0.7453744828125 0.6297111796875 0.7170339296875 0.51698433125 0.7033201
0 0.5085449375 0.6361254046875 0.508498746875 0.6690133921875 0.6244603875 0.6670107921875 0.622398190625 0.6341592171875 0.5085449375 0.6361254046875
0 0.5351858984375 0.8251581953124999 0.533325909375 0.8627756796874999 0.6466881515625 0.8529876828124999 0.6491373421875 0.8247563625 0.5351858984375 0.8251581953124999
0 0.5329272984375 0.7891778953124999 0.543619465625 0.82501255 0.6399181734375 0.8123871203125 0.6316289890625 0.7812091421875 0.5329272984375 0.7891778953124999
0 0.525943471875 0.5434275921875 0.52329788125 0.5685301875000001 0.62710016875 0.5745678578125 0.6316577421875 0.5463001296875001 0.525943471875 0.5434275921875
0 0.3393988984375 0.4140714703125 0.339120478125 0.448225825 0.48143656718749994 0.4385787203125 0.48689265156249995 0.40972698281250003 0.3393988984375 0.4140714703125
0 0.318602225 0.7002084078124999 0.32119439375000003 0.7415025671875 0.48298140937499995 0.7333165546875 0.4902937578125 0.6954460328125001 0.318602225 0.7002084078124999
0 0.8534113937500001 0.5915858875 0.9987523984375001 0.5983253421875 0.9973749328125001 0.5763817625 0.9208855 0.5742341625 0.85344549375 0.5673055703125 0.8580086015624999 0.5903503203125 0.8534113937500001 0.5915858875
0 0.9411550171874999 0.5496043875 0.9970465390625 0.5463268171875 0.9912168593749999 0.52792865 0.9336237640625 0.5289232546875 0.8651346796875 0.530106025 0.8774806343750001 0.5530163671875 0.9411550171874999 0.5496043875
0 0.85295494375 0.33607854531250003 0.9101130453125 0.32815438750000003 0.9087355734375 0.3062108 0.8373508484375 0.3109121171875 0.794095275 0.3417197328125 0.8094818765625 0.3634213828125 0.85295494375 0.33607854531250003
0 1 0.3990608046875 0.9930505500000001 0.3833747953125 0.9547887749999999 0.3944411578125 0.9629725109375 0.42551662031250004 1 0.4138710375 1 0.3990608046875
0 0.9874724546874999 0.3441610921875 0.9451934718749999 0.3657024203125 0.9593859890624999 0.3932055875 0.9995284218749999 0.3624517296875 0.9874724546874999 0.3441610921875
0 0.97107088125 0.3062904796875 0.9399778703124999 0.3322633453125 0.94787161875 0.3587191078125 0.9894256234375 0.3256285203125 0.97107088125 0.3062904796875
0 1 0.426143025 0.998628634375 0.4225885 0.967932225 0.4300556796875 0.983753809375 0.4586868828125 1 0.45063817500000003 1 0.426143025
0 0.9316279046875 0.472305025 0.9300713421875001 0.47233190468749997 0.9709387578124999 0.45312730468750007 0.9179428765625 0.4528863375 0.8413468421875001 0.47386413281250006 0.85666094375 0.4944108625 0.9350310453124999 0.47687096249999994 0.9539998765625001 0.4811680921875 0.9316279046875 0.472305025
0 0.624855775 0.674153 0.4955879546875 0.6752292171875001 0.49939197812499997 0.711005025 0.6225060109375 0.7111912578124999 0.624855775 0.674153
0 0.500995521875 0.8358445046874999 0.3348775171875 0.8456503421875 0.328583028125 0.8943184953125 0.5029188765625 0.8913078046875 0.500995521875 0.8358445046874999
0 0.288397909375 0.8499215546875 0.129917753125 0.8572831375 0.122970775 0.8955569625 0.2910803484375 0.8926537953125001 0.288397909375 0.8499215546875
0 0.7456656625 0.8129060578124999 0.6670406296875 0.8087784953125 0.6646734046875 0.8417316546875 0.7417526343749999 0.8447888375 0.7456656625 0.8129060578124999
0 0.74212488125 0.7800549296875 0.6560460625 0.7749590125 0.6535412468749999 0.8057203921875 0.7375927296875 0.8020747125 0.74212488125 0.7800549296875
0 0.7239840390625 0.7266114953125 0.6560419890625 0.7277848171875 0.6546702078125 0.7530412546874999 0.734565865625 0.75385565 0.7239840390625 0.7266114953125
0 0.7159758375 0.6697018421875 0.6519832359375 0.6631274296874999 0.6480702140625 0.6950102078125 0.7178332296875001 0.6992908171875001 0.7159758375 0.6697018421875
0 0.721228275 0.6356017828125 0.6577860109375 0.637794475 0.65486845 0.6619805296875 0.719994084375 0.6630499953125 0.721228275 0.6356017828125