0 0.194358840625 0.5729084890625 0.12706145 0.6024679265625 0.125883534375 0.6033918140625001 0.007405331249999999 0.5672573546875 0.008151134375 0.6243865625 0.110262025 0.6625483546875001 0.23847775625 0.592764021875 0.2405524578125 0.5446138203124999 0.194358840625 0.5729084890625
0 0.20944699218750001 0.5610328421874999 0.23935855 0.5452304890625 0.2405251765625 0.5023239375 0.11456839062499999 0.5471528203125 0.0352209203125 0.5270743140625 0.006842873437499999 0.5241723421875 0.0074827234375 0.5731853203124999 0.056134915625000004 0.5801603421875 0.1164174125 0.60343095 0.20944699218750001 0.5610328421874999
0 0.10336956718750001 0.5431401296875 0.1217177515625 0.54595578125 0.23897470156249997 0.5027722015625 0.24562076406250002 0.4601181625 0.163915621875 0.4859008375 0.12816880625 0.4918860109375 0.11005955 0.487067775 0.0157782640625 0.46818129218750004 0.0098990796875 0.47178243281250004 0.0061799703125 0.47339305625000005 0.0068071421874999994 0.5214353593750001 0.10336956718750001 0.5431401296875
0 0.04435026875 0.41793097812499996 0.008493646875 0.41862966874999996 0.005763751562500001 0.4415103875 0.0060904953125 0.4665392640625 0.030114760937500002 0.47199572968750003 0.0852787859375 0.47944140468749996 0.1164921296875 0.4918784890625 0.157916975 0.4905032703125 0.2422441640625 0.46231900000000004 0.2469849453125 0.4160588140625 0.24022683125 0.40940970156249995 0.1665939203125 0.43082727500000007 0.1387510171875 0.4358161734375 0.11297676875 0.4299916296875 0.074494596875 0.4197528703125 0.04435026875 0.41793097812499996
0 0.1836464703125 0.38577665781250003 0.1648582015625 0.3931746859375 0.1300293234375 0.38494101718749996 0.11593175625 0.3791239890625 0.097583571875 0.3763083375 0.061365059374999996 0.36667185468749997 0.0539767640625 0.369871478125 0.031220726562500002 0.364849965625 0.015026865625 0.3638712296875 0.0089787765625 0.4145635453125 0.0351761765625 0.41652315156249997 0.05475676875 0.4155344046875 0.0714763859375 0.41894983124999996 0.10995855937500001 0.42918859062500003 0.128426209375 0.43100295 0.1564263453125 0.43122127031249996 0.19769395781250002 0.4246388203125 0.23916273124999998 0.40984528593749997 0.2439728953125 0.39562894375 0.238347878125 0.370476753125 0.23726977656249998 0.36698547187499997 0.23254130625 0.37399200625 0.20596857968750001 0.3813850171875 0.1836464703125 0.38577665781250003
0 0.251826353125 0.3232798703125 0.243689 0.319183965625 0.24440029375 0.320270978125 0.23276137812500003 0.326471971875 0.1985236640625 0.33285866875000003 0.1686560375 0.3352427015625 0.12564654687500001 0.3237993875 0.0916916890625 0.31476518593749997 0.0835488453125 0.31776404999999996 0.057020046874999994 0.31173874218750003 0.04887720625 0.31473760156249997 0.021535378124999997 0.309319921875 0.0146199375 0.3672819546875 0.023719571875 0.368995590625 0.0327364328125 0.365196190625 0.049336584375 0.369612915625 0.057598890624999996 0.3656127640625 0.0809900171875 0.3718363265625 0.10664479843750001 0.3786621625 0.12399950468750001 0.383279640625 0.1467555421875 0.3883011515625 0.1650659578125 0.3849082921875 0.1844076265625 0.3859221234375 0.2038309828125 0.3797261453125 0.2255180046875 0.37413246093749997 0.242162084375 0.36513086562499997 0.251826353125 0.3232798703125
0 0.15843755937499998 0.24471237656249997 0.0691552859375 0.24265210625 0.0282299796875 0.25320882031249997 0.021511189062499998 0.30952261875 0.0222289375 0.30971358437499996 0.044865512499999996 0.3157363875 0.057894067187499995 0.3109382078125 0.0718343984375 0.3115480109375 0.1125802265625 0.32238905 0.158092303125 0.33243206718749996 0.17933923125 0.33705205 0.21294185781250002 0.329463303125 0.2364963734375 0.3212672578125 0.24777689062500002 0.3180701453125 0.2546557140625 0.29304034843750004 0.248073925 0.27590560625 0.24886438281249998 0.269804859375 0.15843755937499998 0.24471237656249997
0 0.5626025921875 0.5960527421874999 0.561805159375 0.5960741406250001 0.40025435781249996 0.5538906406249999 0.3950796390625 0.5907376796875 0.563860453125 0.6377105000000001 0.5626025921875 0.5960527421874999
0 0.42183423124999997 0.510044590625 0.40708925156250003 0.5422791625000001 0.4176907609375 0.5512983140625 0.5639544625 0.5912470453124999 0.576553659375 0.5638220109375001 0.5560250921875001 0.5467811515625 0.42183423124999997 0.510044590625
0 0.579668328125 0.5181384718750001 0.5677140875 0.507535021875 0.4255815421875 0.46558621875000006 0.407541659375 0.4928118265625 0.4110315671875 0.509236521875 0.4365668859375 0.5170636625 0.5711161421875001 0.5507963546875 0.579668328125 0.5181384718750001
0 0.42519769375000005 0.4231279265625 0.4137915546875 0.4469531625 0.4213309203125 0.468587584375 0.5717257734375 0.5065362421875 0.5807956046875 0.476060584375 0.5659406046875 0.463673921875 0.42519769375000005 0.4231279265625
0 0.5958960875 0.43445325312499994 0.6034477734375 0.416834021875 0.5935707390625 0.4081408265625 0.5151273734374999 0.387136590625 0.4704137765625 0.363876021875 0.4563539796875 0.36426750625 0.461189596875 0.3955133375 0.4949432984375 0.4127586296875 0.5958960875 0.43445325312499994
0 0.5425424999999999 0.35310771406249997 0.5081914796875 0.3408688765625 0.4752301015625 0.3300328546875 0.45715861406249997 0.3314231296875 0.451436659375 0.3402314890625 0.45806424375 0.3564579328125 0.490943925 0.3745037640625 0.5371288578125 0.3919573421875 0.6033722359375 0.404417 0.598988865625 0.367097859375 0.5425424999999999 0.35310771406249997
0 0.46396190312499996 0.2939763140625 0.46320119374999996 0.31340238125000003 0.482895096875 0.3310391625 0.5881740375 0.3621494375 0.6138727484375 0.3555569609375 0.6040319578125 0.327111746875 0.6039124921875 0.328113034375 0.5588782734375 0.314064859375 0.51348566875 0.30302055 0.475959209375 0.2847714546875 0.46396190312499996 0.2939763140625
0 0.6047865078125 0.32731250625 0.6197642484375 0.31270216875 0.6144665546875 0.2917350453125 0.565323171875 0.279621915625 0.489710696875 0.254338696875 0.469733940625 0.2521228140625 0.46233949531249996 0.27494926406250003 0.48330357187499995 0.2949901515625 0.6047865078125 0.32731250625
0 0.6128222015625 0.28606128124999997 0.624310034375 0.25502624687500003 0.6223481890625 0.24525261875 0.5560858609375 0.226543409375 0.47634223125 0.2032602703125 0.47156983124999996 0.22368511875000002 0.47470134531249997 0.243113690625 0.4909431046875 0.2505342859375 0.6128222015625 0.28606128124999997
0 0.526658315625 0.2187137703125 0.6119227359375 0.24139964531250002 0.627296634375 0.22999394374999999 0.6091557734374999 0.199340365625 0.5032039703125 0.16081953437500002 0.4751976765625 0.1802280390625 0.47217331093750003 0.19905183125 0.475983840625 0.206264140625 0.526658315625 0.2187137703125
0 0.37773479062500004 0.1749581234375 0.39802216874999996 0.17419765781250002 0.4005725203125 0.1727698265625 0.3964097609375 0.14893456249999998 0.3364856546875 0.12266009062500001 0.30594516875 0.11763356250000001 0.2962053609375 0.147067534375 0.37773479062500004 0.1749581234375
0 0.3934547640625 0.1998022015625 0.3972675203125 0.1739968703125 0.3798789828125 0.1765617015625 0.3026001765625 0.1456697421875 0.293061534375 0.16689261875 0.32895942499999997 0.1857414828125 0.3726417640625 0.204595365625 0.3934547640625 0.1998022015625
0 0.3344247984375 0.3617856578125 0.33672006250000003 0.3882232859375 0.373932059375 0.3960579375 0.3939149703125 0.3786469890625 0.3893367390625 0.3579357359375 0.363971803125 0.3686140109375 0.3344247984375 0.3617856578125
0 0.34146085312499996 0.341963090625 0.3403417515625 0.36439302812499996 0.366631621875 0.372420915625 0.3896705125 0.362021534375 0.38584705 0.34150316875 0.36409742500000003 0.34798588124999996 0.34146085312499996 0.341963090625
0 0.346711109375 0.31753307343750004 0.3434478109375 0.33835944375000004 0.371881878125 0.347990909375 0.39106630625 0.343797521875 0.387482903125 0.3212662984375 0.36998276875 0.32475792187499997 0.346711109375 0.31753307343750004
0 0.3878485 0.29862425312499996 0.36593947031249996 0.299921365625 0.34656003750000003 0.29269902187499997 0.34822021406250003 0.3179345953125 0.3745100875 0.3259624828125 0.3856333703125 0.3175581515625 0.3879787234375 0.3109506234375 0.3878485 0.29862425312499996
0 0.34275565937499997 0.2658598875 0.3480691421875 0.2931005390625 0.3732460625 0.30393155 0.387148634375 0.2983328421875 0.3822964125 0.27337411875 0.36741696562500004 0.2744875453125 0.34275565937499997 0.2658598875
0 0.3311668359375 0.2390157296875 0.331714071875 0.267054415625 0.374484634375 0.2805003140625 0.38636247031250004 0.272296746875 0.3867938359375 0.248730590625 0.3706424921875 0.24745266250000003 0.3311668359375 0.2390157296875
0 0.3874815671875 0.24986679843749998 0.3871056765625 0.22434853906250002 0.372516146875 0.225223478125 0.32784032343749997 0.208171421875 0.327752465625 0.23500805625 0.3681399078125 0.24885297187500002 0.3874815671875 0.24986679843749998
0 0.3899085078125 0.20304704999999998 0.3768923859375 0.20159399374999998 0.3234008609375 0.1801302296875 0.322640146875 0.1995562984375 0.3349079921875 0.2141841859375 0.376804534375 0.22843062343749998 0.3877266640625 0.22823738750000003 0.3899085078125 0.20304704999999998
0 0.212686646875 0.1666982296875 0.2128468984375 0.165355028125 0.12852168125000002 0.1193598421875 0.046031303125 0.10400632031249998 0.0422811640625 0.13543826406249998 0.0424677765625 0.1491256515625 0.1680317984375 0.1908488484375 0.21187709687499998 0.19974288125 0.212424084375 0.16813549375 0.212686646875 0.1666982296875
0 0.1308335546875 0.2225267578125 0.1652485078125 0.2316833703125 0.2063777140625 0.2370830671875 0.210921315625 0.19823961875 0.2058545375 0.2064555 0.16030533593750002 0.1943364546875 0.0959543578125 0.1647423875 0.0402456765625 0.15249878125 0.03561273125 0.19133000625000002 0.0496462765625 0.19399648281249998 0.0757526765625 0.194013309375 0.1308335546875 0.2225267578125
0 0.9583273734375 1 0.9609565468750001 0.977963471875 0.910116046875 0.9565639890625001 0.7945644828125 0.9272056015624999 0.7698497359375 0.9067715171874999 0.74855929375 0.8401301234374999 0.7367250921874999 0.8605406578125001 0.7481247609375 1 0.9583273734375 1
0 0.967748890625 0.9210331453125 0.948225159375 0.908498415625 0.8409314875 0.8799513203125 0.79394824375 0.8535923703125 0.771046975 0.8267116234375 0.7606716046875001 0.7823760453124999 0.743885975 0.7917683265625 0.744620071875 0.8293811968749999 0.767293890625 0.9019339937499999 0.7879598234375 0.9212908265624999 0.8454952140625001 0.9379848203125001 0.9047345124999999 0.9579038265625 0.9459143781250001 0.9716320171874999 0.9609565421875 0.977963478125 0.967748890625 0.9210331453125
0 0.9385073359374999 0.8061327078125 0.876071171875 0.7867489609375 0.7987724578125001 0.760639140625 0.767790084375 0.6789465453125 0.7467871140625 0.71493345 0.77178933125 0.8379958203125 0.8064658703124999 0.8624662187500001 0.858138965625 0.884529634375 0.8891967859375001 0.8955647078125001 0.929204196875 0.910366775 0.9579677640625001 0.9318781125 0.9660178531250001 0.9355419218750001 0.9786981640624999 0.82926138125 0.9385073359374999 0.8061327078125
0 0.854535671875 0.65213645 0.7849634125 0.6225390171875 0.7744030046875 0.6585326578124999 0.7838675 0.7192559046875 0.8026103578124999 0.754731090625 0.8250897765625 0.767641253125 0.86813379375 0.7832512703125001 0.9118695046875 0.8018169890625 0.9697760843750001 0.824153078125 0.978825646875 0.8281928984375 0.9927812359375 0.7112235625000001 0.9377473578125001 0.6812053375 0.854535671875 0.65213645
0 0.771922609375 0.58303760625 0.77463045 0.61286060625 0.7890122359375 0.6236162703125 0.8570408484375 0.6486454828125 0.9244284453124999 0.6790474718749999 0.992682684375 0.71204955625 0.9998737906249999 0.6517770390625001 0.8385678484374999 0.602155409375 0.7989316140625 0.5929954265624999 0.781251634375 0.5661180390625 0.771922609375 0.58303760625
0 1 0.573867275 0.91136175625 0.55223155625 0.8267077640625 0.5352514328125 0.8001877859375 0.4949353546875 0.768371084375 0.5252734218749999 0.7685737484375 0.5585873875 0.8009053609375 0.5852055671875 0.9735115499999999 0.635287534375 1 0.640408696875 1 0.573867275
0 1 0.4988272703125 0.8370148453124999 0.45761534218750005 0.7946625171874999 0.444961034375 0.7781891390625 0.47799560156250004 0.78804133125 0.49170360625000004 0.8173363312499999 0.51751383125 0.8878701296875 0.539052084375 1 0.57216333125 1 0.4988272703125
0 1 0.3909408765625 0.8232988703125 0.3625008875 0.7989470375 0.3740375671875 0.793506575 0.393377584375 0.8176816296875 0.4358414375 0.8342987484375 0.4541210109375 1 0.5004580390625 1 0.3909408765625