0 0 0.431738565625 0.071598034375 0.39790444062499997 0.0547285890625 0.32376989843750004 0 0.3650356390625 0 0.431738565625
0 0.132558240625 0.2927587765625 0.058134021875 0.337428340625 0.07531889375 0.399878228125 0.148538659375 0.343902959375 0.132558240625 0.2927587765625
0 0.22417436249999997 0.226393778125 0.1421507046875 0.272958090625 0.150897346875 0.3404133671875 0.238685121875 0.30401790625 0.22417436249999997 0.226393778125
0 0.31044225000000003 0.1903772671875 0.23806128906250001 0.243241896875 0.2440835796875 0.2997704140625 0.3348608984375 0.23651605781249999 0.31044225000000003 0.1903772671875
0 0.43638490625 0.13866571875 0.3212391734375 0.181882290625 0.3419871953125 0.2521482859375 0.4632124765625 0.20741591874999998 0.43638490625 0.13866571875
0 0.564320596875 0.069048240625 0.4352879328125 0.095416690625 0.45540509843750004 0.18905199687500002 0.587635246875 0.1560833203125 0.564320596875 0.069048240625
0 0.6682704562499999 0 0.5712389453125 0.0644217984375 0.5940302234375 0.1428828609375 0.7332862046875 0.073344415625 0.7113450593749999 0 0.6682704562499999 0
0 0.5952346796875 0.15418856718750001 0.46693333593749997 0.2093897015625 0.40634580937500003 0.2448063890625 0.428456003125 0.3205357640625 0.5996296078125 0.24303936249999997 0.5952346796875 0.15418856718750001
0 0.6000022859375 0.17331038906250001 0.6192304234375 0.24395533593750002 0.8321220578125 0.158958965625 0.8110083781249999 0.0742766203125 0.6000022859375 0.17331038906250001
0 0.611473271875 0.2516924109375 0.48820472812500004 0.28822972187499996 0.49831354375 0.3611483703125 0.634106840625 0.335995803125 0.611473271875 0.2516924109375
0 0.6211159640624999 0.2579927265625 0.64526941875 0.34191716875 0.7860452890625 0.27199977343750004 0.7676559546874999 0.198244184375 0.6211159640624999 0.2579927265625
0 0.9446736734375 0.2167059421875 0.922728521875 0.12868874218749998 0.7723733312500001 0.191265009375 0.7747822453125 0.213876415625 0.7963690671875 0.2810317765625 0.9446736734375 0.2167059421875
0 0.63903215625 0.34927529375 0.6655945265625001 0.4558111421875 0.8803214765625 0.358751165625 0.8512427046875001 0.26154723281250003 0.63903215625 0.34927529375
0 0.8890751375000001 0.342061121875 0.972046440625 0.32649211093749997 0.9462078828125 0.222859315625 0.8693236328125 0.2628421609375 0.8890751375000001 0.342061121875
0 0.8308392734375 0.45813353437500004 0.8173752640625 0.3976574453125 0.66507115625 0.447237125 0.6849803750000001 0.5206137640625 0.8308392734375 0.45813353437500004
0 0.6285506640625 0.346085621875 0.44417122343750004 0.40946559374999997 0.46271826875000005 0.47737885625 0.6533852046875 0.432741746875 0.6285506640625 0.346085621875
0 0.47876998125 0.30218807187499996 0.376830084375 0.359521075 0.38929758125 0.42895012968749996 0.49852148749999997 0.38140704062499997 0.47876998125 0.30218807187499996
0 0.398223 0.23812712500000002 0.24072838281250003 0.312212971875 0.25759782656249997 0.386347509375 0.41477701875 0.3239463171875 0.398223 0.23812712500000002
0 0.23988957968750002 0.31532361249999996 0.113473778125 0.3845621390625 0.12761887968750002 0.44776992499999996 0.2540849140625 0.40463239218749997 0.2416174109375 0.3352033296875 0.23988957968750002 0.31532361249999996
0 0 0.4862836375 0.0079637109375 0.518224340625 0.131024309375 0.46142836562499995 0.0977515390625 0.379777625 0 0.43263173750000006 0 0.4862836375
0 0 0.561392284375 0.00507114375 0.58173153125 0.03054705 0.5764267375000001 0.0097990265625 0.5061607328125 0 0.5103767234375 0 0.561392284375
0 0.099630059375 0.47796033906249996 0.0097990265625 0.5061607328125 0.0290271640625 0.5768056875 0.1125707015625 0.5298624203125 0.099630059375 0.47796033906249996
0 0.368026190625 0.3501101203125 0.26692509062499997 0.40433248125 0.28667659843750004 0.48355144218749996 0.3874120390625 0.414912740625 0.368026190625 0.3501101203125
0 0.262523146875 0.399627 0.16745136562500001 0.42623256249999997 0.1934401328125 0.498093396875 0.28699202343749997 0.47186678437499996 0.262523146875 0.399627
0 0.17069908125 0.445733334375 0.0938659421875 0.4677914828125 0.1122552765625 0.541547071875 0.19836545 0.511372884375 0.17069908125 0.445733334375
0 0.44029264843749993 0.413334134375 0.2859955125 0.480819753125 0.30354604531249996 0.55768598125 0.463083928125 0.49179519687499995 0.44029264843749993 0.413334134375
0 0.5174341921875001 0.46373664375 0.54158764375 0.5476610796875 0.6856614640625 0.5233454546874999 0.6620313828125 0.4479950265625 0.5174341921875001 0.46373664375
0 0.680263 0.527592946875 0.4872373796875 0.5757196390625 0.5042645390625 0.644011846875 0.705778628125 0.6169807640625 0.680263 0.527592946875
0 0.9147987093750001 0.4517076125 0.68922460625 0.5311615703125 0.706302 0.6255547781249999 0.9308293531249999 0.5289527859375001 0.9147987093750001 0.4517076125
0 0.702738853125 0.617738665625 0.5605003515625 0.6299906828124999 0.578889684375 0.70374626875 0.7228057859375 0.68527296875 0.702738853125 0.617738665625
0 0.705778628125 0.6169807640625 0.7272077359375 0.68997845 0.8781496703125 0.6349353843750001 0.8552006750000001 0.5623166484375 0.705778628125 0.6169807640625
0 1 0.5238969921875001 0.8604414234375 0.56391148125 0.87427109375 0.6388039203125 1 0.614041425 1 0.5238969921875001
0 0.721128184375 0.6914942500000001 0.5209762718750001 0.7239887140625 0.54172429375 0.7942547109375 0.7383130625 0.7539441328125001 0.721128184375 0.6914942500000001
0 0.46207336562499995 0.6690388031250001 0.46977326250000007 0.71934604375 0.5714479640625 0.6997986968750001 0.5625436109375 0.638185746875 0.46207336562499995 0.6690388031250001
0 0.5348270125 0.5464451968749999 0.518323221875 0.486727 0.41732960625000004 0.50900603125 0.4253951640625 0.5737296203125 0.5348270125 0.5464451968749999
0 0.4078948609375 0.5229643890625 0.3159130859375 0.5749130499999999 0.331578071875 0.6377418796875001 0.4274384234375 0.5819246875 0.4078948609375 0.5229643890625
0 0.162877659375 0.595660053125 0.302707246875 0.5607966203125 0.285629853125 0.4664034109375 0.1431261515625 0.516441084375 0.162877659375 0.595660053125
0 0.140452040625 0.53161533125 0.02719184375 0.5888692859375 0.0430145484375 0.64585579375 0.15999560156249998 0.5905756203125 0.140452040625 0.53161533125
0 0.4745549140625 0.5701772265625 0.325656240625 0.63341535625 0.339643625 0.7024654640625 0.49598401875000003 0.6431749109375 0.4745549140625 0.5701772265625
0 0.3182145171875 0.6294677765625 0.302183871875 0.5522226031249999 0.22199553437500003 0.5867233125 0.23713714375 0.6409781296875 0.3182145171875 0.6294677765625
0 0.2071120890625 0.578828159375 0.13399981249999998 0.6028601078125 0.15155034375 0.6797263296875 0.23766051875 0.64955214375 0.2071120890625 0.578828159375
0 0.1226795171875 0.602781071875 0.042856834375 0.651698125 0.0696844015625 0.7204483203125001 0.1442663390625 0.6699364328125 0.1226795171875 0.602781071875
0 0.0376160859375 0.6501032859375 0.0228657 0.65310159375 0.036962071875 0.7096390546875 0.0677988578125 0.7064109296875001 0.0376160859375 0.6501032859375
0 0.0688456015625 0.7235589609375 0.041574414062499995 0.7281381484375 0.05633317812500001 0.7873323171875 0.0860304765625 0.786008840625 0.0688456015625 0.7235589609375
0 0.183310253125 0.6776107046875001 0.067483425 0.71809558125 0.0838295 0.783656103125 0.198451865625 0.73186551875 0.183310253125 0.6776107046875001
0 0.3226164640625 0.6341732578125 0.187346540625 0.6678998359375 0.20248815625 0.7221546531249999 0.3389625390625 0.6997337781249999 0.3226164640625 0.6341732578125
0 0.9433470890625 0.624482846875 0.7316096796875 0.6946839234375 0.74151055 0.74734390625 0.98117951875 0.7049967359375 0.9433470890625 0.624482846875
0 1 0.6107114515625 0.95602955 0.6300252578125 0.9757810546875 0.70924421875 1 0.7039231515625 1 0.6107114515625
0 0.46055348125 0.6694177531250001 0.351121634375 0.696702175 0.36343141874999996 0.771973565625 0.47469858125000003 0.732625534375 0.46055348125 0.6694177531250001
0 0.344203284375 0.7013286125 0.2494469296875 0.7162495171875001 0.2681516921875 0.7783204546875 0.35986827187500003 0.76415745 0.344203284375 0.7013286125
0 0.2410087 0.721254909375 0.16957401875 0.7390655749999999 0.1860778078125 0.7987837734375 0.26207214375 0.7798362578125 0.2410087 0.721254909375
0 0.16637652812499998 0.745665803125 0.08162853125 0.7813033671875 0.093207 0.8277420671875 0.1891175796875 0.798025871875 0.16637652812499998 0.745665803125
0 0.08162853125 0.7813033671875 0.055627543749999994 0.78450216875 0.06784645624999999 0.8335095546875 0.100648715625 0.8316896437500001 0.08162853125 0.7813033671875
0 0.3671522765625 0.7739473484375 0.38077400781250004 0.828581121875 0.534963659375 0.793038821875 0.5179365 0.7247466124999999 0.3671522765625 0.7739473484375
0 0.3493867765625 0.7609677718750001 0.2095571921875 0.7958312015625 0.22606098281250003 0.8555493984375 0.372335771875 0.8335865078125 0.3493867765625 0.7609677718750001
0 0.21259696562500002 0.7950733 0.0976089453125 0.8324475437500001 0.10598992812500001 0.8854864765625001 0.2360191015625 0.8501650578125 0.21259696562500002 0.7950733