0 0.2576335875 0.8932291671874999 0.2958015265625 0.9114583328125001 0.517175571875 0.8359375 0.51145038125 0.7760416671875 0.43893129843749995 0.640625 0.2137404578125 0.7578125 0.2576335875 0.8932291671874999
0 0.2137404578125 0.5729166671875 0.2576335875 0.640625 0.3778625953125 0.5807291671875 0.3797709921875 0.5416666671875 0.318702290625 0.4479166671875 0.1984732828125 0.4869791671875 0.2137404578125 0.5729166671875
0 0.6106870234375 0.5286458328125 0.7156488546875 0.6119791671875 0.8129771 0.5625 0.8110687015625 0.5078125 0.7061068703125 0.4348958328125 0.6183206109375 0.484375 0.6106870234375 0.5286458328125
0 0.33396946562499996 0.3177083328125 0.32442748125 0.3645833328125 0.3664122140625 0.4244791671875 0.5362595421874999 0.390625 0.5324427484375 0.3307291671875 0.49618320625 0.3307291671875 0.435114503125 0.28125 0.33396946562499996 0.3177083328125
0 0.7748091609375 0.3255208328125 0.7022900765625 0.3697916671875 0.8206106875 0.5182291671875 0.904580153125 0.4739583328125 0.7748091609375 0.3255208328125
0 0.4408396953125 0.6640625 0.515267175 0.7786458328125 0.65267175625 0.7109375 0.6603053437499999 0.6458333328125 0.5534351140625 0.5390625 0.45038167968750004 0.5989583328125 0.4408396953125 0.6640625
0 0.0057251906249999995 0.6380208328125 0.0057251906249999995 0.6875 0.2194656484375 0.59375 0.20992366406250001 0.5598958328125 0.1870229 0.4869791671875 0.0076335875 0.5364583328125 0.0057251906249999995 0.6380208328125
0 0.158396946875 0.7239583328125 0.0057251906249999995 0.7890625 0.00381679375 0.8984375 0.1889312984375 0.8125 0.158396946875 0.7239583328125
0 0.44274809218750005 0.2942708328125 0.49427480937499996 0.3203125 0.6297709921875 0.296875 0.6259541984375 0.23958333281250002 0.568702290625 0.20833333281250002 0.4541984734375 0.2421875 0.44274809218750005 0.2942708328125
0 0.1641221375 0.203125 0.013358778125000002 0.2265625 0.015267175 0.3098958328125 0.16603053437499998 0.2838541671875 0.1641221375 0.203125
0 0.181297709375 0.3385416671875 0.00381679375 0.3880208328125 0.011450381249999999 0.453125 0.185114503125 0.4166666671875 0.181297709375 0.3385416671875
0 0.3091603046875 0.3229166671875 0.17748091562499999 0.34375 0.17557251875 0.4010416671875 0.3091603046875 0.3984375 0.3091603046875 0.3229166671875
0 0.26145038125000003 0.1666666671875 0.33396946562499996 0.1901041671875 0.435114503125 0.1901041671875 0.423664121875 0.1119791671875 0.34732824375 0.140625 0.2843511453125 0.1015625 0.26145038125000003 0.1666666671875
0 0.57442748125 0.0859375 0.4522900765625 0.08854166718749999 0.4484732828125 0.1666666671875 0.5782442750000001 0.1536458328125 0.57442748125 0.0859375
0 0.5858778625000001 0.1536458328125 0.49809160312499995 0.1666666671875 0.49618320625 0.21875 0.5858778625000001 0.21354166718749998 0.5858778625000001 0.1536458328125
0 0.8053435109375 0.6067708328125 0.8492366406249999 0.6328125 0.931297709375 0.5859375 0.9332061062499999 0.5520833328125 0.8893129765625 0.5130208328125 0.826335878125 0.5390625 0.8053435109375 0.6067708328125
0 0.57442748125 0.3958333328125 0.5553435109375 0.375 0.505725190625 0.390625 0.517175571875 0.453125 0.576335878125 0.4973958328125 0.7080152671875 0.453125 0.7003816796875 0.3958333328125 0.6641221374999999 0.3723958328125 0.57442748125 0.3958333328125
0 0.1870229 0.7552083328125 0.41984732812500003 0.6536458328125 0.3835877859375 0.5729166671875 0.244274809375 0.6510416671875 0.2156488546875 0.6067708328125 0.15648855 0.625 0.1870229 0.7552083328125
0 0.29770992343749997 0.28125 0.341603053125 0.3098958328125 0.44274809218750005 0.2942708328125 0.44274809218750005 0.21614583281250002 0.35877862656250004 0.24739583281250002 0.3091603046875 0.21354166718749998 0.29770992343749997 0.28125
0 0.9732824421874999 0.3463541671875 0.908396946875 0.3229166671875 0.8931297703125001 0.3645833328125 0.9580152671875 0.3958333328125 0.9732824421874999 0.3463541671875
0 0.9179389312499999 0.3671875 0.841603053125 0.34375 0.8396946562500001 0.390625 0.9007633593750001 0.4244791671875 0.9179389312499999 0.3671875
0 0.9961832062499999 0.4114583328125 0.921755725 0.3802083328125 0.9179389312499999 0.4322916671875 0.982824428125 0.4583333328125 0.9961832062499999 0.4114583328125
0 0.9561068703125001 0.22135416718749998 0.8988549625 0.1927083328125 0.8874045796875001 0.24479166718749998 0.9465648859375 0.2682291671875 0.9561068703125001 0.22135416718749998
0 0.833969465625 0.20052083281250002 0.7824427484375 0.1979166671875 0.7709923671875 0.24739583281250002 0.828244275 0.2682291671875 0.833969465625 0.20052083281250002
0 0.5438931296875 0.3645833328125 0.587786259375 0.3880208328125 0.6679389312499999 0.3723958328125 0.6603053437499999 0.3098958328125 0.6316793890625 0.2916666671875 0.5629771 0.3229166671875 0.5438931296875 0.3645833328125
0 0.7862595421874999 0.6536458328125 0.6603053437499999 0.7369791671875 0.6717557249999999 0.7916666671875 0.7919847328125 0.6953125 0.7862595421874999 0.6536458328125
0 0.29770992343749997 0.265625 0.1106870234375 0.28125 0.1106870234375 0.3567708328125 0.29770992343749997 0.3411458328125 0.29770992343749997 0.265625
0 0.9255725187499999 0.2786458328125 0.8511450375 0.24479166718749998 0.833969465625 0.2994791671875 0.9103053437499999 0.3359375 0.9255725187499999 0.2786458328125
0 0.2827335109375 0.10099828125000002 0.34194472187499997 0.131297765625 0.44112349218749997 0.10099828125000002 0.44112349218749997 0.0403993125 0.38487284375 0.0121197921875 0.285694071875 0.0444392453125 0.2827335109375 0.10099828125000002
0 0.74606120625 0.1252378703125 0.7208964421874999 0.1292778015625 0.7194161640625001 0.1575573234375 0.7371795265625 0.153517390625 0.74606120625 0.1252378703125
0 0.8097132515625001 0.2888550890625 0.757903446875 0.28481515625 0.747541484375 0.3211745359375 0.8097132515625001 0.3211745359375 0.8097132515625001 0.2888550890625