0 0.2719696734375 0.6545992671875001 0.2790604953125 0.75661543125 0.538812821875 0.7486513 0.5350263671875 0.650805365625 0.2719696734375 0.6545992671875001
0 0.0023087671875 0.677422146875 0 0.7861032671875 0.27915924375 0.756630365625 0.272235396875 0.6526081796875001 0.0023087671875 0.677422146875
0 0.1602999703125 0.536450021875 0.0023087671875 0.5577239953124999 0.0033594468750000003 0.6699451859375001 0.15914596406249998 0.6439396390625001 0.1602999703125 0.536450021875
0 0.1671450984375 0.553158853125 0.16120998125 0.6503729734375 0.3589040578125 0.6446243828125 0.356353090625 0.5488145296875 0.1671450984375 0.553158853125
0 0.3623604078125 0.5387786390625 0.361454909375 0.6388757875 0.5323645203125 0.6503729734375 0.5361908546875 0.5660603171874999 0.3623604078125 0.5387786390625
0 0.0063795453125 0.42086089062500004 0 0.5718089125 0.283652715625 0.5354010875 0.2734491921875 0.42234545937499995 0.0063795453125 0.42086089062500004
0 0.5361908546875 0.4702503828125 0.372933915625 0.4242616234375 0.28389150937499996 0.432365059375 0.276000046875 0.5564792953125 0.538741821875 0.5564792953125 0.5361908546875 0.4702503828125
0 0.0006379203125 0.30581919062499996 0 0.40318341562500004 0.165036315625 0.4185130328125 0.1637609484375 0.3112059078125 0.0006379203125 0.30581919062499996
0 0.3716584328125 0.3418651359375 0.27727553125000004 0.316954503125 0.1671450984375 0.3173233609375 0.171413621875 0.41468060625 0.3716584328125 0.43767498437499996 0.3716584328125 0.3418651359375
0 0.37192978593750003 0.3460837875 0.3716584328125 0.4434235796875 0.5400171890625 0.47791514218750003 0.5349154875 0.3667756828125 0.37192978593750003 0.3460837875
0 0.2823773484375 0.22114465625 0.1701381375 0.1809044921875 0 0.164893103125 0.0043302296875 0.3112059078125 0.27982638125000003 0.3284516890625 0.2823773484375 0.22114465625
0 0.28389150937499996 0.2051577 0.27727553125000004 0.3112059078125 0.551496196875 0.38210529531250004 0.5412926765625 0.2709657484375 0.28389150937499996 0.2051577
0 0.00446566875 0.026843059375 0 0.159826284375 0.1701381375 0.1828206609375 0.17268898906250002 0.04868678125 0.00446566875 0.026843059375
0 0.1824561015625 0.07573578125 0.17268898906250002 0.171323475 0.3754847671875 0.22497698906250002 0.3754847671875 0.125334721875 0.1824561015625 0.07573578125
0 0.383413040625 0.11887642031250001 0.36910758125 0.215396059375 0.5502208296875 0.2977925515625 0.5476698625 0.18473683125 0.383413040625 0.11887642031250001
0 0.353246753125 0.8613062734374999 0.15584415625 0.9133489453125 0.1662337671875 0.9836065578125 0.353246753125 0.9471766828125 0.353246753125 0.8613062734374999
0 0.5264069265625 0.835284934375 0.375757575 0.8639084046875001 0.36883116718750003 0.936768146875 0.5212121203125 0.92375748125 0.5264069265625 0.835284934375
0 0.6718614734374999 0.8613062734374999 0.5471861453125 0.835284934375 0.5419913421875 0.939370284375 0.6632034625000001 0.9836065578125 0.6718614734374999 0.8613062734374999
0 0.6961038953124999 0.5334374203125 0.5558441562499999 0.5568566234375 0.5627705640625 0.64532916875 0.6961038953124999 0.64532916875 0.6961038953124999 0.5334374203125
0 0.78095238125 0.424147803125 0.58181818125 0.460577671875 0.573160175 0.5516523546875 0.775757575 0.5464480875 0.78095238125 0.424147803125
0 1 0.43715847031250005 0.7930735921875 0.4215456671875 0.7896103890624999 0.5204267484375 0.9939393921875 0.562060890625 1 0.43715847031250005
0 0.9956709968749999 0.2940411140625 0.7341991343750001 0.31485818593750003 0.7186147203125001 0.408535 0.9922077921874999 0.426749934375 0.9956709968749999 0.2940411140625
0 0.7047619046875 0.32786885312499997 0.5696969703125 0.3695029953125 0.5696969703125 0.457975540625 0.7030303015625 0.43715847031250005 0.7047619046875 0.32786885312499997
0 0.7896103890624999 0.187353628125 0.5679653671875 0.2654176453125 0.5679653671875 0.353890190625 0.78268398125 0.30444965 0.7896103890624999 0.187353628125
0 0.9991342 0.1587301578125 0.8103896109375001 0.16393442656249999 0.8086580078125 0.27322404375 0.9922077921874999 0.27322404375 0.9991342 0.1587301578125
0 0.708225109375 0.10668748593749999 0.58008658125 0.16913869374999999 0.5783549781249999 0.2472027046875 0.7064935046875 0.20817070000000001 0.708225109375 0.10668748593749999
0 0.9818181812500001 0.0052042671875 0.7238095234374999 0.09888108125 0.7255411265625 0.189955765625 0.9939393921875 0.11449388593750001 0.9818181812500001 0.0052042671875
0 0.552380953125 0.0962789515625 0.30649350468750003 0.0052042671875 0.29610389531250003 0.09888108125 0.5437229453125 0.1743429625 0.552380953125 0.0962789515625
0 0.735930734375 0 0.5766233781250001 0.0780640109375 0.5870129859375 0.1457194921875 0.8017315999999999 0.0416341421875 0.735930734375 0
0 0.997402596875 0.57767369375 0.7238095234374999 0.5516523546875 0.709956709375 0.6505334375 0.9904761890625 0.7077803828125 0.997402596875 0.57767369375
0 0.9922077921874999 0.7207910484375 0.7878787890625001 0.6739526390624999 0.779220778125 0.767629453125 0.9870129859375 0.81707 0.9922077921874999 0.7207910484375
0 0.758441559375 0.6609419734374999 0.5679653671875 0.64532916875 0.5627705640625 0.7233931796874999 0.7497835484375 0.767629453125 0.758441559375 0.6609419734374999