0 0.2195868734375 0.0002554953125 0.020456903125000002 0.0172279484375 0.017081818749999998 0.015342121875 0.015394274999999999 0.0813461078125 0.025519528125000003 0.11717684375 0.0913336703125 0.12472015624999999 0.2533377171875 0.137920953125 0.2854010171875 0.1266059859375 0.2921511859375 0.07946027812499999 0.2803383875 0.019113778125 0.2195868734375 0.0002554953125
0 0.01629521875 0.26424406562499997 0.2056028265625 0.253968721875 0.2180430421875 0.2128673390625 0.22994237968750003 0.192316646875 0.24454610937500001 0.1687437921875 0.2521184140625 0.15605071718750002 0.2472505015625 0.1391266171875 0.2115524984375 0.1294557078125 0.0093579328125 0.1306640046875 0.01629521875 0.26424406562499997
0 0.279162359375 0.2679707921875 0.2239927125 0.26071760781250003 0.11581693281250001 0.2558821515625 0.0265755609375 0.269699778125 0.026571915624999998 0.2697840890625 0.0261429953125 0.2697840890625 0.0022323671874999998 0.30000569375 0 0.3664932265625 0.0038550046875 0.3755597125 0.0141317046875 0.386439490625 0.163414275 0.39067051406250003 0.2364329234375 0.396714834375 0.27429444687500004 0.3894616515625 0.2780805984375 0.322369684375 0.279162359375 0.2679707921875
0 0.235892046875 0.4747199578125 0.245627865625 0.44328948593749995 0.2532001734375 0.41669447187499997 0.25860895781250004 0.39372605156249996 0.004417767187499999 0.388344621875 0.005477640625 0.3882861609375 0.0033141265625 0.38768173125 0 0.52247009375 0.1661186703125 0.5164257734375 0.2207474390625 0.5212612265625001 0.24346435 0.5146124765625 0.235892046875 0.4747199578125
0 0.252659290625 0.5708914203125001 0.25482280625 0.5189102546875 0.13312505937500002 0.5170969578125 0.0000688515625 0.523141278125 0.0016786796874999998 0.6598637968750001 0.231024134375 0.655511915625 0.23751468281250002 0.5992997265625 0.252659290625 0.5708914203125001
0 0.23156501718750003 0.65436980625 0.0011506078125 0.6573919671875 0.0016914890625000002 0.7806961171875 0.0011720671875 0.7814263875 0.029276312500000002 0.782509415625 0.1039175984375 0.7909714625 0.1742318515625 0.7994335140625 0.2472505015625 0.80608226875 0.2596907171875 0.7395947359374999 0.2607724765625 0.6972844859375 0.2472505015625 0.6634362874999999 0.23156501718750003 0.65436980625
0 0.2596907171875 0.8049401609375 0.139074725 0.7964781078125001 0.0011506078125 0.780762871875 0.0016914890625000002 0.9161556703124999 0.0011720671875 0.9162836656250001 0.2580680796875 0.9264310140625 0.2596907171875 0.8049401609375
0 0.264558628125 0.947015084375 0.2580680796875 0.9258599578125001 0.0016914890625000002 0.9192112078125 0.0022323671874999998 0.9989962453125001 0.26347686875 0.9989962453125001 0.26347686875 0.998391815625 0.26293599218749997 0.9977873828125 0.264558628125 0.947015084375
0 0.55287378125 0.000066128125 0.28841646875000004 0.0121956171875 0.2856796078125 0.052047292187500004 0.28946575937499996 0.08408219375 0.301365096875 0.138481084375 0.4982450125 0.1396899484375 0.5415153203124999 0.12337027812500001 0.5490876250000001 0.07199355156250001 0.566936628125 0.0181990890625 0.55287378125 0.000066128125
0 0.3262455234375 0.2635985328125 0.49229534218750004 0.2575542125 0.49554061562499996 0.20738634375 0.49499973906249994 0.1372722171875 0.2900066375 0.1294145984375 0.289498371875 0.130120146875 0.2548495109375 0.13304119375 0.241327540625 0.1662849625 0.22077413906249999 0.1977154296875 0.21752886875000002 0.23639908437499998 0.2218558984375 0.25634534375 0.23970490312499998 0.267225121875 0.31488706718750004 0.268433990625 0.3262455234375 0.2635985328125
0 0.3257046453125 0.2624898015625 0.28838400468750003 0.2679296890625 0.27702554375 0.30661334375 0.277597471875 0.388344621875 0.27864818125 0.3888161125 0.5447605953125 0.39788259375 0.558282565625 0.347110296875 0.58262211875 0.2999645890625 0.5755906921875 0.2697429859375 0.51825753125 0.25765434374999996 0.3257046453125 0.2624898015625
0 0.25917654375 0.395531621875 0.25160423593750003 0.4245443625 0.23483699218749998 0.4656457453125 0.23970490312499998 0.49103189687500004 0.25974612656249996 0.5262256125 0.2602583 0.52488009375 0.5101443453125001 0.5357598718750001 0.53935180625 0.5073515609375 0.5409744437499999 0.4710856375 0.5334021390625 0.4269620890625 0.5144713750000001 0.3949271890625 0.25917654375 0.395531621875
0 0.3359813453125 0.5273312031249999 0.2624218140625 0.526122334375 0.25917654375 0.559366103125 0.236459628125 0.595632028125 0.23105083906249999 0.650635353125 0.2602870765625 0.6719682359375 0.3419310125 0.66695501875 0.423603725 0.6651417265624999 0.5128487421875 0.6621195609375 0.5344838937499999 0.6264580703125 0.5317795015625 0.5805212265625 0.5096034687500001 0.533979953125 0.3359813453125 0.5273312031249999
0 0.5323203796875 0.6616152640624999 0.3397674984375 0.66826401875 0.3338178265625 0.6718906078125 0.26728972500000003 0.6700773156250001 0.2602583 0.705134378125 0.2602583 0.754093378125 0.2527137765625 0.800778103125 0.2624218140625 0.804865675 0.4501067890625 0.8012390843749999 0.458219975 0.793985896875 0.51122610625 0.7927770328125 0.5555781734374999 0.7534889484375 0.5566599328125 0.7123875609375 0.5323203796875 0.6616152640624999
0 0.5761315703125 0.8841130375 0.601012 0.8629579156249999 0.566936628125 0.797074815625 0.52799335 0.7867994671874999 0.485804796875 0.7910304953125 0.3770881390625 0.8000969765624999 0.34409452812499997 0.8043279999999999 0.26992446875 0.8031191375000001 0.261340059375 0.8043279999999999 0.2607991765625 0.882904175 0.2575539078125 0.9294454484375001 0.302987734375 0.9318631749999999 0.364107046875 0.9306543109375 0.41711317656249997 0.9312587453125 0.5231254390625 0.9221922640625 0.5566599328125 0.9064770281250001 0.5761315703125 0.8841130375
0 0.262971928125 0.9288688296875 0.264073725 0.9991332078124999 0.26351280625 0.9995873874999999 0.6080526578125001 0.9989829578125 0.581549590625 0.9324954249999999 0.541524553125 0.9204067828125 0.48365051406250004 0.9210112125000001 0.3722294640625 0.9337042875 0.262971928125 0.9288688296875
0 0.5702339624999999 0.9342957406249999 0.6086363625 0.9977611124999999 0.9207234812499999 0.9983655421875 0.8785349281249999 0.9107228875000001 0.816874734375 0.9149539109375 0.73952905 0.9203938015625001 0.6794914984375 0.9252292593749999 0.6248627296875 0.9300647171875 0.5702339624999999 0.9342957406249999
0 0.8953021734375 0.8484663781249999 0.8747487765624999 0.833960009375 0.848245709375 0.7856054390625 0.8271514296875001 0.7856054390625 0.7784723328125 0.7958807828125 0.703831046875 0.795276353125 0.5702339624999999 0.7982985140625 0.60809548125 0.872643665625 0.5529258359375 0.9155583437500001 0.56536605 0.9379223296875001 0.6935543453124999 0.9252292593749999 0.8239061609375 0.9131406125 0.8904342609375 0.8599505890625 0.8953021734375 0.8484663781249999
0 0.690309071875 0.657399075 0.680573253125 0.6628389625 0.5426491390625 0.6676744203125 0.5604981390625 0.7117979671875 0.579428903125 0.736579684375 0.5529258359375 0.750481621875 0.5404856203125 0.767405721875 0.5421082578124999 0.7794943625 0.5421082578124999 0.7782855 0.577806265625 0.8024627828125 0.6735418265625001 0.8006494859375 0.7757679359375 0.7952095984375 0.83742813125 0.7879564109375 0.8893525062500001 0.726304334375 0.824987915625 0.6507503203125 0.7557554171875001 0.6549813437500001 0.690309071875 0.657399075
0 0.5924099953125 0.6663988015625 0.6876046796875 0.6633766421875 0.7698182703125 0.66035448125 0.807138915625 0.64887026875 0.8633903171874999 0.5733162546874999 0.804975396875 0.517104065625 0.7514283875000001 0.5219395234374999 0.6048502109375 0.5310060046875 0.5307498015625 0.5394680562499999 0.531302978125 0.5413441421875 0.5307498015625 0.5751295515625 0.54697616875 0.6023289953125001 0.544271771875 0.6204619578125 0.525881890625 0.63073730625 0.5253410125 0.6434303828125 0.5410265015625 0.6651899390625 0.5556302328125 0.6700253921875 0.5924099953125 0.6663988015625
0 0.8006444593750001 0.5200078625 0.842292134375 0.46742226875000004 0.857977625 0.4329696375 0.795776553125 0.3930771171875 0.552921928125 0.3888460890625 0.5307787 0.40553461718749995 0.532909409375 0.43840952343749995 0.5496766578125001 0.45835578281249995 0.563198628125 0.47890647656249996 0.5226327125 0.5224255890625 0.533450290625 0.535118665625 0.5550854468749999 0.53451423125 0.5713118140625 0.5320965046875 0.6686700125 0.5284699109375001 0.7281666875 0.52544775 0.8006444593750001 0.5200078625
0 0.87636750625 0.304830028125 0.833638071875 0.2691685328125 0.772518759375 0.2601020515625 0.5832111484375 0.2691685328125 0.5821522703124999 0.2692106125 0.596192240625 0.2999945703125 0.5642803875 0.330216175 0.5512992953125 0.38280176875 0.5512992953125 0.3906593875 0.552921928125 0.396099278125 0.8082167640625 0.39428598125000003 0.8466191640625 0.33928265625 0.87636750625 0.304830028125
0 0.8309336796875 0.1602706171875 0.8087576453124999 0.145159815625 0.794153915625 0.1270268484375 0.5388590796875 0.122795825 0.49396613125 0.142742084375 0.49234349374999997 0.24549554687500003 0.5572489625 0.2666506703125 0.7703552453125 0.260001915625 0.8001035828124999 0.2195049671875 0.8228204937499999 0.2001631375 0.8341789531250001 0.1790080140625 0.8309336796875 0.1602706171875
0 0.8363424687500001 0.0006671609375 0.5707709328125 0.0024804578125 0.5713118140625 0.0024804578125 0.5642803875 0.029075471874999998 0.54589050625 0.0580882125 0.5491357765625 0.12276244843749999 0.8125437968749999 0.1233668828125 0.8260657671875 0.087100953125 0.876908384375 0.0345153578125 0.8790718984374999 0.00792034375 0.8363424687500001 0.0006671609375
0 0.85583818125 0.059307273437499995 0.8206810546875 0.09496876875 0.8168949031249999 0.12579480625 1 0.1306302640625 0.9986302109375 0.0079305421875 0.881800371875 0.0067216796875 0.8818385187500001 0.0079624296875 0.85583818125 0.059307273437499995
0 0.7822786546875 0.23580145312499998 0.7882283203125 0.266627490625 0.8428570890625 0.266627490625 0.846643240625 0.2605831703125 0.9061399203124999 0.261187603125 1 0.2605831703125 0.999711965625 0.1288169671875 0.8033729328125 0.1282125375 0.8055364468749999 0.12760810312499998 0.8195992999999999 0.12760810312499998 0.8028320499999999 0.122772646875 0.8044546875 0.14392777343750002 0.8325803921875 0.15541198125 0.8390709359375 0.1820069953125 0.7822786546875 0.23580145312499998
0 0.9975484515625 0.2558144671875 0.9965198984375 0.255301565625 0.8931588265625001 0.26306765625 0.8212219328125 0.2672986796875 0.881800371875 0.30175131093749996 0.8190584171875 0.3779097546875 0.8401526968749999 0.38274521250000004 0.941297046875 0.386976240625 0.9980893296875 0.3899984015625 0.9975484515625 0.2558144671875
0 0.8087817218750001 0.515182603125 1 0.51880919375 0.9991710890625001 0.385834128125 0.9991710890625001 0.3888562875 0.9986302109375 0.3888562875 0.9488693500000001 0.389460721875 0.9369700171875 0.3834164015625 0.8277124812500001 0.3828119671875 0.8098634765625 0.4003405 0.856919940625 0.4323754015625 0.8601652156249999 0.4480906375 0.8087817218750001 0.49946736718749996 0.8087817218750001 0.515182603125
0 0.8060773250000001 0.5158871703125001 0.8628696078125 0.5727037875 0.8093225984375 0.645840075 0.8644922453125 0.651884396875 0.999711965625 0.654302121875 0.999711965625 0.52011819375 0.99922465 0.5201781984375 0.8060773250000001 0.5158871703125001
0 0.8439388484375 0.6446979625 0.8520520296875 0.676128434375 0.889913553125 0.71783425 0.8520520296875 0.7534957453125 0.8424877171875 0.786747675 1 0.78855280625 0.9975484515625 0.646511259375 0.8439388484375 0.6446979625
0 0.8931588265625001 0.8527227453125 0.835284784375 0.895637425 0.8628696078125 0.91074823125 0.92074365 0.9161881171875 0.9959258140625 0.910143796875 0.9970075734374999 0.91074823125 1 0.7856307828125 0.87098279375 0.7813997546875 0.8439388484375 0.77716873125 0.847184121875 0.7868396468750001 0.868278396875 0.8249188671875001 0.8931588265625001 0.8527227453125
0 0.9110078312500001 0.9947642921875 0.9964666921875001 0.99959975 0.9964666921875001 0.912653934375 0.8758507 0.9125615234375 0.9110078312500001 0.9947642921875