0 0.0301088015625 0.608376071875 0.044506425 0.7089431890625 0.190541628125 0.74132045 0.2669727609375 0.6483373171875 0.0360319671875 0.5947085109375 0.0301088015625 0.608376071875
0 0.021322851562500002 0.54700634375 0.025892334375 0.5789241109375001 0.0476723640625 0.5689927390625 0.255217165625 0.5968028828125 0.2622864828125 0.5391582500000001 0.019374921875 0.49703511093749997 0.021322851562500002 0.54700634375
0 0.0191737609375 0.49187460625 0.036928078125 0.47865500625 0.262346553125 0.5242887328125 0.27369153281249997 0.4659313 0.0205413390625 0.41006122187500005 0.01613431875 0.41390216718749995 0.0191737609375 0.49187460625
0 0.2669225625 0.44922835625 0.2752986109375 0.385422078125 0.013037681249999999 0.3344625609375 0.015759587499999998 0.4042889609375 0.0214325125 0.40099696093750004 0.2669225625 0.44922835625
0 0.012476553125000001 0.3200676671875 0.02007065625 0.31503888281250003 0.26122497031249997 0.3788525828125 0.2618808015625 0.32227714375 0.0224487609375 0.2552044171875 0.010232203125 0.2624920609375 0.012476553125000001 0.3200676671875
0 0.821682090625 0.5172270937500001 0.5765475203125 0.48676782812499997 0.5458419296875 0.5780718671875 0.78111845 0.6161183609374999 0.821682090625 0.5172270937500001
0 0.8187732234375 0.496908721875 0.8212114046875 0.42220474374999994 0.5962084828124999 0.3794736390625 0.505763784375 0.451017771875 0.5371754015625 0.50224725 0.6117641203125 0.44226217187500005 0.8187732234375 0.496908721875
0 0.8084444921875 0.4094736109375 0.8267386562500001 0.3232105828125 0.57346831875 0.2970795328125 0.5099242359375 0.373054771875 0.5328446109375 0.410840321875 0.59460634375 0.352993621875 0.8084444921875 0.4094736109375
0 0.49680184687500006 0.3425515 0.5731128390625 0.27930739375 0.830063075 0.346431571875 0.84271478125 0.28191249375 0.573353115625 0.2198293328125 0.4820773140625 0.2855682109375 0.4998308515625 0.3331308328125 0.49680184687500006 0.3425515
0 0.830778975 0.2749866109375 0.8313747359375 0.23328068906250002 0.5804825046875 0.147315178125 0.48237766562499995 0.2112206328125 0.4954399828125 0.2565934171875 0.5827956078125001 0.20933946718750002 0.830778975 0.2749866109375
0 0.80500980625 0.202013171875 0.811187959375 0.1534328109375 0.5760916453125 0.0707777671875 0.47246448281250003 0.12668814374999998 0.48724908281249996 0.16880190625 0.582680409375 0.1320892671875 0.80500980625 0.202013171875
0 0.9396182359375 0.515397371875 0.8653899421875 0.48616535625 0.863903 0.53693555 0.9428225125 0.5683574 0.9396182359375 0.515397371875
0 0.9496564875000001 0.46320158281249996 0.8801794749999999 0.4212898890625 0.8544053765624999 0.4553056890625 0.928989153125 0.50230985 0.9496564875000001 0.46320158281249996
0 0.9943109124999999 0.31338104375000003 0.9873914921875 0.265049 0.8599976359375001 0.2344527671875 0.8542350375 0.2859357609375 0.852928309375 0.2920974 0.9943109124999999 0.31338104375000003
0 0.8425395078125 0.21953181093750002 0.9862740125 0.2572434328125 0.979973446875 0.21323409999999998 0.8465798265625001 0.1713078390625 0.8425395078125 0.21953181093750002
0 0.6116933515625 0.014354832812500001 0.8203951078125 0.095431778125 0.8284732640625 0.0194420828125 0.6116933515625 0.014354832812500001
0 0.007543635937499999 0.1935208828125 0.230113703125 0.253275528125 0.23160063593750002 0.202505328125 0.0050890984375 0.1305533 0.007543635937499999 0.1935208828125
0 0.43901049218750005 0.581022221875 0.28324923125 0.5326916500000001 0.2893623796875 0.6059700390625 0.42635878125 0.64554129375 0.43901049218750005 0.581022221875
0 0.093737065625 0.07451600625 0.06930184687499999 0.07858959374999999 0.05844133124999999 0.1243842828125 0.24312089218750002 0.2065285890625 0.26349281874999997 0.1347786828125 0.093737065625 0.07451600625
0 0.42560255312499995 0.3038988171875 0.2749480625 0.26066069375 0.2845057609375 0.32742104375 0.40689283906249996 0.387259221875 0.42560255312499995 0.3038988171875
0 0.40939602500000005 0.1906964890625 0.26337267343750004 0.1645177109375 0.2610546359375 0.20948265625 0.41135364531249996 0.23494863906250002 0.40939602500000005 0.1906964890625
0 0.4365221109375 0.45661724374999996 0.43354824374999995 0.558157628125 0.5027249046875 0.6744169109375 0.654626053125 0.7263629109374999 0.6941183093750001 0.68114445 0.4365221109375 0.45661724374999996