0 0.8719427937500001 0.2815192015625 0.989683275 0.2896145421875 0.99195220625 0.22464086874999997 0.8802025609375 0.2187678359375 0.8719427937500001 0.2815192015625
0 0.05163474375 0.077888215625 0.3013589578125 0.103868896875 0.3301857015625 0.0185268734375 0.0650580140625 0.0013230656250000001 0.05163474375 0.077888215625
0 0.0379988078125 0.1556663828125 0.29722408906250003 0.15908709375000002 0.3082090890625 0.09642962187500001 0.052101485937500004 0.0752259578125 0.0379988078125 0.1556663828125
0 0.0273454203125 0.2164323921875 0.28847013593750004 0.22483551875000002 0.29403783125 0.1614446078125 0.0370725515625 0.1609496734375 0.0273454203125 0.2164323921875
0 0.0230353453125 0.283721584375 0.2692021828125 0.3031049859375 0.2856044859375 0.2411809484375 0.0267145234375 0.2200309578125 0.02560848125 0.226339734375 0.0230353453125 0.283721584375
0 0.010296915625 0.340563859375 0.2794087984375 0.3714204390625 0.292624840625 0.31185391562500003 0.0176180421875 0.28298815 0.010296915625 0.340563859375
0 0.018272490625000002 0.40578835937499996 0.25615636406250003 0.44078375156250005 0.28036401875 0.36597195781249997 0.0224073546875 0.35057016406249997 0.018272490625000002 0.40578835937499996
0 0.0069668828125 0.4544579203125 0.252499103125 0.49327770624999995 0.2671479765625 0.4255384765625 0.009668920312499999 0.4074124390625 0.0069668828125 0.4544579203125
0 0 0.5204482984375 0.2609522890625 0.5557779625 0.271459678125 0.495844734375 0 0.46185501875 0 0.5204482984375
0 0 0.589599821875 0.23913267343750003 0.616968565625 0.24422275624999998 0.556301896875 0 0.525907275 0 0.589599821875
0 0 0.647520396875 0.238184065625 0.66982924375 0.2544293734375 0.6246173453125 0 0.597689303125 0 0.647520396875
0 0 0.7112394203125 0.205850453125 0.7435408734375 0.23228915468750003 0.6718200421875 0 0.637975065625 0 0.7112394203125
0 0 0.7708145515625 0.1980517203125 0.8038408265625 0.2112677609375 0.7442743125 0 0.7134246828124999 0 0.7708145515625
0 0 0.8280642296874999 0.18355985 0.8548679109374999 0.2007603734375 0.804207546875 0 0.7748922203124999 0 0.8280642296874999
0 0 0.88694266875 0.165724715625 0.9249646640625 0.19073059375 0.861416546875 0 0.8292910609374999 0 0.88694266875
0 0.320640140625 0.12042383125 0.5849693265625 0.1311105890625 0.5903800234375 0.08443182187500001 0.3325803546875 0.052317878124999995 0.320640140625 0.12042383125
0 0.3075877109375 0.21069039687500002 0.5787670281249999 0.2139378734375 0.573500103125 0.14908009375 0.32542284062500004 0.14059365 0.3075877109375 0.21069039687500002
0 0.2975579296875 0.26789939218750003 0.560454284375 0.2867588640625 0.5800428546874999 0.22247730781250002 0.3120497984375 0.21687230781250003 0.2975579296875 0.26789939218750003
0 0.2996385890625 0.335114696875 0.5553642015625 0.3474255328125 0.5663492015625 0.28476806093749996 0.3177943265625 0.2790058453125 0.30855615468750003 0.3000663171875 0.2996385890625 0.335114696875
0 0.30219684999999996 0.3996057515625 0.5587206921875 0.42318026093750005 0.5765558171875 0.353083509375 0.3154128921875 0.340039234375 0.30219684999999996 0.3996057515625
0 0.28547393906249996 0.4475418875 0.554585821875 0.47839845312499996 0.56684665 0.424280415625 0.2927950703125 0.38996616875 0.2873777609375 0.3892327296875 0.28547393906249996 0.4475418875
0 0.27719758906249997 0.5105660703125 0.542966215625 0.5604923125 0.562077178125 0.498934990625 0.2886602015625 0.44518435937499995 0.27719758906249997 0.5105660703125
0 0.27354033125 0.563060028125 0.5364433078124999 0.6293316921875001 0.5528456171875 0.5674076593749999 0.2826149015625 0.5112995046875 0.27354033125 0.563060028125
0 0.2616001171875 0.6311659765625001 0.5219514390625 0.6803587796875 0.5396295703125 0.626974178125 0.2834197296875 0.569975378125 0.2616001171875 0.6311659765625001
0 0.23213876562500002 0.7359443875 0.48420713125 0.8007491828125 0.5068249578125 0.7508222484375 0.24041511718750003 0.6729201921875 0.23213876562500002 0.7359443875
0 0.23278660312500002 0.811332396875 0.476729 0.8750370421874999 0.50253309375 0.822752584375 0.24600265000000002 0.7517658828125 0.23278660312500002 0.811332396875
0 0.1969461171875 0.87341365 0.461281915625 0.931512603125 0.4754531734375 0.8664976078125 0.21287080781249998 0.8142138453125 0.1969461171875 0.87341365
0 0.7226396453125 0.199949621875 0.8752794390625 0.21503733593750002 0.876705659375 0.159452425 0.734422859375 0.1485558171875 0.7226396453125 0.199949621875
0 0.7081477703125 0.25097670625 0.8698687515625 0.2617160984375 0.8744812203125001 0.2037736640625 0.7054325046875001 0.20319779375000002 0.7081477703125 0.25097670625
0 0.7017818640625 0.3031039390625 0.8644580515625 0.3083948640625 0.8693911406250001 0.2644403359375 0.7079413031249999 0.24664782187499998 0.7017818640625 0.3031039390625
0 0.6989228265625 0.3668615703125 0.8557040984375 0.3741432890625 0.8635028359374999 0.31384333125 0.706243953125 0.30928585468750003 0.6989228265625 0.3668615703125
0 0.6979742203125 0.41972224843749995 0.848062359375 0.41773109374999995 0.841840225 0.3583217890625 0.69031925625 0.36848565 0.6979742203125 0.41972224843749995
0 0.658633471875 0.5175853078125 0.8162129671875 0.5361306921875 0.8279961828125 0.4847368875 0.6790202562500001 0.46456741562500004 0.658633471875 0.5175853078125
0 0.6557744343749999 0.5813429296875 0.8015640984375001 0.6038699249999999 0.808407621875 0.5490184484375 0.666281821875 0.5214096968749999 0.6557744343749999 0.5813429296875
0 0.624075425 0.6356181875 0.781497925 0.6708757203125 0.8065037937499999 0.60732759375 0.64223116875 0.5795093359375 0.624075425 0.6356181875
0 0.61229220625 0.6870119906250001 0.7805493171875 0.7237363921875 0.7977498453125 0.6730760234375001 0.6271046921875 0.6499728124999999 0.61229220625 0.6870119906250001
0 0.60353825625 0.7527604109375 0.7781678875 0.7847697796875 0.794092584375 0.7255699812499999 0.6167542984375001 0.693193896875 0.60353825625 0.7527604109375
0 0.5979705609375 0.8161513218750001 0.766862275 0.8334393406249999 0.7835851968750001 0.785503215625 0.6107089953125 0.7593090421875 0.5979705609375 0.8161513218750001
0 0.5879407796875 0.8733603171875 0.7625704109375 0.905369678125 0.7738760234375001 0.8567001171875 0.605618915625 0.8199757156249999 0.5879407796875 0.8733603171875
0 0.9092161078125001 0.2112652390625 0.9921558359375 0.2188095703125 0.9938117656250001 0.1713899859375 0.9182906687499999 0.15950471093750002 0.9092161078125001 0.2112652390625
0 0.884537453125 0.3362134578125 0.9881573593749999 0.3333109765625 0.989836415625 0.2852291828125 0.885008453125 0.286077028125 0.884537453125 0.3362134578125
0 0.8577847609375 0.4413585890625 0.9838784625000001 0.4558426265625 0.9858241078125 0.40012660312500004 0.8705231921875001 0.3845163078125 0.8577847609375 0.4413585890625
0 0.98131866875 0.5291455796875 0.9820285140625 0.508818159375 0.856358546875 0.4969435 0.8308750609375 0.563215859375 0.9729007484375 0.5771606546875 0.98131866875 0.5291455796875
0 0.9724735000000001 0.5795976125 0.8205180562500001 0.5590247484375 0.8173384109375 0.6087944671875001 0.9620633078124999 0.638976434375 0.9724735000000001 0.5795976125
0 0.9632505374999999 0.6322045843749999 0.816703803125 0.6282308453125001 0.8081068453125001 0.6772671265625 0.9542418781249999 0.6835892015625 0.9632505374999999 0.6322045843749999
0 0.952853 0.691511234375 0.7982940937499999 0.674993215625 0.789077028125 0.7385399109375 0.9423051593749999 0.7516752015625 0.952853 0.691511234375
0 0.942270734375 0.7518715609375 0.7875290374999999 0.7363961640625 0.787042275 0.7885527515625 0.9316111593749999 0.812672859375 0.942270734375 0.7518715609375
0 0.932389896875 0.8082309999999999 0.7879818921874999 0.7886799671875 0.779150140625 0.844542159375 0.923085415625 0.8613029390625 0.932389896875 0.8082309999999999
0 0.921811396875 0.8685698125 0.787896896875 0.8558094625000001 0.785575275 0.9121407796875 0.9114996218750001 0.9273873078125 0.921811396875 0.8685698125
0 0.5721275 0.9335309484375 0.756349178125 0.9691101734374999 0.7661205421874999 0.9133751828125 0.5872593921875 0.8746533781249999 0.5721275 0.9335309484375
0 0.910831696875 0.9311970703125001 0.7678341546875 0.914574265625 0.7574003265625 0.9740878921875 0.9019514484375 0.98184925625 0.910831696875 0.9311970703125001
0 0.5920207984375 0.1506857390625 0.7185914671875 0.1639534859375 0.7351631875 0.1188100234375 0.5998014015625001 0.0898458171875 0.5920207984375 0.1506857390625
0 0.5787670281249999 0.2139378734375 0.6984302796875 0.2240843171875 0.7112976265625 0.17263682656249998 0.5889822609375 0.15704394375 0.5787670281249999 0.2139378734375