0 0.929172284375 0.35284703125 0.7722477765625 0.448671446875 0.8461233874999999 0.489106165625 0.9554348640624999 0.4300305046875 0.9649363078125001 0.37186256875 0.929172284375 0.35284703125
0 0.9268617765625 0.327849228125 0.9167754484374999 0.26471371875 0.7659038046875 0.33404475 0.7856741796875 0.386978196875 0.9268617765625 0.327849228125
0 0.9129987078124999 0.17786236093750002 0.765281859375 0.23533546875 0.7758816359375 0.304026053125 0.9340527078124999 0.2446834734375 0.9129987078124999 0.17786236093750002
0 0.731426071875 0.1679801703125 0.6098633125 0.2094825375 0.64005085625 0.283140696875 0.7488118234375001 0.2411041390625 0.731426071875 0.1679801703125
0 0.7402207515625 0.7000381546875001 0.6278285953125 0.7257833984375 0.642610059375 0.7937261921875 0.7576065078124999 0.773162128125 0.7402207515625 0.7000381546875001
0 0.8003047437499999 0.7062343890625 0.8168488875 0.655277371875 0.7547111125 0.6268608671875 0.632415240625 0.6374364734375 0.639346771875 0.7124299046875 0.7551504437500001 0.6776042765625 0.8003047437499999 0.7062343890625
0 0.6550122515625 0.559986084375 0.6492531593749999 0.5666628296875 0.6521141796875 0.5746215375 0.7665971796875 0.5485024093749999 0.8070933953124999 0.5497310578125 0.8215837562500001 0.4765537765625 0.7661949078125 0.47516482968749996 0.642284571875 0.5142635640625 0.6550122515625 0.559986084375
0 0.7574292515625001 0.40332282499999994 0.65860905625 0.4379348515625 0.6611392281249999 0.488304371875 0.775365515625 0.4594076921875 0.7574292515625001 0.40332282499999994
0 0.589018271875 0.8117799953124999 0.49206925156250003 0.820646425 0.48858362031249997 0.87491514375 0.599911828125 0.8606539359375001 0.589018271875 0.8117799953124999
0 0.6073251 0.641923175 0.5006920312500001 0.660991675 0.51209903125 0.7154206921874999 0.6171547078125 0.7022811484375 0.6073251 0.641923175
0 0.6249702593750001 0.55688796875 0.517567015625 0.5676238609375 0.51301743125 0.6333766171875 0.6248590843749999 0.6246704734375 0.6249702593750001 0.55688796875
0 0.61866334375 0.4196670953125 0.508324971875 0.4676326109375 0.5280953515625 0.5205660578125 0.6305837921874999 0.4796511859375 0.61866334375 0.4196670953125
0 0.6190312359375 0.354662121875 0.5095000921875 0.38836607968750003 0.5148912875 0.4466943078125 0.6270637765625 0.39557735625 0.6190312359375 0.354662121875
0 0.896237571875 0.042510946875 0.743862640625 0.07258260625 0.75314174375 0.1499796859375 0.8932653875 0.10233473906249999 0.896237571875 0.042510946875
0 0.7251191593749999 0.0307592984375 0.5847017359375 0.098220871875 0.6026379953125 0.15430574531250002 0.750648628125 0.077016 0.7251191593749999 0.0307592984375
0 0.6084314640625 0.2859715484375 0.47692792031250003 0.33489845156250003 0.5084732 0.3772559421875 0.6216725875 0.3372491390625 0.6084314640625 0.2859715484375
0 0.447327940625 0.2216070265625 0.3396309203125 0.252159553125 0.3685348484375 0.3119300375 0.46918915937500005 0.2741665796875 0.447327940625 0.2216070265625
0 0.5819148359375 0.045073825 0.45697761249999996 0.073062415625 0.47751815937500003 0.13432846874999999 0.589396871875 0.1030281484375 0.5819148359375 0.045073825
0 0.6093047765625 0.7093317921875 0.4998106875 0.7204415796875 0.5159128234375 0.779677878125 0.6117978953125001 0.782295478125 0.6093047765625 0.7093317921875
0 0.48172620468750005 0.754733371875 0.3792377640625 0.7956482609375 0.41180993125 0.8491158890625 0.49731489218749997 0.8084146062500001 0.48172620468750005 0.754733371875
0 0.4737677765625 0.6686298078124999 0.3785787640625 0.71953314375 0.40671252343750003 0.77097103125 0.494308328125 0.72989585625 0.4737677765625 0.6686298078124999
0 0.48433316875 0.5989778343750001 0.3787269921875 0.6291564734375 0.400588215625 0.6817160265625 0.50094875625 0.6637692078125 0.48433316875 0.5989778343750001
0 0.7795128203125 0.32031736718750004 0.63495076875 0.365932553125 0.6628278 0.41459289374999997 0.7715887718750001 0.372556340625 0.7795128203125 0.32031736718750004
0 0.497614028125 0.46672454218750004 0.3833506921875 0.5182153828125 0.40888015937500005 0.5644720796875 0.5079570796875 0.5326375953125 0.497614028125 0.46672454218750004
0 0.4651530234375 0.3454744046875 0.3655256046875 0.39434800000000003 0.399161728125 0.4363316015625 0.488334928125 0.3893274625 0.4651530234375 0.3454744046875
0 0.577804584375 0.161569978125 0.45910283593749995 0.21103106875000002 0.48881398750000005 0.25653998906250003 0.5954841203125001 0.214877325 0.577804584375 0.161569978125
0 0.44960406875 0.10826229218750001 0.338019140625 0.11974596875000001 0.3525438765625 0.184911228125 0.466256715625 0.1504594953125 0.44960406875 0.10826229218750001
0 0.3687464796875 0.82011189375 0.2796473921875 0.82192768125 0.277995884375 0.873044978125 0.37336749999999996 0.8701075109374999 0.3687464796875 0.82011189375
0 0.37161786874999997 0.665627271875 0.2525795515625 0.6898433296875 0.28663834375 0.748195659375 0.385088715625 0.7159443140625 0.37161786874999997 0.665627271875
0 0.38155216406250003 0.558398878125 0.2918169359375 0.565657984375 0.296344740625 0.6146450375 0.385280940625 0.5987411546875 0.38155216406250003 0.558398878125
0 0.3582651359375 0.37802230312499996 0.2587494 0.398747265625 0.27031741249999997 0.45233381406250006 0.367397628125 0.4291151484375 0.3582651359375 0.37802230312499996
0 0.31263833124999996 0.2660834421875 0.23747776874999998 0.311745325 0.2582936078125 0.346102825 0.330447528125 0.3156246859375 0.31263833124999996 0.2660834421875
0 0.2585571765625 0.5159504359375 0.17936304375 0.5418290796874999 0.1950030640625 0.5917582343750001 0.2782692046875 0.5622221921875 0.2585571765625 0.5159504359375
0 0.3363867046875 0.16517242031249998 0.240676640625 0.179358409375 0.24927645156249997 0.224688075 0.3401154796875 0.20551470156249999 0.3363867046875 0.16517242031249998
0 0.8100192234374999 0.6135937874999999 0.8188112640625 0.5417202921875 0.7678548593750001 0.539115621875 0.63686685625 0.577185446875 0.65060404375 0.630384090625 0.7669405 0.6007927390625001 0.8100192234374999 0.6135937874999999
0 0.737900971875 0.7875973078125 0.6277288125 0.8600246390624999 0.6892263046875 0.88124885625 0.8071992515625 0.8455064312499999 0.8062107765625001 0.7870987921875 0.737900971875 0.7875973078125
0 0.22796359531250002 0.32809278124999997 0.1655901875 0.3451050484375 0.1752938125 0.37852045156249997 0.242005571875 0.36073238281250003 0.22796359531250002 0.32809278124999997
0 0.23519603125000002 0.21548910625 0.17012076874999998 0.2271260953125 0.1719467125 0.2707378609375 0.2421977953125 0.2435292234375 0.23519603125000002 0.21548910625
0 0.5937936875000001 0.23045235625 0.48015908749999997 0.265418984375 0.5023066359375 0.3141844421875 0.6023934953125 0.275782021875 0.5937936875000001 0.23045235625
0 0.368726559375 0.6104891328125001 0.2575659234375 0.6245088140624999 0.2770116125 0.6678989953125 0.371351528125 0.662745675 0.368726559375 0.6104891328125001
0 0.26034189531249996 0.7499688609375 0.1790170359375 0.752794771875 0.1802718515625 0.8140839953125001 0.2618630515625 0.8141396750000001 0.26034189531249996 0.7499688609375
0 0.253307240625 0.41143734062500004 0.1724766203125 0.44346706406249997 0.1924549875 0.4926204203125 0.1911232796875 0.4782124625 0.194624159375 0.492232521875 0.25973787656249997 0.4571549046875 0.253307240625 0.41143734062500004
0 0.9072315953125001 0.66734925 0.8089618953125 0.6849221812499999 0.822716471875 0.741754840625 0.8953825796875 0.7231135484375 0.9072315953125001 0.66734925
0 0.9041879640625 0.6114246703124999 0.8268637765625 0.6026645109375 0.8299074 0.658589090625 0.88790054375 0.6651592187500001 0.9041879640625 0.6114246703124999