0 0.46763787343749996 0.39646895781249997 0.4651433640625 0.47021405937500005 0.602603003125 0.43280294062499997 0.573377346875 0.3730799703125 0.46763787343749996 0.39646895781249997
0 0.3331864 0.55331988125 0.46761772031250004 0.5562137078125 0.4539936296875 0.507786803125 0.32722040625000004 0.524603546875 0.3331864 0.55331988125
0 0.44255852031250004 0.5734846250000001 0.4530132828125 0.561379428125 0.3441749796875 0.5746548453125 0.35429065312499997 0.6103106375 0.46499899375 0.5991761906249999 0.44255852031250004 0.5734846250000001
0 0.39697924375000004 0.7773682140625 0.498978640625 0.7496973031249999 0.48991381718750004 0.7108674046875 0.395216640625 0.735955446875 0.39697924375000004 0.7773682140625
0 0.434413590625 0.9602963390625 0.5605992796875 0.9296753390625 0.5463339406250001 0.8870800781250001 0.4318318 0.9135685 0.434413590625 0.9602963390625
0 0.5641345859375 0.32310334531249996 0.592077740625 0.39448960781250003 0.7425034296875 0.3412826078125 0.687631046875 0.285026303125 0.5641345859375 0.32310334531249996
0 0.5759960734375 0.33011748281250003 0.678280846875 0.2743214875 0.6596341765625 0.233275940625 0.5676262265625 0.2658200359375 0.5759960734375 0.33011748281250003
0 0.3259916203125 0.516630940625 0.4707534796875 0.476636953125 0.4557226671875 0.4090907140625 0.32830819375 0.4317391125 0.3259916203125 0.516630940625
0 0.071018303125 0.6908898578125 0.032405517187499996 0.7101523921874999 0.039368640625 0.7553305171875 0.082950290625 0.7483225171875 0.071018303125 0.6908898578125
0 0.058263753125 0.8579412968750001 0.1128877 0.8526323625 0.0978568859375 0.7850861250000001 0.045922170312499996 0.7978511015625 0.058263753125 0.8579412968750001
0 0.07867302968749999 0.9403996078124999 0.13808790312500002 0.9361984874999999 0.11757119062500002 0.8930119875000001 0.068557359375 0.904743809375 0.07867302968749999 0.9403996078124999
0 0.1405069296875 1 0.1394409140625 0.9749537203124999 0.0804356296875 0.98181236875 0.08177380625 1 0.1405069296875 1
0 0.4574147671875 0.4000849640625 0.5708660562500001 0.3767706484375 0.5474821703125 0.3149813921875 0.45196580312499995 0.33475436875 0.4574147671875 0.4000849640625
0 0.46479320937499996 0.32352651250000003 0.5509056359375 0.303983546875 0.550182646875 0.271491828125 0.46283161406250006 0.2774382796875 0.46479320937499996 0.32352651250000003
0 1 0.3953622671875 0.9983462937500001 0.3825020421875 0.884022096875 0.42013717812499995 0.9075839140624999 0.4930731609375 0.9411371859375001 0.570882315625 1 0.5527981484375 1 0.3953622671875
0 1 0.5574470125000001 0.9646822203125 0.57376386875 0.9282785671875 0.547406375 0.9196233406250001 0.5112340171875001 0.9021517328125 0.49779698281250007 0.8780896671875 0.531529703125 0.8879736796875 0.575674671875 0.9266569703125 0.6068306609375 0.9645747859375 0.6130356671875 1 0.6071176609375 1 0.5574470125000001
0 1 0.6152566015625001 0.983097240625 0.6232985890625 0.9641114734375 0.6300140359374999 0.937235953125 0.6255080890625 0.9170751140625001 0.6046150234375001 0.91128705625 0.5870454171875 0.9000131031249999 0.5938355296875 0.889967940625 0.6085982624999999 0.8865837359375 0.6266097734375 0.9134055406250001 0.65075161875 0.9302358906249999 0.6700202921875 0.9539588671875 0.684048565625 0.9850377796875 0.675858078125 1 0.674033078125 1 0.6152566015625001
0 1 0.6789730421875 0.9877270062499999 0.6833141125 0.9756338671875 0.6847891546875 0.9595689828125 0.6904714578125 0.9768794328125001 0.762816190625 0.9884555468749999 0.7979554171875 1 0.829008953125 1 0.6789730421875
0 0.7803843140625 0.437177940625 0.7388875734375 0.367783303125 0.611651040625 0.4015784171875 0.620252546875 0.457386684375 0.61179204375 0.5024154640625 0.75673184375 0.47356819687499996 0.7769463937500001 0.4748253625 0.7803843140625 0.437177940625
0 0.675997846875 0.49932216093750004 0.6365658671875 0.5132696250000001 0.61337670625 0.5326815125000001 0.6343567328125 0.5588896421875 0.68418975625 0.5524728921875 0.7369973828124999 0.5253870953125 0.7693050828125 0.5251692078125 0.785138303125 0.5279760890625 0.7771243328125 0.485972078125 0.7348251859375 0.4813167921875 0.7056163171875001 0.49164824375 0.675997846875 0.49932216093750004
0 0.7555198359374999 0.5356500125 0.7277714093750001 0.5454648984375 0.704404309375 0.5537300593750001 0.6802180234375 0.5566801484375 0.6495487062499999 0.567528178125 0.6316137828125 0.5710695125 0.6290487734375 0.5943960953125 0.642958240625 0.6146979171875 0.686949490625 0.6103474531249999 0.7117770296875 0.6015657140624999 0.7366045703124999 0.5927839828125 0.7710139703125 0.58621788125 0.77942075 0.56082500625 0.7555198359374999 0.5356500125
0 0.7258107140625001 0.6526501609375 0.7572992234375 0.647117203125 0.773364103125 0.6414348984375 0.7905335499999999 0.6129425890625 0.7780845265624999 0.5921241968750001 0.7589208234375 0.587692921875 0.72971195 0.5980243749999999 0.7044748140625 0.604148578125 0.66422364375 0.6127809703125 0.65067005625 0.6147725890625 0.632557196875 0.6071672078125 0.620464053125 0.60864225625 0.6203566140625 0.647914059375 0.6255034171875 0.671315315625 0.6538393796874999 0.675304684375 0.6763872906249999 0.661724446875 0.6968335 0.654492434375 0.7258107140625001 0.6526501609375
0 0.8133298999999999 0.6609275890624999 0.7950391 0.64217549375 0.773364103125 0.6414348984375 0.7543783359375 0.6481503515625 0.72955079375 0.6569320890625 0.704723253125 0.6657138218750001 0.6757460359375 0.6675560953125 0.6504551796875 0.693316196875 0.6650058999999999 0.70778636875 0.694161053125 0.7170908218750001 0.7269320640625 0.699894571875 0.7459178328125 0.693179125 0.7784571859375 0.684472059375 0.7920107765625 0.682480440625 0.8133298999999999 0.6609275890624999
0 0.7963921093749999 0.6809307265625 0.7709233140625 0.6955441015625 0.7459178328125 0.693179125 0.7204490359375 0.7077925125 0.694161053125 0.7170908218750001 0.6620312937499999 0.728455421875 0.663793896875 0.769868184375 0.6934123640625 0.7621942671874999 0.7305647093750001 0.743448296875 0.7528809562500001 0.73835724375 0.776657653125 0.73274961875 0.79687220625 0.7340067796875 0.814682903125 0.699682828125 0.7963921093749999 0.6809307265625
0 0.8177280140625 0.7294323031250001 0.7918496203125 0.7413881484375 0.76264075 0.7517196015625001 0.7371719531250001 0.7663329875 0.7123444140624999 0.7751147203125 0.6850055796875 0.7875871375 0.6839010171875 0.8103971546875 0.7001438328125 0.815861571875 0.7243301234375 0.8129114765625 0.7566915359374999 0.793057690625 0.7719372265625 0.782060328125 0.7923834359375 0.774828303125 0.810727953125 0.7739445 0.8288945296874999 0.7619139828125 0.8177280140625 0.7294323031250001
0 0.7856687531250001 0.7912154218749999 0.7637621 0.7989640171875 0.740395003125 0.807229178125 0.719948790625 0.814461203125 0.6948895937499999 0.83173211875 0.6969375671875 0.8450197968750001 0.7056465140625 0.8615562671875001 0.7375446171875 0.8586808453125 0.7684455859375 0.8393436421875 0.7961940203125 0.82952875625 0.8266316796875 0.8271699109374999 0.8493575234374999 0.8247363921875 0.8277899640624999 0.78472399375 0.7856687531250001 0.7912154218749999
0 0.5962441968750001 0.47148349375 0.56078395 0.4812237078125 0.5376485093750001 0.48099968437499996 0.5138718203125 0.486607315625 0.48676464062499997 0.490590553125 0.464448390625 0.4956816078125 0.46644265 0.528605190625 0.47345949374999996 0.5541474171874999 0.50558925 0.542782809375 0.5322868328125 0.5361420359375 0.5556539328125 0.527876875 0.581710259375 0.52706775 0.6102778796874999 0.522567940625 0.609280753125 0.5061061421875 0.5962441968750001 0.47148349375
0 0.60566489375 0.5326068453125 0.580427759375 0.5387310421875 0.5477104640625 0.5362913875 0.518501590625 0.5466228390625 0.4888831234375 0.5542967562500001 0.471357796875 0.56049563125 0.472942459375 0.590761678125 0.47703841718750006 0.617337046875 0.503326403125 0.6080387328125 0.534814909375 0.6025057859375 0.5567215640625001 0.594757190625 0.5804982562500001 0.589149559375 0.5988427734374999 0.5882657625000001 0.6171872859375 0.5873819578125 0.60566489375 0.5326068453125
0 0.6122889265625 0.625545946875 0.6107042640625 0.5952798984375 0.5779869671875 0.59284025 0.5590011968749999 0.599555690625 0.5297923265625 0.6098871484374999 0.50245349375 0.6223595656249999 0.4855694234375 0.6227267921874999 0.484874446875 0.6481943390625 0.4873320234375 0.664139559375 0.5077245171875 0.6765434406249999 0.5202809734375 0.6580900296875 0.5436480734375 0.6498248624999999 0.5670151734375 0.641559703125 0.586000940625 0.63484425625 0.604345453125 0.6339604578125 0.6122889265625 0.625545946875
0 0.603774703125 0.690210625 0.5875318859374999 0.684746203125 0.5612439 0.6940445171875 0.5368259531249999 0.7054837921875 0.523450303125 0.71862213125 0.5256225 0.762692434375 0.5414557265625 0.765499315625 0.5648228234375 0.7572341484375 0.5877803234375001 0.7463114531249999 0.61552875625 0.736496559375 0.63679415625 0.73457961875 0.6464297265625001 0.7171593578125 0.6340344234375 0.6767050593749999 0.603774703125 0.690210625
0 0.7561207859375 0.8493078687500001 0.7235814328125 0.858014928125 0.7078724265624999 0.885990671875 0.7169909671875 0.9051846671874999 0.7476602859375 0.8943366421875 0.78808939375 0.8968509703124999 0.8256513328124999 0.8807625421875 0.85380935625 0.873605190625 0.84392534375 0.8294602140625 0.7934510703125001 0.84170861875 0.7711348203124999 0.8467996718749999 0.7561207859375 0.8493078687500001
0 0.676367140625 0.821469196875 0.6590734703125001 0.8191788921875001 0.627994559375 0.8273693874999999 0.5927659734375 0.8286204109374999 0.57313895625 0.84116750625 0.54994979375 0.8605793875 0.5521757093749999 0.8850137921875 0.5688281234375 0.89313574375 0.5940652640625 0.8870115421874999 0.62847465625 0.8804454406250001 0.6586806593750001 0.8865757796875 0.6882991265625 0.8789018578125001 0.685431959375 0.8602991015624999 0.676367140625 0.821469196875
0 0.6332320171875 0.7414444109375 0.6071756859375 0.7422535359375 0.582348146875 0.7510352796875 0.5446082671875 0.7559769828125 0.531178903125 0.7887512265625001 0.5273851031250001 0.804105203125 0.5346336 0.8211582328125001 0.5617945 0.7975391015625 0.607477846875 0.7841828750000001 0.6414776468750001 0.7749592437499999 0.65316119375 0.7708266609375001 0.6509352796875 0.7463922562499999 0.6507573359375 0.7352455421874999 0.6332320171875 0.7414444109375
0 0.4456539765625 0.8133973749999999 0.4792441828125 0.801516196875 0.50886265 0.7938422796875 0.5168061234375 0.7854277671875 0.50628085625 0.7471144468750001 0.462057953125 0.7599540828125 0.427826496875 0.7776669109375 0.4007193171875 0.7816501421875001 0.40686324999999995 0.821513196875 0.4456539765625 0.8133973749999999
0 0.43393349687500005 0.9072202796875001 0.45373845 0.9058199046875 0.497551759375 0.8903227265625 0.5400825671875 0.8864888328125 0.5391928703125 0.8307552328125001 0.49812251406249997 0.834072553125 0.47347290937500003 0.8540010125 0.43550137343750006 0.8674319046875001 0.43234882968750005 0.8769542328125001 0.43393349687500005 0.9072202796875001
0 0.4037406265625 1 0.42869603593749994 0.99314525625 0.423193359375 0.9474505593749999 0.400235853125 0.9583732625 0.36810609375 0.9697378625 0.34830113281249997 0.9711382328125 0.3293153671875 0.9778536843750001 0.32008939375 0.9979314875 0.31917515625 1 0.4037406265625 1
0 0.287533253125 0.9365841250000001 0.3014964359375 0.9372500421875 0.3292448671875 0.9274351609375 0.3613746296875 0.916070559375 0.38638010624999997 0.9184355421875001 0.41558897968749997 0.9081040828125 0.4127755296875 0.869865428125 0.3714735140625 0.8816719281250001 0.32935230312499997 0.8881633515624999 0.29325080625 0.9037352078125 0.287533253125 0.9365841250000001
0 0.32559544375 0.8138270000000001 0.30374250625 0.801939690625 0.2847567359375 0.8086551375000001 0.2705081796875 0.836114303125 0.27104199375000004 0.8695544578125001 0.29043735625 0.865496546875 0.3123440140625 0.8577479578125 0.3427816703125 0.8553891124999999 0.3886966765625 0.8335437140625 0.3916712828125 0.8128746671875 0.38529569375 0.781500796875 0.35649641718749997 0.7944897921875 0.32559544375 0.8138270000000001
0 0.2707264203125 0.5277715234375 0.22130299375 0.536845815625 0.20541605000000002 0.5536748328125001 0.197365146875 0.6013611421875 0.20648368281249999 0.6205551546875 0.237153 0.60970711875 0.27179405 0.5946518328125 0.30976558593750003 0.581220940625 0.33646316718749997 0.574580171875 0.333596 0.5559774171874999 0.3203277828125 0.529843953125 0.2936839234375 0.516848821875 0.2707264203125 0.5277715234375
0 0.30953392968750004 0.58971013125 0.28055671718749997 0.5915523984375 0.251347840625 0.6018838578125 0.21921807968749998 0.613248453125 0.2083537234375 0.6226961125 0.21513890624999998 0.6567275125 0.2403223265625 0.6702392203125 0.2855960796875 0.6542254578125 0.312062003125 0.65607386875 0.337708740625 0.6526072078125 0.3488584703125 0.6150344640625 0.33412981406250003 0.589417571875 0.30953392968750004 0.58971013125
0 0.25476560937500004 0.723981196875 0.23923454687499998 0.7631036546875001 0.2661100640625 0.7676096015625 0.28614667968749996 0.7577200421875 0.32516905937499996 0.7411150421875 0.36168015 0.7282007203124999 0.3653497328125 0.682064125 0.32737819687499997 0.6954950171875 0.304242753125 0.6952710062499999 0.28315529375000004 0.7083346671874999 0.25476560937500004 0.723981196875
0 0.3949682 0.6743902078125 0.3768016234375 0.6864207265625 0.37231285625 0.72724225 0.383355153125 0.728941309375 0.4140244671875 0.7180932859375 0.44405252968750003 0.7130769046875 0.47823026718749995 0.7149999874999999 0.49557765312499996 0.6976543875 0.4773405765625 0.6592663875 0.4479537640625 0.6584511187500001 0.42020533593750004 0.6682660125 0.3949682 0.6743902078125
0 0.163597003125 0.6020956015625 0.1456620796875 0.605636934375 0.12229498593749999 0.6139021015624999 0.09974707656250001 0.6274823453125 0.06702978281250001 0.6250426906250001 0.0625947359375 0.646228309375 0.07335165625 0.6760524578125 0.09543625 0.6794505828124999 0.129204390625 0.6787161312500001 0.1700968140625 0.6642520890625 0.2107575765625 0.6582772328125001 0.2052011796875 0.632218440625 0.184862403125 0.6001786546875 0.163597003125 0.6020956015625
0 0.1730177 0.663218940625 0.1412975359375 0.6772410828125001 0.10916777656250001 0.688605678125 0.0849814828125 0.6915557734375 0.08446445625 0.7281700359375 0.10175812343749999 0.7304603515625 0.12991614375 0.72330300625 0.149721103125 0.72190263125 0.1931248203125 0.7037479109375 0.21041848281250003 0.7060382203125 0.222387409375 0.6737805531250001 0.2005344734375 0.66189324375 0.1730177 0.663218940625
0 0.152232396875 0.718211953125 0.12950654687500002 0.7206454703125 0.106549046875 0.731568171875 0.090430446875 0.75688636875 0.10369866406249999 0.7830198390625001 0.1460515296875 0.7680392265625 0.1687773734375 0.7656057078125 0.2025992328125 0.7452353515625 0.2274267734375 0.7364536125 0.1995541265625 0.7154858749999999 0.1770599359375 0.7094302140625001 0.152232396875 0.718211953125
0 0.20464721406250003 0.7585230359375 0.1700598765625 0.7539424109375 0.1468707171875 0.773354296875 0.120173140625 0.779995071875 0.10615623593750001 0.7989650593750001 0.10335956718749999 0.8307808281250001 0.1329780359375 0.8231069109375 0.160904403125 0.8244387375000001 0.1915737203125 0.8135907078125 0.23392658593750001 0.7986101015625 0.246305103125 0.7690099703125 0.228014309375 0.75025786875 0.20464721406250003 0.7585230359375
0 0.1848590359375 0.8299778328125 0.1562914171875 0.8344776421875 0.1285429859375 0.8442925296875 0.1345089796875 0.8730088515625001 0.1578760796875 0.864743696875 0.185392853125 0.8634179874999999 0.2164717671875 0.8552275 0.24422019375 0.84541261875 0.2601071359375 0.8285835953125 0.2399463 0.8076905296874999 0.2142995640625 0.8111571906249999 0.1848590359375 0.8299778328125
0 0.20196500624999997 1 0.2062822234375 0.9989523578125 0.2432029140625 0.988695578125 0.28427327343750003 0.98537825625 0.295013409375 0.9451479765625 0.27836099375 0.9370260234375 0.24523410625 0.9319288328124999 0.1972711234375 0.940486546875 0.15614704375 0.9634397734375 0.146689409375 0.9920067625 0.1504867796875 1 0.20196500624999997 1
0 0.21396047343750002 0.8589181781249999 0.18685329687500002 0.8629014171874999 0.1540822828125 0.8800976671875 0.13386772656249998 0.8788405062500001 0.1389608171875 0.9218776609375 0.18587294999999998 0.916494046875 0.2355280328125 0.898930578125 0.25743468593749996 0.8911819875000001 0.2772933640625 0.870145703125 0.2584150328125 0.8375893515625 0.23855635625 0.858625625 0.21396047343750002 0.8589181781249999
0 0.2811778140625 0.74546550625 0.2700818 0.7634023453125 0.25291235 0.7918946484375 0.2682822640625 0.8116799046875001 0.2895476640625 0.809762953125 0.318346940625 0.7967739640625 0.34714622031250003 0.7837849703125 0.37530424375 0.7766276249999999 0.3828918359375 0.745919678125 0.34602486718750003 0.7365405593750001 0.31745725 0.74104036875 0.2811778140625 0.74546550625
0 0.36079046406250004 0.672467125 0.4039625171875 0.6628015828125 0.4435724328125 0.6600008453124999 0.47108920625 0.6586751375000001 0.46745656406249997 0.6151214109375001 0.44455277656250003 0.6064082078124999 0.41890605000000003 0.60987486875 0.3803469765625 0.60950150625 0.3535956765625 0.635778184375 0.36079046406250004 0.672467125
0 0.9321932140625 0.792634196875 0.950893603125 0.8140438453125001 0.959354109375 0.769015065625 0.9265663171874999 0.7161568921875 0.9097359640624999 0.6968882203125 0.897767040625 0.72914588125 0.9014533968749999 0.753063703125 0.9116227859375 0.7690835953125 0.9321932140625 0.792634196875
0 0.8177649468749999 0.6397419765625 0.8376941265625 0.6691242203125001 0.8587278703125 0.675696453125 0.8823266265624999 0.6589421125 0.8812052765624999 0.6116976968750001 0.8574823031250001 0.597669428125 0.8454428765625 0.579508571875 0.828736740625 0.5910225171875 0.81927910625 0.6195895 0.8177649468749999 0.6397419765625
0 0.8270815796875001 0.510337946875 0.84163229375 0.52480811875 0.8638948234375 0.5393529640625 0.8801913640624999 0.5251814828125 0.891341096875 0.48760874374999996 0.873691553125 0.46302499375000006 0.8514290203125 0.4484801421875 0.8363612703125 0.47062423750000004 0.8275448937500001 0.49335957812500003 0.8270815796875001 0.510337946875
0 0.99214864375 0.3622748921875 0.94534394375 0.328386696875 0.8188191640625 0.406768690625 0.882400496875 0.4795614578125 0.8811012093749999 0.42117032187500003 0.9468211703125 0.397924546875 0.9779000828125 0.389734059375 0.99214864375 0.3622748921875
0 0.743910159375 0.360401940625 0.767525696875 0.4137020171875 0.8814940171875 0.353773434375 0.8619744328125 0.3270487265625 0.743910159375 0.360401940625
0 0.1819247328125 0.53115738125 0.3153589203125 0.5175894109375 0.3201867796875 0.4290068984375 0.21467896406250003 0.4439067078125 0.1819247328125 0.53115738125
0 0.3552985265625 0.3612298453125 0.34083574375 0.39270411250000004 0.3889621203125 0.3877624046875 0.4251809140625 0.37604975625 0.4489895 0.3621370421875 0.44531854375 0.330487184375 0.44366464375000003 0.30800836249999997 0.41619167343749996 0.317725815625 0.3932975359375 0.325823684375 0.366808753125 0.33409475 0.3552985265625 0.3612298453125
0 0.27907815 0.36402761875 0.266004803125 0.3653569578125 0.24821974062500002 0.387023578125 0.245064559375 0.40571202968750003 0.267044246875 0.4034289875 0.2864134796875 0.3998727375 0.32579402968750004 0.3969262328125 0.334651696875 0.38390870312500003 0.3368924296875 0.37103508281250003 0.3137890828125 0.36602763125000004 0.292060703125 0.36602522656250003 0.27907815 0.36402761875