0 0.7543314171875 0.5180066531249999 0.9608732640625 0.5100262703125 0.958895165625 0.43666998437500004 0.748268346875 0.46190469843750004 0.7543314171875 0.5180066531249999
0 0.7365571906249999 0.41245696875000004 0.9208732734374999 0.3736373625 0.91559174375 0.3228354640625 0.727178578125 0.34885633125000004 0.7365571906249999 0.41245696875000004
0 1 0.2568650109375 0.9974173468749999 0.23935086718749998 0.8689970125 0.2616084125 0.870773665625 0.3186131484375 1 0.295887428125 1 0.2568650109375
0 0.8537688765624999 0.1883104390625 0.985790628125 0.1605047703125 0.9784080703125 0.11044029531249999 0.8514121109375001 0.1423571984375 0.8537688765624999 0.1883104390625
0 0.705319371875 0.2605609796875 0.8120769953125 0.2052883375 0.795688640625 0.1540933625 0.6817198343750001 0.20542012187499997 0.705319371875 0.2605609796875
0 0.551233896875 0.36951882187499996 0.6790570703125 0.3671883984375 0.6780619625 0.31548371875000003 0.5428382765624999 0.32756978124999997 0.551233896875 0.36951882187499996
0 0.5567289703125 0.466725346875 0.68864923125 0.47719366875 0.6940837609375 0.4241348109375 0.5672314703125 0.41806377031249997 0.5567289703125 0.466725346875
0 0.375325540625 0.480340540625 0.4663233640625 0.4830337296875 0.47078700468749995 0.4383763515625 0.374330434375 0.4286358578125 0.375325540625 0.480340540625
0 0.4543744375 0.327075225 0.5615470578124999 0.3345587609375 0.565229153125 0.284601321875 0.453971553125 0.2943721171875 0.4543744375 0.327075225
0 1 0.3760671578125 0.880543053125 0.384863815625 0.8920648718749999 0.448013071875 1 0.4406855515625 1 0.3760671578125
0 0.7791153890625 0.61115066875 0.9763149500000001 0.629728871875 0.9647931281250001 0.5665796171874999 0.7685765625000001 0.5696530203125 0.7791153890625 0.61115066875
0 0.5682629046875001 0.559927678125 0.703889475 0.5805447140625 0.7165351859375 0.5314317453124999 0.5624012734375 0.520177275 0.5682629046875001 0.559927678125
0 0.3860658140625 0.5381897390625 0.4745417640625 0.568737378125 0.475891309375 0.5329328515625 0.38234739218749997 0.4979879484375 0.3860658140625 0.5381897390625
0 0.478816075 0.537781515625 0.5943600906250001 0.5271079390625 0.5955081984375 0.47495186718750004 0.47411465625 0.4759281171875 0.478816075 0.537781515625
0 0.456755425 0.43313461249999996 0.561974165625 0.4273680203125 0.5623407234375 0.3699118921875 0.45576031875 0.381429934375 0.456755425 0.43313461249999996
0 0.3160729875 0.4381733828125 0.3871896984375 0.42592751562500003 0.378794078125 0.38397847500000004 0.30495405 0.40772723437499997 0.3160729875 0.4381733828125
0 0.7378946328125 0.34659937812499997 0.845244475 0.31032831562499996 0.823788153125 0.2547360609375 0.7203339468750001 0.287454315625 0.7378946328125 0.34659937812499997
0 0.593018809375 0.41430985781249996 0.691950565625 0.418739734375 0.6996512609375001 0.36538205625 0.5889670625 0.36703688749999996 0.593018809375 0.41430985781249996
0 0.37146766875 0.3899853671875 0.4401942640625 0.3875421421875 0.43417165312500006 0.3467000609375 0.362613821875 0.34973958125000004 0.37146766875 0.3899853671875
0 0.44465753750000003 0.39141475 0.533452884375 0.36669738281250003 0.519452796875 0.33114494843750003 0.43751911093749996 0.3496045109375 0.44465753750000003 0.39141475
0 0.3147596328125 0.40794468906250003 0.35747824375000004 0.38090016875 0.349573475 0.353689225 0.304107 0.3752966984375 0.3147596328125 0.40794468906250003
0 0.583971565625 0.31996268906249997 0.676203065625 0.3053500453125 0.6689759296875 0.25633954062500003 0.5773440203125 0.26841958125 0.583971565625 0.31996268906249997
0 0.46349509843750003 0.2948041171875 0.5378788343750001 0.2779346734375 0.529713284375 0.24235655625 0.45198209531250005 0.256321540625 0.46349509843750003 0.2948041171875
0 0.37417481406249997 0.507324709375 0.373658590625 0.5038239546875001 0.3287030171875 0.5156985609375 0.34115976406250004 0.5539823671875 0.379764578125 0.5386326890625 0.37417481406249997 0.507324709375
0 0.2703522734375 0.5027217390625001 0.318749346875 0.51418546875 0.319937871875 0.4826530359375 0.274716178125 0.47292684218750003 0.2703522734375 0.5027217390625001
0 0.3116002484375 0.4459080046875 0.31202776875 0.44220848437500004 0.25565321875 0.436034403125 0.25000674843750004 0.47692784687499995 0.311100025 0.48210810156250006 0.3116002484375 0.4459080046875
0 0.1509082609375 0.48456466249999997 0.204362871875 0.48413479062500003 0.19611395 0.4545900109375 0.1478055828125 0.4503265515625 0.1509082609375 0.48456466249999997
0 0.20632306250000002 0.45123666875 0.26286435468749997 0.44534405625 0.2627649875 0.41167655156249994 0.1997895625 0.42012744843750005 0.20632306250000002 0.45123666875
0 0.3023915875 0.3768611484375 0.29887205781250004 0.372789775 0.24808193437499998 0.38469006562499997 0.25367169375 0.41599804531249995 0.3069489015625 0.40116763281249995 0.3023915875 0.3768611484375
0 0.6031818890625 0.5096251781250001 0.7031514171875 0.5342901734375001 0.70784880625 0.480361878125 0.6029938140625 0.4687574125 0.6031818890625 0.5096251781250001
0 0.20519658281250003 0.4238012859375 0.24414554531250002 0.41078544375000003 0.23778411562500001 0.3808431375 0.194371871875 0.38998637812500003 0.20519658281250003 0.4238012859375
0 0.1633703390625 0.5360820921875 0.215797834375 0.541884321875 0.2163867640625 0.5128844890625001 0.16078388906250002 0.5053447249999999 0.1633703390625 0.5360820921875
0 0.2242915375 0.5400954234374999 0.261530425 0.541877653125 0.26512265625000003 0.513448434375 0.2225654546875 0.5151926421875 0.2242915375 0.5400954234374999
0 0.27063437968750004 0.5640233875 0.3361075578125 0.579109596875 0.3364410375 0.55497619375 0.28040530937499997 0.53790233125 0.27063437968750004 0.5640233875
0 0.1280082765625 0.5074351015625 0.1481710578125 0.5055948515625001 0.147904946875 0.48399405156249997 0.12714257499999998 0.48836690781250003 0.1280082765625 0.5074351015625
0 0.258890640625 0.378804121875 0.258244053125 0.350002321875 0.2020779046875 0.349862321875 0.2032930953125 0.38449796875 0.258890640625 0.378804121875
0 0.34598995 0.190814459375 0.42474825625 0.1706173578125 0.4142676984375 0.1391362859375 0.3347377265625 0.160699065625 0.34598995 0.190814459375
0 0.2855122734375 0.22280245468749998 0.33492580156249996 0.20156683125 0.32633273125 0.1696882296875 0.27751879687500003 0.18839125 0.2855122734375 0.22280245468749998
0 0.356215065625 0.2271619640625 0.4317979828125 0.20522733125 0.4232936203125 0.1805489890625 0.347449921875 0.1941164390625 0.356215065625 0.2271619640625
0 0.182899578125 0.239601525 0.2266506359375 0.2195585 0.21763005 0.1913794078125 0.17465066093749998 0.21005675468749999 0.182899578125 0.239601525
0 0.117942628125 0.22801606562500001 0.1641860984375 0.218276525 0.1506188671875 0.1922581890625 0.1133853140625 0.20370958125 0.117942628125 0.22801606562500001
0 0.042114929687500004 0.281284371875 0.0846721234375 0.27954016249999997 0.076939434375 0.2534961421875 0.0397892515625 0.25891418437499997 0.042114929687500004 0.281284371875
0 0.2239187765625 0.2538222953125 0.21473044218749998 0.22932708124999998 0.1732900625 0.2404222703125 0.17801945 0.2658956734375 0.2239187765625 0.2538222953125
0 0.223485921875 0.2442881984375 0.2802826609375 0.23352915312500003 0.277868284375 0.2039586984375 0.223131103125 0.21548713749999998 0.223485921875 0.2442881984375
0 0.2833533390625 0.188365571875 0.34708977343749997 0.1520817609375 0.3351492484375 0.1172987046875 0.27192903749999997 0.157083265625 0.2833533390625 0.188365571875
0 0.3589309296875 0.153197315625 0.4214735078125 0.135212321875 0.409788421875 0.09556283125000001 0.3510208265625 0.112752765625 0.3589309296875 0.153197315625
0 0.49202692968750006 0.0542271890625 0.4920555953125 0.0529698625 0.42163113281250003 0.0834914484375 0.4252500375 0.121230315625 0.49748549531249997 0.096391225 0.49202692968750006 0.0542271890625
0 0.517023796875 0.1247614546875 0.6549772234375 0.083674903125 0.64629545 0.0445960359375 0.5130607515625 0.08468875000000001 0.517023796875 0.1247614546875
0 0.6625325125 0.0953183921875 0.6615887640625 0.0955171578125 0.558720628125 0.1171826625 0.5650873890625 0.16035857656250002 0.6695822390624999 0.1299283671875 0.6625325125 0.0953183921875
0 0.44355043437499997 0.199142621875 0.5498440703125 0.1611146015625 0.538503140625 0.12379894375 0.440103615625 0.16257066874999998 0.44355043437499997 0.199142621875
0 0.43169861562499995 0.17155983125000002 0.5100240656249999 0.141828628125 0.5049451984375 0.100787775 0.42704726875 0.126819459375 0.43169861562499995 0.17155983125000002