0 0.2859033765625 0.18976235156250001 0.24032879999999998 0.156020984375 0.07596824375 0.14321722812499998 0.10441993593750001 0.1813797453125 0.14932466875 0.20319346875000002 0.26904594843749996 0.2280492609375 0.2859033765625 0.18976235156250001
0 0.2439559046875 0.10405148906249999 0.098443815625 0.0637581703125 0.1052102125 0.1125179359375 0.2377389203125 0.1480088296875 0.2673358359375 0.1908737234375 0.2862892640625 0.1428386484375 0.2439559046875 0.10405148906249999
0 0.19291405625 0.8829881921875 0.327415284375 0.904290834375 0.32239296875 0.8574482546875 0.200452228125 0.837900553125 0.19291405625 0.8829881921875
0 0.19743944375 0.826840915625 0.3247359046875 0.85658025 0.339478840625 0.8030559203125 0.208570740625 0.7650421281249999 0.19743944375 0.826840915625
0 0.19643315156250002 0.766334675 0.327693159375 0.7926831171875001 0.34136185625 0.7491692390625 0.210929140625 0.703930175 0.19643315156250002 0.766334675
0 0.215615015625 0.702194165625 0.346770059375 0.7490881218750001 0.3506965921875 0.69572603125 0.22110967656249997 0.6565819359375 0.215615015625 0.702194165625
0 0.22507322031250002 0.6531910375 0.36121356875 0.696956378125 0.371094671875 0.651000728125 0.2405384796875 0.601321584375 0.22507322031250002 0.6531910375
0 0.25757186875000004 0.5572020109375 0.3786853234375 0.595640334375 0.386346959375 0.5549927718750001 0.2621682484375 0.5157675640625 0.25757186875000004 0.5572020109375
0 0.2473913359375 0.60455025 0.362374259375 0.6414148078124999 0.367692959375 0.6016352546875 0.25739591562499997 0.5630346859375 0.2473913359375 0.60455025
0 0.2598777921875 0.5063628140625 0.381485128125 0.5625614624999999 0.3973732921875 0.5137395046875 0.2660947796875 0.4624054734375 0.2598777921875 0.5063628140625
0 0.3953822640625 0.5029421593750001 0.40718340781249995 0.45307102656250003 0.27567645625 0.4178424203125 0.27217410468750003 0.45679751093750004 0.3953822640625 0.5029421593750001
0 0.2799394234375 0.41305892499999997 0.4057387515625 0.4497612390625 0.4119032515625 0.416076659375 0.28099515625000004 0.378062871875 0.2799394234375 0.41305892499999997
0 0.286878740625 0.370756478125 0.4183856921875 0.405985075 0.42472615156250004 0.366467825 0.29321919531249996 0.33123921875 0.286878740625 0.370756478125
0 0.29808102812500004 0.3236705265625 0.42784389999999994 0.356981946875 0.43201737187499994 0.312500015625 0.3032237765625 0.2897236546875 0.29808102812500004 0.3236705265625
0 0.317157928125 0.2800755375 0.440490840625 0.31320578125 0.44598550000000003 0.2675935484375 0.3191119359375 0.24090169687500002 0.317157928125 0.2800755375
0 0.32235315625 0.23585589843750002 0.46154025625 0.2554225375 0.466612015625 0.20676282499999998 0.3250294953125 0.198336946875 0.32235315625 0.23585589843750002
0 0.3771357 0.612876075 0.39603968749999996 0.6603432875 0.5161838640624999 0.6882465640625 0.5285838593750001 0.6355902390625 0.3771357 0.612876075
0 0.3845689046875 0.588333946875 0.53494283125 0.621058575 0.5408603875 0.5784938296875 0.3941505796875 0.5437708890625 0.3845689046875 0.588333946875
0 0.40160229531249997 0.5442143609375 0.529621084375 0.5756085953125 0.538181 0.5307832453125 0.4085416046875 0.501911909375 0.40160229531249997 0.5442143609375
0 0.4081187078125 0.498864425 0.551463815625 0.534193075 0.5552143953125 0.48666366562499996 0.4201667953125 0.457873446875 0.4081187078125 0.498864425
0 0.41535744374999994 0.455169378125 0.564110759375 0.49041690937500004 0.5704512203125 0.4508996484375 0.42157443125 0.41121204218749996 0.41535744374999994 0.455169378125
0 0.422596184375 0.411474334375 0.5668395796875 0.442625196875 0.5763687765625 0.4083349046875 0.430081871875 0.376659446875 0.422596184375 0.411474334375
0 0.4372866359375 0.3682227546875 0.574501215625 0.40197763281250004 0.5831846125 0.361592378125 0.44494827656249997 0.327575196875 0.4372866359375 0.3682227546875
0 0.4493347234375 0.32723178124999996 0.5858269843749999 0.359331771875 0.5858609515625 0.324073425 0.46048453125 0.290418590625 0.4493347234375 0.32723178124999996
0 0.4581940765625 0.2810138453125 0.602684415625 0.32104487187499997 0.6063115125 0.26907537187499997 0.4719862484375 0.2419400484375 0.4581940765625 0.2810138453125
0 0.53168614375 0.6863483140625 0.6671041640625 0.728458765625 0.681195759375 0.6879923781249999 0.53735675625 0.6349034046875001 0.53168614375 0.6863483140625
0 0.5405979765625 0.6298576109375 0.68005053125 0.6832900000000001 0.6888573953125 0.647344825 0.5524701046875 0.5946993078125 0.5405979765625 0.6298576109375
0 0.5441725953125001 0.588160878125 0.69155224375 0.6348114578125 0.7017327765625 0.58746321875 0.5532788921875 0.5508230953125001 0.5441725953125001 0.588160878125
0 0.5576653406250001 0.55047968125 0.699812740625 0.5913787125 0.7102402156250001 0.5529106328125 0.56677163125 0.5131418984375 0.5576653406250001 0.55047968125
0 0.7130585359375 0.54481735625 0.7191520515625001 0.49641993125 0.5714204875 0.46143470156250005 0.570436571875 0.511102271875 0.7130585359375 0.54481735625
0 0.5839809765624999 0.4631896390625 0.72954555625 0.49321020156250006 0.7323453640625 0.46013132968750003 0.5871326953125 0.41844541562500004 0.5839809765624999 0.4631896390625
0 0.589352159375 0.413137334375 0.7390747484375 0.45891990937499993 0.7466129203125 0.41383227187499994 0.5932262078125 0.3700479953125 0.589352159375 0.413137334375
0 0.5989338359375 0.36857428125 0.7520736 0.40347838906250005 0.7538516515625 0.3701372234375 0.6073178078125 0.3295816109375 0.5989338359375 0.36857428125
0 0.610981928125 0.327583303125 0.7560711203125 0.3648291390625 0.7656527953125 0.320266084375 0.6139576921875001 0.2886717546875 0.610981928125 0.327583303125
0 0.6253729484375 0.285724325 0.7726816078125001 0.31766206874999997 0.7844827484375 0.26779093125000003 0.626481159375 0.2404555109375 0.6253729484375 0.285724325
0 0.7222896000000001 0.9416845046875 0.790376671875 0.936411075 0.792063771875 0.9295251859375 0.6300091359375 0.8658822390625 0.6290768796874999 0.905318378125 0.7222896000000001 0.9416845046875
0 0.6359452046875 0.8483030843750001 0.8019109046875 0.91882789375 0.8132366640625 0.8761820265625 0.642461615625 0.8029531484374999 0.6359452046875 0.8483030843750001
0 0.655198059375 0.798875415625 0.8045162515625 0.8665961015624999 0.8275042125000001 0.8298829624999999 0.6624367953125 0.755180371875 0.655198059375 0.798875415625
0 0.694145171875 0.7280531546875 0.8400801640625 0.7713939578125 0.844800015625 0.7343995953125 0.6966270484375 0.6713812875 0.694145171875 0.7280531546875
0 0.6901970875 0.6712001062499999 0.8350578484375 0.7245513781249999 0.8443400999999999 0.6813809203125001 0.7075299046875 0.6256879359374999 0.6901970875 0.6712001062499999
0 0.7193310484375 0.5758167875 0.8696000078124999 0.6290869421874999 0.8816480953125 0.5880959625 0.7290361953125 0.535693825 0.7193310484375 0.5758167875
0 0.7042176921875 0.6160208890625001 0.8635064921875 0.67748435625 0.8698469515625 0.6379671015625 0.7174110125000001 0.57973228125 0.7042176921875 0.6160208890625001
0 0.7362409640625 0.527257128125 0.8744958078125 0.5862598984375 0.8897851156250001 0.540223128125 0.7402384843750001 0.488607878125 0.7362409640625 0.527257128125
0 0.7430568046875 0.4805146015625 0.8814351203124999 0.5439574515625 0.8977986687499999 0.4879102234375 0.7450108156249999 0.44134076093749997 0.7430568046875 0.4805146015625
0 0.7486749359375 0.4393424515625 0.9006879765625 0.49452978124999997 0.914356671875 0.45101590937499997 0.7614453484375 0.4000063671875 0.7486749359375 0.4393424515625
0 0.7747621359375 0.3681578453125 0.9332576203125 0.413253590625 0.9359864359375001 0.36546188281249997 0.782899159375 0.320285015625 0.7747621359375 0.3681578453125
0 0.79082625625 0.3135032078125 0.9392276562499999 0.360416084375 0.9479110515625001 0.320030825 0.7889401921875 0.2821603515625 0.79082625625 0.3135032078125
0 0.11712240468749999 0.21256035624999997 0.1146308765625 0.256196265625 0.11379473124999999 0.26313725468750004 0.2682556765625 0.2969110640625 0.27567036875 0.2473833453125 0.11712240468749999 0.21256035624999997
0 0.26931444375 0.3471445484375 0.28754554374999997 0.297454584375 0.10375313593749999 0.2546816328125 0.10576266875 0.290464575 0.10673194374999999 0.300999621875 0.26931444375 0.3471445484375
0 0.23559653125 0.338488825 0.093449128125 0.29758979218750004 0.096251984375 0.34974046875 0.21856314375000002 0.382608415625 0.2638197875 0.39275678125 0.28115260468750003 0.34724460156250003 0.23559653125 0.338488825
0 0.23154653125000002 0.387410840625 0.0895226 0.35095188906249997 0.0970029046875 0.392190175 0.096764384375 0.3924863828125 0.0929243078125 0.4003173609375 0.2200972953125 0.425616621875 0.2612669203125 0.4347158140625 0.275182559375 0.40008210625 0.23154653125000002 0.387410840625
0 0.158382871875 0.8148668406249999 0.0983161640625 0.7965391703125 0.0721343484375 0.769462371875 0.0407234921875 0.7468591390625 0.017088959375 0.7873191484375 0.048395959375 0.83025139375 0.095145728125 0.8509763781249999 0.1289267640625 0.8625562546875001 0.16734428750000002 0.8724184156250001 0.1848090359375 0.8507302234375 0.158382871875 0.8148668406249999
0 0.1044859515625 0.7777673515625 0.1209060921875 0.7907064203124999 0.14112584374999998 0.79589703125 0.165982084375 0.7993699249999999 0.1825060921875 0.7919799890625 0.197704515625 0.7609861546875 0.155487384375 0.7588724578125 0.1107595921875 0.7386665265625 0.08018562343749999 0.7220940312499999 0.0505523953125 0.6912232765625 0.02691786875 0.7316832875 0.0563067484375 0.7537674625 0.0802222515625 0.7715386171875 0.1044859515625 0.7777673515625
0 0.11682551562500001 0.7402237125 0.1370452640625 0.74541431875 0.15785755937499998 0.7478490953125 0.174033359375 0.7520015843750001 0.1973196921875 0.7230839890625 0.178040684375 0.7035951171875 0.1418894765625 0.7030386015625 0.11274493593749998 0.6897410046875 0.09203650468749999 0.666977228125 0.06989863125 0.6409385578125 0.0419758078125 0.6715738671875 0.07363101250000001 0.7029636859374999 0.0902955 0.724689334375 0.11682551562500001 0.7402237125
0 0.05288594375 0.6307553296874999 0.07763833125 0.6545572234375 0.0966729953125 0.6652595109375 0.1163002 0.6732059625 0.137601184375 0.6932138984375 0.1578209359375 0.6984045046875 0.180062659375 0.7041141750000001 0.1907650796875 0.70395364375 0.20620785156250002 0.6817463890625 0.21094820468750003 0.659699665625 0.18584761562500002 0.6474401921874999 0.15753996875 0.640173334375 0.1251883640625 0.63186835625 0.1107901953125 0.6194483515625 0.0911629875 0.6115019046875 0.0664106046875 0.5877000046874999 0.05288594375 0.6307553296874999
0 0.1396903875 0.6239593718750001 0.152659128125 0.633104478125 0.1795373484375 0.63709643125 0.202371615625 0.6400502609375 0.2288650078125 0.6061400484374999 0.20174244375 0.5933615156250001 0.16879830468749998 0.587812378125 0.1321584078125 0.5696827015625 0.09611105625000001 0.54879718125 0.066373971875 0.5382554203125001 0.064736828125 0.575638521875 0.09091864375 0.6027153249999999 0.121492615625 0.6192878187499999 0.1396903875 0.6239593718750001
0 0.13048463125 0.5576212125 0.15962916875 0.5709188078125 0.1957803765625 0.5714753296875 0.2226586046875 0.57546728125 0.24632975625000003 0.5844518562500001 0.2580767796875 0.5496640578124999 0.22000745625 0.5282594781250001 0.18553002031250002 0.5397644421875001 0.1566298234375 0.535253425 0.1217675640625 0.5088562234375 0.0951336875 0.5136508515625 0.072055071875 0.5019104421875 0.0718473515625 0.542568446875 0.0955185125 0.551553021875 0.13048463125 0.5576212125
0 0.159904115625 0.4604872125 0.18988554375 0.47981555781249996 0.21794885156250002 0.4782958296875 0.2486266796875 0.47453931875000005 0.26800954374999997 0.4736991921875 0.275712615625 0.437873271875 0.25110071562499997 0.4431869578125 0.22708135624999998 0.44574480781250003 0.1866418515625 0.435363590625 0.14191405937499998 0.415157659375 0.1188354484375 0.40341725000000006 0.08648384375 0.39511227656250003 0.09426017187499999 0.45817552656249994 0.12779685937500002 0.46096882499999997 0.159904115625 0.4604872125