0 0.28647461406249997 0.48233197812500006 0.286404828125 0.484108034375 0.285753546875 0.4841808140625 0.35682991249999996 0.49678672968750004 0.41393432812500003 0.5079109890625 0.4831351046875 0.53472044375 0.5220472640625 0.5490743874999999 0.6561960375 0.5406419890625 0.680728428125 0.512281196875 0.6633325250000001 0.461185584375 0.5996057484375 0.46534638125 0.545238340625 0.469707253125 0.45942161718749996 0.4400667078125 0.4039632984375 0.42110562968750004 0.29035071874999996 0.40071089843749996 0.25891374375 0.4345106859375 0.2670169953125 0.466679859375 0.2852472234375 0.47951243750000005 0.28647461406249997 0.48233197812500006
0 0.7562118953125 0.583536809375 0.764337696875 0.5470167578125 0.7471224203125 0.525381590625 0.6682522359374999 0.5591631015625 0.65690929375 0.6076328765625 0.671216196875 0.635173365625 0.7562118953125 0.583536809375
0 0.28337018125 0.0679705671875 0.282039634375 0.066794478125 0.2761068578125 0.09910538125 0.2946223953125 0.1387343140625 0.5363134953124999 0.1178726125 0.6677786640625001 0.1947688484375 0.6913976890625 0.155596253125 0.6838527187500001 0.10921859062499999 0.5730368109375 0.018973264062500002 0.5130586140625 0.01197416875 0.49153758437499995 0.01147189375 0.28337018125 0.0679705671875
0 0.6919975968750001 0.4127887078125 0.6864568984375 0.40054480937500003 0.6659463453125001 0.37763300625 0.64498219375 0.36626559531249997 0.580868525 0.363244421875 0.546165 0.36097893281250004 0.5058161015625 0.3491336453125 0.4608398578125 0.3358562703125 0.428413571875 0.326719696875 0.37372904687499997 0.32212255 0.31042097968750004 0.3156269828125 0.2928598609375 0.31982241562499997 0.252285196875 0.348176640625 0.2516068484375 0.3480162140625 0.26290069374999997 0.38412611874999997 0.288178159375 0.4049178875 0.3514862265625 0.41141346093750003 0.40375394531250003 0.42643380937500003 0.44610095000000005 0.4385122640625 0.48978001718749997 0.45074616875 0.52343369375 0.4627022703125 0.5465355125 0.470750725 0.562203196875 0.46365802812499995 0.5942077015625 0.4665006625 0.633747915625 0.46487005625 0.6601070296875 0.45813288124999996 0.678191525 0.44061698906249996 0.6919975968750001 0.4127887078125
0 0.2896343734375 0.31676971875 0.430237209375 0.33139302187499997 0.5098122984375 0.349599978125 0.5520197390625 0.36523056249999997 0.6567614453124999 0.372992775 0.682486340625 0.34833955625 0.7039358906250001 0.3303242359375 0.6959055078125 0.3133292984375 0.6600731093750001 0.2716795953125 0.586422534375 0.25594819062499996 0.5401491140625 0.2416273421875 0.420437559375 0.22319720781250002 0.3947095796875 0.23090013437499998 0.3294064953125 0.24112169687499999 0.2936849375 0.23070848906250002 0.28646633125 0.24413975781250002 0.2621542015625 0.2756508546875 0.2896343734375 0.31676971875
0 0.2666992390625 0.168669359375 0.26735223124999996 0.168658359375 0.263609525 0.21282671406250003 0.294706828125 0.238758134375 0.35366669375000004 0.2367173703125 0.42100276875000003 0.22584094375000002 0.549934121875 0.24802328125 0.651875209375 0.27597702812499997 0.6821576546875 0.2545319546875 0.6934042765624999 0.223728690625 0.6627256765625 0.1871409046875 0.5784123984375 0.1362653546875 0.5000995875 0.1199898984375 0.40783805468749995 0.11814456250000001 0.3159665046875 0.140431471875 0.2666992390625 0.168669359375
0 0.2720254125 0.57709595 0.3650258484375 0.5941932578125 0.5308045546875 0.649222725 0.64665023125 0.61278350625 0.6750012765625 0.5723788984375 0.6460067515625 0.54401655625 0.5356956171875 0.5587990734375 0.4152769625 0.5072786453125 0.3548074875 0.49665381406250003 0.28578425625000003 0.4823545 0.285753546875 0.4841808140625 0.2509822265625 0.5166537015625 0.247163571875 0.5286975171875 0.2720254125 0.57709595
0 0.2562304921875 0.655541965625 0.273372903125 0.6620028875 0.338085903125 0.6838281453125 0.437013940625 0.7203513140625 0.516240109375 0.7474385781249999 0.6324665078125 0.68428071875 0.6605035296875 0.6518683875 0.6305956421875 0.6126942359374999 0.5266687859375 0.6523085109375 0.451473709375 0.6247995562499999 0.34847968906250004 0.58958611875 0.26420747499999997 0.571723134375 0.26350643281249997 0.5735182078125 0.2313337609375 0.6080315671875 0.2562304921875 0.655541965625
0 0.2528459578125 0.741680915625 0.2820816421875 0.746876746875 0.3560493359375 0.77156616875 0.46724819375 0.81933439375 0.5335375078125 0.8350988812500001 0.6276072609375001 0.7568660453125 0.6581339578125001 0.729204753125 0.62563171875 0.6879436515624999 0.516275 0.7465505453125 0.43421023906249995 0.7235925453125 0.3353519828125 0.6852933140624999 0.2627512609375 0.6598713093749999 0.26141750468749997 0.660745140625 0.23033113906249997 0.6846353374999999 0.2528459578125 0.741680915625
0 0.5192716640625 0.8405709546875 0.37978229375 0.7805803765625 0.268726084375 0.7462103375 0.219027075 0.785015859375 0.2466895375 0.8132227640625 0.32013075625 0.8342823421875 0.368053353125 0.8577166578125001 0.5085289625 0.9436932859375 0.6259416890625 0.8503424046875001 0.6470074328125001 0.842095415625 0.65849829375 0.80507595 0.6240080546875 0.7655363656249999 0.623331925 0.7635039546875 0.5192716640625 0.8405709546875
0 0.5448998484375001 1 0.5528085203125 0.9917306124999999 0.6338018484375 0.9057271234375 0.6448740078124999 0.8793640171874999 0.6224351390625 0.8544429828125001 0.5134335078125 0.93807016875 0.3803571421875 0.8681227296875 0.29709679843750003 0.824506865625 0.25899332343750003 0.8236288265624999 0.25902571406249997 0.8238041859375 0.2139584703125 0.8629293656250001 0.22321623906250002 0.8827438375 0.3439838109375 0.9253839609375 0.45981309687499994 0.9915345625 0.475063184375 1 0.5448998484375001 1
0 0.6830445375 0.964969471875 0.704525903125 0.9291158312500001 0.7466512187500001 0.8787212640625001 0.75498945 0.8538233312499999 0.7390333734375 0.8171693765624999 0.7250815625 0.8146491796875001 0.672864159375 0.8834922921875 0.6535491890625 0.8812383546874999 0.6529503609375 0.8804835343749999 0.6229876015625 0.90978766875 0.6142973609375 0.9266156125 0.6125465875 0.9371165343750001 0.6830445375 0.964969471875
0 0.7515042984375 0.7722353546875 0.728190046875 0.752564775 0.670254390625 0.7966538484375 0.6602320749999999 0.8133263421875 0.660897571875 0.8144690625000001 0.6247609328125 0.8305975218749999 0.6344404875 0.8567059265625 0.6425088359375 0.8897631296874999 0.6874820046875 0.8860902140625001 0.751754709375 0.7999197296875 0.7515042984375 0.7722353546875
0 0.6769341890625 0.7117915390625 0.6563282140625 0.742394725 0.6550310421875001 0.741351246875 0.6382437265625 0.7599106234375 0.6558838734375 0.8047900218749999 0.6751639453125 0.8079319890625 0.741859634375 0.745238909375 0.7642163828124999 0.704134809375 0.73925295 0.6753507640625 0.6769341890625 0.7117915390625
0 0.6957924796875 0.708639578125 0.754990425 0.66648200625 0.7723709078125001 0.6328261234375 0.7481083984375 0.603231775 0.7290725671875 0.593873590625 0.6685107515625 0.6537140453125 0.6678474796875 0.6546195953125 0.651162071875 0.6695315953125001 0.6442954703125 0.691032859375 0.647841159375 0.7199938875 0.6735722187500001 0.7292412640625 0.6957924796875 0.708639578125
0 0.67268931875 0.47925112968750005 0.6706973859375001 0.51291855625 0.654823428125 0.5422897359375 0.67428105 0.5579418546875 0.7538817812499999 0.52440988125 0.781814121875 0.49466164062500007 0.7662798359375 0.46430161875 0.678119584375 0.48172729218750004 0.67268931875 0.47925112968750005
0 0.755893953125 0.38805455 0.687331953125 0.3971588765625 0.684596571875 0.3975766125 0.6928742765625 0.4253056296875 0.669635975 0.43775959531249997 0.6751828453125001 0.483904090625 0.76761575625 0.4643589828125 0.7853451640625 0.4218227921875 0.755893953125 0.38805455
0 0.689295621875 0.39718359531249997 0.7520043578125 0.384875084375 0.7772058703125 0.3735423140625 0.786876171875 0.3487998203125 0.7721125875 0.31585342656250004 0.705303059375 0.314462965625 0.708595171875 0.31468603906250003 0.6929623734375 0.3208907140625 0.6977703484375 0.3517832421875 0.675413596875 0.3928873421875 0.689295621875 0.39718359531249997
0 0.7204326390625 0.23478758437499997 0.6961028453125 0.2250260953125 0.6947713656250001 0.2237641515625 0.6686657390625 0.27513600625 0.6890049203124999 0.3194382703125 0.772046659375 0.317531409375 0.7950345546875 0.2773930625 0.78812380625 0.24893145468750003 0.7204326390625 0.23478758437499997
0 0.6886374921875 0.22661678125 0.7887200546875001 0.2507852421875 0.8096400593749999 0.21218978125 0.7843944078125 0.17355968593749999 0.6895323531249999 0.1357267921875 0.6901634078125001 0.13775484843750002 0.6933982390625 0.19059614062500002 0.6886374921875 0.22661678125
0 0.79728623125 0.255577309375 0.8590927734375 0.28229049375000004 0.8779797859375 0.24434989843750002 0.8774533234374999 0.24072005624999998 0.8520681015625 0.20564208437499998 0.798363634375 0.1931303765625 0.786806075 0.2488762140625 0.7971136890625 0.2590000671875 0.79728623125 0.255577309375
0 0.7951684578125 0.2589466453125 0.7948077312499999 0.300659775 0.7804751890625 0.3248582140625 0.8500248859375 0.3427873703125 0.8757497765625001 0.318134140625 0.8498729796875001 0.27853829218750004 0.7951684578125 0.2589466453125
0 0.7836657859375 0.32879894374999996 0.8002181140625 0.3673066859375 0.7781753984375 0.4004185171875 0.8773097015625 0.41466320156250003 0.9122512984375 0.37681188125 0.8622926218750001 0.33708211875 0.78622070625 0.3328311515625 0.7836657859375 0.32879894374999996
0 0.8409984453125 0.470344521875 0.88506133125 0.47281009531249996 0.90857876875 0.45325188125000004 0.89125573125 0.41733051093749995 0.8426352937500001 0.4116567984375 0.86286670625 0.44167285468750006 0.8393905671875 0.4613162296875 0.8409984453125 0.470344521875
0 0.8421088234375 0.4080269546875 0.783954390625 0.407541578125 0.7838847765625 0.40836937031250004 0.797420965625 0.4384962359375 0.772536571875 0.458787028125 0.7698406296875 0.476314471875 0.8331456140625001 0.46585974218750004 0.8667582312500001 0.44480327500000005 0.8421088234375 0.4080269546875
0 0.777234696875 0.476376965625 0.7806080078125001 0.508794534375 0.762770840625 0.53704450625 0.7687333359374999 0.5555823375 0.827373 0.5276332578125 0.8545695249999999 0.4995833546875 0.8292540875000001 0.46272931406250006 0.7772018859375 0.47628138125 0.777234696875 0.476376965625
0 0.8124062359374999 0.5339156453125 0.76329523125 0.5586507859375 0.7751555921875 0.5964763703125 0.7642230078125001 0.6192873546875 0.8024280718749999 0.6005510109375 0.83043328125 0.58597700625 0.846411915625 0.5539417359375001 0.81847031875 0.532839084375 0.8124062359374999 0.5339156453125
0 0.8079288703125 0.5967816734375 0.7708433484375 0.6220106859375 0.775866925 0.6635162984375 0.761290146875 0.6939309437500001 0.7842493109374999 0.6885812296875 0.8172307859375 0.6665590109374999 0.8310748359375 0.65479299375 0.84645721875 0.62090394375 0.8079288703125 0.5967816734375
0 0.8163995421875001 0.7217723375 0.831049196875 0.7065319156250001 0.8092034874999999 0.6665143765625 0.7659396390625 0.699652584375 0.7386891515625 0.7412512578125 0.73697326875 0.7508641515625001 0.7523649078125 0.76782600625 0.8163995421875001 0.7217723375
0 0.8100912140625001 0.72906510625 0.7509281640625 0.7703346515625 0.752883575 0.7725423421875 0.7456409625 0.8027254375 0.7387394656249999 0.8251147296875001 0.7508327390625 0.823849640625 0.7994439328125 0.7786724546875 0.8162312484375001 0.760113090625 0.8222922515625 0.742086225 0.8100912140625001 0.72906510625
0 0.80340524375 0.7800268203125 0.756504790625 0.8336588703125001 0.7540931265624999 0.8260143093750001 0.7570394828125 0.8361712578124999 0.7502457437500001 0.8728467468750001 0.7539977015625 0.8795292984374999 0.7698049578124999 0.8688844781249999 0.8123869578124999 0.8238958265624999 0.80340524375 0.7800268203125
0 0.902875940625 0.5132493421875 0.8861142609374999 0.48006978125 0.8449946515625 0.47081085937499995 0.8474874031249999 0.49251219687500003 0.834737340625 0.544550465625 0.8362137640625 0.5421683140625 0.88300578125 0.5421541859375 0.902875940625 0.5132493421875
0 0.8804463234375 0.5391792078125001 0.842874965625 0.542945634375 0.842834425 0.5428190390625 0.8445564703124999 0.567106753125 0.8304014750000001 0.6038153375 0.8403919796875 0.60498116875 0.89055075625 0.5885318421875 0.8989238828125 0.5627458765625 0.8804463234375 0.5391792078125001
0 0.907527953125 0.6502838265625 0.9043342734375001 0.6293927921875 0.8786350171875 0.602307084375 0.8441138109375 0.613602303125 0.8502111015624999 0.6275374546875 0.8363670546875 0.6393034609375 0.8283777359375 0.6553210953125 0.8369694703125001 0.6750578421875 0.8919649406250001 0.654712421875 0.907527953125 0.6502838265625
0 0.8181185078125001 0.7291097421875 0.8406209921875 0.71835411875 0.8912333609375 0.6903603984375 0.889511315625 0.666072690625 0.875699075 0.6600003765625 0.8544588703124999 0.67268750625 0.830101696875 0.6806941578125 0.8181185078125001 0.7291097421875
0 0.820398828125 0.739188965625 0.8031261015625001 0.7871310625 0.8257363484375 0.7906616453125 0.8773954796875 0.7360270109375 0.8824384406249999 0.7098524328125 0.8659620671875 0.7034692296875 0.8209252906250001 0.742818809375 0.820398828125 0.739188965625
0 0.8159584328125 0.802216753125 0.8074835625000001 0.8465182859375 0.8436905250000001 0.8275487703125 0.8722889031250001 0.797878253125 0.8823748281249999 0.7455290906250001 0.8159584328125 0.802216753125