0 0.6382583671875001 0.08157209843749999 0.6223487015625 0.0167061453125 0.5024383859375 0.010461979687500001 0.41996786718749995 0.00874474375 0.4178875875 0.06411177031250001 0.6382583671875001 0.08157209843749999
0 0.4243728125 0.1602064546875 0.6193382203125 0.19429826249999999 0.6243121875 0.11076992031249999 0.422782003125 0.0703514609375 0.4243728125 0.1602064546875
0 0.42400161406250003 0.26492130937499997 0.615567978125 0.3018285125 0.6170845593750001 0.22410495468749997 0.425751521875 0.17524027656250002 0.42400161406250003 0.26492130937499997
0 0.4170656390625 0.3633095 0.6154884265625 0.3915965328125 0.6152763234374999 0.3167753625 0.41708686093749997 0.2765308546875 0.4170656390625 0.3633095
0 0.4007491390625 0.42829276250000003 0.395950165625 0.502853 0.6516318125 0.5101824671874999 0.5878877250000001 0.4350453484375 0.4007491390625 0.42829276250000003
0 0.399831753125 0.6466905796875 0.6349441140625001 0.6798805796875 0.638539371875 0.581318428125 0.40175665 0.548041440625 0.399831753125 0.6466905796875
0 0.40450874218750005 0.8354556640625 0.639679434375 0.8656562953125 0.6382636140625 0.766833190625 0.40631698125 0.7427852625 0.40450874218750005 0.8354556640625
0 0.4040792171875 0.9431598875 0.6329767828125 0.9520870203125 0.6278119296875 0.8740155265625 0.4042170921875 0.85040250625 0.4040792171875 0.9431598875
0 0.40403684999999995 0.1741095203125 0.3740499296875 0.082775821875 0.072239853125 0.040127821875000004 0.067149225 0.1296348953125 0.3439622421875 0.167988803125 0.394401790625 0.23944069687499997 0.39890911406249996 0.179827303125 0.40403684999999995 0.1741095203125
0 0.0700233015625 0.1537237953125 0.0649326796875 0.24323087499999999 0.3499808265625 0.2879984203125 0.390689871875 0.3439815921875 0.3924397796875 0.25430055937499996 0.3603741875 0.1838054546875 0.0700233015625 0.1537237953125
0 0.060833665625 0.281918696875 0.055334728124999996 0.39235134843749997 0.3323810625 0.4187477765625 0.392105690625 0.442804696875 0.3853871390625 0.3586674875 0.352738246875 0.318066071875 0.060833665625 0.281918696875
0 0.0564217828125 0.42233200000000004 0.0529431875 0.5149154203124999 0.3280275140625 0.5561717171875 0.386665084375 0.5502479734375 0.38858998125 0.4515988359375 0.352075396875 0.43772777031250004 0.0564217828125 0.42233200000000004
0 0.0626736953125 0.5303841453125 0.0624191546875 0.6291202703125001 0.322470246875 0.6695937375 0.3827198453125 0.6667463421875001 0.38101237499999996 0.5828700796875 0.3330385953125 0.5564326578125 0.0626736953125 0.5303841453125
0 0.0536007171875 0.6526003031250001 0.0449360515625 0.7538908953125001 0.337015621875 0.7810701640625 0.3814949125 0.7295230593750001 0.37085234218749996 0.675105571875 0.32868504375 0.6938566046875 0.0536007171875 0.6526003031250001
0 0.047518478125 0.7929266312500001 0.035396429687499995 0.9000219875000001 0.3513860078125 0.9015146968750001 0.3742672875 0.8428580984374999 0.36028399218749996 0.7882666375 0.3376943671875 0.8319764015625 0.047518478125 0.7929266312500001
0 0.36051129843749996 1 0.380227540625 0.9658570921875 0.3597961328125 0.8989602296875001 0.3323704234375 0.933440946875 0.0466806328125 0.921556434375 0.04131426875 0.9871099078125001 0.2888500765625 1 0.36051129843749996 1
0 0.955791 0.603823684375 0.9935605078125 0.604795946875 0.99464383125 0.54927661875 0.95505391875 0.555906815625 0.955791 0.603823684375
0 0.99900204375 0.12313189531249999 0.9583840703125001 0.12816626250000002 0.9602665296874999 0.203074428125 0.9982125875 0.2040657109375 0.99900204375 0.12313189531249999
0 0.3897883828125 0.7329473484375 0.6267460875 0.7572562109375001 0.6300496984375 0.6736409015625 0.39315031562499997 0.6463426515624999 0.3897883828125 0.7329473484375