0 0.1727174171875 0.11692328437499999 0.24684623125 0.13326130625 0.31193601875 0.1325431359375 0.314056409375 0.070189028125 0.2659361359375 0.038730534375 0.20515993125 0.0053716187499999995 0.0638040109375 0.00167055625 0.053167417187499996 0.0878954484375 0.0769476515625 0.0953551140625 0.1727174171875 0.11692328437499999
0 0.1605662203125 0.2304812671875 0.222740925 0.2533940234375 0.309147753125 0.260531659375 0.3650315421875 0.2591658984375 0.414467484375 0.2197386703125 0.400590053125 0.18168425625 0.3317905 0.16731018125 0.302406121875 0.1345212046875 0.241193071875 0.1339230171875 0.17707498125 0.1267642109375 0.10957101093749999 0.10188750625000001 0.092758428125 0.1478471140625 0.1166465828125 0.19508074375 0.1605662203125 0.2304812671875
0 0.0336693484375 0.24595531249999997 0.08044026875 0.2778137046875 0.1460008484375 0.31844436875 0.22205297656249998 0.3794115390625 0.25904394375 0.36559330624999997 0.32574318125 0.38193838125 0.3530573515625 0.3261237265625 0.3399846515625 0.29660094843749996 0.29428859531249996 0.26054577343749996 0.2377570109375 0.2671628515625 0.18575999999999998 0.2370207109375 0.1142223671875 0.1996774140625 0.0457467046875 0.18267768125 0.040636609375 0.18947562499999998 0.0336693484375 0.24595531249999997
0 0.2958478640625 0.42856676718750003 0.308302875 0.37276622656249997 0.2241532953125 0.377440528125 0.18184310937499998 0.35910326718749996 0.1019142421875 0.29945244843749996 0.031435412499999996 0.264064590625 0.019640253125 0.35968130625 0.0582783515625 0.382192471875 0.10704642499999999 0.40839965312500004 0.20248224218750002 0.462785028125 0.2958478640625 0.42856676718750003
0 0.06680644375 0.4786660234375 0.1317192234375 0.5245480062500001 0.1761196890625 0.5711058125 0.2313657203125 0.5447998187499999 0.280791625 0.5355641421875 0.330541428125 0.5237028015625 0.3739902734375 0.5177544828125 0.382411621875 0.44948734687499997 0.29923373125 0.44628467031249996 0.24867920468750002 0.44961439218750004 0.18617056406250002 0.45951884062500004 0.1498374359375 0.43789419843750005 0.1017171625 0.4064357046875 0.0769941703125 0.441245090625 0.06680644375 0.4786660234375
0 0.506811215625 0.344355125 0.5061835 0.2892233515625 0.4858381484375 0.27349056875 0.4354505875 0.2604116765625 0.3976548984375 0.265698284375 0.34612867812500003 0.2769049765625 0.3420749390625 0.3248214828125 0.33721646562499996 0.36420636875 0.43380098437500003 0.3641146140625 0.46594351562499997 0.359489721875 0.506811215625 0.344355125
0 0.42327931875 0.43435275625 0.4691523828125 0.4238077734375 0.4709488828125 0.3640793296875 0.40698771562499997 0.370703465625 0.34884667812500003 0.3602572890625 0.30991232968750004 0.3898294765625 0.3113648515625 0.3931097890625 0.3078019765625 0.421992034375 0.3092444578125 0.4554638921875 0.3833833140625 0.44161036875 0.42327931875 0.43435275625
0 0.2946489734375 0.6340016421875 0.3549003671875 0.6122852562500001 0.39156743125000004 0.60109268125 0.42968701875 0.5931804203125 0.46344903750000005 0.575427221875 0.46217352343749996 0.5255467671875 0.4442523859375 0.50521731875 0.3948264890625 0.5144529999999999 0.346048378125 0.5184373640625 0.30646623125 0.55326086875 0.3082426546875 0.5539155171875 0.2956307046875 0.5959331140625 0.2946489734375 0.6340016421875
0 0.01409393125 0.45390356875000004 0.0167280796875 0.53873781875 0.0436828671875 0.5607302109375001 0.1014899703125 0.603993596875 0.1714081140625 0.6544651874999999 0.2460378328125 0.621577403125 0.292715621875 0.6195640515624999 0.2964555078125 0.5440816484375001 0.2287745375 0.5658050859375 0.1749910640625 0.5651998468749999 0.13462426875 0.53110861875 0.0814986328125 0.49506051093750003 0.0165858515625 0.44917852812500003 0.01409393125 0.45390356875000004
0 0.12954864375 0.7378598515625 0.17702112187500002 0.7745696703125 0.21918441249999998 0.74893244375 0.2657052734375 0.7331361421875 0.329028678125 0.701571778125 0.36181900312500004 0.69169555625 0.3662066859375 0.610961846875 0.291743928125 0.6274410234375 0.2332689578125 0.6498120562499999 0.1715650453125 0.66824813125 0.0829210421875 0.588915465625 0.0541543484375 0.64144981875 0.0996834359375 0.693913590625 0.12954864375 0.7378598515625
0 0.4425827125 0.6693033515625 0.38104576875 0.6713308234375 0.357942265625 0.6930119203125 0.2981717046875 0.725885590625 0.274901234375 0.7639752890625 0.2795726625 0.8013821015625 0.37423386718749996 0.7566612046875 0.41025314062499996 0.7507199546875001 0.44288653437500003 0.7270607890624999 0.4425827125 0.6693033515625
0 0.161327125 0.8566268062500001 0.24855875312500003 0.8119129718749999 0.282644675 0.7915341140625001 0.27733549218750003 0.7291870734375 0.234200503125 0.7627012734374999 0.1579613296875 0.77852580625 0.1030693109375 0.71163149375 0.027988871874999998 0.6427873468749999 0.036213140625 0.681503465625 0.08319475312499999 0.7372475515625 0.09125205 0.7923722734374999 0.161327125 0.8566268062500001
0 0.222098425 0.0058151140625 0.32390016718750003 0.0957768578125 0.348426075 0.167950715625 0.43257565937500003 0.16327641406249999 0.4332435265625 0.09764199999999999 0.2900543109375 0.007594375 0.222098425 0.0058151140625
0 0.4932677265625 0.2734835109375 0.49554505000000004 0.2249123515625 0.44485366718749997 0.1540760234375 0.425950803125 0.1718151015625 0.416410871875 0.203984715625 0.41090460625 0.2486209203125 0.4932677265625 0.2734835109375
0 0.39436573125 0.44291261875 0.38659218125 0.50592843125 0.44635270781249997 0.50324630625 0.47236124999999995 0.4881258296875 0.464951746875 0.4277497890625 0.39436573125 0.44291261875
0 0.5537928296875 0.4000992109375 0.4817442578125 0.4421732734375 0.46283135625 0.4901038984375 0.4616826546875 0.544581028125 0.4904192390625 0.5826213234375001 0.5660206546875 0.5418565562500001 0.6118937156250001 0.5313115796875 0.624348734375 0.47551103906250003 0.5537928296875 0.4000992109375
0 0.569062553125 0.622583221875 0.5886132078124999 0.5995928234375001 0.588309390625 0.5418353859375 0.560691390625 0.5398926140625 0.49510070468749995 0.5898365906249999 0.4652254578125 0.5760818750000001 0.46490156093749996 0.5787075390624999 0.4498653984375 0.6253218015625001 0.5000859921874999 0.6548093015625 0.5338480156250001 0.6370561015625 0.569062553125 0.622583221875
0 0.5919790109374999 0.6776938234375 0.616221175 0.631727153125 0.598143109375 0.5976147562499999 0.5433779046875 0.635078034375 0.499595121875 0.6738435625 0.46148557500000004 0.6515642734375 0.4443490984375 0.7001495515625 0.49860335625 0.7421036359375 0.5333370687500001 0.7164734609375001 0.5620937265625 0.6941306593750001 0.5919790109374999 0.6776938234375
0 0.8273414578124999 0.5612984484375 0.7456361703125001 0.50099299375 0.704621571875 0.472153090625 0.6761888140625001 0.4918702328125 0.6789168515624999 0.545031 0.710568515625 0.55944036875 0.754812053125 0.5922152265625 0.78952569375 0.626968153125 0.8249072046875 0.5960866703125001 0.8273414578124999 0.5612984484375
0 0.69478785625 0.416373715625 0.6655604046875 0.39736768125 0.619206515625 0.39675538125 0.5839919734375 0.4112282609375 0.605622875 0.4466499609375 0.6259682234375 0.46238273906250005 0.6679545109375 0.4833456640625 0.708655246875 0.4846196765625 0.728529803125 0.45900362499999997 0.69478785625 0.416373715625
0 0.4334734171875 0.8635879937500001 0.4394404359375 0.8904921765625 0.49693368125 0.9061896703125001 0.55719510625 0.8542817390625 0.5572151859375001 0.7938986421875 0.4935578453125 0.858280215625 0.4389696484375 0.8491433468749999 0.4334734171875 0.8635879937500001
0 0.6098349390625 0.7116081703125 0.6359325 0.7020715109375 0.6532747203125 0.690781715625 0.6720919999999999 0.67561531875 0.6790353515625001 0.651652909375 0.6729720421875001 0.6361578578125 0.6453205750000001 0.6259676765625 0.6167102203125 0.6316315171875 0.60681675 0.6633471359375 0.5826208 0.689791965625 0.5760251546874999 0.7109357046875 0.5702091546875 0.7338401640625001 0.6098349390625 0.7116081703125
0 0.2784352921875 0.8869963468750001 0.3076007765625 0.8649153296875 0.33878960937499997 0.8435799484375 0.36483070781250004 0.8125310562499999 0.34892920781250003 0.7785317328125 0.28913398125 0.8002680625 0.24010395468749998 0.8119019765625 0.172941753125 0.85906268125 0.17257283750000002 0.8620533125 0.1875017875 0.8994875234374999 0.2353531625 0.9171218187499999 0.2534115828125 0.9012239484375 0.2784352921875 0.8869963468750001
0 0.294175675 0.938799215625 0.315213003125 0.9318156015625 0.3485202734375 0.9018811640625 0.374924571875 0.8850357609374999 0.4000376515625 0.87865755625 0.42432923437500003 0.853217096875 0.42847673124999996 0.8281695687499999 0.41993076875 0.803134090625 0.3794524203125 0.8226093640625001 0.328851625 0.85555050625 0.28404131875 0.90156863125 0.257553359375 0.8933705234374999 0.25588750312499997 0.9240224828124999 0.2570808375 0.9251289484375 0.294175675 0.938799215625
0 0.6463896250000001 0.8021713984375 0.6474184546874999 0.7509618812500001 0.6105285 0.7670696765625 0.5639801140625 0.784308 0.5613025828125 0.8145871359375001 0.566349515625 0.8508394765625 0.59174214375 0.83362125 0.6048996062499999 0.821273846875 0.6231154359375 0.81079055625 0.6463896250000001 0.8021713984375
0 0.830824325 0.49025951093750003 0.8452730109375001 0.46744489843750003 0.8473077874999999 0.4338023125 0.8096914312499999 0.42150314843750003 0.781364590625 0.4110640734375 0.7434743984375001 0.39241081875 0.7340897953125001 0.3998954375 0.723229503125 0.41934257343750003 0.7360959890625 0.45222342656250003 0.763411159375 0.4622896703125 0.796153609375 0.471229403125 0.830824325 0.49025951093750003
0 0.82758769375 0.54221869375 0.8446073937499999 0.532857903125 0.8550987578125 0.5164013984375 0.8705533984375 0.5111537328125 0.8709280375 0.49096898906249997 0.8461002234375 0.4693130390625 0.8267776328125 0.48876821093749995 0.7826329390625 0.46937332343750005 0.7637743640625 0.476493153125 0.7617395796875 0.5101357390625 0.79199468125 0.5306651765625 0.82758769375 0.54221869375
0 0.026082446874999998 0.840000909375 0.06972735625000001 0.856085028125 0.090008140625 0.8618963187500001 0.0926043859375 0.7612218359375 0.039020678125 0.6979187890625 0.020842321875 0.6712394828125 0.026082446874999998 0.840000909375
0 0.8498122046875001 0.377166221875 0.8826339359375 0.3922188984375 0.8982360453125 0.390082909375 0.9113465234374999 0.3811144140625 0.9129820562500001 0.34623144375 0.9027793031250001 0.3316286421875 0.8529070109375001 0.31423530624999996 0.8235673406249999 0.2925801359375 0.8009447578125 0.302971778125 0.7887575453125 0.3260805109375 0.7820188328125 0.3590828515625 0.8240636968749999 0.36964875625000004 0.8498122046875001 0.377166221875
0 0.8505564703124999 0.3792275625 0.8419754625 0.38292736875 0.8396476015625 0.401798028125 0.84282164375 0.41840744843750005 0.8586157390625001 0.426801215625 0.88137460625 0.4351883640625 0.9031244890625001 0.4423459203125 0.9175110375 0.4339234828125 0.9296281750000001 0.42037590937499997 0.9460326703125 0.4144126640625 0.9452355296875 0.3832394609375 0.9342317203125001 0.38776193124999997 0.91384348125 0.383679465625 0.9044527796875 0.3939429765625 0.8804303453125 0.3910945171875 0.8505564703124999 0.3792275625
0 0.6572831890625 0.4888186484375 0.6296086437499999 0.46408750000000004 0.6266011859375 0.5083931484375 0.5955943484375 0.540563840625 0.5942044281250001 0.54186818125 0.5939768 0.5835651359375 0.6445396703124999 0.5622343984375 0.6771441328125001 0.5470014890625 0.676624875 0.5013961640625 0.6572831890625 0.4888186484375
0 0.6548394703125 0.5744188578125 0.6730333640625 0.6142413984374999 0.6997678109375001 0.6075347890625 0.732096878125 0.6235884828125 0.744688575 0.6634163578125001 0.7614574359375 0.652354153125 0.773339140625 0.6298246984375 0.7672560453124999 0.611024096875 0.7514301671875 0.591737846875 0.7236672046875 0.5784017890625 0.6996822578125 0.5571436703125 0.6797120078125001 0.5487492671875 0.669114409375 0.555193090625 0.6539469203125 0.570302096875 0.6548394703125 0.5744188578125
0 0.640242428125 0.39759336875 0.6713579046875 0.4007806875 0.6720352203125 0.37826188125 0.675088121875 0.3535137390625 0.6504296515625 0.3433916140625 0.6343595375 0.326085215625 0.6137157531249999 0.3288268015625 0.593253253125 0.335774909375 0.5992733984374999 0.360761875 0.5992658296875 0.3835275 0.612046375 0.4047962671875 0.640242428125 0.39759336875
0 0.6863413453125 0.7561080515625 0.7057085875 0.7466864609375 0.7153959921874999 0.7305928515625 0.7314736703125 0.725133625 0.742496784375 0.7209164718750001 0.745668015625 0.7065612265625 0.744517375 0.6875084765625 0.72728526875 0.685297784375 0.7045655156249999 0.7048680968750001 0.6866560953125 0.7251762046875 0.6719179093750001 0.7311290625 0.6731906624999999 0.749191875 0.6863413453125 0.7561080515625
0 0.4840082921875 0.8386771015625 0.524185140625 0.8096891875000001 0.543140746875 0.7831852328125 0.5596740296875 0.7480602609375 0.574383503125 0.72771986875 0.5769719390625 0.6926081359375 0.5545348328124999 0.70494849375 0.5292147390624999 0.7265308687500001 0.4838892796875 0.7407408234374999 0.45554834531250005 0.7302965625 0.446742696875 0.7734215796874999 0.4705335296875 0.79249349375 0.4840082921875 0.8386771015625
0 0.863353428125 0.48179782343750005 0.8689155796874999 0.49898838124999995 0.888122984375 0.5041741421875 0.9016531249999999 0.5034825109375001 0.914574340625 0.4921571765625 0.9248767734375001 0.4864908640625 0.9269407203125001 0.47494958593750003 0.9286731515625 0.45571574375 0.91035555 0.4536967953125 0.8993831625 0.46479401718749996 0.8823444390624999 0.46797785156250005 0.8551218593750001 0.4551068359375 0.8498267421874999 0.47208144374999994 0.863353428125 0.48179782343750005
0 0.676277303125 0.7097794546875 0.6663946328125 0.6889613234375 0.6378031703125 0.7054158187499999 0.6186690687499999 0.7192212265625 0.6180109046875 0.744742903125 0.6186556140625 0.759702903125 0.6323722875 0.7561697328125 0.6605995906250001 0.7493959718750001 0.6707106281249999 0.7347191015625001 0.676277303125 0.7097794546875
0 0.751191590625 0.6936749437499999 0.75937160625 0.71060155625 0.781999375 0.6936456765625 0.7962886515625 0.6887937156249999 0.7936209765625 0.6549274890625 0.7669778109375 0.66281519375 0.746733128125 0.6743256078125001 0.751191590625 0.6936749437499999
0 0.767758034375 0.33047728906249996 0.7851765609375 0.3141311703125 0.80117969375 0.3023223859375 0.8081797234374999 0.28719575 0.7720950109375 0.2675740625 0.7447872421875 0.2600400109375 0.731017965625 0.2676130734375 0.715236371875 0.2845624484375 0.7187225109375001 0.3187302890625 0.737768715625 0.3308081765625 0.7551779890625 0.3422828296875 0.767758034375 0.33047728906249996
0 0.7385518671875 0.21347639843750002 0.7183887390625 0.2035163640625 0.7057363859375 0.2089715734375 0.6886932609375 0.215338153125 0.706468678125 0.24465403437500002 0.7198579390625001 0.26097089218749997 0.7414410828125 0.25248319375 0.7540934359375 0.2470279890625 0.7573765375 0.22041370468750002 0.7385518671875 0.21347639843750002
0 0.7839381484375 0.23399644843749998 0.759307303125 0.2325078515625 0.75408880625 0.26093836875 0.7763365609374999 0.2678724265625 0.8068412578125 0.284173028125 0.8339998 0.29291681875000003 0.846955234375 0.27113174375 0.8139228453125 0.24757594843750003 0.7839381484375 0.23399644843749998
0 0.7059221671875 0.6120129890625 0.6797777203125001 0.63417488125 0.6710807203125 0.643127409375 0.673384359375 0.6654858859375 0.6723775421875 0.7146803015625001 0.6903130156249999 0.72316031875 0.7357774203125 0.68286793125 0.73832569375 0.6314359828125 0.7059221671875 0.6120129890625
0 0.8100141171875 0.6606603578125 0.8125418671875 0.6709438578125 0.8322998 0.6595211484375 0.8435279625 0.6505662156249999 0.8394655953125 0.6219484265624999 0.823559590625 0.6329202609375 0.80831226875 0.64881081875 0.8100141171875 0.6606603578125