0 0.7749703046875001 0.6392762921874999 0.773897425 0.6876510390624999 0.8956508453125 0.77721483125 0.9811608625 0.7587742015625001 0.9826537453125 0.7011330453125 0.8840948296875 0.715751303125 0.8829945828125 0.714646275 0.8186316421875001 0.6746907140625 0.7749703046875001 0.6392762921874999
0 0.7777340046875 0.5970765499999999 0.7761061828125 0.6400772078125 0.8045410578125001 0.6604948984375001 0.8934147328125001 0.7172611296875 0.9542882046875001 0.7034040390625 0.9825858578125001 0.703754134375 0.9838751421874999 0.6539740390625 0.9783202703124999 0.653675303125 0.8988777921875 0.6613846015625 0.7777340046875 0.5970765499999999
0 0.8542435671874999 0.5925898265625 0.7754471578125 0.5541647921874999 0.7792319328125 0.597764803125 0.8919144125 0.6590791859375 0.9101663171875 0.6591200500000001 0.9838735625 0.6540350671875 0.9853083828125 0.598635690625 0.9072066578125 0.6021221515625 0.8890604578125 0.6041169265625 0.8542435671874999 0.5925898265625
0 0.985286825 0.59946810625 0.986693225 0.5451660109375001 0.9763928203125 0.5433352078125 0.9465881375 0.5404698031249999 0.9080274625 0.5447086859375 0.8822674921875 0.5465167859375 0.8551700703125 0.53721199375 0.7840408671875 0.5043973937499999 0.7769550203125 0.509982978125 0.7786300749999999 0.5568857859375 0.8598533171874999 0.5981149375 0.9005603828125001 0.6059236515624999 0.9321048328125 0.598361521875 0.985286825 0.59946810625
0 0.7884108875 0.465835465625 0.7812434921875 0.4900625953125 0.7850606250000001 0.5049974265625 0.8249425796875001 0.526204028125 0.8651578171875001 0.5391849546875 0.8927470703125 0.5433175390625 0.9110518296875 0.5443762249999999 0.9496125078125001 0.5401373375 0.966299375 0.53932661875 0.9855187703125001 0.5433556453125 0.9867375375 0.54345505625 0.987965275 0.4960512578125 0.9877925203125001 0.4927242859375 0.9700226625000001 0.493877634375 0.9629535828125 0.4895365734375 0.9266611796875001 0.49352611875 0.9084092796875 0.4934852421875 0.8941492375 0.497100078125 0.8593161671875 0.49990557343750003 0.84129185 0.4896033875 0.8195927671875 0.48175243281249996 0.7939018296875 0.4702457640625 0.7896985625 0.4625187859375 0.7884108875 0.465835465625
0 0.821805275 0.48042904999999997 0.8405328328125 0.48963029843749994 0.8596465328124999 0.491623690625 0.8774594499999999 0.4978545953125 0.9001950546874999 0.4963789546875 0.9175851625 0.4944672984375 0.9432922796875 0.49164137031250005 0.9667311249999999 0.4890647921875 0.9746091453125001 0.49434055 0.9878011421874999 0.49289038749999997 0.9850223625 0.43937585468749996 0.9786128703125 0.439648078125 0.9707876953125 0.43539013437499996 0.9442716375 0.437281359375 0.9364464671875 0.43302340937499995 0.9024223375 0.43676360625 0.8593251078125 0.44150118593750004 0.8300651125 0.43448138125 0.7967604078125 0.42278805 0.7856994625 0.41479128593750003 0.7864703046875 0.41381700625000006 0.7781913921875 0.41664027031249995 0.7850005375 0.45990781406250003 0.8008094328125 0.4714771625 0.821805275 0.48042904999999997
0 0.9824990250000001 0.44126814531249997 0.9851057421875 0.44098159531250003 0.9815411078125 0.3723328984375 0.9633076703125001 0.3645583421875 0.8752472499999999 0.352742409375 0.7845690953125 0.36373407812499997 0.7849527375 0.3699452578125 0.7773619578125001 0.3860225671875 0.7825165421875 0.4120702921875 0.7934189296875 0.41701359531250004 0.8160855078125 0.42885272499999993 0.848686975 0.4416469828125 0.8699103921875 0.4403375734375 0.9153815953125 0.43738628593750006 0.95621055 0.43289805000000003 0.9699787546874999 0.43445543750000004 0.9824990250000001 0.44126814531249997
0 0.45526347968750003 0.640718225 0.4544795328125 0.640572978125 0.4505448421875 0.6819506859375 0.6198036828125 0.6612971796875 0.6170921046875 0.6237209781249999 0.45526347968750003 0.640718225
0 0.6111124 0.6110711234374999 0.5986773296875 0.5766110624999999 0.46414585781250006 0.5924234265625 0.4428260703125 0.606240090625 0.4534591921875 0.63556699375 0.6000881296875 0.618424775 0.6111124 0.6110711234374999
0 0.44902402031250005 0.5940857359375 0.5837140453125 0.58132683125 0.6093683171875 0.577483078125 0.6138681921875 0.5616339781249999 0.5978640703125 0.5316607703125 0.45517414218749996 0.5514408656249999 0.4427151328125 0.5601654218750001 0.44902402031250005 0.5940857359375
0 0.6106809578125 0.51489739375 0.6009898203125 0.489348359375 0.4597592203125 0.5079444046875 0.4443280875 0.5179978546874999 0.45128797968749995 0.549820809375 0.6018559328124999 0.535316465625 0.6106809578125 0.51489739375
0 0.514754375 0.439457521875 0.4361423578125 0.4482311515625 0.4258526546875 0.4553720671875 0.43214946718749997 0.47412883125 0.5329739203125 0.4681635734375 0.5673313296875 0.4561977078125 0.5741156625 0.42576666875 0.5602946046875 0.423191465625 0.514754375 0.439457521875
0 0.5245792453125 0.3943614375 0.4899575828125 0.4012382078125 0.4334626078125 0.40642971875 0.4267306296875 0.442992 0.4927748625 0.44085005 0.5393882953125 0.430607803125 0.5729367578125 0.417707225 0.5805138578125 0.402543478125 0.5754488 0.3928639828125 0.5577415796875 0.3886687140625 0.5245792453125 0.3943614375
0 0.5706641671875 0.3739409890625 0.5711721828125 0.3544361859375 0.5599526874999999 0.343385971875 0.5218148203124999 0.355767409375 0.47639646718749995 0.359736521875 0.4311366625 0.36675908437500004 0.4310838078125 0.3657412640625 0.4195515296875 0.3925997140625 0.4444335296875 0.40317167343750004 0.5501278125 0.38848205625 0.5706641671875 0.3739409890625
0 0.4722784046875 0.3243621796875 0.4230970328125 0.3288151734375 0.41652284531249995 0.34891659062499997 0.4303277203125 0.36582438125 0.5520584828125 0.3524427921875 0.5740013203125 0.33569985468749997 0.56819635 0.31177088125 0.5483794078125 0.310878421875 0.4722784046875 0.3243621796875
0 0.4848105421875 0.2728267140625 0.4183431921875 0.2812025734375 0.41577861250000003 0.290651528125 0.42508361250000004 0.3234084265625 0.5474119171875 0.3068902578125 0.5638873796875 0.30200826406250003 0.5682287046875001 0.283105696875 0.5648505578125 0.2619808375 0.4848105421875 0.2728267140625
0 0.43430662968749995 0.2374333265625 0.4144573375 0.2652060390625 0.42885975 0.278977253125 0.5142981125 0.2695852078125 0.5650091125000001 0.2650342984375 0.5692285546875 0.2584286859375 0.5674682953125 0.2391732296875 0.5411431421875 0.2154527296875 0.43430662968749995 0.2374333265625
0 0.7458897624999999 0.23389057812499997 0.7382026453125 0.2030030953125 0.7078004296875 0.20327425312499997 0.6470855078125 0.2201847984375 0.6414434046874999 0.243324865625 0.6438626421875 0.24514605 0.6637928703125 0.2490570734375 0.7458897624999999 0.23389057812499997
0 0.6668905828125 0.27942542656249997 0.7111300421875 0.26739688125 0.7477028703124999 0.2541638484375 0.7396824703125 0.2315020390625 0.6615774453125 0.2503242421875 0.6446188328125 0.245062921875 0.6467036921875 0.27140824218750004 0.6668905828125 0.27942542656249997
0 0.6903833703125 0.4682616125 0.6943547375 0.4422343140625 0.6648143078125 0.44445799375000006 0.6405254375 0.42986039375 0.6346763453125 0.44981824687499994 0.6532291796874999 0.47029862343750006 0.6903833703125 0.4682616125
0 0.6883588578125 0.44391705000000004 0.6887083203125 0.4213587859375 0.6660255671875001 0.423852253125 0.6450256078125001 0.41400340937499996 0.6399323124999999 0.43388603437500006 0.6619484953125 0.44784390937499996 0.6883588578125 0.44391705000000004
0 0.6869847328125 0.4174537421875 0.6851187703125 0.39616265156249997 0.661732775 0.39975705 0.6447242375 0.39355347812499997 0.6397370921875 0.41548216875 0.6583589453124999 0.422647775 0.6869847328125 0.4174537421875
0 0.6449035296875001 0.38318171875 0.6467856750000001 0.390140225 0.6571962250000001 0.40025574218750004 0.6836065875 0.39632887656250004 0.6868747125 0.3714025171875 0.6673220296875 0.37559915781250003 0.6458294921875 0.37090062343749997 0.6449035296875001 0.38318171875
0 0.6853625250000001 0.371568746875 0.6923582625 0.34520898906249997 0.6675129375 0.3499874375 0.6529313953125 0.346564409375 0.6465375953125 0.37071853906249996 0.6598668171875001 0.3784659546875 0.6853625250000001 0.371568746875
0 0.70315495 0.3481166578125 0.7055084328125 0.32021995 0.6660859578125 0.322506309375 0.6500970671874999 0.32127216875000003 0.6489967796875 0.344857478125 0.660163425 0.354889865625 0.70315495 0.3481166578125
0 0.6513678703125 0.29689119062499997 0.6493462421875 0.3222992140625 0.6684599375 0.32429260625 0.7091303328125 0.316750909375 0.710780575 0.2899551453125 0.6656793296875 0.3000311625 0.6513678703125 0.29689119062499997
0 0.6505046453125 0.3006756578125 0.6612484828125 0.3025655 0.7034310625 0.294857578125 0.7164593546875 0.2821654828125 0.7169673671875 0.2626606796875 0.6628987203125 0.2757697296875 0.6499861328125001 0.2751974828125 0.6505046453125 0.3006756578125
0 0.8692844750000001 0.2974976125 0.9766786171874999 0.278689578125 0.9741723500000001 0.23042325312499998 0.9128213671875001 0.23229260625 0.8267994625 0.26509254531250004 0.8268703578125001 0.266457915625 0.8270359171875 0.26793305 0.8255290953125 0.29956122500000004 0.8692844750000001 0.2974976125
0 0.8265676578125 0.2982095171875 0.8285285 0.337680028125 0.8693828671875 0.338681640625 0.9038680250000001 0.33489076406249996 0.9599581296874999 0.3149932921875 0.9787167421875 0.317940415625 0.9767681796875 0.280414409375 0.9419573828125 0.2826430453125 0.8766679546875 0.30217861875 0.8310258296875 0.3071959546875 0.8265676578125 0.2982095171875
0 0.2478238203125 1 0.2658833578125 0.8774697984375001 0.25554967500000003 0.8552620109375001 0.23026962968750003 0.9184600906249999 0.2046076046875 0.93501266875 0.08891 0.94635788125 0.0164497875 0.9653085625 0.0085755546875 0.9674946578125001 0.0102634203125 1 0.2478238203125 1
0 0.0085690625 0.9673696296875001 0.0526798921875 0.9558332296875 0.0941231421875 0.948531140625 0.1537523421875 0.937856753125 0.2114947953125 0.9301360953125 0.23309975 0.91402949375 0.2601247375 0.8451469609375 0.2632818453125 0.8077245453125 0.2473588296875 0.7957433265625 0.23427172500000001 0.8383767921875 0.20997845 0.86164471875 0.1620025 0.8806502187499999 0.054489945312499996 0.8924688312500001 0.0058735421875 0.9154584890624999 0.0085690625 0.9673696296875001
0 0.043382175 0.9142872984375 0.0731012828125 0.8972887359374999 0.11345936718750001 0.8887327812500001 0.1447599203125 0.8825456578124999 0.19707654218749998 0.8685556343749999 0.23281036249999998 0.8495227296874999 0.2653971953125 0.7305949828125 0.2470419546875 0.69141789375 0.2112430296875 0.7681307359375 0.133427875 0.782177421875 0.0706849703125 0.7918209328125 0.0009380421874999999 0.8204092359375 0.006378825 0.92518938125 0.043382175 0.9142872984375
0 0 0.8023442296875001 0.0007709078125 0.8171906015625 0.0075658703125 0.813864253125 0.0387246296875 0.8049463937500001 0.09719776718749999 0.7916527640625 0.1414711296875 0.779920090625 0.1848720203125 0.771029640625 0.20784572968749998 0.7616383875 0.22859990468750002 0.72914738125 0.24185051249999998 0.670018 0.2337797578125 0.6324566796875 0.1633480921875 0.651184365625 0.07951821718749999 0.6672653984375 0 0.69758549375 0 0.8023442296875001
0 0 0.692484590625 0.0215413671875 0.6901165953125 0.09277461718749999 0.667181309375 0.1611068546875 0.647311253125 0.2297226828125 0.6329026625 0.24458223281249997 0.6244033765625 0.24917900468749998 0.5950616859375 0.2410865453125 0.5767270109375 0.221935525 0.6008028140625 0.1823081171875 0.6037858093749999 0 0.6312985 0 0.692484590625
0 0 0.6176647359375 0.047268500000000005 0.615884084375 0.2204958671875 0.5927221125 0.25405935468749996 0.57118145 0.2564148921875 0.537966640625 0.22704447968750002 0.502746746875 0.1983179421875 0.538860465625 0.11385 0.5426531906250001 0 0.5526910390625 0 0.6176647359375
0 0 0.5522790109375 0.1378379703125 0.5331504375 0.2086950328125 0.5226149546875 0.2392157171875 0.5014087984375 0.24980549531250001 0.4892593984375 0.235720025 0.45373241562500005 0.1931916078125 0.45978063437500005 0 0.47849239375 0 0.5522790109375
0 0 0.480901746875 0.19609262031250002 0.45671540468750005 0.2136404953125 0.441054803125 0.2401966921875 0.40243334218750004 0.236090425 0.3822873203125 0.2128548296875 0.36699045468749997 0.0160373703125 0.36802873593749996 0 0.38697667343750003 0 0.39394412343749996 0.0054258875 0.399404775 0 0.4000012296875 0 0.480901746875