0 0.33773584843750004 0.24210526250000003 0.1849056609375 0.13947368437500002 0.167924528125 0.23157894687499997 0.3283018875 0.3131578953125 0.33773584843750004 0.24210526250000003
0 0.35471698125 0.331578946875 0.1905660375 0.25 0.167924528125 0.3368421046875 0.32641509375 0.4026315796875 0.35471698125 0.331578946875
0 0.3113207546875 0.43421052656250003 0.1528301890625 0.3657894734375 0.14716981093749998 0.4447368421875 0.2981132078125 0.4973684203125 0.3113207546875 0.43421052656250003
0 0.2905660375 0.5342105265625 0.122641509375 0.4657894734375 0.1018867921875 0.5578947375000001 0.267924528125 0.6052631578125001 0.2905660375 0.5342105265625
0 0.2698113203125 0.62105263125 0.0905660375 0.5921052625 0.081132075 0.681578946875 0.25471698125 0.7052631578125 0.2698113203125 0.62105263125
0 0.222641509375 0.7131578953125 0.06792452812500001 0.7342105265625001 0.0716981125 0.82105263125 0.22641509375000002 0.8026315796875 0.222641509375 0.7131578953125
0 0.48867924531250007 0.1947368421875 0.341509434375 0.17105263125 0.34528301875 0.2736842109375 0.48490566093750004 0.28157894687499996 0.48867924531250007 0.1947368421875
0 0.496226415625 0.27105263125 0.35849056562500003 0.3052631578125 0.36415094375 0.3842105265625 0.4924528296875 0.3578947375 0.496226415625 0.27105263125
0 0.46603773593750003 0.3842105265625 0.33773584843750004 0.4026315796875 0.33773584843750004 0.47105263124999996 0.46603773593750003 0.47105263124999996 0.46603773593750003 0.3842105265625
0 0.458490565625 0.48947368437499994 0.3207547171875 0.5131578953125 0.3207547171875 0.5921052625 0.4603773578125 0.5657894734375 0.458490565625 0.48947368437499994
0 0.45094339687499996 0.6 0.28301886718749997 0.6473684203125 0.2924528296875 0.72105263125 0.45471698125 0.6842105265625 0.45094339687499996 0.6
0 0.40754717031250004 0.6947368421875 0.250943396875 0.7394736843749999 0.26037735781250004 0.8157894734375001 0.4150943390625 0.789473684375 0.40754717031250004 0.6947368421875
0 0.6283018874999999 0.2526315796875 0.513207546875 0.181578946875 0.496226415625 0.24210526250000003 0.6150943390625 0.2973684203125 0.6283018874999999 0.2526315796875
0 0.6339622640625 0.3052631578125 0.5094339625 0.331578946875 0.522641509375 0.4052631578125 0.6377358484375 0.3736842109375 0.6339622640625 0.3052631578125
0 0.62641509375 0.4 0.4981132078125 0.4052631578125 0.494339621875 0.4973684203125 0.6245283015624999 0.48947368437499994 0.62641509375 0.4
0 0.6037735843750001 0.48947368437499994 0.481132075 0.5236842109375 0.47924528281249995 0.6052631578125001 0.6113207546874999 0.581578946875 0.6037735843750001 0.48947368437499994
0 0.5886792453125 0.5894736843749999 0.45471698125 0.62105263125 0.4603773578125 0.7078947375 0.596226415625 0.6736842109375 0.5886792453125 0.5894736843749999
0 0.5698113203124999 0.6921052624999999 0.432075471875 0.7394736843749999 0.4396226421875 0.8026315796875 0.5792452828125 0.7763157890625 0.5698113203124999 0.6921052624999999
0 0.6245283015624999 0.26842105312500003 0.7339622640625 0.310526315625 0.749056603125 0.2631578953125 0.6396226421875 0.21578947343750002 0.641509434375 0.22105263125 0.6245283015624999 0.26842105312500003
0 0.7566037734375 0.3131578953125 0.6471698109374999 0.3131578953125 0.6471698109374999 0.389473684375 0.7566037734375 0.37894736875 0.7566037734375 0.3131578953125
0 0.7471698109375 0.39736842031249997 0.6396226421875 0.41578947343749995 0.641509434375 0.48947368437499994 0.749056603125 0.468421053125 0.7471698109375 0.39736842031249997
0 0.7207547171875001 0.4921052625 0.6207547171875001 0.5473684203125 0.63584905625 0.6078947375 0.7377358484375 0.5473684203125 0.7207547171875001 0.4921052625
0 0.7075471703125 0.5868421046875001 0.6 0.6526315796875 0.6075471703125 0.7078947375 0.7245283015624999 0.6368421046875 0.7075471703125 0.5868421046875001
0 0.696226415625 0.6868421046875001 0.581132075 0.7368421046875 0.6150943390625 0.8026315796875 0.7094339625 0.7605263156250001 0.696226415625 0.6868421046875001
0 0.8660377359375 0.360526315625 0.7716981125 0.3921052625 0.781132075 0.4526315796875 0.8660377359375 0.41578947343749995 0.8660377359375 0.360526315625
0 0.8528301890625001 0.43684210468750007 0.7415094343749999 0.481578946875 0.75471698125 0.5368421046875 0.8566037734374999 0.5 0.8528301890625001 0.43684210468750007
0 0.8528301890625001 0.5421052625 0.7433962265625 0.5552631578125 0.7471698109375 0.6157894734375 0.84528301875 0.6052631578125001 0.8528301890625001 0.5421052625
0 0.841509434375 0.6157894734375 0.7169811328125 0.6447368421874999 0.7245283015624999 0.72105263125 0.84528301875 0.6921052624999999 0.841509434375 0.6157894734375
0 0.8566037734374999 0.29473684218749996 0.7584905656250001 0.2763157890625 0.7622641515625 0.35 0.85471698125 0.3552631578125 0.8566037734374999 0.29473684218749996
0 0.8113207546875 0.7078947375 0.7094339625 0.7368421046875 0.7301886796875 0.7947368421875 0.8226415093749999 0.7605263156250001 0.8113207546875 0.7078947375
0 0.9320754718750001 0.46315789531249996 0.8603773578125 0.4657894734375 0.8603773578125 0.5263157890625 0.9320754718750001 0.5263157890625 0.9320754718750001 0.46315789531249996
0 0.9245283015625001 0.539473684375 0.8566037734374999 0.5526315796875 0.8679245281249999 0.618421053125 0.9301886796875 0.5973684203125 0.9245283015625001 0.539473684375
0 0.9415094343750001 0.6026315796875 0.849056603125 0.6421052625 0.8566037734374999 0.7184210531249999 0.9339622640625 0.6736842109375 0.9415094343750001 0.6026315796875
0 0.92641509375 0.6973684203125 0.8301886796875 0.7342105265625001 0.8320754718750001 0.7973684203125 0.9339622640625 0.7526315796875 0.92641509375 0.6973684203125
0 0.18679245312499998 0.22105263125 0.081132075 0.1552631578125 0.06792452812500001 0.23157894687499997 0.16226415156250001 0.2973684203125 0.18679245312499998 0.22105263125
0 0.1528301890625 0.3157894734375 0.06981132031250001 0.2736842109375 0.0603773578125 0.360526315625 0.1301886796875 0.3868421046875 0.1528301890625 0.3157894734375