0 0.20117862187500002 0.1220835625 0.0203210734375 0.1166576234375 0.014224753125 0.1627780765625 0.197114409375 0.165491046875 0.20117862187500002 0.1220835625
0 0.4043893515625 0.1329354328125 0.22353180312499998 0.124796525 0.2214996953125 0.1790558859375 0.3942288140625 0.1926207265625 0.4043893515625 0.1329354328125
0 0.186953871875 0.18448182500000002 0.008128428125 0.18448182500000002 0.0101605359375 0.227889309375 0.18288965625 0.24145414999999998 0.186953871875 0.18448182500000002
0 0.4043893515625 0.2061855671875 0.215403375 0.1953336953125 0.217435478125 0.24416711875 0.40032513906249995 0.257731959375 0.4043893515625 0.2061855671875
0 0.19305019375000002 0.2523060203125 0.0203210734375 0.2387411796875 0.014224753125 0.30927835 0.1889859765625 0.328269128125 0.19305019375000002 0.2523060203125
0 0.1950823015625 0.322843190625 0.0162568578125 0.322843190625 0.014224753125 0.37167661406249997 0.1889859765625 0.37167661406249997 0.1950823015625 0.322843190625
0 0.40235724375000004 0.257731959375 0.22353180312499998 0.2550189890625 0.2194675875 0.3147042890625 0.3901646015625 0.328269128125 0.40235724375000004 0.257731959375
0 0.3942288140625 0.328269128125 0.21337126718750002 0.322843190625 0.21337126718750002 0.3798155203125 0.3901646015625 0.39338035625 0.3942288140625 0.328269128125
0 0.3942288140625 0.40423223124999996 0.215403375 0.3879544234375 0.20727494531250001 0.43407487656250004 0.3901646015625 0.4530656546875 0.3942288140625 0.40423223124999996
0 0.191018084375 0.3771025515625 0.0203210734375 0.3798155203125 0.0203210734375 0.4313619125 0.1950823015625 0.4232230046875 0.191018084375 0.3771025515625
0 0.40235724375000004 0.45577862343750003 0.227596015625 0.4395008140625 0.21133915781249998 0.4991861078125 0.3942288140625 0.4991861078125 0.40235724375000004 0.45577862343750003
0 0.40235724375000004 0.5181768859375 0.2214996953125 0.5154639171875 0.217435478125 0.567010309375 0.39219670624999997 0.567010309375 0.40235724375000004 0.5181768859375
0 0.4043893515625 0.58328811875 0.2214996953125 0.5751492109375 0.2194675875 0.6239826390625 0.39626092343749997 0.6429734125000001 0.4043893515625 0.58328811875
0 0.39626092343749997 0.6429734125000001 0.21337126718750002 0.6375474796875 0.21133915781249998 0.6945198046875001 0.3901646015625 0.6972327734375 0.39626092343749997 0.6429734125000001
0 0.3942288140625 0.7542050984374999 0.20930705 0.7433532265625 0.20727494531250001 0.7921866546875 0.3901646015625 0.8057514890625 0.3942288140625 0.7542050984374999
0 0.1991465140625 0.6104177984375 0.0203210734375 0.5968529593749999 0.008128428125 0.659251221875 0.1889859765625 0.656538253125 0.1991465140625 0.6104177984375
0 0.16053647499999998 0.716223546875 0.164600690625 0.6673901234375 0.004064215625 0.6701030921875 0.0020321078125 0.721649484375 0.16053647499999998 0.716223546875
0 0.603535865625 0.198046665625 0.432838853125 0.2034725984375 0.42877464062500004 0.27400976875 0.603535865625 0.2712967984375 0.603535865625 0.198046665625
0 0.8108108109375 0.24145414999999998 0.6279211546875 0.21432446875000002 0.6319853703125 0.2712967984375 0.8047144906250001 0.29300054062499997 0.8108108109375 0.24145414999999998
0 0.8026823828125 0.3038524125 0.6279211546875 0.29842647968749997 0.6238569375 0.35539880468749996 0.8047144906250001 0.3581117734375 0.8026823828125 0.3038524125
0 0.6055679734375 0.2821486703125 0.42471042499999995 0.2821486703125 0.4348709609375 0.339121 0.603535865625 0.34454693281250004 0.6055679734375 0.2821486703125
0 0.8067465953124999 0.35539880468749996 0.6299532625 0.36896364375 0.6238569375 0.42593597499999997 0.7965860578124999 0.41779707187500004 0.8067465953124999 0.35539880468749996
0 0.798618165625 0.42593597499999997 0.6197927265625001 0.43407487656250004 0.621824834375 0.47748236562499996 0.794553953125 0.480195334375 0.798618165625 0.42593597499999997
0 0.6015037609375 0.40423223124999996 0.4206462078125 0.396093325 0.42471042499999995 0.45577862343750003 0.59743954375 0.45035268593750005 0.6015037609375 0.40423223124999996
0 0.599471653125 0.5127509484375 0.4206462078125 0.49376017499999997 0.41454988750000005 0.561584371875 0.6015037609375 0.569723278125 0.599471653125 0.5127509484375
0 0.615728509375 0.5914270203124999 0.4267425328125 0.58328811875 0.4186141046875 0.632121540625 0.59743954375 0.6348345109375 0.615728509375 0.5914270203124999
0 0.8067465953124999 0.64839935 0.621824834375 0.656538253125 0.615728509375 0.7107976140625001 0.808778703125 0.6972327734375 0.8067465953124999 0.64839935
0 0.7965860578124999 0.765056975 0.6197927265625001 0.7786218140625001 0.6136964015624999 0.8274552375 0.8026823828125 0.813890396875 0.7965860578124999 0.765056975
0 0.8006502734375 0.82474226875 0.621824834375 0.843733046875 0.615728509375 0.88714053125 0.798618165625 0.8817145984374999 0.8006502734375 0.82474226875
0 0.5954074359375 0.6728160625 0.4206462078125 0.6809549640625 0.42471042499999995 0.7406402625 0.5954074359375 0.7297883859375001 0.5954074359375 0.6728160625
0 0.5954074359375 0.8030385250000001 0.4267425328125 0.7976125875 0.4206462078125 0.8572978812500001 0.5954074359375 0.8545849171875 0.5954074359375 0.8030385250000001
0 0.9937004671875 0.18448182500000002 0.8067465953124999 0.198046665625 0.820971346875 0.2523060203125 0.987604146875 0.24688008749999998 0.9937004671875 0.18448182500000002
0 0.9997967875 0.30656538125 0.831131884375 0.3147042890625 0.8372282046875 0.37167661406249997 0.9977646828125 0.3581117734375 0.9997967875 0.30656538125
0 1 0.3771025515625 0.847388740625 0.382528484375 0.835196096875 0.4367878453125 0.9997967875 0.42593597499999997 1 0.3771025515625
0 0.9957325750000001 0.4991861078125 0.8189392390625001 0.4991861078125 0.820971346875 0.55344546875 1 0.5425935984375 0.9957325750000001 0.4991861078125
0 0.9997967875 0.6185567015625 0.9977646828125 0.564297340625 0.8189392390625001 0.5724362468749999 0.831131884375 0.6266956031250001 0.9997967875 0.6185567015625
0 0.9896362515625 0.661964190625 0.81690713125 0.6673901234375 0.8250355640624999 0.721649484375 0.991668359375 0.7135105828125 0.9896362515625 0.661964190625
0 0.8006502734375 0.5290287578124999 0.6238569375 0.5317417265625 0.6136964015624999 0.5860010875 0.798618165625 0.5995659234375 0.8006502734375 0.5290287578124999
0 1 0.7786218140625001 0.8412924203125 0.784047746875 0.8453566328125 0.8518719484374999 0.9977646828125 0.8464460109375 1 0.7786218140625001
0 0.9957325750000001 0.7270754234375 0.8250355640624999 0.7270754234375 0.8372282046875 0.7759088453125 0.9957325750000001 0.7731958765625 0.9957325750000001 0.7270754234375
0 0.38813249375000003 0.80032555625 0.2032107296875 0.8030385250000001 0.2052428375 0.8627238203125 0.3901646015625 0.8681497578125 0.38813249375000003 0.80032555625
0 0.1808575484375 0.7270754234375 0.0121926453125 0.73250135625 0.0121926453125 0.7786218140625001 0.178825440625 0.7759088453125 0.1808575484375 0.7270754234375
0 0.178825440625 0.7921866546875 0.0243852859375 0.7921866546875 0.0203210734375 0.8491589796874999 0.1727291203125 0.8681497578125 0.178825440625 0.7921866546875
0 0.191018084375 0.47748236562499996 0.014224753125 0.48562126875 0.0101605359375 0.5344546953125 0.1889859765625 0.52088985625 0.191018084375 0.47748236562499996
0 0.1849217640625 0.5425935984375 0.0203210734375 0.55344546875 0.0243852859375 0.5995659234375 0.1808575484375 0.5914270203124999 0.1849217640625 0.5425935984375
0 0.7722007718749999 0.6972327734375 0.6136964015624999 0.7270754234375 0.6197927265625001 0.7786218140625001 0.7823613093749999 0.7569180671875 0.7722007718749999 0.6972327734375
0 0.808778703125 0.9007053718750001 0.6319853703125 0.9007053718750001 0.6360495828125 0.9441128609374999 0.8026823828125 0.9576777015625 0.808778703125 0.9007053718750001
0 0.599471653125 0.876288659375 0.41454988750000005 0.8681497578125 0.4186141046875 0.91969615 0.5954074359375 0.9332609890624999 0.599471653125 0.876288659375
0 0.9977646828125 0.9142702109374999 0.8433245296875 0.9088442734375001 0.8392603125000001 0.9739555046874999 0.9957325750000001 0.97938144375 0.9977646828125 0.9142702109374999