0 0.0702052625 0.23679416875 0.0001305046875 0.2269463328125 0 0.293436453125 0.031746909375 0.2981857484375 0.0712674109375 0.304122365625 0.08154274218749999 0.310058984375 0.1179014984375 0.310045015625 0.12422477812499999 0.24118025156249998 0.0702052625 0.23679416875
0 0 0.361113890625 0.0436030578125 0.3670505140625 0.09497971250000001 0.37061248125 0.131828953125 0.36873300468750003 0.1760926875 0.365840984375 0.17416817812500002 0.316676584375 0.1587720953125 0.312338546875 0.107772575 0.3137845578125 0.0538862875 0.306554503125 0 0.301747715625 0 0.361113890625
0 0.0625728984375 0.36467586406249997 0.025423625 0.363488540625 0.0032921453125 0.35992656875 0.0001305046875 0.42285471562500004 0.055810796875 0.42512746406249996 0.0885274734375 0.42368145312500005 0.12028189062500001 0.42512746406249996 0.1222064 0.3774090765625 0.09656053125 0.36942515781249996 0.0625728984375 0.36467586406249997
0 0.0644710953125 0.48296794062500004 0.029375159374999998 0.4894777875 0.000920396875 0.4871031421875 0.000920396875 0.5452819953125 0.031746389062500005 0.5476566390625 0.049075010937500003 0.5451464484375 0.08371619687500001 0.5393623984375 0.1289421859375 0.5364703765625001 0.12701767656250001 0.4844139515625 0.0644710953125 0.48296794062500004
0 0.1770549421875 0.432357525 0.112583846875 0.4366955625 0.0692823671875 0.439587584375 0.0277943375 0.439610196875 0.0017108078125 0.4301116125 0.0032916250000000003 0.48472849218749997 0.025423625 0.49303793437500004 0.06639560312500001 0.490198 0.0914142359375 0.4858599625 0.1289421859375 0.48730597343750004 0.1789794515625 0.4815219296875 0.1770549421875 0.432357525
0 0.17031915625 0.37307104375 0.136640225 0.370179015625 0.136640225 0.42368145312500005 0.146262778125 0.42657348125 0.18186621875 0.4280194921875 0.226129953125 0.42368145312500005 0.2280544625 0.380301103125 0.1953377890625 0.37885508749999997 0.17031915625 0.37307104375
0 0.2328657375 0.3239066390625 0.18475298125 0.31956860625 0.1905265125 0.37162503281250003 0.2280544625 0.380301103125 0.2694314328125 0.3774090765625 0.31561967968750004 0.37596306562500004 0.31754418906250004 0.3325827109375 0.26462015625 0.32535265625 0.2328657375 0.3239066390625
0 0.1385647375 0.48296794062500004 0.1414515015625 0.5321323390625 0.1876397484375 0.5364703765625001 0.20399808749999998 0.5350243609375 0.2328657375 0.53357835 0.231903484375 0.4844139515625 0.17320592031249998 0.48296794062500004 0.1385647375 0.48296794062500004
0 0.2694314328125 0.4366955625 0.2347902515625 0.432357525 0.185715240625 0.4338035359375 0.1905265125 0.4815219296875 0.2068848515625 0.48296794062500004 0.2444128 0.4844139515625 0.274242709375 0.4844139515625 0.3233177203125 0.4815219296875 0.3262044875 0.4352495515625 0.2694314328125 0.4366955625
0 0.1789794515625 0.594310846875 0.14818728750000001 0.6015409078125 0.14433826875 0.647813284375 0.1760926875 0.6492592953125 0.2049603421875 0.6463672734375 0.23767701406250002 0.6449212625 0.23863926875 0.6000948968750001 0.20592259687499997 0.6000948968750001 0.1789794515625 0.594310846875
0 0.24056378125000002 0.38319312499999997 0.23575250468750003 0.429465503125 0.27616721875 0.432357525 0.2982990875 0.4280194921875 0.322355465625 0.42368145312500005 0.3213932109375 0.3846391359375 0.2752049640625 0.38319312499999997 0.24056378125000002 0.38319312499999997
0 0.12509316718750002 0.3080005140625 0.1760926875 0.3108925359375 0.2107338734375 0.3051084859375 0.2107338734375 0.2573900984375 0.1635833703125 0.2544980765625 0.12509316718750002 0.25016003750000004 0.12509316718750002 0.3080005140625
0 0.27039368750000004 0.5408084093750001 0.23767701406250002 0.5364703765625001 0.194375534375 0.54370043125 0.192451025 0.5928648359375 0.21939416718750002 0.5957568578125 0.25499760781249997 0.591418825 0.286752025 0.5885267984375 0.3271667421875 0.5827427546874999 0.3252422296875 0.5408084093750001 0.27039368750000004 0.5408084093750001
0 0.035603440624999996 0.5653906125 0.001924509375 0.5610525734375 0.001924509375 0.613109 0.0413769703125 0.610216978125 0.114508359375 0.6044329296875001 0.1866774953125 0.594310846875 0.1828284734375 0.5393623984375 0.086602959375 0.5552685296875 0.035603440624999996 0.5653906125
0 0.00577353125 0.6680574484374999 0.050999520312500005 0.6666114375000001 0.1385647375 0.65070530625 0.137602484375 0.6015409078125 0.0365656953125 0.6188930484374999 0.0067357859375 0.6188930484374999 0.00577353125 0.6680574484374999
0 0.0365656953125 0.6781795296875 0.009622553124999999 0.6781795296875 0.0048112765624999995 0.7244519078125 0.042339225 0.73602 0.12701767656250001 0.7099917921875 0.188602003125 0.70420774375 0.1866774953125 0.65504334375 0.114508359375 0.6637194156249999 0.0365656953125 0.6781795296875
0 0.246337309375 0.65070530625 0.19630004375000001 0.65070530625 0.20111132031249998 0.6998697109375 0.24826182187499998 0.6998697109375 0.288676534375 0.69263965 0.3329402734375 0.6911936390625 0.3329402734375 0.647813284375 0.2954123234375 0.6449212625 0.246337309375 0.65070530625
0 0.18186621875 0.7099917921875 0.1549230734375 0.717221846875 0.1549230734375 0.7692782734375 0.1876397484375 0.7663862515625001 0.2136206359375 0.7519261312500001 0.23767701406250002 0.7418040484375 0.2347902515625 0.7027617328125 0.2107338734375 0.7027617328125 0.18186621875 0.7099917921875
0 0.1414515015625 0.7157758359375 0.1068103203125 0.72589791875 0.0452259890625 0.743250059375 0.014433825 0.7446960703125 0.012509315625 0.7490341093749999 0.014433825 0.7924144640625 0.0529240328125 0.8010905359375 0.0789049203125 0.78373839375 0.11643286875 0.7736163109375 0.146262778125 0.7606022015625 0.1414515015625 0.7157758359375
0 0.2404172359375 0.698435803125 0.239626825 0.74592874375 0.25543502500000004 0.7530526828124999 0.2973368328125 0.7475880984375001 0.33684726249999997 0.74830339375 0.3360568515625 0.6913118640625 0.2915633015625 0.6998697109375 0.2404172359375 0.698435803125
0 0.2348839484375 0.266116475 0.211169884375 0.269676015625 0.21196205781250002 0.3100474484375 0.2285610875 0.3171738140625 0.280016240625 0.3239066390625 0.3088838953125 0.32535265625 0.310808403125 0.28920236093749996 0.2675069234375 0.27185021875 0.2348839484375 0.266116475
0 0.5157687453124999 0.26606616875 0.47824079687500004 0.279080278125 0.48112755937499996 0.3181225953125 0.507108446875 0.31956860625 0.546560909375 0.3137845578125 0.6062207265625 0.306554503125 0.6119942578125 0.2544980765625 0.5840888578125 0.25160605468749997 0.5157687453124999 0.26606616875
0 0.5504099265625 0.31956860625 0.5215422765625 0.3210146171875 0.518655509375 0.36728699531250003 0.5677305203125 0.365840984375 0.611032 0.3615029515625 0.648559953125 0.3586109234375 0.651446715625 0.312338546875 0.60525846875 0.3080005140625 0.5504099265625 0.31956860625
0 0.6437486765625 0.37307104375 0.603333959375 0.3774090765625 0.5532966953125 0.37596306562500004 0.5234667859375 0.386085146875 0.48305206875 0.3904231859375 0.48112755937499996 0.4366955625 0.51095746875 0.432357525 0.5330893375 0.42657348125 0.5658060109374999 0.42078943124999996 0.6216168078125001 0.417897409375 0.6418241640625 0.417897409375 0.6437486765625 0.37307104375
0 0.40895842499999996 0.2732962296875 0.4079961703125 0.309446525 0.45698803281249994 0.3042632078125 0.47121541406249995 0.298326590625 0.4743770546875 0.26864350312499996 0.47342952031249996 0.24148396718749998 0.4759578734375 0.229461825 0.40895842499999996 0.2732962296875
0 0.4743770546875 0.317323765625 0.4339770578125 0.3137845578125 0.3993358765625 0.3311367 0.39837361875 0.370179015625 0.4380181921875 0.3588800921875 0.46861824375000005 0.36873300468750003 0.502297175 0.3817471140625 0.5194293890624999 0.3743074046875 0.51864001875 0.33038432812499996 0.4743770546875 0.317323765625
0 0.39837361875 0.42078943124999996 0.42916578593750004 0.42078943124999996 0.458995690625 0.41934342031250005 0.45803343593749996 0.37307104375 0.42435450937499997 0.380301103125 0.3993358765625 0.380301103125 0.39837361875 0.42078943124999996
0 0.5215422765625 0.43814157343750004 0.4753540296875 0.4338035359375 0.44167510156249995 0.4280194921875 0.4079961703125 0.4309115140625 0.4031848953125 0.4728458578125 0.4176187234375 0.4728458578125 0.44167510156249995 0.46850782031250005 0.4695804984375 0.46850782031250005 0.4859388359375 0.48296794062500004 0.5176932546875 0.48296794062500004 0.5215422765625 0.43814157343750004
0 0.6158432765625 0.42368145312500005 0.5975604296875 0.42512746406249996 0.5696550328125001 0.42512746406249996 0.53886286875 0.432357525 0.5340515921875 0.47862990156249996 0.5581079703125 0.47862990156249996 0.5860133671875001 0.4800759125 0.620654553125 0.47429186874999996 0.642786421875 0.4844139515625 0.646635440625 0.42512746406249996 0.6158432765625 0.42368145312500005
0 0.603333959375 0.47862990156249996 0.5638815015625 0.4815219296875 0.5263535484374999 0.4844139515625 0.4888256 0.4858599625 0.48497658125000004 0.530686328125 0.5253912953125 0.5364703765625001 0.5561834578125 0.5364703765625001 0.5937114109375 0.530686328125 0.6273903375 0.524902278125 0.6322016140625 0.48730597343750004 0.603333959375 0.47862990156249996
0 0.407033915625 0.53357835 0.44167510156249995 0.5263482953125 0.46861824375000005 0.5263482953125 0.476316284375 0.46706180937499997 0.43590157031250004 0.47862990156249996 0.40607166250000004 0.4815219296875 0.407033915625 0.53357835
0 0.48978785468749997 0.5379163874999999 0.44744863281249997 0.52779430625 0.4041471484375 0.53357835 0.40222264062499996 0.5769587046875 0.45225990468750005 0.5769587046875 0.4792030515625 0.5827427546874999 0.518655509375 0.5885267984375 0.5316208953125 0.584157475 0.5302025703125001 0.54370043125 0.48978785468749997 0.5379163874999999
0 0.407033915625 0.634799175 0.4435996109375 0.6304611421875 0.48305206875 0.631907153125 0.48497658125000004 0.5856347765625001 0.433014803125 0.5856347765625001 0.40895842499999996 0.584188765625 0.407033915625 0.634799175
0 0.6899369203125 0.303662475 0.6562579921875 0.3181225953125 0.653371225 0.37162503281250003 0.6822388796875 0.3774090765625 0.7178423203125 0.36873300468750003 0.746709975 0.3774090765625 0.748634484375 0.3615029515625 0.7447854625 0.3080005140625 0.6899369203125 0.303662475
0 0.818879109375 0.4048833 0.7871246875 0.401991278125 0.7678795859374999 0.380301103125 0.737087421875 0.37451705468749996 0.6880124109375 0.3774090765625 0.653371225 0.3817471140625 0.6543334796875 0.43814157343750004 0.6822388796875 0.4338035359375 0.714955553125 0.4338035359375 0.7601815453125 0.4352495515625 0.79482273125 0.44826365625 0.8198413640625001 0.4338035359375 0.818879109375 0.4048833
0 0.6976349640625 0.432357525 0.6562579921875 0.44392562343749997 0.65914475625 0.48730597343750004 0.685125646875 0.4858599625 0.7236158515625 0.4858599625 0.7582570359374999 0.4844139515625 0.7582570359374999 0.432357525 0.7332384000000001 0.432357525 0.6976349640625 0.432357525
0 0.8265771484375 0.5017660921875 0.7746153703124999 0.4945360328125 0.7332384000000001 0.490198 0.6976349640625 0.49598204375000005 0.6562579921875 0.49742805468749995 0.653371225 0.54948448125 0.6601070109375 0.5509304921875 0.7072575125 0.54948448125 0.742860953125 0.5480384703125 0.7803889015625 0.55382251875 0.8236903812499999 0.5509304921875 0.8265771484375 0.5017660921875
0 0.6572202468749999 0.5552685296875 0.653371225 0.605878940625 0.688974665625 0.6087709671875 0.7139932984375 0.6087709671875 0.75537026875 0.610216978125 0.757294778125 0.556714540625 0.688974665625 0.5509304921875 0.6572202468749999 0.5552685296875
0 0.623541315625 0.653597328125 0.5994849375 0.653597328125 0.5715795421875 0.6492592953125 0.5398251234375 0.6463672734375 0.535013846875 0.6868556015625 0.5475231640625 0.69263965 0.581202090625 0.6969776828125 0.6119942578125 0.70420774375 0.6437486765625 0.6969776828125 0.642786421875 0.653597328125 0.623541315625 0.653597328125
0 0.6495222078125 0.584188765625 0.6100697453125 0.5856347765625001 0.594673665625 0.5856347765625001 0.5686927749999999 0.5856347765625001 0.5321270796875 0.5856347765625001 0.4955613859375 0.5870807874999999 0.4917123671875 0.6405832234375 0.5196177640624999 0.636245190625 0.540787378125 0.636245190625 0.56291924375 0.6376912015625 0.6187300437500001 0.6434752453125 0.6495222078125 0.634799175 0.6495222078125 0.584188765625
0 0.45129765156249996 0.6405832234375 0.4099206796875 0.642029234375 0.4108829375 0.6810715515625 0.46284471250000003 0.6839635796875 0.48978785468749997 0.6854095906250001 0.52250453125 0.695531671875 0.5302025703125001 0.6521513171875 0.4820898140625 0.642029234375 0.45129765156249996 0.6405832234375
0 0.2434505453125 0.488751984375 0.2434505453125 0.5350243609375 0.2982990875 0.5379163874999999 0.3252422296875 0.53357835 0.3262044875 0.49598204375000005 0.30407261874999997 0.49598204375000005 0.27616721875 0.48730597343750004 0.2434505453125 0.488751984375
0 0.2838652625 0.5870807874999999 0.24826182187499998 0.5928648359375 0.2472995671875 0.6405832234375 0.2838652625 0.6376912015625 0.3088838953125 0.631907153125 0.331015759375 0.6333531640625 0.3300535046875 0.5885267984375 0.32043095625 0.5885267984375 0.2838652625 0.5870807874999999
0 0.8342751890625 0.2559440875 0.8073320468749999 0.23714593437499998 0.7621060546875 0.227023853125 0.70148398125 0.2313618859375 0.6639560328125 0.247268015625 0.6581825015625 0.300770453125 0.7091820249999999 0.300770453125 0.751521246875 0.312338546875 0.7775021375 0.3311367 0.8121433203124999 0.3267986671875 0.8361996984375001 0.303662475 0.8342751890625 0.2559440875
0 0.9978585593749999 0.34704283125 0.9949717921874999 0.29354039374999996 0.9526325703125 0.30221646406249997 0.91702913125 0.30221646406249997 0.8775766687500001 0.306554503125 0.8400487203125 0.303662475 0.8159923421874999 0.3267986671875 0.7775021375 0.344150809375 0.7784643921875001 0.3933152078125 0.8159923421874999 0.37885508749999997 0.8458222515625 0.36728699531250003 0.881425690625 0.36728699531250003 0.9256894250000001 0.3571649125 0.9670663968750001 0.360056934375 0.9978585593749999 0.34704283125
0 0.9968963046875 0.37307104375 0.9863114984375001 0.37307104375 0.9622551203124999 0.3817471140625 0.9439722734375 0.3817471140625 0.9179913859375001 0.3817471140625 0.870840884375 0.3817471140625 0.83523744375 0.3817471140625 0.83523744375 0.4338035359375 0.8669918624999999 0.4366955625 0.8900859859375 0.432357525 0.9179913859375001 0.432357525 0.9689909046875 0.42368145312500005 0.9940095375 0.42657348125 0.9968963046875 0.37307104375
0 0.9988208140625 0.4844139515625 0.9988208140625 0.4280194921875 0.9882360078125 0.4280194921875 0.9507080578125 0.4352495515625 0.9237649156250001 0.43814157343750004 0.9025953015624999 0.4410335953125 0.8660296078125 0.4352495515625 0.82080361875 0.4410335953125 0.7726908625 0.445371634375 0.7717286078125001 0.49598204375000005 0.8025207703125 0.49742805468749995 0.8285016578125 0.490198 0.8669918624999999 0.490198 0.9102933453125001 0.48730597343750004 0.9651418875 0.4858599625 0.9988208140625 0.4844139515625
0 0.9968963046875 0.49164401093750004 0.9728399265625001 0.49742805468749995 0.9458967812499999 0.503212103125 0.9218404031249999 0.5017660921875 0.9006707921875 0.49598204375000005 0.8698786296875 0.4945360328125 0.8333129343750001 0.4988740703125 0.8361996984375001 0.5451464484375 0.8689163750000001 0.5480384703125 0.907406578125 0.552376503125 0.9468590406249999 0.55382251875 0.9670663968750001 0.5480384703125 0.9968963046875 0.5422544203124999 0.9968963046875 0.49164401093750004
0 0.9968963046875 0.6015409078125 0.9920850296875001 0.552376503125 0.969953159375 0.5653906125 0.9372364875000001 0.5653906125 0.9054820687499999 0.562498584375 0.8833502 0.568282634375 0.8400487203125 0.5610525734375 0.80925655625 0.568282634375 0.7726908625 0.562498584375 0.7649928218750001 0.620339059375 0.803483025 0.620339059375 0.8323506796875 0.6145550109375 0.8727653921874999 0.613109 0.91702913125 0.6188930484374999 0.9641796296875 0.6174470375000001 0.9968963046875 0.6015409078125
0 0.776539884375 0.6217850703125001 0.7342006578125 0.6145550109375 0.6995594734374999 0.616001021875 0.6552957375 0.610216978125 0.6552957375 0.6622733984375 0.681276625 0.6637194156249999 0.7197668296875 0.6666114375000001 0.75537026875 0.669503459375 0.813105578125 0.6752875078125 0.8227281265625 0.6246770921875 0.776539884375 0.6217850703125001
0 0.9863114984375001 0.6188930484374999 0.9343497203125001 0.6145550109375 0.8920104984374999 0.6246770921875 0.8333129343750001 0.616001021875 0.8285016578125 0.6709494703125001 0.875652159375 0.6752875078125 0.918953640625 0.68251756875 0.9584060984375 0.6839635796875 0.9949717921874999 0.669503459375 0.9940095375 0.610216978125 0.9863114984375001 0.6188930484374999
0 0.9940095375 0.6666114375000001 0.9381987421875 0.6839635796875 0.8852747093750001 0.6810715515625 0.8448599968750001 0.6709494703125001 0.811181065625 0.669503459375 0.775577625 0.679625540625 0.7659550765625001 0.733127978125 0.79482273125 0.7316819671875 0.8342751890625 0.73602 0.8920104984374999 0.7345739890625 0.9574438437499999 0.7418040484375 0.9968963046875 0.7244519078125 0.9940095375 0.6666114375000001
0 0.653371225 0.6709494703125001 0.6543334796875 0.733127978125 0.6735785859375001 0.733127978125 0.714955553125 0.733127978125 0.7611437999999999 0.73602 0.759219290625 0.6666114375000001 0.69859721875 0.6723954859375 0.653371225 0.6709494703125001
0 0.7043707484375 0.775062321875 0.6639560328125 0.7794003546875 0.6629937781249999 0.82711874375 0.6976349640625 0.8300107703125 0.7293893812500001 0.8198886890624999 0.7601815453125 0.834348803125 0.7659550765625001 0.7822923828125 0.7418986984375 0.77795434375 0.7043707484375 0.775062321875
0 0.818879109375 0.770724284375 0.811181065625 0.743250059375 0.770766353125 0.7403580375 0.7399741890625 0.73602 0.7072575125 0.7403580375 0.6620315234375 0.733127978125 0.6629937781249999 0.7736163109375 0.6899369203125 0.7736163109375 0.7255403593749999 0.7736163109375 0.751521246875 0.7794003546875 0.78135115625 0.7851844046875 0.80925655625 0.7851844046875 0.818879109375 0.770724284375
0 0.9920850296875001 0.78373839375 0.9439722734375 0.818442671875 0.9025953015624999 0.8083205906250001 0.8737276515625 0.8010905359375 0.8342751890625 0.7895224375 0.7861624328125 0.7895224375 0.7775021375 0.8372408312499999 0.8140678328125001 0.8459168968749999 0.8621805890625 0.8444708859375 0.8968217703124999 0.8444708859375 0.9584060984375 0.866161065625 0.9968963046875 0.8386868421875 0.9920850296875001 0.78373839375
0 0.9988208140625 0.72589791875 0.9430100187500001 0.7533721421874999 0.9045198140625 0.7490341093749999 0.8737276515625 0.7475880984375001 0.8371619562499999 0.7345739890625 0.8390864656250001 0.7446960703125 0.8323506796875 0.7794003546875 0.8698786296875 0.7981985078125 0.9160668734374999 0.8039825578125 0.9603306109374999 0.8039825578125 0.9949717921874999 0.7851844046875 0.9988208140625 0.72589791875
0 0.5455986546875 0.6940856609375 0.4980405125 0.6955150046874999 0.4955613859375 0.70420774375 0.49652364374999997 0.7316819671875 0.54848541875 0.737466015625 0.5840888578125 0.743250059375 0.626428084375 0.7577101796875 0.6456731859375 0.743250059375 0.642786421875 0.6998697109375 0.6293148468750001 0.70420774375 0.581202090625 0.69842369375 0.5455986546875 0.6940856609375
0 0.450335396875 0.6854095906250001 0.4233922546875 0.6868556015625 0.4233922546875 0.72589791875 0.433014803125 0.727343934375 0.460920203125 0.7230058968749999 0.4917123671875 0.7287899453125 0.49459913125000005 0.6940856609375 0.4772785375 0.6854095906250001 0.450335396875 0.6854095906250001
0 0.1905265125 0.8155506499999999 0.19630004375000001 0.7678322625 0.14818728750000001 0.7765083328125 0.1222064 0.7822923828125 0.09815002187500001 0.7953064859375 0.0433014796875 0.8010905359375 0.003983734375 0.80976660625 0.009757265625 0.8502549343749999 0.046188246875 0.85314695625 0.0885274734375 0.8545929671874999 0.114508359375 0.8300107703125 0.15684758593749998 0.8256727328125001 0.1905265125 0.8155506499999999
0 0.262695646875 0.7533721421874999 0.24056378125000002 0.7606022015625 0.2049603421875 0.7620482125 0.20111132031249998 0.80976660625 0.262695646875 0.8010905359375 0.296374578125 0.7953064859375 0.3300535046875 0.7909684484375 0.3290912515625 0.7533721421874999 0.290601046875 0.7533721421874999 0.262695646875 0.7533721421874999
0 0.3252422296875 0.344150809375 0.3656569453125 0.34125878125 0.3916378328125 0.3398127703125 0.396449109375 0.28341831093750003 0.3473740984375 0.28775634375000003 0.31946869843750003 0.28920236093749996 0.3252422296875 0.344150809375
0 0.3300535046875 0.3904231859375 0.3695059671875 0.38753115781249997 0.390675578125 0.380301103125 0.390675578125 0.34704283125 0.3473740984375 0.344150809375 0.3271667421875 0.3484888421875 0.3300535046875 0.3904231859375
0 0.32812899687499997 0.4309115140625 0.370468221875 0.4338035359375 0.39260008750000003 0.432357525 0.3935623453125 0.391869196875 0.35122312031249997 0.3933152078125 0.3290912515625 0.39476121875 0.32812899687499997 0.4309115140625
0 0.331015759375 0.48730597343750004 0.3695059671875 0.4844139515625 0.39260008750000003 0.4858599625 0.3935623453125 0.439587584375 0.3569966515625 0.43814157343750004 0.3329402734375 0.44392562343749997 0.331015759375 0.48730597343750004
0 0.3339025265625 0.53357835 0.374317240625 0.5292403171875 0.40222264062499996 0.5263482953125 0.40222264062499996 0.4844139515625 0.3618079234375 0.49164401093750004 0.3339025265625 0.49309002187499995 0.3339025265625 0.53357835
0 0.33486478124999997 0.5856347765625001 0.3675814546875 0.5827427546874999 0.40222264062499996 0.584188765625 0.40607166250000004 0.5321323390625 0.3637324359375 0.5364703765625001 0.33197801875 0.5393623984375 0.33486478124999997 0.5856347765625001
0 0.3406383125 0.6246770921875 0.374317240625 0.620339059375 0.39837361875 0.6145550109375 0.396449109375 0.5827427546874999 0.3675814546875 0.5885267984375 0.33678929062499996 0.591418825 0.3406383125 0.6246770921875
0 0.3416005671875 0.6680574484374999 0.3829775375 0.6608273875 0.40607166250000004 0.657935365625 0.4041471484375 0.6188930484374999 0.3810530296875 0.6246770921875 0.3406383125 0.62901513125 0.3416005671875 0.6680574484374999
0 0.342562821875 0.7128838140625 0.3829775375 0.711437803125 0.407033915625 0.7128838140625 0.4079961703125 0.6666114375000001 0.384902046875 0.669503459375 0.342562821875 0.669503459375 0.342562821875 0.7128838140625
0 0.3377515453125 0.7533721421874999 0.3945246 0.764940240625 0.416656465625 0.7475880984375001 0.4176187234375 0.711437803125 0.384902046875 0.7157758359375 0.3406383125 0.7186678640624999 0.3377515453125 0.7533721421874999
0 0.5587247750000001 0.582171409375 0.634086778125 0.5831644421875 0.6327646359375 0.527554525 0.5322819640625001 0.53748486875 0.5322819640625001 0.5404639734375001 0.5329430328125 0.5791923062500001 0.5587247750000001 0.582171409375
0 0.5376098578125 0.78394191875 0.5360290359375 0.7293250328124999 0.4743770546875 0.725763065625 0.4206291703125 0.723388415625 0.4191041015625 0.72602360625 0.41667712031250004 0.7720686828125001 0.5376098578125 0.78394191875
0 0.537681175 0.7402787765625 0.5368194468749999 0.7803799453125 0.580292 0.793440503125 0.625345375 0.8053137375 0.648267265625 0.7898785359375 0.6474768546874999 0.74357291875 0.6245549640625 0.7506968578125 0.5399810875 0.7388236234375001 0.537681175 0.7402787765625