0 0.0883116875 0.1977621640625 0.2147186140625 0.16913869374999999 0.33419913437500004 0.21077283593749999 0.3411255421875 0.1483216234375 0.20606060781250002 0.10148321874999999 0.09004329062500001 0.13531095625 0.0883116875 0.1977621640625
0 0.1056277046875 0.2680197765625 0.2129870140625 0.2654176453125 0.3116883125 0.28623471093749997 0.3186147203125 0.21857923437500001 0.2129870140625 0.2003643 0.1125541125 0.2133749671875 0.1056277046875 0.2680197765625
0 0.09004329062500001 0.361696590625 0.21818181874999998 0.3486859234375 0.3186147203125 0.359094459375 0.3203463203125 0.2940411140625 0.20606060781250002 0.27322404375 0.0883116875 0.29664324531249997 0.09004329062500001 0.361696590625
0 0.0796536796875 0.4475670046875 0.20432900312500002 0.44496486874999996 0.3047619046875 0.4527712734375 0.3134199125 0.4007285953125 0.2095238109375 0.3799115296875 0.0883116875 0.38511579218750003 0.0796536796875 0.4475670046875
0 0.10216450156250001 0.460577671875 0.1004329015625 0.463179809375 0.09177489062500001 0.5230288859375001 0.20259740312500002 0.5308352843749999 0.30822510937500003 0.5230288859375001 0.30822510937500003 0.463179809375 0.2077922078125 0.463179809375 0.10216450156250001 0.460577671875
0 0.1004329015625 0.601092896875 0.21645021875 0.61930783125 0.3134199125 0.6088992953125001 0.3134199125 0.5412438203125001 0.20259740312500002 0.5360395515625 0.110822509375 0.5360395515625 0.1004329015625 0.601092896875
0 0.1056277046875 0.6791569078124999 0.21645021875 0.7129846453125 0.30995670937500003 0.7181889124999999 0.30649350468750003 0.61930783125 0.2129870140625 0.632318503125 0.11601731562499999 0.61930783125 0.1056277046875 0.6791569078124999
0 0.09004329062500001 0.767629453125 0.2008658 0.7962529296875 0.30649350468750003 0.78324225625 0.30649350468750003 0.7181889124999999 0.20606060781250002 0.7259953171875 0.1056277046875 0.697371846875 0.09004329062500001 0.767629453125
0 0.0952380953125 0.8561020046875001 0.1922077921875 0.8769190703125 0.29956709843749996 0.8587041359375001 0.292640690625 0.788446525 0.197402596875 0.8092635953125 0.1056277046875 0.7910486609375 0.0952380953125 0.8561020046875001
0 0.41038961093750004 0.2602133765625 0.33246753125 0.21597710312500001 0.3411255421875 0.2810304421875 0.4 0.3018475140625 0.41038961093750004 0.2602133765625
0 0.41385281406249996 0.32786885312499997 0.3272727265625 0.3018475140625 0.3220779234375 0.356492321875 0.40865800781250006 0.3642987265625 0.41385281406249996 0.32786885312499997
0 0.4069264078125 0.38511579218750003 0.3255411265625 0.37470726249999997 0.3255411265625 0.43195420156250003 0.4 0.4475670046875 0.4069264078125 0.38511579218750003
0 0.4017316 0.4527712734375 0.32380952343749997 0.45537340468750004 0.3220779234375 0.5100182125 0.405194803125 0.5100182125 0.4017316 0.4527712734375
0 0.39826839999999997 0.5204267484375 0.32380952343749997 0.528233153125 0.33073593125 0.5854800921875001 0.39826839999999997 0.5724694265625 0.39826839999999997 0.5204267484375
0 0.4069264078125 0.601092896875 0.3220779234375 0.6088992953125001 0.32380952343749997 0.668748371875 0.40865800781250006 0.666146240625 0.4069264078125 0.601092896875
0 0.396536796875 0.684361175 0.33073593125 0.6947697109375001 0.33766233749999996 0.7442102515625 0.39826839999999997 0.7338017156250001 0.396536796875 0.684361175
0 0.4 0.7416081203125 0.30995670937500003 0.7858443937499999 0.316883115625 0.8508977375000001 0.41558441406249996 0.7910486609375 0.4 0.7416081203125
0 0.4865800875 0.1951600328125 0.4121212109375 0.1587301578125 0.4121212109375 0.223783503125 0.4779220765625 0.24980484218750001 0.4865800875 0.1951600328125
0 0.4865800875 0.2784283109375 0.41558441406249996 0.2446005734375 0.4121212109375 0.29664324531249997 0.4761904765625 0.325266721875 0.4865800875 0.2784283109375
0 0.4865800875 0.3330731203125 0.420779221875 0.320062453125 0.41904761874999996 0.3695029953125 0.48311688437500006 0.3825136609375 0.4865800875 0.3330731203125
0 0.4761904765625 0.395524328125 0.41731601874999996 0.390320059375 0.41558441406249996 0.43976060156249996 0.4727272734375 0.4345563390625 0.4761904765625 0.395524328125
0 0.4727272734375 0.460577671875 0.420779221875 0.4501691359375 0.422510821875 0.49700754687500004 0.4727272734375 0.5048139453125 0.4727272734375 0.460577671875
0 0.47965367968750006 0.5698672890625 0.4761904765625 0.51522248125 0.41558441406249996 0.5178246171875001 0.41385281406249996 0.51522248125 0.41904761874999996 0.5750715578125 0.47965367968750006 0.5698672890625
0 0.46753246875 0.6427270375 0.4069264078125 0.6713505078125 0.41038961093750004 0.7259953171875 0.48138527968749995 0.7025761140625 0.46753246875 0.6427270375
0 0.53160173125 0.562060890625 0.4779220765625 0.580275825 0.4935064953125 0.627114234375 0.5402597421875 0.6141035625 0.53160173125 0.562060890625
0 0.5454545453125 0.288836846875 0.48484848437499994 0.27322404375 0.4935064953125 0.322664584375 0.5437229453125 0.3330731203125 0.5454545453125 0.288836846875
0 0.5437229453125 0.41634139843750007 0.4865800875 0.395524328125 0.48138527968749995 0.4345563390625 0.5367965375 0.457975540625 0.5437229453125 0.41634139843750007
0 0.084848484375 0.8613062734374999 0.0779220765625 0.9185532125 0.1887445890625 0.9679937546874999 0.315151515625 0.9289617484375 0.3047619046875 0.8769190703125 0.1870129859375 0.900338278125 0.0865800875 0.8639084046875001 0.084848484375 0.8613062734374999
0 0.4779220765625 0.7780379890625 0.41038961093750004 0.8118657328125 0.41904761874999996 0.85349986875 0.491774890625 0.8222742625 0.4779220765625 0.7780379890625
0 0.5471861453125 0.221181365625 0.4883116875 0.2003643 0.49004329062499996 0.255009109375 0.5471861453125 0.27322404375 0.5471861453125 0.221181365625
0 0.7896103890624999 0.2341920375 0.6978354984374999 0.2446005734375 0.692640690625 0.288836846875 0.7930735921875 0.2836325796875 0.7896103890624999 0.2341920375
0 0.682251084375 0.34087951875 0.7982684 0.330470984375 0.8017315999999999 0.288836846875 0.6805194796875 0.2992453828125 0.682251084375 0.30965391875 0.682251084375 0.34087951875
0 0.796536796875 0.34087951875 0.6857142875 0.3460837875 0.6857142875 0.38511579218750003 0.796536796875 0.38511579218750003 0.796536796875 0.34087951875
0 0.8155844140624999 0.395524328125 0.6857142875 0.39292219687499996 0.683982684375 0.43976060156249996 0.8103896109375001 0.4423627375 0.8155844140624999 0.395524328125
0 0.8051948031249999 0.43715847031250005 0.6874458875 0.44496486874999996 0.6805194796875 0.489201146875 0.8051948031249999 0.494405409375 0.8051948031249999 0.43715847031250005
0 0.796536796875 0.491803278125 0.6943722953125 0.49700754687500004 0.6857142875 0.5334374203125 0.796536796875 0.5412438203125001 0.796536796875 0.491803278125
0 0.796536796875 0.5542544859375 0.6995670984375 0.54384595625 0.6961038953124999 0.5828779625 0.794805196875 0.593286496875 0.796536796875 0.5542544859375
0 0.8 0.6401249015625 0.8017315999999999 0.593286496875 0.695897284375 0.590721321875 0.692640690625 0.632318503125 0.8 0.6401249015625
0 0.803463203125 0.627114234375 0.6943722953125 0.634920634375 0.6874458875 0.6713505078125 0.8017315999999999 0.6791569078124999 0.803463203125 0.627114234375
0 0.517748915625 0.6219099671875 0.47965367968750006 0.6401249015625 0.4952380953125 0.6791569078124999 0.53160173125 0.6713505078125 0.517748915625 0.6219099671875
0 0.64415584375 0.5386416890625 0.6320346328124999 0.494405409375 0.5913667265625 0.5045909078124999 0.6060606078124999 0.54384595625 0.64415584375 0.5386416890625
0 0.5939393921875 0.4345563390625 0.595670996875 0.3981264640625 0.5419913421875 0.3956056453125 0.5419913421875 0.424147803125 0.5939393921875 0.4345563390625
0 0.535064934375 0.684361175 0.48484848437499994 0.7051782453125 0.4987012984375 0.7416081203125 0.5437229453125 0.7181889124999999 0.535064934375 0.684361175
0 0.58181818125 0.499609678125 0.5367965375 0.5048139453125 0.5506493484375 0.54384595625 0.5852813859375 0.5412438203125001 0.58181818125 0.499609678125
0 0.574891775 0.61150143125 0.535064934375 0.632318503125 0.5506493484375 0.668748371875 0.5904761890625 0.6479313062500001 0.574891775 0.61150143125
0 0.5454545453125 0.767629453125 0.52987013125 0.739005984375 0.4969696984375 0.7780379890625 0.49004329062499996 0.770231590625 0.5125541124999999 0.804059328125 0.5454545453125 0.767629453125
0 0.6510822515625 0.3642987265625 0.5991342000000001 0.3460837875 0.6008658 0.3799115296875 0.6493506515624999 0.3877179296875 0.6510822515625 0.3642987265625
0 0.545110715625 0.345083890625 0.49160291562499997 0.3383832296875 0.4860291859375 0.38026234375 0.5462254625 0.38361267187500003 0.545110715625 0.345083890625
0 0.5874710578125 0.5477787984375 0.5395369859375 0.5578297812499999 0.5462254625 0.6097598859375 0.5930447859375 0.5896579078124999 0.5874710578125 0.5477787984375
0 0.5818973265625 0.71194491875 0.5395369859375 0.7286965624999999 0.55068444375 0.7705756781249999 0.6008480078125 0.7387475515624999 0.5818973265625 0.71194491875
0 0.6621590296875 0.63488735 0.632931309375 0.6424600109374999 0.6354051265625 0.6449383390625 0.630844803125 0.6435677484375 0.642093603125 0.6717409734374999 0.67888021875 0.663365146875 0.6621590296875 0.63488735
0 0.5752088546875 0.6616899843749999 0.542881225 0.6834671203125 0.5517991890625 0.7152952453125 0.591930040625 0.6968684374999999 0.5752088546875 0.6616899843749999
0 0.5930447859375 0.345083890625 0.55068444375 0.336708065625 0.5473402078125 0.3819375078125 0.591930040625 0.3819375078125 0.5930447859375 0.345083890625
0 0.6131102109375 0.5913330703125 0.5830120734375 0.6064095515625 0.596389025 0.6415880109375001 0.6331756359375 0.6265115296875 0.6131102109375 0.5913330703125
0 0.6643885203125001 0.5896579078124999 0.6287166546875 0.5913330703125 0.6365198765625 0.6332121859375001 0.6744212328125 0.6181357046875 0.6643885203125001 0.5896579078124999
0 0.5852415671875 0.2780773109375 0.5495696984375 0.28477796718750004 0.556258175 0.32665708125 0.6008480078125 0.3199564203125 0.5852415671875 0.2780773109375