0 0.716857371875 0 0.7048740625 0.0041002640625 0.611116809375 0.0496670796875 0.7530858890625 0.465443153125 0.8003840359375 0.46225088750000004 0.896452803125 0.3878067984375 0.9812007546875 0.363784940625 0.8699805359375 0 0.716857371875 0
0 0.562100778125 0.1322621640625 0.483051646875 0.04374760625 0.337076403125 0.12499846562500001 0.23440970625 0.15356976718749998 0.22978667968750002 0.2113243203125 0.34294971093750004 0.3992744546875 0.393358628125 0.564154584375 0.458721075 0.58361008125 0.5025718515625 0.5448500390625 0.6846242890625 0.472288675 0.6018309656249999 0.3229435703125 0.562100778125 0.1322621640625
0 0.7250276906249999 0.39796085312499996 0.6634094328125 0.43933590312500004 0.6736487421875 0.4728271796875 0.64756545 0.50897221875 0.7039272578125 0.6325935625 0.7170717140625 0.6877331078125 0.7709163875 0.6938075984375 0.8503021296875 0.6498175390625 0.782616553125 0.464865896875 0.7441764453124999 0.4484476421875 0.7250276906249999 0.39796085312499996
0 1 0.425274496875 0.981245175 0.36393023125 0.906640709375 0.38469204375 0.8139679109375001 0.4580978796875 0.764849071875 0.4674809015625 0.855273375 0.653931790625 0.8540463203125 0.710648090625 0.9295966734375 0.726988834375 1 0.6797148359375 1 0.425274496875
0 0.7068324015624999 0.6542418296875 0.6488439109375 0.4888619515625 0.48219603906249997 0.5510795484375001 0.4623624546875 0.571228571875 0.384746 0.572421840625 0.44893279531249997 0.6851996734375 0.49505529375 0.7753297406249999 0.5035253203125001 0.8516178046875 0.5670670765625 0.877264059375 0.6425146203125001 0.8203927406249999 0.7683594640625 0.7340281328125 0.7068324015624999 0.6542418296875
0 0.21985579843749997 0.3974692328125 0.256874846875 0.5185530796875 0.3859730578125 0.51570554375 0.2989447234375 0.328216403125 0.22107124531250003 0.1463795140625 0.08838305468749999 0.19821459375 0.1051688921875 0.24097262812500003 0.21985579843749997 0.3974692328125
0 0.441895446875 0.6986194375 0.3923255765625 0.572921590625 0.36978085312500003 0.5234730546875 0.3007770265625 0.516399065625 0.25505415625 0.5247438343749999 0.3216038671875 0.6452504234374999 0.372155384375 0.72557523125 0.3725036078125 0.787444034375 0.4148819140625 0.8167435484375 0.48929640625 0.7686392375 0.48457057187499997 0.7531817265625 0.441895446875 0.6986194375
0 0 0.2198805359375 0.074953396875 0.312185696875 0.12132130468749999 0.3909725046875 0.1774377015625 0.5259371078124999 0.2242450265625 0.5454313625 0.2586955359375 0.512362325 0.2151299640625 0.382011721875 0.094438759375 0.2301678703125 0.08419945 0.196676596875 0.23805108593750002 0.1411882578125 0.245333846875 0.11642523125 0 0.188829925 0 0.2198805359375
0 0.238177125 0.603147159375 0.27780449687500003 0.7206165 0.27027632968750004 0.756722784375 0.33928015624999996 0.763796771875 0.37397607499999996 0.7193844734375 0.3203768125 0.7019667234375 0.2372866734375 0.527358840625 0.17640465156250001 0.5347041156250001 0.238177125 0.603147159375
0 0 0.574725503125 0.058981621875 0.7676456921875 0.1511206109375 0.7677988250000001 0.18138751250000001 0.7331917859375 0.1580949421875 0.5233996109375 0.1294945140625 0.44199779531249994 0 0.44898185625 0 0.574725503125
0 0 0.38730089375 0.0330775265625 0.45457308125000007 0.1305275671875 0.43323078906249995 0.083862840625 0.329181209375 0 0.20914569218749998 0 0.38730089375
0 0.234781153125 0.604185409375 0.209085871875 0.5444318625 0.15839175781249998 0.5486623828125 0.2014665046875 0.701699503125 0.263678396875 0.7108499953125 0.28169128906249996 0.696891728125 0.234781153125 0.604185409375
0 0.595482778125 0 0.5723798828125 0.007986053125 0.4906312234375 0.044247356249999995 0.532518709375 0.0962333890625 0.5600346796875 0.1497961796875 0.5695377546875 0.21731723593750002 0.5908040171875 0.286876040625 0.62097971875 0.3734303578125 0.6532215234375001 0.44245065937500005 0.6871812109375 0.4320681421875 0.7268483796874999 0.39177009687500003 0.7157700234375 0.3190965359375 0.6895325140625 0.24542347812499998 0.6625073703125001 0.16917416875 0.649608325 0.102691365625 0.6249975 0.07077684375 0.587590440625 0.04559158125 0.6981107 0 0.595482778125 0
0 0.2573938484375 0.14372575468749998 0.352480965625 0.11465470468750001 0.3537080265625 0.057938403125 0.22938705312500002 0.1128494859375 0.2573938484375 0.14372575468749998
0 0.4524365265625 0.016485840625 0.35631635625 0.0543238984375 0.34357152343749997 0.097659190625 0.3642441515625 0.11669245156250001 0.479655678125 0.0447858578125 0.4524365265625 0.016485840625