0 0.8202383734375 0.1882192109375 0.8471789031249999 0.3834451 0.9515063843749999 0.378072678125 0.986058496875 0.371688871875 0.9749846156249999 0.14433515 0.906081734375 0.161236478125 0.8202383734375 0.1882192109375
0 0.49121424999999996 0.471457571875 0.63723516875 0.44725950000000003 0.7291056765625 0.4247244 0.8257952656249999 0.3818347171875 0.795592884375 0.15940545 0.68247296875 0.183085971875 0.5849780078125 0.20944084375 0.4806101734375 0.25374915625 0.4743277265625 0.36335339375000003 0.49121424999999996 0.471457571875
0 0.950150046875 0.6285775171875 0.9841426078125 0.6222970890624999 0.9888271 0.42853011093750004 0.9870846 0.39275545 0.9078933765625001 0.3972529828125 0.8138348499999999 0.4146311390625 0.75102623125 0.43735799999999997 0.682056234375 0.452881428125 0.6422823531249999 0.4713524109375 0.64822878125 0.5536718390625001 0.645114315625 0.64878775625 0.6600277609375 0.6766189890625001 0.7485960609375 0.6658164171875 0.866092015625 0.65244979375 0.950150046875 0.6285775171875
0 0.841540396875 0.6653277328125 0.84704378125 0.77831564375 0.85164791875 0.83307704375 0.8714743234375 0.8822453890625 0.9366051921875 0.867431278125 0.9782030531249999 0.8679776218749999 0.98379258125 0.6367753828125 0.9491700890624999 0.6482227890625001 0.8718507000000001 0.651385828125 0.841540396875 0.6653277328125
0 0.8427212531249999 0.8486293390625 0.8332041609375 0.7725308328125 0.8323987890625 0.7559960109375 0.8108274109375 0.6710022328125 0.73842098125 0.695502378125 0.6750754421875 0.707206028125 0.6110587578125 0.705130671875 0.55771371875 0.72332845 0.5024491156249999 0.7418808890624999 0.485803846875 0.7977877 0.49067644218749995 0.8580607062500001 0.5017104078125 0.92553715 0.5222483109375 0.9495486109375 0.58148626875 0.9330426671875 0.6386704390625 0.914135571875 0.7117480109375001 0.9034144390625001 0.7864766921874999 0.88682705 0.8427212531249999 0.8486293390625
0 0.614535553125 0.65721805625 0.6109113765624999 0.5828113890625 0.6003204531249999 0.48466645625 0.5325988765624999 0.48605620624999996 0.48255604218750003 0.49252147187500006 0.41577406562499997 0.5132018390625 0.3627378421875 0.49797533281249995 0.312829234375 0.5071963937499999 0.2859553734375 0.512161578125 0.2821697609375 0.5934984828125 0.2759276734375 0.6641668328125 0.2751758109375 0.72825960625 0.32258758125 0.7473058828125 0.3933429109375 0.728672 0.47668943906249994 0.7299566000000001 0.5803457734374999 0.7108051718749999 0.614535553125 0.65721805625
0 0 0.7660261671875 0.035230596875 0.772591621875 0.10969081562500001 0.7504926281250001 0.1899097234375 0.7273296609375001 0.257403196875 0.6814924062500001 0.257483915625 0.6036206171875 0.2265831890625 0.525911728125 0.189440365625 0.518871178125 0.1433708890625 0.527382928125 0.10114052656250001 0.5351853609375 0.03435855 0.5558657328125001 0 0.566385628125 0 0.7660261671875
0 0.38222911875 0.341441 0.3758800078125 0.25085416718750003 0.304587765625 0.2584648390625 0.24851778906250002 0.26048245625 0.183521146875 0.278052371875 0.1263369765625 0.2969594671875 0.0782137078125 0.303070071875 0.06934055312500001 0.39924995625 0.06622608906250001 0.49436587187500003 0.090737346875 0.5204238218749999 0.1823393921875 0.4923771171875 0.2459533890625 0.48618507187500004 0.3161314421875 0.495463871875 0.371798734375 0.4851788390625 0.39053815 0.39273728281250003 0.38222911875 0.341441
0 0.42402869218749994 0.8814968828125 0.408887146875 0.8092181390625001 0.3997727390625 0.74138704375 0.29803596875 0.760183821875 0.22852905781250002 0.7646840328125 0.1627270421875 0.7657191328125 0.1175032921875 0.7518298062500001 0.0881325921875 0.785062328125 0.0817562734375 0.852974871875 0.07823911875 0.9398233828125001 0.0931525734375 0.9676546171875 0.1459203421875 0.9773695218749999 0.21926636875 0.97216 0.281229265625 0.9718342109375 0.352521503125 0.9642235328125001 0.43135776562499994 0.9524384390625 0.42402869218749994 0.8814968828125
0 0 0.54023394375 0.06424821875 0.5216317390625 0.0493970609375 0.41552434375 0.0451828765625 0.29587174374999997 0.00954833125 0.29319160625 0 0.29550064374999996 0 0.54023394375
0 0 0.8048102937499999 0.009452176562500001 0.998869428125 0.084006615625 0.9963629218750001 0.06680366875 0.8060257171874999 0.0437751421875 0.76396074375 0 0.7743031 0 0.8048102937499999