0 0.26710362656250003 0 0.4539622484375 0.06081400625 0.47313433437499997 0 0.26710362656250003 0
0 0.0679564875 0 0.06657155625 0.0104899703125 0.21229174843749998 0.057915284375 0.22427596562500002 0 0.0679564875 0
0 0.2502280953125 0.07026184375 0.45118451249999997 0.1347402203125 0.4632489046875 0.078617675 0.2551300734375 0.015503587499999999 0.2502280953125 0.07026184375
0 0.054531287500000004 0.1016874484375 0.20633315625 0.15593444843749998 0.22197601250000001 0.07270733124999999 0.0650980734375 0.021650675 0.054531287500000004 0.1016874484375
0 0.0459591703125 0.1666158609375 0.1999714515625 0.20412036093750002 0.2138931875 0.1515585515625 0.0531160875 0.112406715625 0.0459591703125 0.1666158609375
0 0.242145265625 0.1491130703125 0.4295720515625 0.21029675625 0.45343944843750006 0.13528933125 0.2554024828125 0.08395566875 0.242145265625 0.1491130703125
0 0.22583789531249998 0.21974459375 0.4200294953125 0.2825756109375 0.434081921875 0.2113949828125 0.2341876296875 0.15650058125 0.22583789531249998 0.21974459375
0 0.21112095625 0.278329634375 0.4112821515625 0.34883124374999996 0.42294894843749997 0.295720325 0.22690001249999997 0.2293285578125 0.21112095625 0.278329634375
0 0.0374157171875 0.23132716250000002 0.1991817484375 0.2629884703125 0.201431178125 0.21069271562499997 0.0448359296875 0.17512369218749999 0.0374157171875 0.23132716250000002
0 0.2060882703125 0.3517067265625 0.40903272187499995 0.40112699375 0.4244141734375 0.355137546875 0.23287512187499998 0.2898440109375 0.2060882703125 0.3517067265625
0 0.202912921875 0.42864455156250003 0.3968376171875 0.47586837187500003 0.41526922656250004 0.424404790625 0.2149773265625 0.3725220109375 0.202912921875 0.42864455156250003
0 0.1968181296875 0.4924376796875 0.3902145125 0.5612919421875 0.407981609375 0.4972327671875 0.2062299828125 0.43877763906249995 0.1968181296875 0.4924376796875
0 0.1774606046875 0.5685433203125 0.3754975734375 0.6198769890625 0.3902145125 0.5612919421875 0.188065278125 0.5058484296875 0.1774606046875 0.5685433203125
0 0.1586369 0.6758633890625 0.35959331250000004 0.74034175625 0.371657709375 0.6842192203125 0.16804875156250001 0.6222033546875 0.1586369 0.6758633890625
0 0.0112221703125 0.4297268140625 0.012721960937499999 0.48715775624999996 0.1582227734375 0.5203403890625 0.1762567734375 0.4718884359375 0.012625739062499999 0.41909565625 0.0112221703125 0.4297268140625
0 0.12957308750000002 0.5257975 0.013042951562499999 0.49944937187500005 0.0145557265625 0.55737749375 0.1179062953125 0.57890841875 0.12957308750000002 0.5257975
0 0.48036800937499996 0.160497534375 0.6746903046875 0.20470972656250003 0.685425678125 0.12339600625 0.4952156515625 0.0832936515625 0.48036800937499996 0.160497534375
0 0.7062594437499999 0.21239732500000003 0.8947483484375001 0.2831649828125 0.9090676828124999 0.22759155781249998 0.7100993046874999 0.14805508750000002 0.7062594437499999 0.21239732500000003
0 0.6849138906250001 0.3035610703125 0.8852057906249999 0.3554438484375 0.8909029875 0.29466234375 0.6977735 0.241415296875 0.6849138906250001 0.3035610703125
0 0.47759026562500007 0.2344237390625 0.6639549296875 0.286023453125 0.675354821875 0.2173053203125 0.474665309375 0.1684341625 0.47759026562500007 0.2344237390625
0 0.6745761171875 0.381863175 0.8674386953125 0.41950301718749994 0.887858334375 0.3529813375 0.6896906734375 0.32026650624999997 0.6745761171875 0.381863175
0 0.664766665625 0.43853483125 0.856038809375 0.4882211515625 0.8685008125 0.42908698906250003 0.6688734265625 0.3897998015625 0.664766665625 0.43853483125
0 0.4492185 0.3611778015625 0.641683465625 0.4018292671875 0.6529526515625 0.35172996562500003 0.4534559609375 0.2938239421875 0.4492185 0.3611778015625
0 0.4224371515625 0.475885378125 0.62869865625 0.53543875 0.6347934562499999 0.47164562187500003 0.43914212656249996 0.40224225 0.4224371515625 0.475885378125
0 0.4166092609375 0.555285715625 0.6146462265625 0.606619384375 0.6413023734375 0.5633755 0.432785934375 0.5032730296875 0.4166092609375 0.555285715625
0 0.623807690625 0.69588675 0.8400148609375 0.7329945 0.8449168390624999 0.6782362390625 0.6385246343750001 0.637301703125 0.623807690625 0.69588675
0 0.6044556703125 0.8248372734375 0.8161529703125 0.860846790625 0.816545065625 0.804990296875 0.6183774046875 0.772275465625 0.6044556703125 0.8248372734375
0 0.597963265625 0.8916420109375001 0.8017029265625 0.935039046875 0.8123076046875 0.8723441515625 0.611089790625 0.8451034484375001 0.597963265625 0.8916420109375001
0 0.4074698171875 0.6773978375 0.5984750609375 0.7114769421875 0.6068247953125 0.6482329421874999 0.4117072828125 0.6100439765625 0.4074698171875 0.6773978375
0 0.3858628609375 0.8057992328125 0.5801851609375 0.8500114359375001 0.5877396828125 0.79279066875 0.401375021875 0.741190959375 0.3858628609375 0.8057992328125
0 1 0.1933895171875 0.910919509375 0.17830741875 0.9187519515625 0.2423836046875 1 0.259448796875 1 0.1933895171875
0 1 0.329745878125 0.9208816953125 0.314396425 0.9192967703124999 0.37928777343750003 1 0.39197690625 1 0.329745878125
0 1 0.40877908749999997 0.9289810390625 0.3940798203125 0.9074992734375 0.45101752343749996 1 0.467300384375 1 0.40877908749999997
0 1 0.545037134375 0.8803148265624999 0.5158918484374999 0.8746176296874999 0.5766733546875 1 0.599420871875 1 0.545037134375
0 1 0.6228726796874999 0.8695794484375 0.597205575 0.8751569484375 0.6607326453125 0.9947495703125 0.683934378125 1 0.6441656625000001 1 0.6228726796874999
0 0.9885866218749999 0.7306148203125 0.8534082828124999 0.7020631390625 0.8544759125000001 0.7644919890625 0.9808862171875001 0.7889405515625 0.9885866218749999 0.7306148203125
0 0.63984264375 0.5568031453125 0.8430540046875 0.621830628125 0.855646709375 0.5440776453125 0.659069465625 0.499316325 0.63984264375 0.5568031453125
0 0.9714167046875 0.8606661687500001 0.863370465625 0.8381521453125 0.857940178125 0.9145408609375 0.9614754124999999 0.935965209375 0.9714167046875 0.8606661687500001
0 0.97928075625 0.801100884375 0.8536806953125 0.7705152265625 0.860053409375 0.8280190578125 0.9723771875 0.8533910875 0.97928075625 0.801100884375
0 0.14604419062500001 0.753616378125 0.35044836562500004 0.80960900625 0.3581335875 0.73376940625 0.1525365953125 0.6868116453125 0.14604419062500001 0.753616378125
0 0.13886525624999999 0.5964460468749999 0.0148947 0.5703576984375001 0.0163073296875 0.6244511859374999 0.1294533953125 0.650106075 0.13886525624999999 0.5964460468749999
0 0.1270677609375 0.668175790625 0.016747621875 0.6413110468750001 0.0187241390625 0.71699725 0.109169965625 0.750853790625 0.1270677609375 0.668175790625
0 0.0225478265625 0.3439420703125 0.1781030953125 0.369759425 0.1867197390625 0.322122628125 0.0295023734375 0.29126575 0.0225478265625 0.3439420703125
0 0.012756965625 0.41810172031250004 0.158745578125 0.44586507031249994 0.1704123703125 0.39275415156250004 0.0196081703125 0.3662081453125 0.012756965625 0.41810172031250004
0 0.6183774046875 0.772275465625 0.801953321875 0.7921116390625 0.7994259734375 0.7231104484374999 0.6191671125 0.7134073546875 0.6183774046875 0.772275465625
0 0.6579459265625001 0.9754161921875 0.8075617296875001 0.9695948203125001 0.8101943734375 0.9588659484375001 0.61401474375 0.9110930234374999 0.6121629125 0.9603771625 0.6579459265625001 0.9754161921875
0 0.374462978125 0.8745173718749999 0.5686545781250001 0.9373484015625 0.5815141875000001 0.875202621875 0.37750762187500003 0.816198378125 0.374462978125 0.8745173718749999