0 0.759512790625 0.04195009375 0.5077949484375 0.056519320312499996 0.5206725828125001 0.16579330781249998 0.7655264828125 0.1517048015625 0.759512790625 0.04195009375
0 0.4599470296875 0.075172675 0.2196291515625 0.0858830515625 0.2255629703125 0.1895224703125 0.456888665625 0.19168365625 0.4599470296875 0.075172675
0 0.785387865625 0.26967098906250003 0.5266463296875 0.272490378125 0.5274850046874999 0.3367009125 0.7795223484375 0.34659283125 0.785387865625 0.26967098906250003
0 0.3744814171875 0.1943948140625 0.1981870703125 0.1975606984375 0.20388126562500003 0.28285425000000003 0.37559964843750004 0.2800088609375 0.3744814171875 0.1943948140625
0 0.3584539703125 0.36996250625 0.186855390625 0.38198083125000004 0.20434892656249998 0.49399197656249993 0.3688838734375 0.46716615624999996 0.3584539703125 0.36996250625
0 0.358322578125 0.5352355578125 0.1984035296875 0.564798534375 0.21818504375 0.676649425 0.3757761703125 0.6441890515625001 0.358322578125 0.5352355578125
0 0.7819700734375 0.35866316875000004 0.61450815625 0.33672691875 0.6041864828125 0.42314219218750004 0.7764240484375 0.46004616875000004 0.7819700734375 0.35866316875000004
0 0.795806190625 0.541320621875 0.6146163875 0.5203458375000001 0.6020466703125 0.60997899375 0.7879721875000001 0.642863871875 0.795806190625 0.541320621875
0 0.7822264703124999 0.7289586515625001 0.5988684953125001 0.717317040625 0.5884669515625001 0.7976170234375 0.778728809375 0.811835540625 0.7822264703124999 0.7289586515625001
0 0.5574052828125 0.6987979296875 0.3998141484375 0.7312583015625 0.39844471718749996 0.801744371875 0.5630994734375 0.7840914890625 0.5574052828125 0.6987979296875
0 0.5690165171875 0.535781296875 0.3793537125 0.567427453125 0.389464121875 0.6401699421875 0.5745509609375 0.608844284375 0.5690165171875 0.535781296875
0 0.5599161046875001 0.3650339421875 0.393013309375 0.385904709375 0.4056513125 0.47683282499999996 0.5723943703125001 0.4437314703125 0.5599161046875001 0.3650339421875
0 0.3609184734375 0.733982453125 0.184823809375 0.7524365578125 0.18594204375 0.8380506109375 0.3643246875 0.81943625625 0.3609184734375 0.733982453125
0 0.56418415625 0.1658063078125 0.399928765625 0.214035634375 0.423926809375 0.2980472390625 0.58581434375 0.243862865625 0.56418415625 0.1658063078125
0 0.6123116296875 0.1685564703125 0.6178860125 0.24467709375000002 0.7898040828124999 0.25711991875 0.7886459125 0.1684482265625 0.7863978703125001 0.171666115625 0.6123116296875 0.1685564703125
0 0.764972565625 0.635293378125 0.5244949390625 0.63377316875 0.5185495390625 0.7045797328125001 0.75240284375 0.724926534375 0.764972565625 0.635293378125
0 0.48126292187499997 0.6551636796875 0.20204936093749998 0.668598209375 0.20308772187500002 0.748096959375 0.4686133265625 0.7386815515625 0.48126292187499997 0.6551636796875
0 0.764904265625 0.4547321109375 0.5312506484374999 0.4496735171875 0.5368649703124999 0.528851790625 0.7683104828125 0.5401859124999999 0.764904265625 0.4547321109375
0 0.4653101484375 0.31045107031249997 0.2200568734375 0.293963115625 0.205199178125 0.3837565234375 0.4683569296875 0.36838607031250004 0.4653101484375 0.31045107031249997
0 0.46084241718749996 0.494390465625 0.19965315156250002 0.48513952343750005 0.1915395875 0.5652792671875 0.47757714843750004 0.548306365625 0.46084241718749996 0.494390465625
0 0 0.505834865625 0.0007018734375 0.55957159375 0.033309465625 0.548817325 0.0164948609375 0.4887861453125 0 0.49848483750000006 0 0.505834865625
0 0 0.368633325 0.0262574171875 0.3595638484375 0.016147009375 0.2868213609375 0 0.2937742390625 0 0.368633325
0 0 0.497958046875 0.0233188703125 0.48524776718749996 0.011160100000000001 0.43101138906249997 0 0.4362541984375 0 0.497958046875
0 0 0.42827958749999995 0.0338402265625 0.4141207203125 0.021801270312500003 0.3690572734375 0 0.3760020109375 0 0.42827958749999995
0 0.0016117828125 0.62923600625 0.027324129687499997 0.6165662390625 0.012957260937500001 0.5686053890625 0.0008944562499999999 0.5743163375 0.0016117828125 0.62923600625
0 0.0869030953125 0.44406919218749996 0.12776725625000002 0.416723634375 0.113600065625 0.3840510171875 0.08871183437499999 0.407217209375 0.0335606703125 0.392717203125 0.034159721875 0.43858187812500005 0.0869030953125 0.44406919218749996
0 0.080849465625 0.331256825 0.1128013265625 0.322898121875 0.10545814375 0.28668711562500004 0.06897025625 0.298423959375 0.0276667875 0.292135425 0.0374577 0.3404167609375 0.080849465625 0.331256825
0 0.012501173437499999 0.18302168593749998 0.017716129687500002 0.2316235109375 0.0841474515625 0.233091709375 0.11613924843750001 0.22779064531249998 0.11349183437499999 0.20043209375 0.11794798749999999 0.19093866875 0.05842054375 0.192047378125 0.012501173437499999 0.18302168593749998
0 0 0.2699639484375 0.027187548437499997 0.25544369218749996 0 0.23338237187500002 0 0.2699639484375
0 0.08123725625 0.5362792562500001 0.1196936296875 0.4999210109375 0.1169264046875 0.4633895234375 0.08994987812500001 0.5020041984375 0.032510729687500003 0.4876644359375 0.0353578265625 0.530311215625 0.08123725625 0.5362792562500001
0 0.15334599531249998 0.27109140625 0.1146500046875 0.289103784375 0.1288970703125 0.32789169218750003 0.16526514375 0.30698191874999997 0.15334599531249998 0.27109140625
0 0.8993875484375 0.23108232499999998 0.9679870390625 0.22321734843750002 0.9651399484375001 0.18057057031249998 0.9012362265625 0.19728799375 0.8552369828125 0.18214700625 0.8466441781249999 0.2255950109375 0.8993875484375 0.23108232499999998
0 0.8587230703125 0.27371610468749996 0.8409384 0.3147474359375 0.8984174828124999 0.3321448375 0.9647289953125 0.3244401109375 0.9618419609375 0.2787356859375 0.9709140125 0.2719794125 0.9093781484375001 0.294651884375 0.8587230703125 0.27371610468749996
0 0.89287145625 0.43352784375000003 0.9568151171875 0.4198680640625 0.94927224375 0.36836884375 0.89672855625 0.37816974999999997 0.857553321875 0.35949039531250004 0.84217644375 0.40953441875 0.89287145625 0.43352784375000003
0 0.8825098484374999 0.5168854703125 0.9580930953125 0.5177126921874999 0.957533978125 0.47490566875000007 0.9118142953125 0.4811681984375 0.8517676703125 0.44252752968750003 0.8385190296875 0.4801807328125 0.8825098484374999 0.5168854703125
0 0.9981384703125 0.30494641875 0.9758094703125 0.29612008749999996 0.9650085515625 0.345843621875 0.9988460734375 0.3591218953125 0.9981384703125 0.30494641875
0 0.99907845625 0.37691363906249997 0.9789361265625001 0.360170371875 0.9635991828125 0.41327204687499997 0.9997556124999999 0.42875809374999996 0.99907845625 0.37691363906249997
0 1 0.5007977671875 0.9736297171875 0.47989924375 0.960740509375 0.54507124375 1 0.56490691875 1 0.5007977671875