0 0.697285521875 0 0.67652738125 0.0139630484375 0.6761930171875 0.032457676562499996 0.6871231234375 0.042367371875 0.7079607375 0.060580185937499996 0.72529788125 0.076751725 0.7486565703125 0.1131038046875 0.9266087328125 0.06043372031250001 0.9103437812499999 0 0.697285521875 0
0 0.7163722625 0.2716598625 0.7560259874999999 0.26548644062500004 0.82715653125 0.2337226765625 0.9595174125 0.182708534375 0.9281337109375001 0.06609990624999999 0.8386141265625 0.083310328125 0.7321366140625 0.12628459375 0.6791102328124999 0.1529468140625 0.6947009656249999 0.20648941718749997 0.7163722625 0.2716598625
0 0.78047495625 0.384837525 0.80487995625 0.38341027968749997 0.8580125265625 0.35933560781249996 0.9954057625000001 0.3160545734375 0.9600510703125 0.1846914015625 0.7331362625 0.270350828125 0.74465236875 0.29120986718749997 0.7592913765625 0.3149002453125 0.7773757765625 0.34262028906249997 0.78047495625 0.384837525
0 1 0.333124828125 0.9955144171875 0.3164582890625 0.8910606968750001 0.3483557359375 0.7703059609375 0.39310681875000003 0.786329346875 0.443870975 0.8089958421875 0.4666861671875 0.8304587234374999 0.5201172015625 1 0.46353902031249994 1 0.333124828125
0 1 0.46123751406249996 0.8296151796875 0.5191759609375 0.816407728125 0.5336996078125 0.8119671265624999 0.5720251953125 0.8243327375 0.613584603125 0.854464184375 0.67510140625 0.92543346875 0.6427384796875 0.99322479375 0.6095325984375 1 0.6062688328125 1 0.46123751406249996
0 1 0.6079452015625 0.9596694515624999 0.627400034375 0.841766215625 0.6783600734374999 0.875795215625 0.7982185484375 1 0.7488096718749999 1 0.6079452015625
0 1 0.7500544015624999 0.87564286875 0.797652475 0.8748207765625 0.8209139406249999 0.8878263109375 0.8635937796875 1 0.82385175 1 0.7500544015624999
0 0.3762923375 0 0.3318202234375 0.0157560296875 0.35791889062500004 0.0539498828125 0.379169390625 0.10220582812500001 0.42663033281249996 0.103110759375 0.62244478125 0.032423059375 0.6209617374999999 0 0.3762923375 0
0 0.632036109375 0.019946646874999998 0.63134153125 0.019426646875000002 0.4292183328125 0.099568690625 0.44738521562500005 0.1692621765625 0.46400250468750004 0.21784704375000002 0.631038271875 0.16523084375 0.6436439125 0.166015121875 0.7182198546875 0.13828101406249999 0.733098890625 0.12119627031249999 0.7320881359375 0.09989674531250001 0.7185347156249999 0.062695921875 0.68967355625 0.0387939796875 0.6673335265625 0.01061279375 0.632036109375 0.019946646874999998
0 0.43816499999999997 0.2271097359375 0.3842733203125 0.25932885781250004 0.3853312375 0.2917686328125 0.4221569203125 0.3299124015625 0.44917338593749995 0.3754692359375 0.711862740625 0.272556621875 0.71278369375 0.2717183921875 0.6915484125 0.19049812187499998 0.6699124203125 0.15616087812499999 0.63128130625 0.163940871875 0.43816499999999997 0.2271097359375
0 0.7483365531249999 0.298428 0.7330525265625 0.2723409796875 0.47855982968750005 0.36184893125 0.4682470828125 0.40028609375 0.47247505624999997 0.44669745625 0.48376694374999996 0.48207434375 0.52044321875 0.49992601406250003 0.7664836703125 0.40094306875 0.76735288125 0.4020960734375 0.7779291625 0.36013571093749996 0.77600594375 0.3332528328125 0.7483365531249999 0.298428
0 0.8090684125 0.4626780734375 0.7767618515625 0.4347464703125 0.7646597374999999 0.40293808750000004 0.69170030625 0.4300994796875 0.520507196875 0.497970715625 0.5108315703125 0.551933146875 0.5203928515625 0.59842384375 0.5514604734375 0.6261380984375 0.6411749953125 0.5976345937499999 0.7230232671875 0.57060543125 0.8056965875 0.546758440625 0.8291311046875001 0.515292603125 0.8090684125 0.4626780734375
0 0.82763538125 0.6281571125000001 0.81457363125 0.5796251421874999 0.79821588125 0.5473556171875 0.7324226046875 0.5726343968750001 0.725527846875 0.5711393921875 0.5319277765625 0.632510775 0.5212255921875 0.6914309453125 0.5332686890625 0.731792034375 0.5879350343749999 0.755083240625 0.641063653125 0.737572878125 0.6510812984375 0.7418992296875 0.8390255484375 0.6792501859375 0.847606434375 0.671771784375 0.82763538125 0.6281571125000001
0 0.8324943156250001 0.8194578625 0.8771116703124999 0.8010252156250001 0.8614619203125 0.756035309375 0.8399597765625 0.6783353921875 0.8310852499999999 0.680166965625 0.757517596875 0.70754384375 0.7235196968750001 0.714994921875 0.61279445625 0.7443794015625 0.5696363156250001 0.7550758625 0.5335813515625001 0.7790067406250001 0.517211490625 0.8563422062500001 0.5476419953125 0.8685311859375 0.57300663125 0.8838275390625 0.610607240625 0.8875695984374999 0.7186382890624999 0.8591396375 0.7712831359375001 0.8398317937499999 0.8324943156250001 0.8194578625
0 0.649618109375 0.8724660484375001 0.5918012109374999 0.892293715625 0.5551523375 0.9184038828125001 0.54889175 0.9727825203125 0.5849313515625 0.9709064703125 0.88705661875 0.863866475 0.871560259375 0.80236593125 0.7640050703125 0.8457220046874999 0.649618109375 0.8724660484375001
0 0.3160353375 0.9840741124999999 0.3124085125 0.9850927109375001 0.551156675 0.9726646171875 0.5669055703125 0.9161946078125001 0.5113541578125 0.9312818828125 0.4556414953125 0.9457699953125 0.3945404515625 0.9621671562499999 0.3160353375 0.9840741124999999
0 0.396723715625 0.8255412796874999 0.3225253546875 0.8524853140624999 0.2712886015625 0.859481034375 0.250273925 0.8669263234375 0.23677136875000002 0.9242134796875 0.220165675 0.94584770625 0.2280790875 0.9555136078125 0.308546675 0.984758396875 0.4416317109375 0.9507335203125 0.5727226484375 0.9180714218749999 0.5791494390625 0.8915116812500001 0.5127387984375 0.8684436124999999 0.5306229296875 0.7813835734375 0.396723715625 0.8255412796874999
0 0.32504048281250003 0.85086545625 0.42833213125 0.820176871875 0.524190184375 0.7881841859375001 0.5533032375 0.7516180546875 0.5536257453125 0.752816378125 0.5520171359375 0.7402604609375001 0.53510869375 0.727874784375 0.5049967453125 0.723448440625 0.517244575 0.6922012015625 0.5232545125 0.642162646875 0.3845608296875 0.6860501171875 0.373410446875 0.6840939609375 0.3075660484375 0.7047968140624999 0.2374660171875 0.725038525 0.19350133281249998 0.8226512250000001 0.26167789531249996 0.865438690625 0.32504048281250003 0.85086545625
0 0.530104053125 0.5996296562500001 0.509042215625 0.595934690625 0.5015103375 0.5789144171875 0.51041894375 0.5462250640625 0.5008542593749999 0.512929578125 0.5009048296875 0.5108746125 0.4248264609375 0.52864034375 0.2763825796875 0.5713881671875 0.22174758749999998 0.585494465625 0.1785499296875 0.6618340984375 0.2547460828125 0.716875009375 0.294989759375 0.7150866125 0.3776993859375 0.6890648671874999 0.47334111874999996 0.65846140625 0.51094961875 0.6490748328125 0.52420819375 0.639127121875 0.5340292671875 0.6120211171875 0.530104053125 0.5996296562500001
0 0.5044445343749999 0.49111584375 0.4524212546875 0.4622941765625 0.46040948750000005 0.4371501078125 0.471792009375 0.4114597640625 0.4651439953125 0.3781195640625 0.4386320046875 0.36939211250000004 0.1978226265625 0.45930254374999996 0.146499184375 0.5208011765625 0.1713170828125 0.5494170640625 0.2268368859375 0.5868443234375 0.3004924515625 0.5666555046874999 0.360570890625 0.5486517640625 0.458529228125 0.51788384375 0.475339390625 0.5145533375 0.4970541578125 0.5075163046875 0.5044445343749999 0.49111584375
0 0.3765283640625 0.26144907812499996 0.18551629375 0.3192783921875 0.127046465625 0.3498380484375 0.093992390625 0.400269990625 0.13282007499999998 0.42392234375 0.18575186875 0.46489167187499997 0.44056707968750003 0.3765820390625 0.44073228125 0.3706168828125 0.43863595625 0.3628277984375 0.41167455625000005 0.3152825828125 0.3718203203125 0.296587965625 0.37759447343749997 0.26111705937499996 0.3765283640625 0.26144907812499996
0 0.11874877187499999 0.21812933281250002 0.10068782968750001 0.2409354359375 0.10245374062499998 0.2606548328125 0.11941330312500001 0.27761643125 0.1472046890625 0.2887715546875 0.1876449296875 0.31841550937499996 0.4017208375 0.24978974531249998 0.4607374125 0.20591054843749998 0.43170734218750006 0.104626034375 0.3816623546875 0.100698853125 0.12845970625 0.1950000875 0.11874877187499999 0.21812933281250002
0 0.33133336406249997 0.016768474999999998 0.3309232234375 0.016073828125000002 0.0191751703125 0.12652307812500002 0.0213364203125 0.1325039453125 0.08601646562500001 0.16668581875 0.10916278125000001 0.1978628140625 0.37141553437499997 0.1042929609375 0.35739414531249997 0.039037396875000005 0.33133336406249997 0.016768474999999998
0 0.0062440046875000006 0.23983863749999998 0.1054758375 0.20180529374999998 0.0934799125 0.1725844609375 0.0489413421875 0.14964282812500002 0.02502796875 0.12444949062499999 0.0034390703124999996 0.13209822499999999 0.0062440046875000006 0.23983863749999998
0 0.11959180625000002 0.1994293140625 0.0062473375 0.2399667546875 0.0099543640625 0.382357509375 0.05268898749999999 0.3675164859375 0.111799890625 0.345917784375 0.11718431562500001 0.3505730484375 0.1716069296875 0.3312916515625 0.16931008281249998 0.298634534375 0.098380315625 0.26535429375 0.0977510921875 0.2367003875 0.12270679375 0.21538929375000002 0.1186793375 0.1938459703125 0.1032654171875 0.2045573046875 0.1172752015625 0.199593775 0.11959180625000002 0.1994293140625
0 0.0877586578125 0.399135671875 0.13891689062499998 0.343602190625 0.06612267031249999 0.364798421875 0.0098983203125 0.3802046953125 0.0135425609375 0.520183871875 0.0512236265625 0.5046167890625 0.1508575 0.46472345156249995 0.1705821234375 0.45248487812500005 0.0877586578125 0.399135671875
0 0.0362781265625 0.6528821078125 0.2174430046875 0.5849332203125 0.21325033750000003 0.5693550546874999 0.1483539734375 0.5365624062500001 0.1473943421875 0.519838809375 0.185726653125 0.47147459375 0.1632685796875 0.4603988140625 0.0545846015625 0.4995607640625 0.044342728125 0.5097522703124999 0.0135444734375 0.520257378125 0.0149324390625 0.573570509375 0.0362781265625 0.6528821078125
0 0.251762215625 0.7146419859375001 0.1789052765625 0.6610431859375 0.2203251625 0.5846771125 0.0366406359375 0.654229059375 0.07243004374999999 0.7872074359375001 0.1984133203125 0.7401058828125 0.251762215625 0.7146419859375001
0 0.10825980312500001 0.9203357593750001 0.25631492499999997 0.8660262937500001 0.2379154390625 0.8364401515625 0.1906826796875 0.81445304375 0.21727464843750002 0.759747646875 0.216971890625 0.7257277453125 0.07037154375 0.7795589265625 0.10825980312500001 0.9203357593750001
0 0.24080524531249997 0.91296745625 0.25166078125 0.867775078125 0.2523137109375 0.8570430828125 0.226500609375 0.8707824453124999 0.1074322015625 0.917260759375 0.1282681015625 0.9946781859374999 0.2778666890625 0.98689079375 0.2925413203125 0.9714239953125 0.223436490625 0.9493104515624999 0.24080524531249997 0.91296745625