0 0.6013158796875 0.4286508609375 0.8003195453125 0.36423510000000003 0.7276269671875 0.3115312890625 0.4979681359375 0.36423509374999996 0.5206819703125001 0.41986689374999997 0.6013158796875 0.4286508609375
0 0.6299477515625 0.44914678906249994 0.5665634703125 0.43157885 0.499942628125 0.4784266828125 0.590694896875 0.56919435 0.8239446859375 0.47257070624999997 0.7928338593750001 0.43450684375000004 0.6299477515625 0.44914678906249994
0 0.539806665625 0.645322071875 0.5340405125000001 0.6892419109375 0.628130590625 0.72144979375 0.8245540374999999 0.633610121875 0.7931394468749999 0.577978321875 0.61629270625 0.66581799375 0.539806665625 0.645322071875
0 0.6230732390625 0.8063614890625 0.5508363187499999 0.7800095781249999 0.5365212890625 0.8327133890624999 0.6311176484375001 0.8942011671874999 0.8355836906249999 0.7682976218750001 0.8046247515625 0.739017728125 0.6230732390625 0.8063614890625
0 0.628130590625 0.72144979375 0.5450177187499999 0.6950978890624999 0.5025264796875 0.753657678125 0.618976 0.8210014328125 0.8319909125 0.6863139281249999 0.7989074125 0.659962021875 0.628130590625 0.72144979375
0 0.23158239218749999 0.3056753109375 0.16824874375 0.2910353609375 0.14305777343749998 0.34373917187499997 0.2183811859375 0.4227948890625 0.3846557390625 0.3525231390625 0.3578446734375 0.3115312890625 0.23158239218749999 0.3056753109375
0 0.1863102484375 0.4550027671875 0.154340565625 0.49306663281249996 0.24256323906250002 0.563338371875 0.39452276875000003 0.5457704390625 0.3889573140625 0.47549868906250004 0.26102612812500003 0.49892260625 0.1863102484375 0.4550027671875
0 0.18377884375 0.30860330625 0.38976372656249997 0.27053944375 0.3536949875 0.19733970625 0.242456525 0.17977177187499999 0.12186095937500001 0.2500435109375 0.18377884375 0.30860330625
0 0.2525296984375 0.6365381 0.178218846875 0.6160421828125 0.1813559671875 0.6716739781250001 0.24985005 0.7331617500000001 0.405603053125 0.6833859328125 0.383041103125 0.6365381 0.2525296984375 0.6365381
0 0.2650763765625 0.73316174375 0.199111884375 0.6921699 0.1697224171875 0.753657678125 0.2627004953125 0.8473533328125 0.4216900578125 0.7331617500000001 0.39098425625 0.7185218 0.2650763765625 0.73316174375
0 0.766679128125 0.3056753109375 0.8203519046875 0.390587 0.9675054046874999 0.3466671609375 0.8970892765625 0.2998193390625 0.766679128125 0.3056753109375
0 0.8118536562499999 0.40229895625 0.8305715078125001 0.4784266828125 0.9806089921875 0.47549869375 0.9468673265625001 0.411082928125 0.8118536562499999 0.40229895625
0 0.989349296875 0.540684978125 0.9892168515625 0.5330250671875 0.95698566875 0.49306662812499996 0.8199486984375 0.49306662812499996 0.8298645328124999 0.563338371875 0.989349296875 0.540684978125
0 0.725422115625 1 0.85364519375 0.932265028125 0.81808273125 0.8883451828125001 0.6538821109375 0.95276095625 0.5618659703125 0.9146970890624999 0.5589331734375 0.9966807890625 0.567715796875 1 0.725422115625 1
0 0.28728575156249997 0.88541719375 0.210090909375 0.8239294171875 0.187075128125 0.876633228125 0.2648775046875 0.9732568718750001 0.4248289953125 0.9146970890624999 0.404290359375 0.8590652890625 0.28728575156249997 0.88541719375
0 0.9873871234375 0.653244428125 0.8421074421875 0.6423940828125 0.8497468343750001 0.70680984375 0.9860502234374999 0.7150166328124999 0.9873871234375 0.653244428125
0 0.9848185984375 0.771924521875 0.83598871875 0.7917215390625 0.8502549343749999 0.8619932828125 0.98414395 0.8030970390625001 0.9848185984375 0.771924521875
0 0 0.273855871875 0.0050588671875 0.288107371875 0.1290935078125 0.165131821875 0.07223479687499999 0.1475638828125 0 0.17882829375 0 0.273855871875
0 0 0.41893060625 0.1373928796875 0.3935149890625 0.123329178125 0.33495520624999997 0 0.35636360625 0 0.41893060625
0 0 0.5703071390625001 0.0166472484375 0.58090630625 0.1511546328125 0.5604103828125 0.1302109625 0.4813546671875 0.0174048515625 0.49892260625 0 0.4968894671875 0 0.5703071390625001
0 0 0.6418433671875 0.020088140625 0.6541060390625 0.1547980375 0.645322071875 0.153734846875 0.5838343 0.025702404687500003 0.6014022328124999 0 0.5858406828125 0 0.6418433671875
0 0 0.7677567 0.0137669015625 0.7917215328125 0.1635512390625 0.7741536 0.1471604671875 0.70680984375 0.027727529687500002 0.7185218 0 0.697473978125 0 0.7677567
0 0 0.8433754828125 0.0061799624999999995 0.85613730625 0.15834200468749998 0.8502813281250001 0.139927921875 0.7917215328125 0.0118954796875 0.809289478125 0 0.7643878109375 0 0.8433754828125
0 0.376963909375 0.15927584374999998 0.3956311328125 0.232475578125 0.5360059171875 0.17391579375 0.4762125984375 0.11242801718749999 0.376963909375 0.15927584374999998
0 0.6807835296875 0.2441875390625 0.7904525203125 0.1709878 0.7529680046875 0.1417079109375 0.6660110375 0.14463589999999998 0.6671754828124999 0.21197965624999998 0.6807835296875 0.2441875390625
0 0.383896321875 0.30860330625 0.406660784375 0.3671630890625 0.53868920625 0.329099221875 0.5205282640625 0.2851793890625 0.383896321875 0.30860330625
0 0.5252800328125 0.0567962171875 0.5416708140625001 0.124139978125 0.6758744250000001 0.0860761171875 0.622961075 0.045084260937499995 0.5252800328125 0.0567962171875
0 0 0.33788319375000003 0.13425575625 0.33788319375000003 0.11558853281249999 0.2646834609375 0 0.2700530109375 0 0.33788319375000003
0 0.5390924125 0.22661960625000002 0.6697556984374999 0.23540356718750002 0.6553882265625 0.15927585 0.5356515203125001 0.1534198671875 0.5390924125 0.22661960625000002
0 0.3850571328125 0.124139971875 0.376052603125 0.10657203906249998 0.30138735156249996 0.0655801828125 0.19288099218750002 0.080220128125 0.194450459375 0.1709878 0.3850571328125 0.124139971875