0 0.7163021953125 0.6029529625000001 0.596282534375 0.5715383859375 0.5725803765624999 0.61419903125 0.7875817374999999 0.7828910703124999 0.995048059375 0.738804265625 0.9981374031250001 0.6825625953125 0.8837693515625 0.58714399375 0.7163021953125 0.6029529625000001
0 0.7050115890625 0.7307313859375 0.641877453125 0.752460303125 0.629811 0.8165954687499999 0.9003185515625001 0.9080064359375 0.988568596875 0.856763209375 0.9948222156250001 0.742915790625 0.7968902250000001 0.7689648734375 0.7050115890625 0.7307313859375
0 0.9505547328124999 1 0.9810615468749999 0.9934295640625 0.9860488734375 0.9026350187500001 0.9107044625 0.9133496265625001 0.674328153125 0.82271895 0.6527808312500001 0.9039183671875 0.879236 1 0.9505547328124999 1
0 0.9237184453125 0.5986615375000001 0.92294259375 0.535018284375 0.920486190625 0.5408533796875 0.8030521265624999 0.4623678921875 0.6176143015625 0.455379265625 0.5604272078125 0.44660963281250005 0.45346541093750004 0.4496628359375 0.44243319531249997 0.4949696390625 0.66738935625 0.59908549375 0.9237184453125 0.5986615375000001
0 0.5352168765624999 0.5556105765625 0.3352558390625 0.46306315781249996 0.318966071875 0.526316265625 0.516643071875 0.621560728125 0.5352168765624999 0.5556105765625
0 0.5759850046875 0.6688691328124999 0.38468614843750004 0.6130455 0.3657676015625 0.685271765625 0.5656854578125 0.7397214437499999 0.5759850046875 0.6688691328124999
0 0.590680584375 0.7512898671875 0.36701739375 0.7014030953125 0.3671037546875 0.7775985953125 0.58654363125 0.8266033234375 0.590680584375 0.7512898671875
0 0.620545690625 0.8686194171875 0.4290312796875 0.7778360953125001 0.42084338906249996 0.8491294296874999 0.6172706015625 0.9282425640625 0.620545690625 0.8686194171875
0 0.871684296875 1 0.658081559375 0.9240698093749999 0.6497213015625001 0.9985012093750001 0.65416713125 1 0.871684296875 1
0 0.631362703125 0.94388198125 0.4018384828125 0.845160203125 0.39434008125000003 0.9039012968750001 0.607143428125 0.9959568093750001 0.631362703125 0.94388198125
0 0.577153571875 1 0.5800366390625 0.9839473609375 0.36951732656249997 0.8891948031249999 0.3567613765625 0.965882215625 0.42514138125 1 0.577153571875 1
0 0.4007178859375 0.7877930640625 0.21006533906249997 0.6813194359375 0.19097442343749998 0.756683765625 0.3886514234375 0.851928228125 0.4007178859375 0.7877930640625
0 0.3823164578125 0.8506051515624999 0.1862339875 0.7652158984375 0.1805025046875 0.8306741390625 0.364087403125 0.9102791765625 0.3823164578125 0.8506051515624999
0 0.34318639375000004 0.9408286078125 0.1680049328125 0.8248899234374999 0.15787776250000002 0.8926041703125 0.320906403125 0.996482525 0.34318639375000004 0.9408286078125
0 0.36076843593749996 0.62074645625 0.194637084375 0.573353190625 0.1910172546875 0.6392524625 0.3555540671875 0.6767905187500001 0.36076843593749996 0.62074645625
0 0.183302953125 0.5075048093750001 0.037943415625 0.4707979171875 0.0307897625 0.5232628984375001 0.1714088640625 0.5685019109375 0.183302953125 0.5075048093750001
0 0.0026901015625 0.6906571140625 0.002723165625 0.69914550625 0.166194846875 0.78007503125 0.17666676718750002 0.7060846578125 0.024584334375 0.6362330640625 0.0026901015625 0.6906571140625
0 0.16585009687500002 0.7863511453124999 0.0027334703125 0.701791696875 0.0030495671875000003 0.7829468734375 0.1514996109375 0.8531833546875 0.16585009687500002 0.7863511453124999
0 0.6035221984375 0.43973984843749997 0.831494715625 0.41117511406249996 0.8168854921875001 0.4049498734375 0.605417953125 0.2496921265625 0.4157568171875 0.24182145 0.3950713609375 0.3073305703125 0.6035221984375 0.43973984843749997
0 0.45777473750000003 0.3712113359375 0.31564745781250003 0.3923126078125 0.339479153125 0.46394520312500004 0.5009560890625 0.44053704375 0.45777473750000003 0.3712113359375
0 0.2984094578125 0.395060525 0.12197855937499999 0.41851957031250003 0.1301668015625 0.502755290625 0.3055634625 0.4981246078125 0.2984094578125 0.395060525
0 1 0.3506203796875 0.651702021875 0.262532753125 0.676050834375 0.3247511703125 0.9970657671875 0.429884809375 1 0.41483701249999994 1 0.3506203796875
0 1 0.46232825312500003 0.8005093640625001 0.39200748750000003 0.81464464375 0.44574465781250006 1 0.5162916515625 1 0.46232825312500003
0 1 0.5316366015625 0.8785546312499999 0.48765899375000005 1 0.628709290625 1 0.5316366015625