0 0.8997258171875 0.1526556390625 0.8667528624999999 0.13639374375 0.8338692125 0.14059241718749999 0.7988435046875 0.1565678828125 0.8406654 0.19002720625 0.8868224421875001 0.21162467812500002 0.9001341078125 0.24618963906250002 0.9462273578125 0.253172421875 0.985677525 0.245795671875 0.987730275 0.21355830625 0.9920909421875 0.20754233281249998 0.9546552374999999 0.1739129171875 0.8997258171875 0.1526556390625
0 0.8803324703125 0.23234038906249999 0.8406654 0.19002720625 0.7966376546875 0.15372999375000002 0.7702567328125001 0.14013588906250002 0.7505826828125 0.155516021875 0.7331527624999999 0.18250284375 0.7662150375000001 0.2192253 0.8080879671875 0.26437637187499996 0.8214761875000001 0.31647895 0.8564381046875 0.28588879375 0.8892707124999999 0.269998378125 0.9199485078125 0.262961828125 0.9221416 0.26287677187499997 0.8803324703125 0.23234038906249999
0 0.8237841203125 0.34270033906249997 0.8391230125 0.3391820609375 0.8412650703125 0.3274052609375 0.8126783 0.310973271875 0.8014704078125 0.25586270624999996 0.7727815625 0.2160472171875 0.730959675 0.18258789375 0.6958191328125001 0.172256928125 0.6652051328125 0.19390816718749998 0.6433890296875 0.22106509375 0.678542325 0.234319 0.7093859874999999 0.26528063281250003 0.7401786171875 0.28455050625 0.7382662171875001 0.3489401828125 0.764557825 0.34207372187499996 0.7974414750000001 0.33787505625 0.8237841203125 0.34270033906249997
0 0.613476775 0.40347790000000006 0.6332018625 0.399789521875 0.6044747375 0.35120522187500003 0.5713869453125 0.30863689375000003 0.5471353203125 0.28034305625 0.5251023125 0.25781004375 0.47680320781249996 0.24798936718750003 0.44176474531250004 0.26104189375 0.4199996796875 0.29989056718749996 0.4376847796875 0.33136249375000004 0.4663353453125 0.362409171875 0.49061248749999997 0.3965488828125 0.506078975 0.42225997812499994 0.5520318750000001 0.39709045625 0.5871468921874999 0.40157554375000004 0.613476775 0.40347790000000006
0 0.4490968125 0.43324006718749997 0.4820570125 0.4465790171875 0.5170954796875 0.4335264828125 0.47301669999999996 0.385537521875 0.43556823749999996 0.3489851671875 0.4244369 0.311412221875 0.4045969828125 0.2887941609375 0.3781012328125 0.24889362187500003 0.3342903921875 0.26228634375 0.3168349546875 0.28342730625 0.2928640328125 0.31943808281249997 0.310536375 0.347987071875 0.3259901 0.37077522812499997 0.34807415 0.40499999375 0.35923099999999997 0.4484188171875 0.4030801171875 0.44379489375 0.4490968125 0.43324006718749997
0 0.3393017703125 0.40534019375 0.3127932625 0.3625167109375 0.2840533828125 0.311009471875 0.2554410875 0.28873160625 0.21375954218749998 0.28742459375 0.1898269 0.33220419375 0.1658177 0.359446171875 0.1858362421875 0.42298535 0.2058675453125 0.489447471875 0.23449259531250002 0.5146482781249999 0.29371888749999997 0.5152749 0.3287318328125 0.49637649375 0.3724916375 0.47129202187499997 0.3393017703125 0.40534019375
0 0.6072802671875001 0.491421171875 0.626865 0.45558048281249997 0.6047937171875 0.4242786609375 0.5828245 0.416360328125 0.541168475 0.42089919374999996 0.5083869 0.4484813671875 0.4360658375 0.462979728125 0.3944736125 0.48213327812499995 0.37919851250000003 0.5002662499999999 0.3529834578125 0.524670328125 0.3926122546875 0.55821470625 0.4364868875 0.5594366671875 0.4912504421875 0.5426957609375 0.5503618953125 0.5170159390625 0.5920051625 0.5095541390625 0.6072802671875001 0.491421171875
0 0.1032769828125 0.60451639375 0.07697261718750001 0.6084599171875 0.0860512078125 0.678270221875 0.1474705921875 0.67881179375 0.204414475 0.65906289375 0.2635514578125 0.63922895625 0.3138012296875 0.593428771875 0.3333476828125 0.548819271875 0.3222035875 0.50832339375 0.2564618078125 0.5225666062500001 0.2018130953125 0.56561395 0.1032769828125 0.60451639375
0 0.48251634218749995 0.5518047671875 0.4938007875 0.6244529609375 0.5616973796875 0.6013558828125001 0.6120875 0.5877080109375 0.6383025546875001 0.5633039281250001 0.5964168703125 0.5152299171875 0.48251634218749995 0.5518047671875
0 0.3991915375 0.5579595562499999 0.35304725000000003 0.5392850171875 0.3333732046875 0.55466514375 0.3423624828125 0.6040148890625 0.3666268625 0.6352316609375 0.37771992499999996 0.66403579375 0.42153076718750004 0.6506430671875 0.4588006 0.6462743 0.49154390000000003 0.609923321875 0.46507366250000004 0.57586865625 0.44525926250000003 0.559096471875 0.3991915375 0.5579595562499999
0 0 0.8063776828125 0.0032750421874999996 0.8101113218749999 0.0689019828125 0.769561671875 0.1260117375 0.7878109671875 0.1785949546875 0.77407805 0.21359514218750003 0.7522567 0.1914728203125 0.709263128125 0.180328725 0.66876724375 0.1079693875 0.67449679375 0.0837432828125 0.6520488328125 0.0725736671875 0.6057070718750001 0.046205507812500005 0.5950359171875 0.013360137499999999 0.60800339375 0.022400454687499998 0.6690448890625 0.005098125 0.72526109375 0 0.7399066828125 0 0.8063776828125
0 0.5859617625 0.6325726609375 0.5704569953124999 0.59809274375 0.5178737796874999 0.6118256718749999 0.48733633750000005 0.65101454375 0.43684414218749995 0.6412789171875 0.386530575 0.6724644171875 0.3999188 0.72456699375 0.4634930046875 0.7162547 0.5094586578125 0.6940081218749999 0.5532822578125 0.683538328125 0.5817797171875 0.67950975 0.6146123296875 0.6636193390625 0.6145868125 0.6577734609375 0.5859617625 0.6325726609375
0 0.8346730328125 0.324737471875 0.8040590328125001 0.346388721875 0.8217313703125001 0.37493770625 0.8699284 0.36137488281249996 0.9115206296875 0.342221328125 0.9443404796875001 0.323407971875 0.9682986421875001 0.28447425000000004 0.9418794453125001 0.2621113390625 0.8893089953125 0.2787671890625 0.8521029499999999 0.29775064375000004 0.8346730328125 0.324737471875
0 0.6917519203125 0.24550045625 0.6521614 0.2207249 0.6082484874999999 0.21073412187499999 0.571004175 0.220948771875 0.5404667296875 0.2601376390625 0.5603576796875 0.29444745 0.5977933828124999 0.328076871875 0.6221725953125 0.3856000828125 0.6593148421875 0.3520019390625 0.7052932546874999 0.3326782890625 0.7337651953125001 0.32280384375 0.7336120921875 0.2877285890625 0.6917519203125 0.24550045625
0 0.6528376296875 0.3756405828125 0.6353566749999999 0.3909356609375 0.6509252328125 0.44003026093750003 0.7013153578125 0.4263823828125 0.7341352078125001 0.4075690328125 0.7537965046874999 0.3892659671875 0.7689695296875 0.3477495 0.7404975921875 0.35762394375 0.7250566171874999 0.33775872812499996 0.6943915828125 0.347718221875 0.6528376296875 0.3756405828125
0 0.21578823281249998 0.75217165625 0.1435564875 0.787130578125 0.060142370312500006 0.7728248062499999 0.0382497078125 0.78244410625 0.0363755921875 0.8556025937499999 0.0912412171875 0.8622451828125 0.16353675 0.8419009562499999 0.2292019796875 0.8101201109374999 0.27515487968749996 0.7849505890625 0.2947651296875 0.754955771875 0.30555197500000003 0.71360940625 0.2792348453125 0.7146299890625001 0.2748614203125 0.717723028125 0.21578823281249998 0.75217165625
0 0.203089 0.8579076999999999 0.1941507546875 0.8202497 0.14377339218750002 0.8368205109375 0.0977949796875 0.8561441609375 0.07155440468749999 0.8747023781250001 0.0429676328125 0.8582703828125 0.0497127796875 0.896013421875 0.01719915 0.9849772828125 0.0893926171875 0.94124954375 0.1419375546875 0.9187478109375 0.17698877500000001 0.9086182171875 0.2251985625 0.8979783328125001 0.23395817968750002 0.8947152 0.203089 0.8579076999999999
0 0.7737640078125 0.4411134 0.7671592078125 0.435522678125 0.7190770125 0.4753919328125 0.6643772578125 0.5067475328125 0.6491149171874999 0.5278034328125 0.6711224078125 0.5444905671875 0.7237311421875 0.5366035218749999 0.7631047546875 0.51168914375 0.7871394703125 0.49029305 0.7870246421875 0.46398660625000004 0.7693778171875 0.44128350000000005 0.7737640078125 0.4411134
0 0.741429 0.5709983828125 0.7547917078124999 0.6172550890624999 0.7941908421874999 0.5981865890625 0.8116845546875 0.58581445 0.8378613328125001 0.5526415499999999 0.8070431875 0.52752579375 0.7893708421875 0.4989768109375 0.7631175171875 0.5146120890625 0.7281428453125 0.5422793 0.741429 0.5709983828125
0 0.3138267453125 0.59927465 0.2898175453125 0.6265166171875001 0.2526370203125 0.65134594375 0.21319961250000002 0.6616456390625001 0.19568037968750002 0.66817190625 0.2002962296875 0.7206146890625 0.2157116796875 0.7346340328125 0.2507373828125 0.7186585609375 0.2901492796875 0.70251299375 0.32078879531250004 0.686707628125 0.3622661921875 0.6412476390624999 0.3401949078125 0.6099458109375 0.3138267453125 0.59927465
0 0.9402732703125001 0.39665150625 0.9687069375 0.37800825 0.9927288953125 0.3536892109375 0.9685027921874999 0.33124124374999997 0.94870115 0.317392 0.9180871546875 0.33904324375 0.8896407296875 0.3547635671875 0.9073896250000001 0.40085017812499996 0.9402732703125001 0.39665150625
0 0.8660653328125001 0.48138541718749994 0.8966538171874999 0.45388829375000006 0.942696025 0.44917933281250005 0.9623955953125 0.43964508281250003 0.9798382703125 0.4155811890625 0.9556121671875 0.393133228125 0.9205992203125 0.4120316328125 0.8855097203125 0.41339241718749997 0.8308354828125 0.4505938828125 0.8660653328125001 0.48138541718749994
0 0.7936549578125 0.47542321718749997 0.8198827703125 0.4539420609375 0.8482526453125001 0.42068411718750004 0.8942693374999999 0.410129278125 0.8919103749999999 0.37221614375 0.8589629296875 0.361800128125 0.8326840828125001 0.371589521875 0.8327861578125001 0.394973021875 0.8000556124999999 0.43424694375 0.7936549578125 0.47542321718749997
0 0.4284417796875 0.7263843 0.3999570796875 0.73333580625 0.3910315953125 0.69860075 0.36908789999999997 0.6965283 0.3384738953125 0.71817954375 0.356197275 0.7584202828125 0.34768007968750003 0.8172192218750001 0.38275682031249997 0.81293550625 0.4155639125 0.7911992171875 0.46374818281249996 0.7747134499999999 0.5053276546875 0.7526369609375 0.46789195 0.71900754375 0.4284417796875 0.7263843
0 0.507085475 0.15034174375 0.47426562499999997 0.16915510625000002 0.4722128828125 0.20139246093750002 0.49643898281250004 0.223840428125 0.5118927171875 0.24662858281250002 0.5316943546874999 0.26047783281250003 0.5622955953125001 0.23590365000000002 0.6017074828125 0.2197580890625 0.6257039296875 0.189593171875 0.5904485578124999 0.15295576718749998 0.5618745453125 0.1394467109375 0.507085475 0.15034174375
0 0 0.33732324375 0.0012335953125 0.342441328125 0.0014632546874999998 0.39505420625 0.036552757812499996 0.393693428125 0.0781449828125 0.37453987187500004 0.1175951578125 0.3671631171875 0.1504788 0.36296444375000003 0.1459522671875 0.3309822328125 0.125972 0.2762118609375 0.1126348125 0.23580102812499998 0.0775580671875 0.24008474999999999 0.0446616625 0.241360478125 0.014009382812499999 0.2542429109375 0 0.278731371875 0 0.33732324375
0 0.5277571453125 0.267364221875 0.5168455703125 0.254764778125 0.5015921046875 0.24233371718750002 0.48303169218750003 0.21845525000000002 0.4623445453125 0.20478795625 0.4243466546875 0.2048145609375 0.3700477078125 0.201132471875 0.3560375921875 0.224827078125 0.3767500046875 0.2442812171875 0.39318366718750003 0.27837084375 0.4084813453125 0.300928878125 0.4214565046875 0.28885005625 0.43109946250000003 0.25953699375 0.45059379218749995 0.2486523109375 0.48428767500000003 0.25747434375 0.50279125 0.26833240625 0.5277571453125 0.267364221875
0 0.26061695 0.2516788 0.2344455921875 0.225201578125 0.1986249625 0.2265907109375 0.1563356921875 0.23835938906249998 0.1314645203125 0.261028228125 0.1424455671875 0.2895414890625 0.16219248749999998 0.336525228125 0.1946998625 0.3222419828125 0.2359036578125 0.3105154 0.2706388171875 0.30916835625 0.295611025 0.30964688906250004 0.2900889296875 0.28815670625 0.2845984125 0.273900078125 0.26061695 0.2516788
0 0.0546618546875 0.57365510625 0.09583407031249999 0.5546949671875 0.12295196718750001 0.5493024609375 0.1565637578125 0.53931725625 0.1891342875 0.539501121875 0.22162271718749998 0.5208777437500001 0.1975402125 0.47550910625 0.175616025 0.42716284375 0.16563205 0.37835354374999997 0.1601478421875 0.365543628125 0.1319192125 0.3651913828125 0.1004467921875 0.36785885 0.0625120453125 0.3823525671875 0.0463183546875 0.40323793906249994 0.025909067187500003 0.45322589999999996 0.0163482046875 0.5013462 0.0132496578125 0.5376402390624999 0.0079738546875 0.5725717671874999 0.0232841546875 0.598023221875 0.0546618546875 0.57365510625
0 0.5375493953125 0.14539587812500002 0.5545801703125 0.1367425890625 0.533787075 0.12894129375000002 0.5203844578125 0.123312721875 0.5093067953125 0.121897821875 0.47750044531249997 0.12743510625 0.4613921421875 0.136052621875 0.4351447421875 0.146907821875 0.44583093749999997 0.16432356718750002 0.4565225046875 0.1829687609375 0.4681016546875 0.19358670625000002 0.4772324125 0.1717134671875 0.48589388749999995 0.148013921875 0.502946125 0.14427846718749998 0.5213927953125 0.142948271875 0.5375493953125 0.14539587812500002
0 0.3978247375 0.05182635 0.3834647703125 0.038242078125 0.36542835 0.027874549999999998 0.3478960953125 0.027324782812499997 0.3331553921875 0.032200271875000006 0.3216594296875 0.0406389109375 0.3069831328125 0.06026787812499999 0.33149561250000004 0.07468810000000001 0.342195225 0.0951774828125 0.36478495 0.0918421171875 0.3822957421875 0.08747404375 0.39887601250000004 0.0812975609375 0.4099000078125 0.0704178890625 0.3978247375 0.05182635
0 0 0.234392428125 0.0019095703124999998 0.238103578125 0.0212679796875 0.2342786890625 0.0429352421875 0.23097909374999998 0.0599821078125 0.22601418281250002 0.076586525 0.22537026093749998 0.0964169046875 0.22398639999999997 0.0954380828125 0.211112871875 0.087996625 0.1972603 0.0810083453125 0.18154565625000002 0.07404690781249999 0.17197829375 0.05653343281249999 0.17573163281249998 0.0362471953125 0.1783628390625 0.0122684 0.18052240625 0 0.1817590328125 0 0.234392428125
0 0.9956304078124999 0.48518111093750005 0.983544075 0.47361884375 0.9680734 0.4537154109375 0.9571687171875001 0.44328355625000004 0.9345703703125 0.4489842609375 0.9110830421875 0.45833767812500004 0.8848656 0.464178728125 0.8994367625 0.485323128125 0.9294259578125 0.5143121890625 0.9547491578124999 0.5109179828125 0.9755484796875 0.507699221875 0.9954684578125 0.50373805 0.9956304078124999 0.48518111093750005
0 0.9385737328125 0.5368729937500001 0.9339761578125 0.52016614375 0.913092625 0.5040908671875 0.8940238953125 0.4891512890625 0.8767805171875 0.477759171875 0.8523568296875 0.47991240625 0.8197691046875001 0.477557928125 0.8007688078124999 0.4782947671875 0.8099323703125 0.5044732 0.8299111328125001 0.5205835671875 0.8444665125 0.5381103390625 0.8283437250000001 0.576124128125 0.8536458625 0.5679064171875 0.8807259796875 0.55238325 0.9087582375000001 0.54767790625 0.9385737328125 0.5368729937500001
0 0.6694400421875 0.6594757171875 0.699213425 0.6390237828124999 0.7200127453125 0.6358050109375 0.7516009453125 0.616488778125 0.7442416671875 0.5890342890625 0.7260566671875 0.5692361109374999 0.7160146453125 0.54912215 0.6834532375 0.55279705625 0.6626960296875 0.5656628390625 0.6499870578125 0.55650704375 0.6427383203125 0.5543759890625 0.6364785828125 0.5715038890625 0.6193773296875 0.592670478125 0.6231175046875 0.620265328125 0.6231806671875 0.6347358562500001 0.6332068953125 0.6512321890625 0.6396298078125 0.6714865062500001 0.6694400421875 0.6594757171875
0 0 0.179378271875 0.0076265203125 0.1737622171875 0.0365582953125 0.16781590625 0.0546117 0.1574671390625 0.0391252375 0.1339460609375 0.030908557812499998 0.11737955625 0.019120154687499998 0.11180630625000001 0 0.113491971875 0 0.179378271875
0 0.7486590671875 0.14984909375 0.764008675 0.1420173390625 0.7621201671875 0.12399934374999999 0.7213052328125 0.10266660624999999 0.6932098078125 0.0929014109375 0.6777286046875 0.0705862109375 0.6443150625 0.0863549890625 0.6145048296875 0.098365771875 0.59282705 0.107649021875 0.5920433453125 0.1354193 0.6119852671875 0.143088521875 0.6346467703124999 0.15185835625 0.669054575 0.156554428125 0.6889807046875001 0.1606060171875 0.7107742796875 0.1778520828125 0.7297114125 0.1626447109375 0.7486590671875 0.14984909375
0 0.26730247500000004 0.16489799375 0.25998004531249996 0.14588464375000001 0.25270499218750003 0.13772420000000002 0.23822857968750002 0.13828560625 0.2101963171875 0.14299094375000002 0.1902754546875 0.1401452390625 0.1595393921875 0.1473676 0.1768354125 0.1708185 0.1850784078125 0.1934143890625 0.1951625328125 0.22317537187499997 0.21413651250000001 0.21640915 0.23491477968750002 0.20836687187499997 0.23933864218749998 0.18527975000000002 0.2583178796875 0.1797194109375 0.26730247500000004 0.16489799375
0 0.3714780421875 0.18980400625 0.36323505 0.16720811093750002 0.32703347968749996 0.16619985625 0.2999112625 0.1720759890625 0.2637360125 0.1770971171875 0.2438730546875 0.187516071875 0.23404684531250003 0.21684310624999997 0.2440783421875 0.2345453171875 0.2648618671875 0.22770891093749998 0.2810741421875 0.21019504375000003 0.3000744375 0.20945820624999997 0.32636031249999997 0.21929357187499998 0.3426883921875 0.228309021875 0.3571069046875 0.2144829609375 0.3670173296875 0.204449978125 0.3714780421875 0.18980400625
0 0.6171454625 0.081378221875 0.6053044171875 0.0637461890625 0.591674875 0.051007839062500004 0.575394175 0.0528453 0.5473724375 0.059962400000000006 0.5248004171875 0.0716924828125 0.5022599703124999 0.09065784375 0.4978782171875 0.1233919828125 0.519587575 0.1213440109375 0.54311175 0.1204317390625 0.5703076671875 0.1314378890625 0.58741945 0.1126830609375 0.5963935171875 0.09544989375 0.6081450796875 0.09258199375000001 0.6171454625 0.081378221875
0 0.35863747031250004 0.15050125625 0.3395529546875 0.13194404375 0.3141665921875 0.1208677171875 0.2968863625 0.10103445 0.2797008828125 0.1029069890625 0.2562346125 0.11708392187500001 0.2472552828125 0.13311121718750002 0.26361494531249996 0.14936193281250001 0.2763502375 0.16454711718749998 0.29267305 0.17235669375 0.3125570625 0.16676125625 0.3396950796875 0.16450275 0.3596159421875 0.16734845625 0.3586532671875 0.15411889375 0.35863747031250004 0.15050125625
0 0.21548811250000002 0.11142759375 0.2036575953125 0.0962073109375 0.1963878046875 0.08925274375 0.1611226 0.095444671875 0.137598425 0.09635694375000001 0.11955027968750001 0.10791159374999999 0.1359152046875 0.12536819375 0.1513543 0.1380363609375 0.17848178750000002 0.1333661 0.198376325 0.130182428125 0.2164929 0.1343041890625 0.23002242968750003 0.12413084999999999 0.2327367578125 0.12402558906250001 0.21548811250000002 0.11142759375
0 0.1623168828125 0.16173287187500002 0.1432376328125 0.1443815390625 0.12959756718749998 0.1292314328125 0.10429542031250001 0.13744915625 0.08171287031249999 0.14676748906249998 0.0736330546875 0.16155380625 0.08369086718749999 0.18528540625 0.0983251921875 0.22090034374999998 0.13360092968749998 0.217120178125 0.1589241296875 0.21372597187500003 0.17880814218750002 0.20813053906249998 0.17777177500000002 0.178018678125 0.1623168828125 0.16173287187500002
0 0.7265140203125 0.46670139375 0.7291599125 0.450919728125 0.7055778375 0.4385673328125 0.68926555 0.4331695171875 0.6658098078125 0.4497582109375 0.6414124421875 0.4579408390625 0.6324173203125001 0.47035049375 0.6279987171875 0.49464348906250005 0.6081778671875 0.5147094562500001 0.6173466921874999 0.542093778125 0.6390034124999999 0.527987021875 0.6552209546875 0.5116790328125 0.67599395 0.502430878125 0.6940263046874999 0.4872585890625 0.7193179171875 0.476629121875 0.7265140203125 0.46670139375
0 0.490472125 0.10727607187499999 0.4653074078125 0.09848457187500001 0.4474456 0.0838285109375 0.4285918546875 0.0817689828125 0.40767505000000004 0.08676616718749999 0.3993984578125 0.1094125890625 0.3890222625 0.1307451 0.39961159999999996 0.1582412609375 0.4184897125 0.1658812109375 0.4393456171875 0.1469329828125 0.4581689171875 0.142016978125 0.48428904531250005 0.1298413109375 0.5010310078125 0.1277967109375 0.4915188828125 0.10723548281249999 0.490472125 0.10727607187499999
0 0.5131596796875 0.0282571390625 0.48177533281249996 0.03366025625 0.46407795781249994 0.056672021875 0.44947212031249995 0.068401171875 0.477886725 0.102182771875 0.4999111796875 0.11109604375 0.5019194296875 0.09148339375 0.5092101671875 0.08282860625 0.5259156 0.07241337812500001 0.5415986328125 0.0676191609375 0.5519931 0.0504719671875 0.5299686375 0.04155869375 0.5131596796875 0.0282571390625
0 0.0456626578125 0.1384793171875 0.061479675 0.1643774109375 0.08654086718750001 0.149452121875 0.10429305 0.13899629375 0.11885625468750001 0.1175014171875 0.09370371718750001 0.1115001328125 0.081081775 0.09803619999999999 0.058089725 0.10729988906250001 0.0319817828125 0.12226577187500001 0.0456626578125 0.1384793171875
0 0.2558470296875 0.081491371875 0.23907460781249998 0.07656044375 0.22752377968749998 0.06863634375 0.21394033750000002 0.074744478125 0.20139147500000001 0.0780218109375 0.20671658750000002 0.0987454109375 0.2183161375 0.11783035625 0.23617185 0.1310913171875 0.252883375 0.1220711890625 0.27065991718750004 0.11719579375 0.2737392796875 0.1031229609375 0.2716396828125 0.10180903906250001 0.2726681703125 0.0975831328125 0.2558470296875 0.081491371875
0 0.5662660796875 0.6820079609375 0.5307190828125 0.693153871875 0.48470454218750003 0.7047057171875 0.48903162499999997 0.7366307562500001 0.5183894546875 0.7466549828125 0.5613002703125 0.7435955437499999 0.5916500375 0.7410232328124999 0.6303555703125 0.73394085625 0.6323333703125 0.707352678125 0.6102662828125001 0.6886736671875 0.6028963796875 0.6791920890625 0.5662660796875 0.6820079609375
0 0.39056490781250003 0.8207143562500001 0.3630455375 0.7421269828125 0.1912423828125 0.8139614890625 0.20229016249999998 0.8545672281250001 0.2404148546875 0.8723989390625 0.3326828375 0.8422692390625001 0.39056490781250003 0.8207143562500001