0 0.5527342203125001 0.961813353125 0.673644159375 0.907153884375 0.70204604375 0.8751845890625001 0.754527365625 0.7779226796875001 0.772575 0.7499433468750001 0.755596659375 0.5837923593750001 0.69962295625 0.5992913468750001 0.567112453125 0.7278294171875 0.5002066734375 0.792392525 0.3142338375 0.7906718781250001 0.330714725 0.971965871875 0.3478394234375 0.9765843468750001 0.5527342203125001 0.961813353125
0 0.759032725 0.4945487828125 0.7494143546875 0.41730129531250004 0.7016594921875 0.398998525 0.6263861234375 0.44571982656250003 0.5787772999999999 0.478121653125 0.5242169671875 0.5227322109375 0.431967790625 0.572594640625 0.3489927390625 0.5801865703125 0.3109143 0.5756417625 0.27338193125 0.6352199875 0.2935080765625 0.7639275703124999 0.318031359375 0.78819949375 0.497528453125 0.7922767890625 0.59975793125 0.6943849171875 0.6948921203125 0.6006072171875 0.71447809375 0.5835934671875 0.7180014390625 0.5854367109374999 0.7309205296875 0.562561103125 0.759032725 0.4945487828125
0 0.7061428375000001 0.245466384375 0.666364503125 0.2362503328125 0.5259835609375 0.304245096875 0.43415301093750003 0.3321594484375 0.3258591515625 0.37386264687500004 0.2632597 0.3876559359375 0.24984831875000002 0.41547762187500004 0.257941865625 0.5070136984375 0.2573817359375 0.56347725 0.37151500312499997 0.583504128125 0.486587571875 0.5532423843750001 0.552328290625 0.5008576859375 0.6780664671875 0.4095640328125 0.71841309375 0.32332826875 0.717931884375 0.3235458140625 0.7061428375000001 0.245466384375
0 0.265193203125 0.2271169359375 0.240766071875 0.278050846875 0.236173003125 0.35628315312500003 0.26904154999999996 0.3921949671875 0.44547402500000005 0.336007628125 0.67293598125 0.23218189687500002 0.6734462171875 0.2320421734375 0.696277771875 0.2126545828125 0.704545475 0.11372211562500001 0.6674875140625 0.0452527109375 0.42080832968750004 0.136822775 0.265193203125 0.2271169359375
0 0.39529903593750004 0 0.24999701875000002 0.0656863328125 0.22254529375 0.1021943203125 0.2347656625 0.2045574421875 0.2589410765625 0.23351972499999998 0.3676326921875 0.1626249296875 0.4601381203125 0.118086365625 0.5937113218750001 0.07039490312499999 0.668934796875 0.0481748390625 0.6699773734375001 0.044846378125 0.6888428375 0 0.39529903593750004 0
0 0.1896506015625 0.8898443531250001 0.20533137968749998 0.9868578390625 0.3242187140625 0.9782871796875 0.3234659890625 0.9680633265624999 0.30762087656250003 0.8618991156250001 0.2376281515625 0.8599956859375 0.201607909375 0.8590535328125 0.1896506015625 0.8898443531250001
0 0.29312434375 0.8683082828125 0.3082934859375 0.802664871875 0.277826475 0.6804453015624999 0.21975159843749997 0.6758740453125001 0.166878459375 0.6789240640624999 0.1336665796875 0.7329226609374999 0.158604859375 0.8594548328125 0.23040995312499998 0.8632588015625 0.2924678734375 0.8705625453125 0.29312434375 0.8683082828125
0 0.27365812031250003 0.680271596875 0.28207895625 0.614052859375 0.2869096890625 0.5765109421875 0.25227865625 0.514197346875 0.1380247421875 0.5359294421875 0.1194324921875 0.563373371875 0.12963639062500001 0.676620884375 0.1729977421875 0.6751509812500001 0.27094256875 0.6789240640624999 0.27365812031250003 0.680271596875
0 0.2321656921875 0.311040975 0.11550798124999999 0.3764708015625 0.10534218125000001 0.40191865312499997 0.1235585140625 0.53148450625 0.25556622500000004 0.5118605515625 0.25375407656250004 0.40372942968750003 0.2321656921875 0.311040975
0 0.22251693437500003 0.14488401875 0.1918421921875 0.1596576921875 0.1331967609375 0.20792823125 0.0974871953125 0.27302874374999997 0.11670080468749999 0.3776701734375 0.2368603515625 0.315190371875 0.23669325312499997 0.31782204531249997 0.24927574687499998 0.23432846718749997 0.22251693437500003 0.14488401875
0 0.2225287390625 0.10947050625000002 0.240157525 0.0701344484375 0.0730628625 0.1456725390625 0.0853122 0.188727403125 0.1356169015625 0.2140370453125 0.1863275328125 0.1711668078125 0.22552033749999997 0.1443828265625 0.2243763 0.1437879546875 0.2225287390625 0.10947050625000002
0 0.006740014062499999 0.2926516671875 0.0658628 0.2600709359375 0.06151101875 0.25478528906250003 0.1157756375 0.232973865625 0.076958728125 0.143911346875 0.004073246875 0.17686050625 0.006740014062499999 0.2926516671875
0 0.112680634375 0.371272365625 0.09343573125 0.2557656734375 0.08016585937500001 0.249071903125 0.006759228125 0.2934859421875 0.0101968296875 0.4427466671875 0.0289205 0.44086925 0.106589503125 0.389438475 0.10774301875 0.38700125625 0.112680634375 0.371272365625
0 0.029271510937500002 0.432651140625 0.0105854234375 0.459619396875 0.0124983515625 0.5426788078125 0.0212936234375 0.59038276875 0.128225021875 0.5356962249999999 0.12858331875 0.534627621875 0.1068697609375 0.398478096875 0.029271510937500002 0.432651140625
0 0.0266681515625 0.574353846875 0.033268167187499996 0.6910437890625001 0.0486683734375 0.70215898125 0.1414518078125 0.6947213203125 0.12235884374999999 0.5483209359375001 0.0266681515625 0.574353846875
0 0.1639254671875 0.8787281984374999 0.1637688625 0.8814316218749999 0.1365892859375 0.7142954546875 0.13030221718749999 0.7062582171875 0.0509206234375 0.7067859609375 0.0328451890625 0.725840128125 0.05194720625 0.8581051093750001 0.06258085937499999 0.8656126343749999 0.1439707640625 0.8931887828124999 0.1644171125 0.8821324171875 0.1639254671875 0.8787281984374999
0 0.0728056234375 0.986103653125 0.0878865875 0.99532450625 0.2070680140625 0.9867326468750001 0.188017428125 0.8787164234375 0.18645087656249998 0.8785179937500001 0.14709343125000002 0.8899638968750001 0.060041453125 0.862227525 0.0728056234375 0.986103653125
0 0.7780260984375 0.7642660578125 0.898530296875 0.608335396875 0.8916658625 0.525309859375 0.8697527421875 0.48716531406249997 0.75407015625 0.598391846875 0.7780260984375 0.7642660578125
0 0.8471983078124999 0.5191202828125 0.8800831812500001 0.47705554531249994 0.8815372531250001 0.4800246796875 0.867973634375 0.41091028906249993 0.859005040625 0.3524048015625 0.745613771875 0.42270429531250003 0.7520282859375 0.516812646875 0.73421523125 0.5638499421875001 0.7503433625 0.600983225 0.8471983078124999 0.5191202828125
0 0.745477003125 0.42171255781249994 0.8283477421875001 0.3779030578125 0.8630721484375 0.3413706734375 0.8551369421875 0.268784378125 0.8559868875 0.27112000625 0.8363151999999999 0.21654966718750002 0.712920496875 0.2850250703125 0.7157746203124999 0.308231121875 0.7214285359375 0.34737959687500003 0.7171457421875 0.41366798749999995 0.745477003125 0.42171255781249994
0 0.8229985718749999 0.106490103125 0.8067996921875 0.0866145453125 0.7054886484375 0.1269742828125 0.6974250359374999 0.21312183281250002 0.7190528703125 0.2776872828125 0.838474953125 0.21010115312500002 0.8388897171874999 0.20977033281250002 0.8428847906250001 0.15189728281249998 0.8229985718749999 0.106490103125
0 0.690391478125 0 0.669208115625 0.0425907171875 0.7065327578125 0.12000575 0.7081513546875 0.1210185828125 0.8119288984375 0.0759860390625 0.8153450140625 0.00735198125 0.8126695828124999 0 0.690391478125 0
0 1 0.4221470515625 0.9901156203125 0.40819519218749994 0.8755161015624999 0.4772276671875 0.8670397640624999 0.503725 0.8950149921874999 0.5554481984375 0.9005981515625001 0.611854403125 0.9155423796875001 0.6069330640625 0.9263378515625 0.5984050890625 1 0.5336992046875 1 0.4221470515625
0 1 0.34487924375 0.9865920296875 0.316356359375 0.9670246562499999 0.2980035890625 0.8593453546875001 0.3439620578125 0.8508481515625 0.363215878125 0.8782088265624999 0.41068380156249995 0.884529453125 0.47219633906249997 0.8843644203125001 0.47494344218749995 0.9961292140625 0.40723981406250004 1 0.3550498390625 1 0.34487924375
0 0.9829801203124999 0.2735662828125 0.9767881562499999 0.21652727500000002 0.9546292140625001 0.17668061562499998 0.8331072140625 0.22617707031249998 0.8511080359375001 0.24433141093750002 0.8573660765625 0.2841134109375 0.8640345765624999 0.3409355890625 0.97230756875 0.291988878125 0.9829801203124999 0.2735662828125
0 0.8170993624999999 0 0.8168673296875 0.0556632109375 0.8071790578125 0.0780929171875 0.8308001703125001 0.11915774999999999 0.8301337796875 0.10983237187499999 0.8801017718749999 0.0836334671875 0.945794090625 0.076799359375 0.9588390078125 0.0540555578125 0.9465092421874999 0 0.8170993624999999 0
0 0.8459441921874999 0.21459464062500003 0.9040937 0.19793376875 0.9727471671875 0.16449110312499998 0.976170025 0.1316571734375 0.966777321875 0.0901767828125 0.9520179671875001 0.0727824171875 0.8294673843749999 0.1005069875 0.8386445765625 0.1781846796875 0.8451423546875001 0.2137537953125 0.8459441921874999 0.21459464062500003