0 0.6356996875 0.2336956515625 0.75045438125 0.24879226875 0.7477930640625 0.1853864703125 0.6485372421875 0.2035024125 0.6356996875 0.2336956515625
0 0.5194947828125 0.23067632656249998 0.6328404859375001 0.2427536234375 0.6344226265625 0.1823671515625 0.5295226015625001 0.1914251234375 0.5194947828125 0.23067632656249998
0 0.4076570109375 0.1853864703125 0.515267815625 0.2216183546875 0.5168252171875001 0.1702898546875 0.40634696249999996 0.14613526875 0.4076570109375 0.1853864703125
0 0.29417938125 0.2216183546875 0.39900519375 0.23973429687499997 0.40479780625000006 0.1944444421875 0.3028476875 0.161231884375 0.29417938125 0.2216183546875
0 0.1679796328125 0.24577295000000002 0.28274256875 0.25785023906250004 0.28004827187500003 0.2065217390625 0.16812804374999998 0.1914251234375 0.1679796328125 0.24577295000000002
0 0.16498850625 0.30314009375 0.2712397953125 0.3182367171875 0.2784496421875 0.2729468625 0.165120428125 0.2548309203125 0.16498850625 0.30314009375
0 0.1633651390625 0.3786231890625 0.2767438265625 0.3786231890625 0.2740412828125 0.33031400781250003 0.169190734375 0.32125603593749996 0.1633651390625 0.3786231890625
0 0.154771040625 0.411835746875 0.266666534375 0.435990340625 0.2681992 0.3937198046875 0.166207853125 0.3756038625 0.154771040625 0.411835746875
0 0.28270134375 0.2729468625 0.4016500203125 0.309178746875 0.40041418437500004 0.2427536234375 0.3026333125 0.23973429687499997 0.28270134375 0.2729468625
0 0.2766119046875 0.4269323703125 0.406989146875 0.42995168906250003 0.397216921875 0.3756038625 0.2881311671875 0.360507246875 0.2766119046875 0.4269323703125
0 0.2751122171875 0.4571256015625 0.4096834421875 0.4812801953125 0.40840638125 0.42995168906250003 0.28228908124999996 0.42391304375 0.2751122171875 0.4571256015625
0 0.40033173125 0.2729468625 0.522139609375 0.300120775 0.5208542953124999 0.25181159375 0.4160284859375 0.2336956515625 0.40033173125 0.2729468625
0 0.40579453125000003 0.34842995 0.52199119375 0.3544686015625 0.5150287078125 0.309178746875 0.4101451765625 0.31219806562499997 0.40579453125000003 0.34842995
0 0.4169180265625 0.4269323703125 0.531763415625 0.408816428125 0.5191402375 0.360507246875 0.41283123125000004 0.366545890625 0.4169180265625 0.4269323703125
0 0.5318706046874999 0.3695652171875 0.638245575 0.33937197812500003 0.62561415 0.2940821234375 0.5319777921875 0.33031400781250003 0.5318706046874999 0.3695652171875
0 0.5359821359375 0.4208937171875 0.6465345984375 0.4178743984375 0.6424395578125 0.360507246875 0.5360645890625 0.3907004859375 0.5359821359375 0.4208937171875
0 0.5343999968750001 0.4812801953125 0.649179425 0.48731884062499997 0.6379899734375 0.4329710140625 0.534531921875 0.4329710140625 0.5343999968750001 0.4812801953125
0 0.42242205468750005 0.48731884062499997 0.5202111703125001 0.48731884062499997 0.52321054375 0.4269323703125 0.4169097828125 0.42995168906250003 0.42242205468750005 0.48731884062499997
0 0.63393615625 0.360507246875 0.7444556390625 0.3695652171875 0.7446123 0.31219806562499997 0.645438928125 0.300120775 0.63393615625 0.360507246875
0 0.23924438124999997 0.6171497609375 0.3795752375 0.608091790625 0.3783394015625 0.5416666671875 0.23378157812499997 0.5416666671875 0.23924438124999997 0.6171497609375
0 0.2532518125 0.6775362312500001 0.38926500625 0.6926328484375001 0.3865707109375 0.6413043484375 0.2519665 0.62922705 0.2532518125 0.6775362312500001
0 0.26153259218749997 0.7590579703125 0.3975705234375 0.765096615625 0.3807121359375 0.7107487906250001 0.2617139859375 0.6926328484375001 0.26153259218749997 0.7590579703125
0 0.25859093906249997 0.7983091812499999 0.4030745546875 0.82548309375 0.3861996765625 0.7771739125 0.26295807187500003 0.7560386453125 0.25859093906249997 0.7983091812499999
0 0.2554596421875 0.9070048328125001 0.3942495890625 0.9432367171875 0.38311785 0.8677536234375 0.2640867203125 0.861714978125 0.2554596421875 0.9070048328125001
0 0.1199906296875 0.6926328484375001 0.24323223437500002 0.713768115625 0.22924129531249998 0.6473429921875 0.11727159843749999 0.65036231875 0.1199906296875 0.6926328484375001
0 0.1126735984375 0.7771739125 0.25728089062500004 0.7590579703125 0.246041965625 0.7228260875 0.10857030937500001 0.7228260875 0.1126735984375 0.7771739125
0 0.1009976765625 0.9009661812499999 0.2470469390625 0.8737922687499999 0.24579461249999998 0.8134057968749999 0.10257156875 0.8435990359375 0.1009976765625 0.9009661812499999
0 0.2663631796875 1 0.2567614421875 0.9492753625000001 0.122107765625 0.9553140078125001 0.12373365624999999 1 0.2663631796875 1
0 0.260955428125 0.9704106296875 0.384180540625 0.99758454375 0.38146975156249996 0.9522946890625 0.2610791046875 0.9251207750000001 0.260955428125 0.9704106296875
0 0.380506003125 0.786231884375 0.516535690625 0.7952898546875 0.5053544828125001 0.737922703125 0.400470953125 0.7409420296875 0.380506003125 0.786231884375
0 0.39592242187500004 0.8496376812499999 0.534737109375 0.87681159375 0.5335095140624999 0.8073671515624999 0.398888815625 0.8013285 0.39592242187500004 0.8496376812499999
0 0.3984600640625 0.9583333328125001 0.5372582546875 0.9915458906250001 0.5317707140625 0.9251207750000001 0.41699953125 0.9160628046875001 0.3984600640625 0.9583333328125001
0 0.5184922656250001 1 0.395576121875 0.976449275 0.37943265 1 0.5184922656250001 1
0 0.5039537375 0.7318840578125 0.5236960640625 0.7681159421875 0.6059450843749999 0.75 0.647168534375 0.7047101453125 0.6401977999999999 0.662439615625 0.5493959078125 0.6986715 0.5039537375 0.7318840578125
0 0.540406040625 0.87681159375 0.6552349390625001 0.8647342968749999 0.64973915625 0.8013285 0.5405709453124999 0.8164251234375 0.540406040625 0.87681159375
0 0.6379734796875 0.439009659375 0.7598555640625 0.439009659375 0.7515253125 0.3756038625 0.6579631625 0.3846618328125 0.6379734796875 0.439009659375
0 0.6060473125 1 0.6109379109375 0.99758454375 0.67191193125 0.985507246875 0.6635816796875 0.9221014500000001 0.5558224625 0.9402173906250001 0.5315728296875 0.99758454375 0.53156623125 1 0.6060473125 1
0 0.7586444625000001 0.363526571875 0.8649122453125001 0.37258454375 0.8622674187499999 0.30314009375 0.75453293125 0.31219806562499997 0.7586444625000001 0.363526571875
0 0.7583064078125 0.48731884062499997 0.7527693984375 0.439009659375 0.662025225 0.4541062828125 0.6392587890625 0.48731884062499997 0.691663453125 0.49939613749999995 0.7583064078125 0.48731884062499997
0 0.7525467796875 0.5205313984375 0.8716768500000001 0.49033816718749995 0.8576859078125001 0.42391304375 0.7683012515625001 0.46014492812499996 0.7525467796875 0.5205313984375
0 0 0.807716978125 0.048675465625 0.8586956515624999 0.0871716390625 0.7741545875 0.023495071875000002 0.737922703125 0 0.7816074125 0 0.807716978125
0 0.0512708203125 0.9462560359375001 0.0982291703125 0.87681159375 0.08699848906249999 0.8375603843749999 0.0386641328125 0.8919082093749999 0.0512708203125 0.9462560359375001
0 0.073185659375 1 0.10941038125 0.934178746875 0.092494275 0.9009661812499999 0.045527684375 0.9734299500000001 0.052791387499999995 1 0.073185659375 1
0 0.764725659375 0.212560384375 0.7518633671875 0.25181159375 0.7660192140625 0.25785023906250004 0.79584708125 0.2336956515625 0.8156388781249999 0.25181159375 0.8595236500000001 0.2699275359375 0.855412115625 0.2185990359375 0.8299596296875 0.19746376875 0.8101266015625 0.1944444421875 0.7902853328125 0.1944444421875 0.764725659375 0.212560384375
0 0.9064242796875 0.2216183546875 0.8894174765624999 0.2216183546875 0.8666922687499999 0.23973429687499997 0.8580981703124999 0.2729468625 0.8765139625 0.27596618125 0.9006399109375 0.263888890625 0.9275755953125 0.260869565625 0.948817609375 0.26690820937500004 0.9715098328125 0.260869565625 0.9531682515625001 0.23067632656249998 0.9546431999999999 0.209541065625 0.93055023125 0.209541065625 0.9064242796875 0.2216183546875
0 0.877824003125 0.315217390625 0.9005079890625 0.31219806562499997 0.9231589890624999 0.32125603593749996 0.9486609484375 0.3242753625 0.962915734375 0.2940821234375 0.9402977171875 0.2729468625 0.9176384687500001 0.26690820937500004 0.8921035312500001 0.27596618125 0.8707955546875 0.2940821234375 0.877824003125 0.315217390625
0 0.8834599593749999 0.32729468906250003 0.8734651156250001 0.3544686015625 0.8847370234374999 0.3786231890625 0.91308169375 0.3786231890625 0.9357574312500001 0.3786231890625 0.9598339109375 0.3846618328125 0.978348646875 0.351449275 0.9571396156249999 0.3333333328125 0.928786696875 0.33635265937500003 0.9075529281250001 0.32729468906250003 0.8834599593749999 0.32729468906250003
0 0.983448659375 0.559782609375 0.9607646796875 0.562801934375 0.9309945265625 0.565821253125 0.9026745921874999 0.5567632828125 0.902534421875 0.608091790625 0.915215315625 0.635265703125 0.9379405265624999 0.6171497609375 0.9591990312500001 0.6171497609375 0.9903369421875 0.6322463765624999 0.998270884375 0.6331857249999999 0.998458225 0.5645833328125 0.983448659375 0.559782609375
0 0.9180085609375 0.65036231875 0.9023695171874999 0.6684782609375 0.9022953093750001 0.6956521734375001 0.9391516296875 0.6926328484375001 0.9788424156250001 0.6896135296875 0.9981280031249999 0.6855072468750001 0.9982418265625 0.6438263765625 0.9761481156249999 0.638285021875 0.94921243125 0.6413043484375 0.9180085609375 0.65036231875
0 0.6830775984375 0.5295893703125001 0.6547164359375001 0.535628021875 0.648849615625 0.608091790625 0.6828962 0.5960144921875 0.7097989046875 0.6050724640625 0.7338671390625 0.614130434375 0.7722231421875 0.5809178765625 0.7510553375 0.5477053109375001 0.7454523640625 0.523550725 0.7128477484375 0.52657005 0.6830775984375 0.5295893703125001
0 0.7722808609375 0.559782609375 0.7735496796875 0.614130434375 0.7947834484375 0.6231884062499999 0.8274457796875 0.59903381875 0.8670953406249999 0.611111109375 0.8969396968750001 0.5809178765625 0.8828827921875 0.5386473406250001 0.8545546156249999 0.5326086953125 0.8247762171874999 0.5386473406250001 0.7963738296875 0.559782609375 0.7722808609375 0.559782609375
0 0.8259708296875001 0.6201690796875 0.8004606265625 0.6201690796875 0.7834125953125 0.635265703125 0.7747855171875 0.6805555578125 0.788949609375 0.6835748765624999 0.8116583265624999 0.6714975875 0.8456719312500001 0.6714975875 0.8754173468750001 0.6775362312500001 0.9009770203125 0.659420290625 0.8869118734375 0.6201690796875 0.8841103875 0.608091790625 0.845820346875 0.6171497609375 0.8259708296875001 0.6201690796875
0 0.876834578125 0.6775362312500001 0.85415884375 0.6775362312500001 0.8314831046875 0.6775362312500001 0.8073901359375 0.6775362312500001 0.7889248703125 0.6926328484375001 0.7760955640625 0.7198067609375001 0.7802730578125 0.7469806734375 0.819988578125 0.734903384375 0.8454987828125 0.734903384375 0.8808883953125 0.75 0.9079065312499999 0.7167874421875 0.892407659375 0.6835748765624999 0.876834578125 0.6775362312500001
0 0.8412141015625 0.7469806734375 0.8072004968750001 0.7469806734375 0.7929704421875 0.7681159421875 0.794305225 0.7983091812499999 0.8184064390625 0.7952898546875 0.84960206875 0.7892512093749999 0.8750875375 0.7983091812499999 0.906250184375 0.8043478265624999 0.9120427953125001 0.7590579703125 0.8908172750000001 0.7469806734375 0.8681332921875 0.75 0.8412141015625 0.7469806734375
0 0.947391184375 0.7892512093749999 0.9671829828125 0.8073671515624999 0.9926931874999999 0.8073671515624999 0.9978014765625 0.80507881875 0.9979637578125 0.7456521734375 0.9617036875 0.737922703125 0.923413646875 0.7469806734375 0.92040603125 0.8103864703125 0.947391184375 0.7892512093749999
0 0.9246659765624999 0.8073671515624999 0.91324565625 0.8375603843749999 0.9259512859375001 0.8556763265624999 0.9614151046874999 0.8435990359375 0.98834254375 0.8435990359375 0.9976918703125 0.8452147828125 0.9978123671875 0.801090615625 0.9870489859375 0.7983091812499999 0.95586985 0.7983091812499999 0.9246659765624999 0.8073671515624999
0 0.8885929562499999 0.523550725 0.9494597890625001 0.5507246375 0.99200153125 0.5416666671875 0.9985370609374999 0.5357142828125 0.9986601765625001 0.4906303546875 0.9808533031250001 0.472222225 0.9425797515625 0.47524154375 0.8986372656249999 0.4782608703125 0.8885929562499999 0.523550725
0 0.7136960609375 0.734903384375 0.6796577203124999 0.7439613546875 0.661233684375 0.7439613546875 0.6511563875 0.8013285 0.686587228125 0.8013285 0.7149401421875 0.7983091812499999 0.74326008125 0.8073671515624999 0.7645268296875 0.8043478265624999 0.7773726296875 0.7711352687499999 0.76612545625 0.737922703125 0.7363717953125 0.734903384375 0.7136960609375 0.734903384375
0 0.72821469375 0.608091790625 0.7012707687499999 0.614130434375 0.6800452453125 0.6020531375 0.6573365265625 0.614130434375 0.6416480171875001 0.65036231875 0.6557873671875 0.662439615625 0.684132040625 0.662439615625 0.7067665515625 0.6775362312500001 0.7464490921875 0.6775362312500001 0.7648731296875 0.6775362312500001 0.767831271875 0.6322463765624999 0.7551338875 0.611111109375 0.72821469375 0.608091790625
0 0.5966345953125 0.52657005 0.5314171156249999 0.535628021875 0.514212428125 0.608091790625 0.57372799375 0.611111109375 0.644663878125 0.5839371953125 0.634908146875 0.523550725 0.5966345953125 0.52657005
0 0.3937805546875 0.5960144921875 0.370989384375 0.638285021875 0.42619553125 0.662439615625 0.4772406765625 0.6533816453125 0.5014325921875 0.6171497609375 0.49021839843750004 0.57185990625 0.4874334046875 0.5537439640625 0.46192320000000003 0.5537439640625 0.4165799734375 0.5507246375 0.3937805546875 0.5960144921875
0 0.5267861359375 0.6745169062499999 0.5650267078125 0.6835748765624999 0.6118531296875 0.662439615625 0.6316943984375001 0.662439615625 0.627574621875 0.614130434375 0.587908571875 0.608091790625 0.55387023125 0.6171497609375 0.5198153984375 0.6322463765624999 0.49707370468749995 0.6564009640624999 0.5267861359375 0.6745169062499999
0 0.39922687031250004 0.6775362312500001 0.38781479218750003 0.7047101453125 0.42317967031250003 0.7288647312500001 0.4600112515625 0.734903384375 0.48268698906249996 0.734903384375 0.513857884375 0.737922703125 0.5182827343749999 0.6745169062499999 0.4771499796875 0.6865942031250001 0.45165626562499994 0.6805555578125 0.41764265937499995 0.6805555578125 0.39922687031250004 0.6775362312500001
0 0.717494275 0.9009661812499999 0.7755926046875 0.9039855078125001 0.772881815625 0.8586956515624999 0.7218531625 0.861714978125 0.6906905140624999 0.8556763265624999 0.669357803125 0.8828502390624999 0.6607224796875 0.9311594203125001 0.6905585921874999 0.9039855078125001 0.717494275 0.9009661812499999
0 0.8166758875 0.9100241515624999 0.853540453125 0.9039855078125001 0.900350384375 0.8888888906249999 0.914572190625 0.8707729499999999 0.8976560843750001 0.8375603843749999 0.8508543953125001 0.8496376812499999 0.8139733437500001 0.861714978125 0.792657121875 0.8828502390624999 0.7840547796874999 0.9190821234375001 0.8166758875 0.9100241515624999
0 0.8280302484375 0.9039855078125001 0.78971546875 0.9221014500000001 0.8051813609374999 0.9673913046875 0.844880390625 0.961352659375 0.870398840625 0.9583333328125001 0.9001525000000001 0.961352659375 0.9285301499999999 0.9492753625000001 0.9059698468749999 0.9070048328125001 0.887570546875 0.8979468625000001 0.8592093843749999 0.9039855078125001 0.8280302484375 0.9039855078125001
0 0.72505041875 0.7288647312500001 0.768976415625 0.7318840578125 0.7563367484375 0.6896135296875 0.7223726125 0.6714975875 0.6897762375000001 0.6714975875 0.6486847109375 0.6684782609375 0.6456606046875 0.737922703125 0.6966892578125 0.734903384375 0.72505041875 0.7288647312500001