0 0.0769230765625 0 0 0.007444168750000001 0.0011834296875 0.0794044640625 0.08402366875 0.069478909375 0.0769230765625 0
0 0.08402366875 0 0.08994082656249999 0.0868486328125 0.12307692343750001 0.0868486328125 0.1905325453125 0.0471463984375 0.185798815625 0 0.08402366875 0
0 0.19408283906249998 0 0.19408283906249998 0.05210917968749999 0.235502959375 0.022332503125 0.280473371875 0.027295284375 0.280473371875 0.00496278125 0.202366865625 0 0.19408283906249998 0
0 0.280473371875 0.00496278125 0.29822485312499997 0.08188585781249999 0.3384615390625 0.027295284375 0.40355029531250003 0.009925559375 0.280473371875 0.00496278125
0 0.4118343203125 0 0.340828403125 0.027295284375 0.319526628125 0.0397022328125 0.319526628125 0.0967741953125 0.4059171609375 0.0918114140625 0.48875739687499997 0.0570719609375 0.4852071015625 0 0.4118343203125 0
0 0.5360946734375001 0.037220846875000005 0.49230769218750003 0.049627793749999996 0.4106508875 0.1066997546875 0.4248520703125 0.176178659375 0.467455621875 0.166253103125 0.533727809375 0.121588090625 0.5360946734375001 0.037220846875000005
0 0.12899408437499998 0.0893300265625 0.002366865625 0.0769230765625 0 0.15880893437500002 0.12189349218750001 0.14888337499999998 0.1183431953125 0.0918114140625 0.12899408437499998 0.0893300265625
0 0.2781065078125 0.0942928046875 0.27692307656250004 0.032258065625 0.24142011718749998 0.019851115625 0.1207100578125 0.0893300265625 0.12307692343750001 0.1513647625 0.17988165625000002 0.156327540625 0.2236686390625 0.124069478125 0.2781065078125 0.0942928046875
0 0.0875739640625 0.153846153125 0.0011834296875 0.176178659375 0 0.24069478593750002 0.075739646875 0.2332506203125 0.0946745578125 0.2307692328125 0.093491121875 0.17866005000000001 0.0875739640625 0.153846153125
0 0.098224853125 0.15880893437500002 0.100591715625 0.2431761796875 0.2011834296875 0.2208436703125 0.18698225 0.153846153125 0.098224853125 0.15880893437500002
0 0.2295858 0.11414392343749999 0.18698225 0.156327540625 0.202366865625 0.210918115625 0.29822485312499997 0.18114144062499998 0.293491121875 0.1066997546875 0.2295858 0.11414392343749999
0 0.4094674546875 0.0843672453125 0.3230769234375 0.09925558125 0.301775146875 0.124069478125 0.3041420125 0.1960297734375 0.3455621296875 0.18858560625 0.40828402343750003 0.1836228265625 0.41656804531249997 0.16377170937500002 0.4094674546875 0.0843672453125
0 0.5360946734375001 0.0570719609375 0.53964496875 0.1464019875 0.675739646875 0.10173697343749999 0.6982248531249999 0.0471463984375 0.6781065078124999 0 0.635502959375 0.009925559375 0.5360946734375001 0.0570719609375
0 0.48402366875 0 0.48994082656250004 0.044665012500000004 0.542011834375 0.044665012500000004 0.64260355 0 0.48402366875 0
0 0.166863903125 0.30521091562499997 0.17041420000000002 0.2456575671875 0.100591715625 0.23573201250000003 0.0319526609375 0.2431761796875 0.037869821875 0.2952853609375 0.0911242625 0.297766746875 0.1479289921875 0.32009925781250004 0.166863903125 0.30521091562499997
0 0.267455621875 0.28287841406249997 0.3100591734375 0.302729528125 0.31597633125 0.26054590312500003 0.3029585796875 0.20347395000000001 0.2568047328125 0.19851116875000002 0.1964497046875 0.218362284375 0.171597634375 0.24069478593750002 0.17041420000000002 0.327543425 0.207100590625 0.32258064375 0.267455621875 0.28287841406249997
0 0.51360946875 0.2158808890625 0.48639053125 0.20347395000000001 0.4852071015625 0.15880893437500002 0.414201184375 0.18610421875 0.32544378906250004 0.19851116875000002 0.33254437812500004 0.25310173593749996 0.43313609687500004 0.26799007656249996 0.5029585796875 0.2704714640625 0.51360946875 0.2158808890625
0 0.7053254421874999 0.13895782031249998 0.6769230765625001 0.11414392343749999 0.5443787 0.14392059375 0.533727809375 0.121588090625 0.48639053125 0.16377170937500002 0.4852071015625 0.1836228265625 0.5100591734375 0.210918115625 0.511242603125 0.24069478593750002 0.5763313609375 0.2282878390625 0.666272190625 0.2258064515625 0.6781065078124999 0.20843672343750003 0.699408284375 0.18858560625 0.7053254421874999 0.13895782031249998
0 0.101775146875 0.297766746875 0.0248520703125 0.302729528125 0.027218934374999997 0.362282878125 0.098224853125 0.3920595546875 0.101775146875 0.297766746875
0 0.1656804734375 0.3300248125 0.10414201249999999 0.302729528125 0.0970414203125 0.3945409421875 0.13964496875000001 0.40694788906249996 0.202366865625 0.38709677343750004 0.202366865625 0.327543425 0.1656804734375 0.3300248125
0 0.207100590625 0.3300248125 0.207100590625 0.39950372343749996 0.293491121875 0.3920595546875 0.31597633125 0.33746898125 0.3147928984375 0.30769230937500003 0.2544378703125 0.2952853609375 0.207100590625 0.3300248125
0 0.3183431953125 0.33498759375 0.42603550312499994 0.349875928125 0.42366863906249996 0.27295285156250004 0.3183431953125 0.2630272953125 0.31360946875 0.2952853609375 0.3183431953125 0.33498759375
0 0.42840236562499995 0.339950375 0.506508878125 0.36724565937500003 0.5372781078125 0.362282878125 0.5301775140625 0.2952853609375 0.42366863906249996 0.2630272953125 0.42840236562499995 0.339950375
0 0.6615384609375 0.24069478593750002 0.549112425 0.23821339843749997 0.5360946734375001 0.2580645171875 0.5360946734375001 0.33498759375 0.6568047328125 0.33746898125 0.7053254421874999 0.2853598 0.7029585796875 0.1960297734375 0.6615384609375 0.24069478593750002
0 0.14556212968749999 0.47146401875 0.14674556249999998 0.40694788906249996 0.099408284375 0.4019851109375 0.029585800000000002 0.3746898265625 0.01301775 0.4168734515625 0.0236686390625 0.45905707187499994 0.14556212968749999 0.47146401875
0 0.1479289921875 0.404466503125 0.15029585781250002 0.47146401875 0.21301774999999998 0.47890818749999997 0.3088757375 0.4615384640625 0.3029585796875 0.39702233593749997 0.2 0.4019851109375 0.1479289921875 0.404466503125
0 0.6520710078125 0.33746898125 0.549112425 0.34739454062499997 0.5372781078125 0.364764271875 0.48402366875 0.3746898265625 0.4615384609375 0.4193548390625 0.5360946734375001 0.4193548390625 0.607100590625 0.404466503125 0.6603550312500001 0.4094292765625 0.6946745578125 0.327543425 0.6923076921875 0.29032258125 0.6520710078125 0.33746898125
0 0.3041420125 0.4193548390625 0.3988165703125 0.4342431734375 0.4615384609375 0.4193548390625 0.475739646875 0.3697270453125 0.4248520703125 0.354838709375 0.3171597625 0.339950375 0.2958579875 0.3846153875 0.3041420125 0.4193548390625
0 0.12189349218750001 0.7667493796875 0.0473372765625 0.7295285359375 0.06272189218749999 0.81389578125 0.1183431953125 0.8213399499999999 0.12189349218750001 0.7667493796875
0 0.11952662812499999 0.826302728125 0.142011834375 0.8411910656250001 0.21538461562500003 0.8312655093749999 0.2118343203125 0.7717121609375 0.12662721875 0.7841191109375 0.11952662812499999 0.826302728125
0 0.5479289921875 0.7518610453125001 0.542011834375 0.79652605 0.549112425 0.8511166250000001 0.5905325453125 0.828784115625 0.6142011843749999 0.8411910656250001 0.671005915625 0.826302728125 0.68639053125 0.7468982640624999 0.6769230765625001 0.71960298125 0.640236684375 0.7320099234375 0.5479289921875 0.7518610453125001
0 0.4816568046875 0.7394540968750001 0.427218934375 0.7444168703125 0.42840236562499995 0.818858559375 0.5384615390625 0.8312655093749999 0.5467455625000001 0.7568238203125001 0.4816568046875 0.7394540968750001
0 0.3207100578125 0.71960298125 0.3100591734375 0.7568238203125001 0.3100591734375 0.81389578125 0.42603550312499994 0.828784115625 0.4248520703125 0.7493796515625 0.3207100578125 0.71960298125
0 0.3100591734375 0.846153846875 0.3088757375 0.781637715625 0.21420118437500002 0.7568238203125001 0.21775148125000002 0.828784115625 0.3100591734375 0.846153846875