0 0.63692521875 0.263153825 0.697129984375 0.14544484375 0.685539190625 0.0347075484375 0.3985768375 0.0740460546875 0.40578420312499996 0.1536579578125 0.38958438906250004 0.29577662656250003 0.63692521875 0.263153825
0 0.5949138921875 0.53971968125 0.6128179171875 0.48635212031249997 0.6223398921875 0.39077433125 0.383896103125 0.393850415625 0.388094396875 0.5139103859375 0.373804159375 0.5583221984375 0.5949138921875 0.53971968125
0 0.8905938140625 0.264335909375 0.65037061875 0.273321325 0.6376746468750001 0.4007583671875 0.875733615625 0.3776417171875 0.8905938140625 0.264335909375
0 0.8446388453125 0.5326798671875 0.8834907218750001 0.48588300625 0.8910683687500001 0.38762575312499997 0.6472863531249999 0.4084298609375 0.6526043609375 0.48822522343749997 0.6311964953125 0.556274403125 0.8446388453125 0.5326798671875
0 0.8900933656250001 0.534002578125 0.6409181546875 0.5696717703124999 0.6353398140625 0.6734714390625001 0.860118309375 0.6487761140625 0.8900933656250001 0.534002578125
0 0.61591671875 0.5491533125 0.398310825 0.5530742109375 0.3893935671875 0.68014431875 0.6141720640624999 0.6554489875 0.61591671875 0.5491533125
0 0.3603499046875 0.054811854687499995 0.062216337499999996 0.10383997656249999 0.0687987625 0.249482928125 0.351597571875 0.19047078906249998 0.3603499046875 0.054811854687499995
0 0.3733093890625 0.532555746875 0.114797340625 0.57486815 0.1169413578125 0.6865227703125 0.35705460312500004 0.6718114765625 0.3733093890625 0.532555746875
0 0.8719492265625 0.673441765625 0.6587817421875 0.711351 0.6607608296875 0.8144168015625001 0.870259546875 0.7826003796875 0.8719492265625 0.673441765625
0 0.334552925 0.387168753125 0.063255175 0.453668934375 0.07112223749999999 0.567636096875 0.349977409375 0.5004020609375 0.334552925 0.387168753125
0 0.348093734375 0.20515240937499998 0.06584467031249999 0.2927939453125 0.0811042265625 0.3974384390625 0.3581799953125 0.336113740625 0.348093734375 0.20515240937499998
0 0.3704999953125 0.6819789765625 0.1344403375 0.7106380359375 0.1385836546875 0.827835065625 0.36897524531250003 0.799726403125 0.3704999953125 0.6819789765625
0 0.35974836093749996 0.8120954875 0.131521 0.8543353796875 0.139388059375 0.9683025546874999 0.369394825 0.9201533078124999 0.35974836093749996 0.8120954875
0 0.61617136875 0.660991396875 0.41023146875 0.6809891328125001 0.408596765625 0.7930106921875 0.6162061265625 0.761377734375 0.61617136875 0.660991396875
0 0 0.8201359281249999 0.1021910984375 0.8055544578125 0.10560521406250001 0.6876235609375 0 0.696322246875 0 0.8201359281249999
0 0.40198891249999996 0 0.3906520046875 0.0011008671875 0.3945782265625 0.0629612296875 0.6646463171875 0.030999789062499998 0.6645269921875 0 0.40198891249999996 0
0 0.6299813734375 0.7887228671875001 0.4127603015625 0.8126843312500001 0.407236940625 0.9193469390625 0.6228435234374999 0.9098836328125 0.6299813734375 0.7887228671875001
0 0 0.4938280125 0.0034554531249999998 0.49389509687500005 0.01798580625 0.3634116453125 0 0.3685233859375 0 0.4938280125
0 0 0.6619790546875 0.08410761562499999 0.6524234765625 0.0495696625 0.529573071875 0 0.541622740625 0 0.6619790546875
0 0.8648663484375 0.7974654765625 0.6523035875 0.8668670359374999 0.6921247890625 0.9691264765625001 0.876677046875 0.9196545234375 0.8648663484375 0.7974654765625
0 0 0.9349746984375 0.0003028453125 0.950746103125 0.106389396875 0.925614434375 0.096797909375 0.8204195484374999 0 0.8409042109374999 0 0.9349746984375
0 0.8921735390625001 0.149451415625 0.7100256390624999 0.1269829578125 0.6801605281249999 0.24748237343750001 0.8715353218749999 0.257581746875 0.8692611421875001 0.2377246390625 0.8921735390625001 0.149451415625
0 0.9907024484375 0.5887458078125001 0.90047471875 0.5817552109374999 0.8911726390625001 0.688784746875 0.98907936875 0.6946073859374999 0.9907024484375 0.5887458078125001
0 0.9925530359374999 0.4680457171875 0.9092270515624999 0.4460962765625 0.9018693015625001 0.5558052953125 0.9909760234375 0.5709027234375 0.9925530359374999 0.4680457171875
0 0.9259014125 0.4272674578125 0.9919955312500001 0.42896586093750005 0.9900755953125 0.3289805296875 0.9258666546875001 0.3268811265625 0.9259014125 0.4272674578125
0 0.8913084843749999 0.3015541140625 0.9895855828125001 0.30346199375 0.9877083171875001 0.20569874062500001 0.8894393453125 0.20421419218749998 0.8913084843749999 0.3015541140625
0 0.8986112625 0.1889821625 0.98727695625 0.1832344875 0.9854078062499999 0.08589399375 0.904299546875 0.0909083734375 0.8986112625 0.1889821625
0 0.7087311421875 0 0.7170882859375001 0.1004826453125 0.916920321875 0.05813178906250001 0.9528655234375 0 0.7087311421875 0
0 0 0.3527568015625 0.0102084765625 0.352693753125 0.007294821875 0.2009579875 0 0.2022501078125 0 0.3527568015625
0 0 0.20453462031249997 0.014907221875000001 0.2030870609375 0.010708932812499999 0.083027084375 0 0.08433581875 0 0.20453462031249997
0 0.348244115625 0.015831500000000002 0.3469070984375 0.0053487046875 0.050546353125 0.034126734375 0.0584376265625 0.10420690937499999 0.348244115625 0.015831500000000002