0 0.8489425953125 0 0.8506584531250001 0.04799064375 0.8611569171875001 0.1578531171875 0.87252413125 0.274526803125 0.886966440625 0.37398318124999996 0.9008295828125 0.4688987453125 0.9338045671874999 0.5264707078125 1 0.510686825 1 0.371505803125 0.9355806703124999 0 0.8489425953125 0
0 0.744067528125 0.589928659375 0.7665110953125 0.628076090625 0.8360228484375 0.560376334375 0.815574675 0.5168253984375 0.8008795515625 0.42916254218749994 0.7879173609375 0.244881121875 0.763631365625 0.06823279843749999 0.6981107421875 0.0961897234375 0.6701998578125 0.134704665625 0.69890519375 0.37353878749999997 0.71519529375 0.528809378125 0.744067528125 0.589928659375
0 0.5823414640625 0.1622029515625 0.6362960281250001 0.6122233515625 0.669533159375 0.639177084375 0.7310487375 0.62555385625 0.7190083296875 0.59359293125 0.6768189015625 0.09603519687499999 0.5933598375 0.09213278124999999 0.5823414640625 0.1622029515625
0 0.5576564953125 0.6127515046875 0.6085232031250001 0.62921328125 0.621549821875 0.6211405484375 0.6442751390625 0.634005915625 0.5816887656249999 0.1295342875 0.5683459484375 0.1128303078125 0.5017552375000001 0.12443489375000001 0.5576564953125 0.6127515046875
0 0.42477374218749997 0.6487789890625 0.3947353484375 0.5510256171875 0.3857170046875 0.3563381015625 0.3849540078125 0.281477659375 0.3912834796875 0.2071216703125 0.3234108890625 0.210502946875 0.31258139687500003 0.265081165625 0.3065415046875 0.34170756406249997 0.3305077890625 0.6122644203125 0.3783118453125 0.670222334375 0.42477374218749997 0.6487789890625
0 0.49168069843750006 0.6361113890625 0.557945428125 0.625890165625 0.49578390937499994 0.14479756875 0.44373492812500004 0.16407337187499998 0.432788203125 0.24324584531250001 0.46330656406250004 0.523844128125 0.49168069843750006 0.6361113890625
0 0.31859135312500003 0.206072371875 0.2591393140625 0.19025631406250001 0.24578436093749997 0.31995023906250003 0.2526653375 0.4565531328125 0.2662344484375 0.6628341328125 0.287015234375 0.6845396703125 0.33970086093749996 0.6567895578125 0.3008601703125 0.338491228125 0.31859135312500003 0.206072371875
0 0.1867324953125 0.40799242500000005 0.1867279484375 0.2977514203125 0.1964220953125 0.208448515625 0.13213501249999998 0.21186197343750002 0.1300249484375 0.307779771875 0.13943863125 0.436677675 0.1649953375 0.6646012609375 0.21945520625 0.664548303125 0.202369896875 0.5305943453124999 0.1867324953125 0.40799242500000005
0 1 0.6216600109375 0.9836628609375 0.5504588781249999 0.971900690625 0.530195484375 0.8974433015625 0.5415913828125001 0.887806853125 0.5872090531249999 0.9335194124999999 0.821628271875 0.953112353125 0.867472446875 1 0.85530089375 1 0.6216600109375
0 0.885563734375 0.5971736546875 0.8627903609375001 0.553427765625 0.8062347421875 0.5936765375 0.8646460125000001 0.8904373937500001 0.9410852656250001 0.870594553125 0.885563734375 0.5971736546875
0 0.73521638125 0.6995328890625 0.7840183609375 0.9113674953125 0.8570131828124999 0.8924187984374999 0.8253167781249999 0.6620702875 0.8027707375 0.6092835484375 0.7341626906250001 0.6224023296875 0.73521638125 0.6995328890625
0 0.748174015625 0.773573303125 0.732856090625 0.635451575 0.6487861984375 0.660116075 0.7001047812500001 0.9331505953124999 0.779010190625 0.9126675640625 0.748174015625 0.773573303125
0 0.612010484375 0.8769417234375 0.635241178125 0.9499885156250001 0.6994213765625 0.933328 0.642579603125 0.62813246875 0.5808084203125 0.6441676281250001 0.5906917546875 0.7511234578125 0.612010484375 0.8769417234375
0 0.6282646625 0.949526871875 0.5718096703125 0.64032668125 0.5083301703124999 0.6596461390624999 0.5642644953125 0.968413325 0.61577919375 0.95504064375 0.6282646625 0.949526871875
0 0.501313575 0.9769405046875 0.5380378484375 0.9752214953125 0.5645056265624999 0.968350728125 0.5031599203125 0.65246578125 0.44927416718749996 0.663613128125 0.501313575 0.9769405046875
0 0.34736702343750003 0.6673404781250001 0.21156104375 0.736684340625 0.20423246874999998 0.917120478125 0.20446764687500002 0.9908354781250001 0.42368513906249994 0.9805741921875001 0.41921294062500003 0.9082253453125 0.40035792812500004 0.85682603125 0.40719303125 0.7588829953125 0.39365623437499997 0.6803017609374999 0.34736702343750003 0.6673404781250001
0 0.22810701249999998 0.7185854734375 0.17717555625 0.7484512921875 0.134026353125 0.793742409375 0.135987090625 0.9940409625 0.2050799921875 0.9908068140624999 0.2082423921875 0.808566728125 0.22810701249999998 0.7185854734375
0 0.0877411515625 0.733923590625 0.0982860359375 0.6832098515625 0.07226937343749999 0.24067728124999999 0.0019241265625 0.22165134531250003 0.004798321875 0.5527468890625 0.030589662499999996 0.7549587609375 0.0877411515625 0.733923590625
0 0.5977737140625 0 0.6038692140624999 0.041694425 0.626960603125 0.07204702187499999 0.6301062734375 0.095868590625 0.6746514046875001 0.10072419218749999 0.7029477546875 0.0746141171875 0.6928045515625 0.0379096015625 0.681601778125 0 0.5977737140625 0
0 0.51845920625 0 0.5183964484375 0.0052428140625 0.5490678296875 0.095108015625 0.581654075 0.115483015625 0.6053180359375 0.06914269687499999 0.5954666703125 0 0.51845920625 0
0 0.431765159375 0 0.45741792031250006 0.11037687812500001 0.4912262140625 0.136611575 0.533417925 0.10923999531249999 0.5314980312500001 0.07410143125 0.5143751078125 0 0.431765159375 0
0 0.38504613125 0.1433680265625 0.3673695796875 0.004778531250000001 0.2823724328125 0.026842909375 0.3102192625 0.15711063281249998 0.33765558281249997 0.1999327078125 0.395190559375 0.18265164375 0.38504613125 0.1433680265625
0 0.1639919359375 0.057573265625 0.20148749531250001 0.193060121875 0.2653197296875 0.19760014374999998 0.21986839218749998 0.0430683140625 0.1639919359375 0.057573265625
0 0.14694432500000001 0.227903478125 0.1950483921875 0.22522416562499997 0.2038506671875 0.1904044953125 0.15467080625000001 0.059992935937500005 0.0888845046875 0.077070378125 0.14694432500000001 0.227903478125
0 0.0008673812499999999 0.0999187078125 0.00140594375 0.161958915625 0.016432765625 0.22201122343750002 0.0672073015625 0.20314900468750002 0.041860159375 0.089277409375 0.0008673812499999999 0.0999187078125
0 0.8128453609375 0 0.7799403453125 0.0039267015625 0.76848071875 0.07870185156250001 0.7864760875 0.3437719578125 0.8135496828125 0.500934415625 0.866455909375 0.55756785625 0.9262346671874999 0.5303328140625 0.9008295796875 0.4689059359375 0.8789684531249999 0.3526107875 0.841062059375 0 0.8128453609375 0
0 0.6910101625 0 0.7048645234375 0.04831518125 0.7499888140625 0.057711595312499996 0.7689436984375 0.0010996484375000001 0.768761546875 0 0.6910101625 0
0 0.38916598750000003 0.659330728125 0.4359529765625 0.9799999515625 0.5056299171874999 0.9767384625 0.43687461875 0.6497868984374999 0.38916598750000003 0.659330728125
0 0.430616146875 0.1711099515625 0.3918626421875 0.211662478125 0.388102634375 0.2923882015625 0.389844678125 0.4162516328125 0.39607295625 0.5201858671874999 0.419271690625 0.6056412765625 0.43638921406250003 0.643418159375 0.496493659375 0.6325068140625 0.4788337375 0.6042530578124999 0.45816770625 0.5111034515624999 0.44933319374999997 0.3867355640625 0.43720753593749995 0.3054424359375 0.43698693281249995 0.22105888281250002 0.43107745625 0.17590462812500002 0.430616146875 0.1711099515625
0 0.2067136234375 0.5646504359375 0.2245573734375 0.6632238296875 0.2685233375 0.6635386171875 0.26584357187499996 0.6149771109375 0.252049409375 0.4379483984375 0.2429620796875 0.3253740375 0.25385132499999996 0.259216675 0.25186128124999996 0.203653075 0.21057027343749998 0.19539348437499998 0.1896559765625 0.22427840468750002 0.1912555 0.4021271390625 0.2067136234375 0.5646504359375
0 0.08577395625 0.41543558437500006 0.097646796875 0.508522234375 0.1122361703125 0.6642343140625 0.13749419062499998 0.669405484375 0.1655744921875 0.6691528671875 0.1478732578125 0.5165941703125 0.12405403906250001 0.3022930265625 0.1321781984375 0.215947340625 0.1340377703125 0.21526053125 0.0784563328125 0.220306584375 0.074153925 0.3105554203125 0.08577395625 0.41543558437500006
0 0.3857775984375 0 0.36812844375 0.0045815375 0.3730398453125 0.06408609062500001 0.39222120625 0.131819734375 0.40738519375 0.181831621875 0.4249715796875 0.18195753750000002 0.43767184062500003 0.1575504734375 0.4558006265625 0.148153265625 0.4776204359375 0.1401435 0.4738926421875 0.12469214375 0.4513466078125 0.0719053984375 0.44186394843750004 0.02510985625 0.4339662625 0 0.3857775984375 0
0 0.22160290468750002 0.042618053125 0.2564897734375 0.1834732546875 0.28804505156250004 0.2104655109375 0.312723909375 0.2110958671875 0.3364972578125 0.19085107968749998 0.3123240234375 0.1666336859375 0.2991135796875 0.1043867875 0.28195950000000003 0.02695010625 0.22160290468750002 0.042618053125
0 0.0841383296875 0.22352275000000002 0.1196006828125 0.22604497812500002 0.136607909375 0.221630084375 0.1105868890625 0.14159846874999998 0.0907579921875 0.07658403750000001 0.039429175 0.08990846875 0.0498665203125 0.1339050640625 0.0841383296875 0.22352275000000002
0 0.22329442500000002 0.7221803453125 0.2765224484375 0.684907121875 0.2560034765625 0.6480132234375 0.20443941250000003 0.67078103125 0.034924103125 0.788942075 0.061528214062499996 0.9975262875 0.1322004046875 0.9942182125000001 0.13001661874999998 0.9551507765625 0.124114690625 0.8675508781250001 0.13413519062499998 0.7945823078124999 0.22329442500000002 0.7221803453125