0 0.04393939375 0.373376625 0.00606060625 0.4978355 0.2181818171875 0.5844155828125001 0.21969697031250002 0.441017315625 0.04393939375 0.373376625
0 0.259090909375 0.4870129875 0.24393939375 0.5194805171875 0.49696969687500003 0.5113636374999999 0.49393939375 0.4680735953125 0.259090909375 0.4870129875
0 0.2121212140625 0.7251082265625 0.1833333328125 0.7954545468750001 0.46666666718750005 0.8198051968750001 0.46515151718750003 0.7305194828125 0.2121212140625 0.7251082265625
0 0.49090909062500004 0.7332251078125 0.4818181828125 0.8495671015624999 0.7757575765625 0.8603896125 0.7136363640625001 0.74675324375 0.49090909062500004 0.7332251078125
0 0.7363636359375 0.63311688125 0.4787878796875 0.6033549765624999 0.4757575765625 0.676406928125 0.7348484828124999 0.692640690625 0.7363636359375 0.63311688125
0 0.34393939375000004 0.21645021406249998 0.3196969703125 0.2678571421875 0.503030303125 0.29491342187499997 0.49090909062500004 0.23268398281249997 0.34393939375000004 0.21645021406249998
0 0.2181818171875 0.6087662328125 0.20303030312499998 0.6872294343750001 0.4818181828125 0.7115800890624999 0.446969696875 0.6006493515625 0.2181818171875 0.6087662328125
0 0.0136363640625 0.695346321875 0.00151515 0.808982684375 0.195454546875 0.8522727265625001 0.19242424375 0.7359307375 0.0136363640625 0.695346321875
0 0.9757575765625001 0.6033549765624999 0.745454546875 0.6493506484375 0.7378787859375 0.7656926421875 0.996969696875 0.681818184375 0.9757575765625001 0.6033549765624999
0 0.69393939375 0.5844155828125001 0.7287878796875 0.6439393921875001 0.9621212140625 0.5979437203125 0.9893939406250001 0.5519480531250001 0.95151515 0.500541125 0.695454546875 0.5817099578125 0.69393939375 0.5844155828125001
0 0.689393940625 0.21645021406249998 0.5151515171875001 0.29491342187499997 0.5212121203125 0.3652597375 0.703030303125 0.2813852796875 0.689393940625 0.21645021406249998
0 0.5227272734375 0.3869047625 0.5106060593749999 0.45995670781250003 0.7439393937500001 0.49242424375000005 0.70151515 0.3950216421875 0.5227272734375 0.3869047625
0 0.2696969703125 0.37608225 0.2257575765625 0.43560605937499997 0.4803030296875 0.443722946875 0.454545453125 0.37878788124999996 0.2696969703125 0.37608225
0 0.44848485 0.5979437203125 0.45606060625 0.6141774875 0.689393940625 0.6006493515625 0.7303030296874999 0.5438311671875 0.69848485 0.5113636374999999 0.5166666671875 0.4870129875 0.5 0.5248917734375 0.44848485 0.5979437203125
0 0.8136363640625 0.3463203453125 0.854545453125 0.2732683984375 0.85 0.24621211875000001 0.6833333328125 0.3544372328125 0.7166666671875 0.39772727343750003 0.8136363640625 0.3463203453125
0 0.1666666671875 0.2867965359375 0.10757575625 0.324675328125 0.3348484828125 0.373376625 0.3287878796875 0.319264071875 0.1666666671875 0.2867965359375
0 0.49393939375 0.3869047625 0.5181818171875 0.35984848281250004 0.50151515 0.321969696875 0.339393940625 0.297619046875 0.360606059375 0.37067099375 0.49393939375 0.3869047625
0 0.0166666671875 0.5411255421875001 0.003030303125 0.627705625 0.190909090625 0.7278138515625 0.204545453125 0.6060606078124999 0.0166666671875 0.5411255421875001