0 0.7115335 0.2469897375 0.582898834375 0.15618403281249998 0.45576615781249996 0.1488488328125 0.562963634375 0.25620568593750004 0.7115335 0.2469897375
0 0.56238076875 0.342234096875 0.6828848187500001 0.3601394671875 0.68598168125 0.29540186562500004 0.5810893921875 0.29246776875 0.48116425312500005 0.21031382031249998 0.453742146875 0.2732082171875 0.56238076875 0.342234096875
0 0.554740134375 0.41498395468749993 0.672196646875 0.42931578281249994 0.680266415625 0.380414628125 0.570560703125 0.3468232828125 0.46668042343750005 0.28170949375 0.4490939734375 0.3227864609375 0.554740134375 0.41498395468749993
0 0.4459971078125 0.3875240578125 0.442097046875 0.43130940312500005 0.5367303 0.5272685187499999 0.6583565265625 0.5364845328125 0.6605457890624999 0.49236064687500003 0.664715496875 0.48724483281250003 0.5438373890625 0.4722359171875 0.4459971078125 0.3875240578125
0 0.5374290921875 0.5897867625 0.6491645765625 0.5940750390625 0.6458473890625 0.5518319671875 0.538281615625 0.542427871875 0.439638134375 0.43676376250000004 0.42301436875 0.48397217968749995 0.5374290921875 0.5897867625
0 0.52214206875 0.6402301734375 0.6262862421875 0.6489571671875 0.631523046875 0.6084068265625 0.5309599609375 0.5855361218749999 0.43632669999999996 0.489577 0.41932887656249995 0.539681865625 0.52214206875 0.6402301734375
0 0.510012753125 0.7477374671875 0.6120720656249999 0.759022365625 0.6104656734375 0.717117846875 0.508191784375 0.6939085890625 0.43483623437499996 0.5962191156250001 0.4216340609375 0.644104634375 0.510012753125 0.7477374671875
0 0.48943383906250004 0.8119860578125 0.6243173109375 0.800061725 0.625384403125 0.7646271984374999 0.51364891875 0.7603389234375 0.416661153125 0.6282681796875 0.39698985000000003 0.6719030453125 0.48943383906250004 0.8119860578125
0 0.47580829218750004 0.931079153125 0.6305776421875 0.8874443140625001 0.6211653687500001 0.838054153125 0.486711034375 0.8738271921875 0.4220689609375 0.763009653125 0.402986284375 0.8156724296875 0.47580829218750004 0.931079153125
0 0.44144346875 0.9676476921875 0.4706548265625 0.9656639031250001 0.4028818765625 0.857238403125 0.3851359390625 0.9131361796874999 0.420079753125 0.9634200703125 0.44144346875 0.9676476921875
0 0.5089740968750001 0.9630615890625001 0.6291148765625 0.954902653125 0.6158241609374999 0.9201704609375 0.5089740968750001 0.9630615890625001
0 0.45614598125 0.2410086921875 0.38439681875 0.18522375625 0.37044653437499997 0.23890216718750001 0.44369192343749997 0.2831012953125 0.45614598125 0.2410086921875
0 0.45406688125 0.33862291093749997 0.38194366562500004 0.2857344171875 0.3746220078125 0.32884266093750003 0.4326847734375 0.3819192375 0.45406688125 0.33862291093749997
0 0.3332323390625 0.1602465390625 0.29398836093749997 0.11089398125000001 0.275653796875 0.15776385312500002 0.324573934375 0.2001197828125 0.3332323390625 0.1602465390625
0 0.3313127234375 0.24303994218749997 0.280467215625 0.188421115625 0.264002934375 0.2208087171875 0.314848446875 0.2754275515625 0.3313127234375 0.24303994218749997
0 0.4381419078125 0.44834957031249995 0.3737694921875 0.3762015515625 0.3616894921875 0.41539770468750004 0.420181396875 0.49232298124999996 0.4381419078125 0.44834957031249995
0 0.368263034375 0.37808236562499997 0.31779158125 0.3205670765625 0.301167815625 0.3677754875 0.35885652343749996 0.42374850625000005 0.368263034375 0.37808236562499997
0 0.415159165625 0.5447976734375 0.3652212578125 0.469565128125 0.3531412578125 0.508761275 0.40174242343750005 0.5807588328125 0.415159165625 0.5447976734375
0 0.3559191421875 0.47366530156250003 0.3056071765625 0.4013292046875 0.28860935312499997 0.45143407656249995 0.34063211875 0.5241087109375 0.3559191421875 0.47366530156250003
0 0.3084894734375 0.32466724999999996 0.271115784375 0.2608324296875 0.2497336765625 0.30412875 0.2954467890625 0.3577319484375 0.3084894734375 0.32466724999999996
0 0.40966423125 0.736791115625 0.3650732921875 0.6744985640625 0.33417450312499997 0.7099706984374999 0.40004315 0.7705329109375 0.40966423125 0.736791115625
0 0.30465601875 0.585310378125 0.24006903125 0.50123800625 0.22093126562499998 0.527155603125 0.2876031078125 0.6086700828125 0.30465601875 0.585310378125
0 0.39529056875 0.861677128125 0.3452975734375 0.7596994109375 0.32883329687499996 0.79208701875 0.3754046921875 0.8933876406250001 0.39529056875 0.861677128125
0 0.38845313125 0.95537925625 0.3304396921875 0.8339915390625 0.31397541093750003 0.8663791406250001 0.351845703125 0.9499173656250001 0.38729553437500003 0.9569324609375001 0.38845313125 0.95537925625
0 0.28787276093749997 0.647339603125 0.2301289734375 0.5646214171875 0.21291658125000001 0.6028019296875 0.27846625 0.69300575 0.28787276093749997 0.647339603125
0 0.2621559578125 0.8170920640625001 0.2184166234375 0.72120776875 0.2049052421875 0.7403412375 0.2516445734375 0.8414921609375 0.2621559578125 0.8170920640625001
0 0.27614025 0.7373035640625 0.22244908125 0.6472382109375 0.210844434375 0.672979615625 0.27263846875 0.778667346875 0.27614025 0.7373035640625
0 0.3067087765625 0.9209256218749999 0.27185689218750003 0.8345883328125 0.26215898125 0.8669376921874999 0.292692584375 0.936843871875 0.3067087765625 0.9209256218749999
0 0.33128808125 0.8089652953125 0.296744865625 0.7273620515625 0.28413059218750003 0.7466730453125 0.31968343906249996 0.8347066984374999 0.33128808125 0.8089652953125
0 0.72766813125 0.0520963078125 0.629335265625 0.02799548125 0.61279615 0.0711417953125 0.71605901875 0.1101439671875 0.8443842921875 0.1355380125 0.851901665625 0.1091740828125 0.8269208390625 0.0903049171875 0.72766813125 0.0520963078125
0 0.7038653734375 0.172717884375 0.8448056812500001 0.195966371875 0.8375760734375 0.1457955515625 0.7206967609375 0.1273084484375 0.62173631875 0.08683671093749999 0.61008416875 0.12398721718750001 0.7038653734375 0.172717884375
0 0.706208015625 0.22888451875000002 0.837163696875 0.2339104421875 0.8412554343749999 0.2022267046875 0.7219949421875 0.1809474359375 0.6239113078125 0.1336863203125 0.6039465578125001 0.17151282031249998 0.706208015625 0.22888451875000002
0 0.516157384375 0 0.5836375078125 0.0421620453125 0.619728984375 0.049304121875 0.61799885 0 0.516157384375 0
0 0.5734897265625001 0.0888940890625 0.6060309687500001 0.10229649375000001 0.60757388125 0.058503570312499996 0.5873554000000001 0.04521873125 0.5090303234375 0.0041885703125 0.49382792656249996 0.047599403125 0.5734897265625001 0.0888940890625
0 0.5596670921875 0.153466603125 0.6051156265625 0.1624603265625 0.6036928265625 0.12040148125000001 0.5727805765625 0.10500048125000001 0.501555984375 0.05144965312500001 0.48384780312500003 0.10364846093749999 0.5596670921875 0.153466603125
0 0.4353161390625 0 0.4266565390625 0.0157393015625 0.47916703125 0.0655868328125 0.4937848890625 0.026702237499999996 0.4599603765625 0 0.4353161390625 0
0 0.42030823437500003 0.03305073125 0.367256253125 0.008626609375 0.3585698109375 0.0440430390625 0.41772086875000003 0.0743160125 0.42030823437500003 0.03305073125
0 0.1891029390625 0.08245733281249999 0.0950725 0.056886948437499994 0.0973721078125 0.09215641718749999 0.20493740312500003 0.1296890328125 0.1891029390625 0.08245733281249999
0 0.0344713890625 0.04993926875 0.080243953125 0.065557353125 0.0791134234375 0.021235384375 0.0394280265625 0.0115583078125 0.0344713890625 0.04993926875
0 0.0234428 0.135337371875 0.08442626875 0.1499395640625 0.08642910312499999 0.1132005328125 0.028417726562500002 0.0968148328125 0.0234428 0.135337371875
0 0.01802435 0.17729429531250002 0.07916545781249999 0.1906758015625 0.07390015 0.1571404109375 0.022094815625 0.14577525625 0.01802435 0.17729429531250002
0 0.01143298125 0.22833348125000003 0.0660519734375 0.2391419234375 0.06805480781249999 0.20240289687500002 0.0169505609375 0.185608975 0.01143298125 0.22833348125000003
0 0.000788915625 0.310754115625 0.0614617765625 0.31714624375 0.047548565625 0.2656528078125 0.007072103125 0.26210123125 0.000788915625 0.310754115625
0 0.183008365625 0.150880103125 0.0861798734375 0.1363608140625 0.0828833609375 0.1937324875 0.17716302343749998 0.19614258281250002 0.183008365625 0.150880103125
0 0.1760369890625 0.22609224375 0.07862396875 0.2160992109375 0.0778332421875 0.264682903125 0.1822221421875 0.2737354234375 0.1760369890625 0.22609224375
0 0.1668520921875 0.3078292375 0.073156965625 0.300892896875 0.070401946875 0.332841153125 0.165309184375 0.3516221609375 0.1668520921875 0.3078292375
0 0.147433346875 0.3945039546875 0.06351215 0.3755759875 0.054701096875 0.4225725578125 0.147227153125 0.438561403125 0.147433346875 0.3945039546875
0 0 0.3972889421875 0.050940153125 0.3986187109375 0.0503941609375 0.34977049375 0 0.34666026250000004 0 0.3972889421875
0 0 0.480945603125 0.1273054421875 0.4972850703125 0.1324416390625 0.46812897500000006 0.132733903125 0.465865846875 0 0.450998121875 0 0.480945603125
0 0 0.567572628125 0.12492876875 0.568764525 0.12617941562499999 0.52723473125 0 0.5278835328125 0 0.567572628125
0 0 0.6363101984374999 0.13086469218750002 0.63956799375 0.1307786109375 0.5977736734375 0 0.6027799671875 0 0.6363101984374999
0 0 0.7066677109375 0.108437196875 0.707079628125 0.1063052421875 0.6811271796875 0.11194439687499999 0.679922140625 0 0.67103976875 0 0.7066677109375
0 0.8046269578125 0.2947796671875 0.77926778125 0.23637930156250003 0.7149374921875 0.21436525 0.705000403125 0.29131148125 0.8046269578125 0.2947796671875
0 0.7886293390625 0.3125025703125 0.694766553125 0.2962492046875 0.6910101234375 0.34656698124999996 0.7939376890625 0.366935115625 0.7886293390625 0.3125025703125
0 0.779109134375 0.3756055328125 0.6874598765625 0.3528273140625 0.68712906875 0.408464896875 0.78558655 0.4209855828125 0.779109134375 0.3756055328125
0 0.7711363390625 0.46918718593750003 0.672386596875 0.458929634375 0.67548141875 0.519887025 0.774355784375 0.5185644359375 0.7711363390625 0.46918718593750003
0 0.76800748125 0.535875871875 0.6741447 0.51962250625 0.674106165625 0.572996975 0.7643756578125 0.57461350625 0.76800748125 0.535875871875
0 0.7593640765624999 0.5921894609375 0.6603220656250001 0.584195025 0.6685961234375 0.6368935 0.7557322578125001 0.630927096875 0.7593640765624999 0.5921894609375
0 0.732217265625 0.6750139296875 0.636936184375 0.6909733390625 0.6371899187500001 0.7420846859375 0.7407835921875 0.72544926875 0.732217265625 0.6750139296875
0 0.8821523078125001 0.235850275 0.8042055687499999 0.2343513015625 0.8081772 0.2885193390625 0.88537175 0.2852275328125 0.8821523078125001 0.235850275
0 0.8775190734375 0.2929574171875 0.8083448531249999 0.297836353125 0.8019149734375001 0.3476250828125 0.8921844734375 0.34924162187499996 0.8775190734375 0.2929574171875
0 0.8781081078125 0.3627027953125 0.799409184375 0.3564130640625 0.799662915625 0.40752440312499993 0.878194184375 0.404497121875 0.8781081078125 0.3627027953125
0 0.8627811 0.41769377499999993 0.796697203125 0.40925848125000003 0.79841226875 0.4490542046875 0.8631594421875001 0.45722497500000003 0.8627811 0.41769377499999993
0 0.783669796875 0.4995189296875 0.780957815625 0.5523643593750001 0.8605335390625 0.5518647171875 0.8556851109375 0.5044860640625 0.8589430890624999 0.500488859375 0.783669796875 0.4995189296875
0 0.8494228843749999 0.5635918203125 0.7733974031249999 0.557831121875 0.7721467609375 0.5993609234374999 0.8395673734375 0.6080607437500001 0.8494228843749999 0.5635918203125
0 0.8286674109375 0.6500020125 0.7528095890625 0.6535583390624999 0.76242036875 0.7065213203125 0.837190696875 0.6795401921875001 0.8286674109375 0.6500020125
0 0.9872118234375 0.282170865625 0.8804372421875 0.1960545515625 0.851824596875 0.21592301875 0.896650053125 0.2828174546875 0.9872118234375 0.282170865625
0 0.9681238765625 0.3132079875 0.8915954390625 0.27949624375000004 0.8886342265625 0.3555019484375 0.962446184375 0.36778749374999997 0.9681238765625 0.3132079875
0 0.9475360531250001 0.40893521093749996 0.8814521609374999 0.4004999171875 0.8758990843750001 0.443499275 0.9519245656249999 0.44925997500000003 0.9475360531250001 0.40893521093749996
0 0.9226458031250001 0.5061319937500001 0.9170066531250001 0.507337025 0.9261960468750001 0.49987165312500004 0.8683001390625 0.50234050625 0.8746099078125 0.5384035390624999 0.931336746875 0.5449871859375001 0.9226458031250001 0.5061319937500001
0 0.7843969468750001 0.7804990453125 0.665682453125 0.8080679875 0.6666883734375 0.863970103125 0.7932555421874999 0.82867125625 0.7843969468750001 0.7804990453125
0 0.650531184375 0.9534482437499999 0.6581738609375 0.9529292171874999 0.7852397156250001 0.9013557625 0.7768410390625 0.8602374359375 0.6474758109375001 0.9065873718749999 0.650531184375 0.9534482437499999
0 0.9922688890625 0.153318621875 0.9937601578124999 0.11064511562499998 0.900229834375 0.074639403125 0.8955535578125 0.11084939687499999 0.988874846875 0.1525261734375 0.9922688890625 0.153318621875
0 0.8974362812500001 0.159962134375 0.8857841265624999 0.197112640625 0.979982215625 0.23200004531250001 0.9894075390625 0.23519773125 0.9909842609374999 0.1900789671875 0.9868720156249999 0.1892651984375 0.8974362812500001 0.159962134375
0 0.9802350656250001 0.4976732828125 0.9814707031250001 0.46231476875000005 0.95610238125 0.4593705578125 0.94979711875 0.49757914062499997 0.97934416875 0.5045717828125 0.9802350656250001 0.4976732828125
0 0.9742276234375 0.5441909359375 0.941862865625 0.5377863390625001 0.9345131500000001 0.5734672828125 0.96915848125 0.5834430390625001 0.9742276234375 0.5441909359375
0 0.9089908234375 0.58002151875 0.8640022078125 0.5780816921875 0.8582814765625001 0.6117640390625 0.9074479078125 0.6238144421875 0.9089908234375 0.58002151875
0 0.8876307499999999 0.7391258140625 0.8209443000000001 0.7523859234375 0.8223497578125001 0.7860828718749999 0.9005137609375 0.7667393203125 0.8876307499999999 0.7391258140625
0 0.877886215625 0.80821248125 0.7992967578125 0.83721899375 0.8031081 0.8713920328125001 0.8900678531249999 0.84125700625 0.877886215625 0.80821248125
0 0.779967203125 0.9446580515624999 0.80937611875 0.9426608468750001 0.8694723812499999 0.9179435578125 0.8646837312500001 0.8849695765625001 0.771759565625 0.9167092171875 0.779967203125 0.9446580515624999
0 0.984437484375 0.377418628125 0.9858103234375 0.338134103125 0.965318515625 0.3246696609375 0.96160455 0.36003195468750004 0.9790946343750001 0.3764880390625 0.984437484375 0.377418628125
0 0.9634791187499999 0.41815849375 0.9828207078125001 0.4236836796875 0.984215884375 0.3837598140625 0.972728065625 0.3795598390625 0.9634791187499999 0.41815849375
0 0.9580244609375 0.460395775 0.9813942812500001 0.464501615625 0.9827073343749999 0.426927903125 0.9631154734375 0.4209743140625 0.9580244609375 0.460395775
0 0.9420425031249999 0.45867701875 0.883363534375 0.44417737187500006 0.8764275234375001 0.484677615625 0.936015603125 0.49213772499999997 0.9420425031249999 0.45867701875
0 0.9681202687500001 0.59148225 0.9240153578125 0.58505973125 0.9178066312500001 0.6199283390625 0.963140315625 0.63004373125 0.9681202687500001 0.59148225
0 0.7516528578125 0.7112229937500001 0.7505111765625 0.739874865625 0.8311482531250001 0.742836975 0.8273004187499999 0.71319774375 0.8295090578125001 0.709303140625 0.7516528578125 0.7112229937500001
0 0.724550184375 0.736181390625 0.6499428078125 0.745963596875 0.6563121765625 0.7890968203125001 0.724889853125 0.7665702828125001 0.724550184375 0.736181390625
0 0.0409207078125 0 0.0402279 0.005364640625 0.1090583109375 0.0205624109375 0.10723907656250001 0 0.0409207078125 0
0 0.24562229218749998 0.12029189062500001 0.28749567656249997 0.128578134375 0.283305515625 0.08121768593749999 0.25483161875000004 0.0755830390625 0.2093982890625 0.054959512499999995 0.2012876109375 0.091161153125 0.24562229218749998 0.12029189062500001
0 0.22364369687500002 0.19737228906249998 0.2685007390625 0.20915716718750002 0.26896916875 0.1656268015625 0.24625250781250002 0.1553150453125 0.20212789999999997 0.1378586984375 0.19621451875 0.1570459421875 0.22364369687500002 0.19737228906249998
0 0.21375587343750002 0.273937103125 0.2576704078125 0.2797190703125 0.262065 0.24569025625 0.2319161609375 0.23972416718749998 0.1879477 0.2077576921875 0.1835531078125 0.2417865125 0.21375587343750002 0.273937103125
0 0.20502061875000002 0.36817923124999996 0.2426016265625 0.36979965312499996 0.24678614687499997 0.3240964609375 0.21197871875000002 0.3143002828125 0.1761748609375 0.2723166796875 0.1703154109375 0.31768842343750003 0.20502061875000002 0.36817923124999996
0 0.186336184375 0.413645140625 0.230768765625 0.425615096875 0.23182485000000003 0.3956399359375 0.19837169999999998 0.38584267968749997 0.170749453125 0.34542649375 0.16228845 0.38187951249999996 0.186336184375 0.413645140625
0 0.1787901421875 0.45027922499999995 0.218047803125 0.4659910390625 0.22562331093750002 0.44366055156249995 0.194685515625 0.4216519296875 0.1667484609375 0.3764075390625 0.1577726078125 0.409581390625 0.1787901421875 0.45027922499999995
0 0.1818823390625 0.52079126875 0.2145058265625 0.5224811468749999 0.21261700781249998 0.49351185937500003 0.18456827656250002 0.492727275 0.165380653125 0.4523915640625 0.1560047 0.48866351249999995 0.1818823390625 0.52079126875
0 0.1703647578125 0.6027099671875 0.2081631609375 0.6006579875 0.209819396875 0.5660356671875 0.17047643125 0.5582501671875 0.1553487109375 0.5155405765625 0.1465170734375 0.5693952828125 0.1703647578125 0.6027099671875
0 0.1577880109375 0.6637667625 0.20107612656249998 0.662801128125 0.2016173609375 0.6295468015625 0.167878865625 0.6292249171875001 0.14892075 0.6016437375 0.14383421093749998 0.648296353125 0.1577880109375 0.6637667625
0 0.1561054 0.7349225703125 0.193388946875 0.7295914296875 0.19656028125 0.6905030062499999 0.16099188125 0.68981900625 0.1427781265625 0.67827151875 0.14023639999999998 0.727016365625 0.1561054 0.7349225703125