0 0.56062796875 0.6713433328125 0.5529975687500001 0.7462831296875 0.6069325437499999 0.8164243328125 0.6909472984375 0.84470749375 0.7632372671875001 0.876529296875 0.8469284765625 0.895970190625 0.8664659562500001 0.8494714562500001 0.8576005312499999 0.7556704625 0.780863065625 0.7102910796875 0.69390685625 0.669113303125 0.633523971875 0.6657325562499999 0.56062796875 0.6713433328125
0 0.683182278125 0.6324929203125 0.70667289375 0.680532771875 0.786240146875 0.6952583515625 0.8447934484375 0.6891338640625 0.87042571875 0.633718246875 0.855577178125 0.5923825671875 0.8236974 0.55804953125 0.734770359375 0.5305039500000001 0.6606918625 0.54429405 0.672993109375 0.5700086734375 0.683182278125 0.6324929203125
0 0.76710345625 0.42873884531249995 0.69022474375 0.4064968953125 0.6376545578124999 0.3601560734375 0.6214526984375001 0.416822975 0.652402896875 0.4797463140625 0.6861828828125 0.5120158578125 0.7461009796875 0.529691746875 0.817420321875 0.534986728125 0.8466115578125001 0.5768361234375 0.87457925 0.571747703125 0.9051238109374999 0.51559450625 0.8801271546875 0.46689170312500006 0.8528361171875 0.42297882031249995 0.76710345625 0.42873884531249995
0 0.8863402359375 0.1912314328125 0.8017900750000001 0.1888121359375 0.7272467812500001 0.21689738906249997 0.6661461890625 0.207400809375 0.6038631 0.2060835625 0.6167408046875 0.26105144375 0.659698284375 0.274161284375 0.6854126546875 0.3289799203125 0.75167845625 0.3581499015625 0.81141425625 0.34384609843749997 0.8693910921875 0.3084683453125 0.905182959375 0.3822228140625 0.932968359375 0.345154696875 0.9062127390624999 0.27537795 0.8863402359375 0.1912314328125
0 0.477360503125 0.5824901734375 0.4098826296875 0.6281853453124999 0.4238015921875 0.6981113390625 0.5106165515625001 0.76242655 0.5428494484375 0.73891600625 0.5499444390625 0.6898400859375 0.594761075 0.645769309375 0.660379790625 0.657254746875 0.6747931171875 0.646199734375 0.6583974890625 0.54908396875 0.6003796 0.5293445921875 0.5307485953125 0.556692265625 0.477360503125 0.5824901734375
0 0.595061671875 0.4110056359375 0.5327785781250001 0.4096883828125 0.488244434375 0.407484309375 0.44901674687500004 0.401816209375 0.40448260312500006 0.39961212968750004 0.39810531875 0.45480388281249995 0.417219065625 0.47771744375 0.47563111718749995 0.49473037656249996 0.527230678125 0.5145443828125 0.56251670625 0.5474768828125 0.5869664796875 0.5002405796875 0.62271729375 0.5188779140625 0.650755609375 0.502220790625 0.6283768671875001 0.4575703328125 0.595061671875 0.4110056359375
0 0.587349171875 0.37571116718750003 0.5590168828125 0.3168401796875 0.483038175 0.332693765625 0.4381098703125 0.3332161296875 0.43245029375 0.394523715625 0.46834235937499996 0.3900236359375 0.54615065 0.383675265625 0.55812835625 0.40054761718750004 0.587349171875 0.37571116718750003
0 0.680894528125 0.32699105 0.66382224375 0.27887658593750003 0.6340955890625 0.26289105625000003 0.577048328125 0.26967850625 0.5777364625 0.3424801796875 0.6246766499999999 0.383442746875 0.64428475625 0.325375303125 0.6719699515625 0.366561746875 0.680894528125 0.32699105
0 0.41687742187500004 0.65736398125 0.3899805515625 0.6107246734375 0.326979753125 0.6032915734375 0.2893287296875 0.586717721875 0.28327498906250004 0.6507517468749999 0.31659018906249997 0.6973164374999999 0.360659540625 0.7138156796875 0.422548465625 0.7178593703125 0.41687742187500004 0.65736398125
0 0.5181648531249999 0.57725250625 0.537772965625 0.5191850671875 0.4650888328125 0.49008970312500005 0.3973169859375 0.460256759375 0.383521175 0.5556821546874999 0.41145929375 0.6172795859375 0.43982115468750005 0.6094647281250001 0.4668888390625 0.566280771875 0.5181648531249999 0.57725250625
0 0.3202378796875 0.5945239328125 0.3757084765625 0.598642246875 0.37763825624999997 0.5298929203125 0.31424328749999997 0.525186265625 0.27716872656249997 0.5378656734375 0.27197394531249997 0.5848781109375001 0.3202378796875 0.5945239328125
0 0.38867490781249997 0.45355260468749997 0.3221972359375 0.45908875312499997 0.3191555828125 0.524448690625 0.3872099140625 0.508006771875 0.38867490781249997 0.45355260468749997
0 0.31602035 0.3577713890625 0.27435704375 0.3800306484375 0.26980935 0.44472763593750003 0.3180026546875 0.46594216718750003 0.38842199375 0.4331416109375 0.4218373875 0.40145175312500003 0.4229082125 0.34972401249999996 0.31602035 0.3577713890625
0 0.49669274375 0.260405796875 0.45104672187499995 0.2548123203125 0.4415867390625 0.3202468828125 0.4812085921875 0.3231885375 0.5188596203125 0.3397623890625 0.5586227187499999 0.3195666171875 0.555498965625 0.274692290625 0.49669274375 0.260405796875
0 0.3658494765625 0.234708475 0.3201328328125 0.24068372187499998 0.3014543046875 0.27016085156249997 0.3478590828125 0.336987296875 0.42437320156249997 0.29526983906250004 0.4484288078125 0.25075997499999997 0.42224965000000003 0.21023649375 0.3658494765625 0.234708475
0 0.27809831093750004 0.5092753640625001 0.2900760140625 0.526147709375 0.3185791171875 0.4951954265625 0.2863757984375 0.45202012968750005 0.22140416406250002 0.458219234375 0.1938306375 0.46058122187499995 0.19466001718749998 0.51024546875 0.23912353749999998 0.524018259375 0.2445006171875 0.508985525 0.27809831093750004 0.5092753640625001
0 0.346353040625 0.33632433906250003 0.3108140953125 0.28298085781250004 0.244659965625 0.29735928437500003 0.21335664687499997 0.29227951874999997 0.2077676984375 0.3420183953125 0.23846497968749997 0.384530740625 0.276974959375 0.384083 0.314120146875 0.3598348765625 0.346353040625 0.33632433906250003
0 0.20480813750000001 0.5176125859375 0.1783464859375 0.52336395 0.180287746875 0.5764176046875 0.2044550203125 0.5754561609375 0.2402058390625 0.59409349375 0.26562624375 0.5733840125 0.25601353437499996 0.54015303125 0.20480813750000001 0.5176125859375
0 0.1584558875 0.627706246875 0.193206503125 0.6865026171874999 0.2624137640625 0.728567221875 0.330326853125 0.735262734375 0.3555353765625 0.7492593953125 0.3644599515625 0.7096887093750001 0.30913060625 0.68243295625 0.26953832499999997 0.6128054625 0.22919876718749999 0.603747975 0.18297628125 0.568901234375 0.1584558875 0.627706246875
0 0.138560434375 0.29995378437500003 0.117728784375 0.3110834078125 0.12085254062499999 0.355957734375 0.153914815625 0.38211144375 0.1955075 0.37142090156249996 0.208879575 0.34540778437499997 0.20464394531250002 0.29714406718749997 0.138560434375 0.29995378437500003
0 0.23362331093750002 0.3736995984375 0.21332707499999998 0.3589653578125 0.20773812343750003 0.40870423437500003 0.2312287390625 0.4567440796875 0.25284873281250003 0.44016157343750006 0.2743980921875 0.43514778437499996 0.2644618421875 0.39307451875 0.23362331093750002 0.3736995984375
0 0.1485081640625 0.46383001874999996 0.1771229421875 0.4764261484375 0.1872300109375 0.42867613593750004 0.1427664890625 0.4149033453125 0.1189933765625 0.41313834531250004 0.1119690140625 0.4506455625 0.1485081640625 0.46383001874999996
0 0.210056778125 0.3927086796875 0.20584728437500002 0.376289309375 0.17324821875000002 0.3791541109375 0.155810996875 0.38339623437500003 0.14323874375 0.4096431421875 0.1686517296875 0.42612670937499997 0.1848935203125 0.42003414218749996 0.2047538421875 0.414210215625 0.210056778125 0.3927086796875
0 0.0879535375 0.31644757343749996 0.0721684765625 0.30420218593750004 0.065637859375 0.32913595625 0.083601540625 0.3516098765625 0.10575597187500001 0.3653348265625 0.11721604375000001 0.3518405 0.1106479421875 0.3264375796875 0.0879535375 0.31644757343749996
0 0.22031094843750001 0.266125209375 0.221165140625 0.2956339625 0.25463190468749997 0.2918269078125 0.2848401203125 0.285261228125 0.300850921875 0.2605279625 0.2975413703125 0.2378836734375 0.287045746875 0.234587740625 0.259800609375 0.2358366796875 0.24684962968750002 0.23940520312500002 0.22752927343749998 0.24149417343750001 0.22031094843750001 0.266125209375
0 0.062960040625 0.2719518828125 0.070846503125 0.293014284375 0.091646684375 0.3087670125 0.112500421875 0.3157479078125 0.11381856875 0.31083101874999997 0.11988067499999999 0.302505271875 0.10968356562499999 0.2848234375 0.10917735937499999 0.2505184203125 0.0881474140625 0.24895707968749997 0.0666000515625 0.2383725734375 0.062960040625 0.2719518828125
0 0.85697546875 0.344308790625 0.7993839046875 0.350535740625 0.76211593125 0.360972284375 0.7273848390625 0.3598941234375 0.6946075859375 0.3754653203125 0.692384575 0.40290746874999994 0.7622375375 0.40839366093749996 0.8189706578125 0.40810453750000003 0.8678177390625 0.420133296875 0.9144305578124999 0.5054848890625 0.9261139390625001 0.4331636609375 0.899813459375 0.3979023578125 0.8898135203124999 0.352448278125 0.85697546875 0.344308790625
0 0.8546298828125 0.728534753125 0.863633671875 0.7688135375 0.8828618625000001 0.75043594375 0.9142906500000001 0.720060803125 0.9103445062500001 0.6930608765625 0.9109659890625 0.6585980250000001 0.8965969390625 0.6554306734375 0.865222709375 0.643198765625 0.8409207671875001 0.684605771875 0.8222210515624999 0.7174263515625 0.8546298828125 0.728534753125
0 0.9273756437499999 0.5631911671875 0.9115588734375001 0.52780796875 0.8993743796875 0.503497265625 0.8866515546875 0.56736955625 0.8618980437499999 0.58173599375 0.87750020625 0.6186036546875 0.8927500484375 0.6458426546875 0.9156489656250001 0.632238753125 0.9273756437499999 0.5631911671875
0 0.9439578531249999 0.6415423703124999 0.9601045890625001 0.656544753125 0.9703897937500001 0.6215990625 0.9710112734375 0.587136215625 0.9517607328125001 0.5755043390625 0.9315140484375 0.5586971671875001 0.9246688593749999 0.636209284375 0.901946103125 0.6546274999999999 0.9224458500000001 0.6636514203125 0.9439578531249999 0.6415423703124999
0 0.0637736546875 0.3699073515625 0.075485459375 0.394672246875 0.08983451718749999 0.40560262968750005 0.1234373765625 0.41116654375 0.142433790625 0.3987658140625 0.1418184171875 0.37657854375 0.12567221875 0.3648570625 0.1093130515625 0.363423284375 0.08787602343749999 0.357447259375 0.070089465625 0.34385019687499996 0.0637736546875 0.3699073515625
0 0.864819534375 0.8508980562499999 0.8806238875 0.855373215625 0.9149313109375001 0.8456565312500001 0.9439270546874999 0.8063010859374999 0.9446017328125 0.8016343390625 0.9457346328125 0.7748324625 0.9275337703125001 0.7395199328125 0.906175965625 0.74500951875 0.8815656437499999 0.7540310984375 0.8658568624999999 0.7868260671875 0.864819534375 0.8508980562499999
0 0.918692675 0.7058456734375 0.9200771640625 0.7436831734375 0.9488311375 0.7439312218749999 0.9616247437500001 0.7123348765624999 0.96024025 0.6744973828124999 0.946399496875 0.6659228515625 0.9257163703125 0.6667456859375 0.918692675 0.7058456734375
0 0.9793730578125001 0.5042249328125 0.9720977734374999 0.47868554375 0.97574806875 0.46291930312499996 0.9588712562499999 0.4753451484375 0.9556538703124999 0.5260481359375 0.9457150000000001 0.5663467343749999 0.9685781812500001 0.5788929015625001 0.9800224249999999 0.55663005 0.985359421875 0.5291969375 0.9793730578125001 0.5042249328125
0 0.0930697734375 0.56577753125 0.04633139375 0.5476853203125 0.04121085 0.592586803125 0.0943333828125 0.623416778125 0.1121364625 0.67096355625 0.1309768765625 0.6544383453125 0.11283645625000001 0.6092249375 0.0930697734375 0.56577753125
0 0.1388214515625 0.53379799375 0.11657250625 0.52648595 0.1117288671875 0.57895494375 0.1341942609375 0.6037353578125 0.1590814828125 0.602281278125 0.16929725 0.5695501734375 0.161070390625 0.54111003125 0.1388214515625 0.53379799375
0 0.975833821875 0.3959465625 0.959475671875 0.3763364078125 0.94188904375 0.346258 0.9325545890625 0.2875478640625 0.9200730140625 0.373882709375 0.9104714828124999 0.4118479375 0.9406099484375 0.44993348749999995 0.9836629046875001 0.43662093750000003 0.975833821875 0.3959465625
0 0.594591040625 0.2355703703125 0.583172103125 0.20076135156250002 0.5500931546875 0.220946290625 0.51652085 0.2160953453125 0.48141785625000005 0.25028053125 0.4910545203125 0.259486296875 0.5237356890625 0.2515356109375 0.5730519046875 0.27076256718749997 0.594591040625 0.2355703703125