0 0.5278678718750001 0 0.5250780796875001 0.0168356375 0.5887772375 0.08107525 0.6338123796875 0.1013531328125 0.66465289375 0.026680317187500004 0.659902434375 0.0217235359375 0.5481445218750001 0 0.5278678718750001 0
0 0.9859998265625001 0.08511045 0.8303238203125 0.054850098437499994 0.868003096875 0.086374490625 0.9094926109375001 0.1318920546875 0.973496665625 0.138571209375 0.9859998265625001 0.08511045
0 0.902166621875 0.12758704062499998 0.87186573125 0.19948376875 0.9784385312499999 0.24612830312499998 0.99940741875 0.1522507109375 0.902166621875 0.12758704062499998
0 0.7944353343749999 0.051907465625 0.773003053125 0.134171034375 0.8727132671875 0.188124571875 0.9016270046875 0.130363134375 0.8636068984374999 0.0739960171875 0.7944353343749999 0.051907465625
0 0.6648512140625 0.022685482812499998 0.6456870078125 0.089256396875 0.650546596875 0.11324889375 0.7189468515625 0.13230653125 0.7632106734375 0.149553503125 0.781481471875 0.0695563890625 0.7661929468750001 0.0423843203125 0.6648512140625 0.022685482812499998
0 1 0.24399270468749998 0.980057384375 0.23780001875 0.900553825 0.23387003437499998 0.8915357890625 0.30126076875 0.9092730171875001 0.32199445937500004 0.9770544015624999 0.30924094687500003 1 0.31259068437500004 1 0.24399270468749998
0 0.9003221281249999 0.228063021875 0.8776490812500001 0.19772695625 0.8151084093750001 0.1625223921875 0.7629027546875 0.1581366125 0.7360712640625 0.2191837765625 0.7334524234375001 0.2676514921875 0.7849629828125 0.2546162421875 0.843186715625 0.312029565625 0.8827464234375 0.32548116875 0.9003221281249999 0.228063021875
0 0.6434523078125001 0.11475089375 0.570732084375 0.06892466875 0.5597080234375 0.118639559375 0.52685845625 0.1266591734375 0.5267852625 0.19002664687499998 0.60466996875 0.202284915625 0.7193370453125 0.2072880171875 0.739074246875 0.147742846875 0.6434523078125001 0.11475089375
0 0.3311645796875 0 0.3269776640625 0.056115440625 0.3462575265625 0.0829109515625 0.35558953125000003 0.10489181562500001 0.45468087968750004 0.12703420468749999 0.52408414375 0.1549297671875 0.5318704953125 0.12187144999999999 0.565335903125 0.09668561249999999 0.568341915625 0.074222034375 0.5250780796875001 0.0168356375 0.5084231078125 0.0395271109375 0.4187330046875 0 0.3311645796875 0
0 1 0.31608065625 0.9652559999999999 0.30694757031250003 0.9486833078125001 0.4132036390625 1 0.40233891093749996 1 0.31608065625
0 0.89956291875 0.42094151875 0.9494546203124999 0.41623455312499996 0.9615548921875 0.31199012187499997 0.8874505390625 0.3292765390625 0.8473512109374999 0.3186010359375 0.8344003750000001 0.3852273125 0.89956291875 0.42094151875
0 0.7193431015625 0.305242721875 0.732379240625 0.3711583875 0.8264585500000001 0.398088509375 0.8415678609375 0.3203578484375 0.7966851640625 0.2712997328125 0.7271294515625 0.272184403125 0.7193431015625 0.305242721875
0 0.7311384765625 0.258558746875 0.73290978125 0.22145023749999998 0.6140782015624999 0.20987565625000001 0.5947281734375001 0.2954249640625 0.717260853125 0.3019569875 0.7311384765625 0.258558746875
0 0.616236675 0.198771284375 0.491237603125 0.21192674218750002 0.468802309375 0.2853523875 0.5018073484375 0.2975298890625 0.594264778125 0.28381094687499997 0.616236675 0.198771284375
0 0.357595559375 0.1225676640625 0.3214260078125 0.06367926406249999 0.299377884375 0.16310904375 0.341794184375 0.23185464687500001 0.47604904374999996 0.2550701640625 0.49277720625 0.16901121875 0.4826738828125 0.1439994421875 0.357595559375 0.1225676640625
0 1 0.4138548 0.9452139015625001 0.424053196875 0.891697315625 0.4194125984375 0.8789781781249999 0.4918458890625 1 0.5027121703125 1 0.4138548
0 0.70022779375 0.44557639218749995 0.8026361015625 0.48564945000000004 0.8737344421875 0.4908266109375 0.890926 0.41638168750000004 0.8337845359375 0.402393521875 0.7208125359374999 0.37467202187500004 0.70022779375 0.44557639218749995
0 0.312718915625 0.17146425 0.3020027765625 0.2125960390625 0.3222124546875 0.311596940625 0.382283709375 0.3175116421875 0.45770202343750005 0.3494573921875 0.5402908515625 0.365511034375 0.5250962375 0.310699746875 0.46826269062500003 0.2881284859375 0.45893068281250005 0.2661476203125 0.34703791875 0.23287392499999998 0.312718915625 0.17146425
0 0.7146450359375 0.399402053125 0.731376228125 0.362320465625 0.7174925484375 0.30776400000000004 0.5949598671875 0.3012319765625 0.535352009375 0.30693129375 0.5402908515625 0.365511034375 0.606532628125 0.3956730453125 0.7146450359375 0.399402053125
0 0.8330434875 0.8891361328125 0.8962762281250001 0.892784375 0.931665384375 0.8017098 0.840982284375 0.8272975859375 0.8330434875 0.8891361328125
0 0.8319612218750001 0.8457109765625 0.740272084375 0.8134834812499999 0.7233884453125 0.8793452984375 0.8025078656250001 0.9062484968750001 0.830653315625 0.894433503125 0.8319612218750001 0.8457109765625
0 0.2199838359375 0.6835398265625 0.2197581953125 0.775687521875 0.27944530312500004 0.804575434375 0.30836207031249996 0.795791353125 0.3493881875 0.8296949015624999 0.36912538906250003 0.7701497265625 0.372283846875 0.7189059234374999 0.2743479640625 0.6768212218749999 0.2364071078125 0.65504134375 0.2199838359375 0.6835398265625
0 0.37251554375 0.724712928125 0.36550353593749996 0.8097795187499999 0.490118465625 0.8195972765624999 0.5076179453125 0.7365692453125 0.448394228125 0.7192953531249999 0.37251554375 0.724712928125
0 0.509160575 0.742631075 0.4905818609375 0.83121129375 0.6222910749999999 0.8395270546875 0.63470229375 0.7756768703125 0.6309981609374999 0.731742075 0.509160575 0.742631075
0 0.721306196875 0.876059559375 0.740887925 0.7963172671875001 0.6306170453125 0.8036926390625 0.6152760390625 0.8756162906249999 0.721306196875 0.876059559375