0 0.16973399218750002 0.8873162078125001 0.04805163125 0.9116007765624999 0.0535837640625 0.9871197015625001 0.17316140468750002 0.962867696875 0.16973399218750002 0.8873162078125001
0 0.315777059375 1 0.3190735203125 0.9998118296875 0.298465359375 0.9049250531249999 0.178838740625 0.9263776484375 0.18394862343750001 1 0.315777059375 1
0 0.4646899484375 0.8995522921875001 0.3212254765625 0.8821714578125001 0.3224501796875 0.9521567078125001 0.4638099203125 0.9695701171875 0.4646899484375 0.8995522921875001
0 0.467380771875 0.8127054359375 0.3344889359375 0.7979611484375 0.33355992031250004 0.8651795640625 0.4665007484375 0.8827232546875001 0.467380771875 0.8127054359375
0 0.47868646875 0.7369259203125 0.35421354374999997 0.722051334375 0.3510818234375 0.7837035046875 0.4818689359375 0.7984803609375 0.47868646875 0.7369259203125
0 0.199884271875 0.8056447015625 0.2021359640625 0.8140103609375 0.33027947968750004 0.7980262921875 0.3142237 0.7226702453125 0.1904855953125 0.7497867984375 0.199884271875 0.8056447015625
0 0.3616037078125 0.66313343125 0.36055258437500004 0.71078618125 0.4890631484375 0.7283648296874999 0.47741277968749996 0.6641412718749999 0.3616037078125 0.66313343125
0 0.482649228125 0.6024565265625 0.351862115625 0.5876796546875 0.338353715625 0.657892925 0.48602764374999996 0.6752086109375 0.482649228125 0.6024565265625
0 0.3291999765625 0.6160320687499999 0.2008115234375 0.618019090625 0.1997845359375 0.6796386859375 0.32597027968750003 0.6720854203125 0.3291999765625 0.6160320687499999
0 0.17457677656249998 0.6828289843750001 0.0463352875 0.693214234375 0.047462015625 0.757600659375 0.17991295937500001 0.747150265625 0.17457677656249998 0.6828289843750001
0 0.16542479999999998 0.7613753296875 0.05803464375 0.7602372015625 0.05294516406250001 0.8303201703124999 0.16655152812500001 0.825761765625 0.16542479999999998 0.7613753296875
0 0.17721861562500002 0.59318271875 0.055340299999999995 0.6062696546875 0.05676095625000001 0.6874525421875 0.18299569531249998 0.6826986921875 0.17721861562500002 0.59318271875
0 0.6607726406250001 0.916118771875 0.50629464375 0.8709067125000001 0.4907305046875 0.9439519687500001 0.653578428125 0.9862343140625001 0.6607726406250001 0.916118771875
0 0.5071746687500001 0.80088889375 0.5021495078125 0.866688765625 0.6649331125 0.91325421875 0.6656171843750001 0.8320387546875001 0.5071746687500001 0.80088889375
0 0.674720171875 0.7506929953125 0.507956715625 0.7252722453125 0.5092304078125001 0.7980569046875 0.6781475796875001 0.826244484375 0.674720171875 0.7506929953125
0 0.6713907406249999 0.6807403187500001 0.5026205359375 0.66095096875 0.5057540125 0.719706 0.6724684796875 0.742327334375 0.6713907406249999 0.6807403187500001
0 0.6784379875 0.6022265421874999 0.5309110234375 0.593309090625 0.52792626875 0.6633594890625 0.6796626921875 0.6722117921875 0.6784379875 0.6022265421874999
0 0.711037671875 0.6605255484375 0.7071711281249999 0.6801865578124999 0.8778501125 0.688745696875 0.8722200000000001 0.6076279578125 0.7184768234375001 0.6044070484375 0.711037671875 0.6605255484375
0 0.8853854796875 0.517818825 0.7088332078125 0.5345520953125 0.720630540625 0.6071738828125001 0.89297335625 0.5905057609375 0.8853854796875 0.517818825
0 0.873833084375 0.459194084375 0.688616959375 0.46206060625 0.7003653046875 0.531882978125 0.8768685875 0.5123503031250001 0.873833084375 0.459194084375
0 0.6921423359375 0.543210915625 0.5384481562500001 0.5427894156249999 0.5371762203125 0.5904119578125 0.6931221 0.5991991171875 0.6921423359375 0.543210915625
0 0.6764294765625001 0.4874507390625 0.5290004875000001 0.4841321015625 0.5237640359375 0.545816840625 0.6793670046875 0.5350081328125 0.6764294765625001 0.4874507390625
0 0.30326092031249996 0.8180456218750001 0.17036907968749998 0.8033013296875 0.17805493125 0.881587090625 0.3067863078125 0.8991959421875 0.30326092031249996 0.8180456218750001
0 0.8582181999999999 0.40903272343749997 0.700363540625 0.4114757765625 0.7054058000000001 0.45900060624999994 0.85694626875 0.456655265625 0.8582181999999999 0.40903272343749997
0 0.6794142359374999 0.417400340625 0.5316913125 0.3972852453125 0.5307623 0.46450365937500004 0.6804429843750001 0.476187946875 0.6794142359374999 0.417400340625
0 0.2161307234375 0.5309767921875 0.3268013234375 0.5992681859375 0.5037455 0.604930196875 0.5085385875 0.5308283031250001 0.471682928125 0.45701750468749996 0.19945582343749998 0.4570038515625 0.20774444062500003 0.5331715796875 0.2161307234375 0.5309767921875
0 0.21045477968749998 0.3897844359375 0.21696449218749997 0.463667696875 0.49468798437499995 0.4482609578125 0.495723340625 0.3946245421875 0.4719261078125 0.35060735625 0.21045477968749998 0.3897844359375
0 0.20847284375 0.3759502078125 0.22420496406249998 0.3908434203125 0.4741778046875 0.3589730109375 0.47079937968749996 0.2862209203125 0.2057636359375 0.320504128125 0.20847284375 0.3759502078125
0 0.443934571875 0.19471931874999998 0.213198215625 0.24309302656249998 0.2187303515625 0.318611946875 0.458032584375 0.278506175 0.443934571875 0.19471931874999998
0 0.176922928125 0.4559790578125 0.0020520359375 0.469036234375 0.0022128875 0.505802409375 0.0029011203125 0.545131021875 0.178150471875 0.53130931875 0.20798743593750002 0.5470315421875 0.20649087187499998 0.4615107015625 0.176922928125 0.4559790578125
0 0.0018710156249999998 0.42765995781250005 0.2011509203125 0.3968005578125 0.1915562921875 0.329745015625 0.0015674687499999999 0.358277334375 0.0018710156249999998 0.42765995781250005
0 0.0015342640625 0.3506880796875 0.180983659375 0.3271084734375 0.20762182343750002 0.3273971859375 0.2065294234375 0.2649983609375 0.18622011249999998 0.265423734375 0.00125406875 0.2866434625 0.0015342640625 0.3506880796875
0 0.001227571875 0.2805875265625 0.175500515625 0.25438896875 0.1702623046875 0.1956665046875 0.0009593765625 0.21928509531249998 0.001227571875 0.2805875265625
0 0.884409240625 0.7026450265624999 0.7027167359375001 0.6662546546875 0.6915090125 0.7476329890625 0.8774599640625 0.786757621875 0.884409240625 0.7026450265624999
0 0.563928115625 0.416707871875 0.7920701515624999 0.336881 0.7832947484375 0.3323975421875 0.8048018640624999 0.170224665625 0.7944849640625 0.13560262812499999 0.7868105359374999 0.1358231109375 0.5084958281249999 0.2302984890625 0.563928115625 0.416707871875
0 1 0.6045754578125 0.911915915625 0.5902125953125 0.908882171875 0.6574635796875 1 0.6735947875 1 0.6045754578125
0 1 0.5356461546875 0.91098514375 0.5370238078125 0.9119649078125001 0.593012 1 0.6035725640625 1 0.5356461546875
0 1 0.41842964374999997 0.8937536484375 0.394481909375 0.8949783515625 0.464467159375 1 0.48159185625 1 0.41842964374999997
0 0.8464208640625 0.3364109359375 0.6992858046875 0.3498887609375 0.6855324640625 0.406104978125 0.8453938765625001 0.39803052656250004 0.8464208640625 0.3364109359375
0 1 0.3783804734375 0.9992535640625 0.3357257078125 0.8842080078125001 0.33022578125 0.8748110875 0.3947750796875 1 0.39528605781250004 1 0.3783804734375
0 0.429730040625 0.1048456109375 0.1972723203125 0.1333824421875 0.2104527359375 0.1909784625 0.4375034765625 0.148160478125 0.429730040625 0.1048456109375
0 0.504128259375 0.08008606874999999 0.7780372765625 0.0378512984375 0.7814122875 0.006045378125 0.6405997203125 0.004955984375 0.5144562953125 0.0139289515625 0.504128259375 0.08008606874999999
0 0.0021042875 0.4809788140625 0.116090915625 0.4629097875 0.21150402031249999 0.4498731109375 0.20519654375 0.38754672343749996 0.1237720234375 0.40499089843749997 0.0018333203124999999 0.4190436390625 0.0021042875 0.4809788140625
0 0.2708539359375 0.1646116484375 0.2084715921875 0.1771371171875 0.2150008046875 0.24584381406250003 0.3121733078125 0.24026817031249997 0.4681089515625 0.2077988078125 0.45707147187499997 0.1732896328125 0.4408590515625 0.1411725421875 0.336551415625 0.142786871875 0.2708539359375 0.1646116484375
0 0.4176523515625 0.10685170156249998 0.44372925937499996 0.106448121875 0.441384084375 0.071804409375 0.303600759375 0.0485048296875 0.2794645515625 0.060438371874999994 0.2118668234375 0.0730445640625 0.20438795625 0.14252031874999999 0.25294350468750004 0.134832840625 0.3118893796875 0.1246725578125 0.4176523515625 0.10685170156249998
0 0.0006216078124999999 0.14208177187499998 0.0010596718749999999 0.1450616921875 0.19577654375 0.1472775953125 0.1982827203125 0.091750803125 0.047077084375 0.09640294687499999 0.0004521125 0.1033397234375 0.0006216078124999999 0.14208177187499998
0 0.197231871875 0.13107106875000002 0.1451184953125 0.13418960625 0.00061576875 0.140746834375 0.0009476359375 0.216602484375 0.193189471875 0.1981816328125 0.197231871875 0.13107106875000002
0 0.7849911796875 0.131227271875 0.777268828125 0.0874187765625 0.6333001765625 0.10814293125 0.49996452031249994 0.140262515625 0.49911591250000004 0.1911396546875 0.5104969953125 0.236644165625 0.5500570875 0.22040726562500002 0.6449443687499999 0.177322728125 0.7419745875 0.1573250265625 0.7849911796875 0.131227271875
0 0.5734998515624999 0.0697632546875 0.5043486953125 0.0840692875 0.5105924796875 0.1516568515625 0.7478717484375 0.09712056875 0.7794471765625001 0.1128158890625 0.79460794375 0.08483725 0.7866429078125 0.027160521875 0.5734998515624999 0.0697632546875
0 0.7958263 0.0061568890624999996 0.79531533125 0.014797 0.8130838484374999 0.0475592984375 0.93615053125 0.02484664375 0.9935875234375 0.0119415265625 0.9935130593749999 0.0076862875 0.7958263 0.0061568890624999996
0 0.914763971875 0.09453764375 0.9948492765625 0.084044021875 0.993516128125 0.00786160625 0.8498342078125001 0.06086253125 0.79096923125 0.0756455640625 0.795214659375 0.11950786718749999 0.8045363203125 0.1441925046875 0.8251729718749999 0.1421642125 0.914763971875 0.09453764375
0 0.8786607796875 0.11821639843750001 0.8113461843750001 0.1470022015625 0.8088400078125 0.20252899531250002 0.7874534515625 0.2722199890625 0.7854136484375001 0.34342213906249996 0.7995021203125 0.36451353124999997 0.8478149921875 0.342957803125 0.9012219 0.3143872453125 0.9583079765625 0.29731973906250003 0.998460371875 0.29039881875 0.9946851203125 0.074663234375 0.96323863125 0.0822274203125 0.8786607796875 0.11821639843750001