0 0.7674718406250001 0.412616075 0.7719220796874999 0.4461292015625 0.854205771875 0.4516635546875 0.8498801874999999 0.4234882421875 0.7674718406250001 0.412616075
0 0.852084103125 0.45504208437500004 0.77957601875 0.459777259375 0.7788679468749999 0.49227726250000003 0.863938978125 0.491527634375 0.852084103125 0.45504208437500004
0 0.7944675359375 0.50065445625 0.7981274515625 0.5317352265624999 0.87433785625 0.5284862578125 0.8684316171875001 0.495446209375 0.7944675359375 0.50065445625
0 0.9352005234374999 0.43341425312500004 0.9221389656250001 0.40807742812500003 0.87475676875 0.4207836703125 0.8921439187500001 0.47429580781249997 0.9352005234374999 0.43341425312500004
0 0.9309571921875 0.44017131562499995 0.8941409296874999 0.46557945156249997 0.9058711468749999 0.496727178125 0.9367387734375001 0.4678735453125 0.9309571921875 0.44017131562499995
0 0.907202490625 0.4909162734375 0.9203887015625 0.5215909109375 0.950715309375 0.500980553125 0.9352827765624999 0.4683466296875 0.907202490625 0.4909162734375
0 0.927003009375 0.5221309546875 0.9388578828125 0.558616496875 0.9617798578125001 0.53503373125 0.949800334375 0.4932103625 0.927003009375 0.5221309546875
0 0.9873645140624999 0.49982915156249996 0.95770358125 0.5175340578125 0.9686434734375 0.546249415625 0.9944774375 0.521720478125 0.9873645140624999 0.49982915156249996
0 1 0.5248800453125 0.9943527859374999 0.5163826609375 0.9657314828124999 0.5471955796875 0.9810393625 0.5744916875 1 0.5611211828125 1 0.5248800453125
0 1 0.5514241921874999 0.9786683875 0.567194575 0.9950159015625 0.6075986921875 1 0.6029397859375 1 0.5514241921874999
0 1 0.7185385671875 0.991435684375 0.7055718 0.9579477765625001 0.7164526796875 0.9727146390625 0.751992059375 1 0.7392371734375 1 0.7185385671875
0 0.9065368171875001 0.493821721875 0.870510884375 0.52166223125 0.88910471875 0.5640256390625 0.9279179921875 0.52990114375 0.9065368171875001 0.493821721875
0 0.8793291078125 0.5537561171875 0.8446345140625 0.57578571875 0.8594013781250001 0.6113250984375 0.8931809953125001 0.5815253046875 0.8793291078125 0.5537561171875
0 0.9055768828125 0.6097675765624999 0.8917249999999999 0.5819983875 0.8595260343750001 0.6166629234375 0.878411575 0.6401074140625 0.9055768828125 0.6097675765624999
0 0.9179727734375 0.6380098515625 0.9026648921874999 0.6107137375 0.8793265578125 0.64787760625 0.8903911062500001 0.681930784375 0.9179727734375 0.6380098515625
0 0.8883118359375001 0.6557147546875 0.9025376828124999 0.69949740625 0.926791 0.670103740625 0.9165167765625 0.6384829328125 0.8883118359375001 0.6557147546875
0 0.923550003125 0.5313203921875 0.889895040625 0.5664580046875 0.9009595890625001 0.6005111828125 0.933158553125 0.5658466468750001 0.923550003125 0.5313203921875
0 0.9359458921874999 0.5595626609375 0.9485910890625 0.5984805796875 0.969807759375 0.5646952468750001 0.9617798578125001 0.53503373125 0.9359458921874999 0.5595626609375
0 0.969017434375 0.5622628749999999 0.9518770453125001 0.613547878125 0.9702215703125001 0.6452356421875 0.9873619609375 0.5939506437500001 0.969017434375 0.5622628749999999
0 1 0.6278923515625 0.993559903125 0.6080717765625 0.9715529109375 0.639424740625 0.981036809375 0.6686131734375 1 0.6523208406250001 1 0.6278923515625
0 1 0.6561179515625 0.9847391249999999 0.6700993828125 0.994223021875 0.699287815625 1 0.6969558984375 1 0.6561179515625
0 0.9169331421875 0.6249018390625001 0.9418521249999999 0.5926027109375 0.9343652406249999 0.5546979234375 0.9037469281250001 0.594227196875 0.9169331421875 0.6249018390625001
0 0.95582866875 0.6257097265625 0.9433081218750001 0.5921296296875 0.9168084875 0.6195640140625 0.9278730359375 0.6536171921875 0.95582866875 0.6257097265625
0 0.9707625859375 0.6369923671875 0.929329028125 0.6531441109375 0.9411839015625001 0.689629653125 0.981827134375 0.67104554375 0.9707625859375 0.6369923671875
0 0.9402689234375 0.6818594640625 0.9529141203125 0.720777378125 0.9921013562500001 0.7026663484375 0.9826174562500001 0.6734779109375 0.9402689234375 0.6818594640625
0 0.9343202859374999 0.6784139687499999 0.896048028125 0.7042951875 0.909899915625 0.732064378125 0.9529141203125 0.720777378125 0.9343202859374999 0.6784139687499999
0 0.910690240625 0.734496746875 0.9299497453125 0.7739547015625 0.9699273078124999 0.7582760484375 0.9526648124999999 0.7101017374999999 0.910690240625 0.734496746875
0 0.8757141515625 0.3989593046875 0.8678109015625 0.37463561093750003 0.829955009375 0.38693573593749997 0.8438068968750001 0.41470492812500004 0.8757141515625 0.3989593046875
0 0.8651656078125001 0.36523214843749996 0.8574793843749999 0.345057121875 0.8079970281250001 0.36680301875 0.8147478703125 0.39106070625 0.8651656078125001 0.36523214843749996
0 0.802474103125 0.328920771875 0.8078218671874999 0.3593024546875 0.85645641875 0.3453895046875 0.8459062546875 0.3129194375 0.802474103125 0.328920771875
0 0.8419615703125001 0.2764137625 0.805134884375 0.28837947812500003 0.8151297734374999 0.31914058437500004 0.85029064375 0.30204801875 0.8419615703125001 0.2764137625
0 0.8130838484374999 0.319805346875 0.8026212640624999 0.29108557031250004 0.7614399875 0.2931299609375 0.774766509375 0.33414477656249997 0.8130838484374999 0.319805346875
0 0.7593064828125 0.29004443750000003 0.72563626875 0.30476329375 0.7387876328125 0.33827754374999996 0.7742112375 0.332435821875 0.7593064828125 0.29004443750000003
0 0.7420316828125 0.344780965625 0.75518304375 0.37829521875 0.8089324109374999 0.36272035625 0.799317634375 0.3261676328125 0.7420316828125 0.344780965625
0 0.7880632375000001 0.39595233125 0.7792664734375 0.37235940312500004 0.743930446875 0.381951409375 0.751148978125 0.4041677640625 0.7880632375000001 0.39595233125
0 0.7311889875 0.3218528 0.676884346875 0.335718709375 0.6907661390625 0.378442471875 0.745538471875 0.3625352359375 0.7311889875 0.3218528
0 0.5826335234375 0.0734904140625 0.5951692421875 0.10162916562499999 0.6540912140625 0.108935425 0.644096325 0.078174315625 0.5826335234375 0.0734904140625
0 0.584063809375 0.0674501515625 0.5251996250000001 0.08468691874999999 0.53241815625 0.10690327343749999 0.591457503125 0.0971670796875 0.584063809375 0.0674501515625
0 0.6560495656249999 0.1045203828125 0.5823384109374999 0.1039087890625 0.59204076875 0.1442117953125 0.666687303125 0.1407407234375 0.6560495656249999 0.1045203828125
0 0.5839166421875001 0.1052853578125 0.529261684375 0.10415013437500001 0.5387013046875 0.1332022984375 0.590842646875 0.1370436109375 0.5839166421875001 0.1052853578125
0 0.6157440890625 0.14406759687499998 0.62351789375 0.16799290625000002 0.668791021875 0.16461899062500002 0.6603743625 0.135234446875 0.6157440890625 0.14406759687499998
0 0.611477075 0.13789655781250001 0.554951346875 0.14492666406250002 0.563368003125 0.1743112 0.6209166921875 0.166948715625 0.611477075 0.13789655781250001
0 0.030554825 0.177389459375 0.042095565625 0.2059467265625 0.112767615625 0.1867627234375 0.10166217968749999 0.15258370937500002 0.030554825 0.177389459375
0 0.1092906171875 0.1482157140625 0.1187302375 0.17726787187499998 0.1773018921875 0.1695730046875 0.16675173125 0.1371029453125 0.1092906171875 0.1482157140625
0 0.23721882968750002 0.131211115625 0.17233423750000001 0.1333997046875 0.18139374531250002 0.16824348125 0.2446125234375 0.160928040625 0.23721882968750002 0.131211115625
0 0.29736872187499996 0.12489282187499999 0.2451100078125 0.138093965625 0.256945875 0.1814824953125 0.3079188828125 0.1573628828125 0.29736872187499996 0.12489282187499999
0 0.2589918 0.1808177328125 0.27176305 0.22012359843749998 0.3207777140625 0.200419028125 0.3085617375 0.1628221171875 0.2589918 0.1808177328125
0 0.1325560359375 0.12932010625 0.1203201125 0.0976343625 0.018035534375000002 0.1308686375 0.030259696875 0.1625582 0.1325560359375 0.12932010625
0 0.12480181562499999 0.09617816875 0.12413246874999999 0.09639565156249999 0.13886897812500001 0.134826384375 0.23090588906249998 0.12570483906250002 0.2198880359375 0.09527610625 0.12480181562499999 0.09617816875
0 0.3096162859375 0.07556848125 0.22342462031250002 0.092237634375 0.23414994218750002 0.132208259375 0.32405335156250004 0.1200012 0.3096162859375 0.07556848125
0 0.5287616078124999 0.10261105781249999 0.5174810140625 0.06093147812500001 0.48085928125 0.0596050125 0.49316283906249997 0.100952209375 0.5287616078124999 0.10261105781249999
0 0.4481822421875 0.09478423124999999 0.43558615156249997 0.062978928125 0.3912186125 0.083062928125 0.39899241875 0.1069882359375 0.4481822421875 0.09478423124999999
0 0.3627787984375 0.145205928125 0.37388423125000003 0.1793849375 0.423074053125 0.16718093437499998 0.414744978125 0.1415466734375 0.3627787984375 0.145205928125
0 0.3069257140625 0.13690252187500002 0.317651034375 0.176873146875 0.3659054734375 0.1687518046875 0.357956509375 0.1373259296875 0.3069257140625 0.13690252187500002
0 0.41243630937500003 0.13096058906250002 0.4224312015625 0.1617217 0.46697390156249996 0.149138271875 0.45586846562499994 0.114959259375 0.41243630937500003 0.13096058906250002
0 0.49099954375 0.118659434375 0.489568471875 0.07944765937500001 0.44093392031249995 0.093360615625 0.45621878593750004 0.1299603875 0.49099954375 0.118659434375
0 0.485856728125 0.074985571875 0.47697237968749995 0.0476423609375 0.43865504375000003 0.0619817859375 0.4469841203125 0.08761604843750001 0.485856728125 0.074985571875
0 0.37531889218750003 0.0863396875 0.3183254734375 0.095411128125 0.3299861796875 0.1312990859375 0.38975595625000004 0.130772403125 0.37531889218750003 0.0863396875
0 0.247681415625 0.159930896875 0.15292592968750002 0.1850507109375 0.1676555265625 0.21994153593750002 0.2576763078125 0.1906920125 0.247681415625 0.159930896875
0 0.1597643515625 0.21305868437500003 0.145502446875 0.17612653125 0.040137215625 0.210361771875 0.0534637359375 0.2513765859375 0.1597643515625 0.21305868437500003
0 0.139508240625 0.27254263437500004 0.12413579374999999 0.23219258125 0.052908465625 0.24966763906249997 0.068456071875 0.29751825 0.139508240625 0.27254263437500004
0 0.1350082765625 0.23432800937499998 0.14044362500000002 0.268459971875 0.21307402656250002 0.244860925 0.20150089843750002 0.2127232453125 0.1350082765625 0.23432800937499998
0 0.2619433203125 0.19686304999999998 0.2005655140625 0.21680590937500002 0.211670946875 0.250984915625 0.274246875 0.2382102421875 0.2619433203125 0.19686304999999998
0 0.320895084375 0.18337657031250001 0.32782108593750003 0.215134821875 0.38119034375 0.20535157656249997 0.3732413796875 0.1739257015625 0.320895084375 0.18337657031250001
0 0.37648542812499997 0.180429125 0.3865679015625 0.21494051875000003 0.42655105000000004 0.2057279453125 0.41489034374999995 0.16983998281249998 0.37648542812499997 0.180429125
0 0.40634555 0.55426895625 0.41689571406250003 0.5867390234375 0.48309580468749996 0.5746761515625 0.4719027890625 0.5367468609375 0.40634555 0.55426895625
0 0.541551878125 0.5178952359375 0.475439371875 0.5337083875 0.48829820156250003 0.57676453125 0.551166659375 0.5544479640625 0.541551878125 0.5178952359375
0 0.592144778125 0.49956724062499996 0.5477772421875 0.51965123125 0.5554336734375 0.5606190078125 0.601029128125 0.5269104515625 0.592144778125 0.49956724062499996
0 0.07088211250000001 0.291061878125 0.0836533609375 0.33036774062499996 0.14763236562499998 0.311469071875 0.13921570625 0.282084528125 0.07088211250000001 0.291061878125
0 0.143307559375 0.2807550046875 0.1539453046875 0.316975353125 0.233181178125 0.289340684375 0.21520753125 0.24794644531249999 0.143307559375 0.2807550046875
0 0.2640172421875 0.241534053125 0.216873346875 0.2530732953125 0.22908932499999998 0.290670209375 0.27819156718750004 0.2747159234375 0.2640172421875 0.241534053125
0 0.273341284375 0.22150016875 0.28333617499999997 0.252261278125 0.3303924921875 0.2369717546875 0.3202224421875 0.1987100765625 0.273341284375 0.22150016875
0 0.331065134375 0.2216382453125 0.3358576328125 0.2503109765625 0.3824462546875 0.23706278125 0.372919053125 0.204260340625 0.331065134375 0.2216382453125
0 0.42482745 0.1760580671875 0.43093543749999996 0.194856521875 0.4805929546875 0.1806111875 0.468932246875 0.144723228125 0.42482745 0.1760580671875
0 0.49269514843750006 0.1029935453125 0.49693237031250004 0.12995732499999998 0.5361553 0.1323279765625 0.528206334375 0.100902103125 0.49269514843750006 0.1029935453125
0 0.527876834375 0.39575078124999996 0.5370239203125 0.43434483906250004 0.617282759375 0.4063777953125 0.6067325968749999 0.37390773125 0.527876834375 0.39575078124999996
0 0.571804678125 0.4230438875 0.579373528125 0.460261371875 0.6259621531249999 0.4470131828125 0.620439228125 0.40913093749999996 0.5810989281250001 0.42380274218749997 0.571804678125 0.4230438875
0 0.748455021875 0.39587662031250004 0.738080021875 0.370907128125 0.668343346875 0.386008465625 0.681114596875 0.4253143296875 0.748455021875 0.39587662031250004
0 0.23122283124999998 0.293755728125 0.24390649999999997 0.329311315625 0.2985036703125 0.3059035078125 0.2862876953125 0.268306590625 0.23122283124999998 0.293755728125
0 0.2855572625 0.25909708125 0.2949968796875 0.2881492375 0.34103023593750004 0.27319209375 0.3336365453125 0.24347517500000002 0.2756201609375 0.2528789921875 0.2855572625 0.25909708125
0 0.34003706562499997 0.2527317375 0.349008990625 0.28382523125 0.400244740625 0.2709564640625 0.38551514375 0.2360656390625 0.34003706562499997 0.2527317375
0 0.436926053125 0.2306974375 0.43026279375 0.21019003125000002 0.37902704374999996 0.2230587984375 0.390980284375 0.249404865625 0.436926053125 0.2306974375
0 0.47407506250000003 0.1883970859375 0.42961994218750005 0.20473080000000002 0.44128064843750003 0.24061876249999997 0.48675873125 0.22395267031250002 0.47407506250000003 0.1883970859375
0 0.501579496875 0.13033675312499998 0.4627068875 0.14296723125 0.475858246875 0.17648147812499998 0.5089731875 0.160053675 0.501579496875 0.13033675312499998
0 0.5475830546875 0.13617235156250002 0.504911128125 0.14059045625 0.5190906281250001 0.177268996875 0.5569402718750001 0.164970903125 0.5475830546875 0.13617235156250002
0 0.475863428125 0.17997815156250002 0.48743655312499995 0.21211583437499998 0.5256663078125 0.194026125 0.5119596750000001 0.15880292499999998 0.475863428125 0.17997815156250002
0 0.39858410312500003 0.269326284375 0.346880665625 0.28423638281249997 0.35927180000000003 0.32933385625 0.40875415625 0.30758796093749996 0.39858410312500003 0.269326284375
0 0.3416782671875 0.2821480046875 0.294066678125 0.2957285765625 0.3033889234375 0.3418232 0.354069403125 0.32724548124999997 0.3416782671875 0.2821480046875
0 0.2401999375 0.32834589375 0.2501948296875 0.359107009375 0.3029212328125 0.343864528125 0.2891270171875 0.3048910484375 0.2401999375 0.32834589375
0 0.2397322453125 0.33038723124999997 0.22696099531249997 0.2910813625 0.16660615625 0.310691840625 0.17493523125 0.3363261015625 0.2397322453125 0.33038723124999997
0 0.1618118671875 0.3481476171875 0.1459717265625 0.30983889375 0.08152503125 0.33077889374999997 0.09476397656249999 0.368043428125 0.1618118671875 0.3481476171875
0 0.1655236078125 0.35260970468749997 0.17440795625 0.379952915625 0.21792768749999997 0.367701865625 0.20737752656250003 0.33523180468749997 0.1655236078125 0.35260970468749997
0 0.1623671390625 0.34985656718749997 0.094851553125 0.3717937109375 0.1059569875 0.4059727234375 0.1750508078125 0.3854121484375 0.1623671390625 0.34985656718749997
0 0.20793279843749998 0.336940759375 0.217372415625 0.365992915625 0.2470383578125 0.3563538671875 0.24131048125 0.33176379843750003 0.20793279843749998 0.336940759375
0 0.39349907968750003 0.250195446875 0.402938696875 0.2792476078125 0.44999501249999996 0.263958084375 0.4406429765625 0.23865620625 0.39349907968750003 0.250195446875
0 0.4415783578125 0.23457354375 0.44935216406249995 0.258498853125 0.495560675 0.2510422734375 0.48723159843749997 0.225408009375 0.4415783578125 0.23457354375
0 0.5286178265625 0.21007144531250002 0.48992037968749996 0.23020248593749998 0.49667121875 0.254460175 0.5386127187499999 0.2408325578125 0.5286178265625 0.21007144531250002
0 0.5579632375 0.164638521875 0.5200260125 0.173186334375 0.53010848125 0.207697728125 0.5664674765625 0.19777334687499998 0.5579632375 0.164638521875
0 0.5669351640625 0.19573201406250001 0.527507284375 0.20665354374999997 0.5407462265625 0.24391807656250003 0.5780405984375 0.229911028125 0.5669351640625 0.19573201406250001
0 0.6023885625000001 0.16909755312500002 0.5597166328125 0.173515659375 0.56915625 0.2025678171875 0.6118281828125001 0.198149715625 0.6023885625000001 0.16909755312500002
0 0.6045220718750001 0.17218307187499998 0.6146045390625 0.206694465625 0.6782910140625 0.1973376953125 0.6671855796874999 0.1631586796875 0.6045220718750001 0.17218307187499998
0 0.6097822546875 0.198814478125 0.574358646875 0.20465619531249998 0.5843535390625 0.23541730468750002 0.621823071875 0.22891082968749998 0.6097822546875 0.198814478125
0 0.5559435125000001 0.27676755937499997 0.5960142453125 0.27130526875 0.5832429953125 0.23199940625 0.5417691875 0.243585696875 0.5559435125000001 0.27676755937499997
0 0.586399465625 0.23475254375 0.5980601734375 0.2706405046875 0.6333962015625 0.2610485046875 0.6211802234375 0.223451590625 0.586399465625 0.23475254375
0 0.68042451875 0.20042321406250002 0.616650465625 0.2060297046875 0.624044159375 0.235746625 0.6929330265625 0.22847823125 0.68042451875 0.20042321406250002
0 0.40247100468749997 0.281288940625 0.41246589375 0.3120500484375 0.4554303578125 0.29809004843750003 0.44748139687500005 0.266664178125 0.40247100468749997 0.281288940625
0 0.45408686718749997 0.262628559375 0.4625035234375 0.2920130984375 0.506578528125 0.28147099999999997 0.49824945468750004 0.25583674218749997 0.45408686718749997 0.262628559375
0 0.498161871875 0.25208645937499996 0.506578528125 0.28147099999999997 0.553722425 0.2699317578125 0.542792153125 0.243253315625 0.498161871875 0.25208645937499996
0 0.62442426875 0.22995501406250002 0.6345067453125 0.26446640625 0.7022850671875001 0.2537801125 0.691734903125 0.2213100453125 0.62442426875 0.22995501406250002
0 0.1822693390625 0.407628509375 0.1756060796875 0.3871211015625 0.100754590625 0.40388434687499997 0.11697484375 0.43640145468749997 0.1822693390625 0.407628509375
0 0.12144680781249999 0.4292803125 0.13784221875 0.4692979859375 0.22286555 0.4246679109375 0.2134259296875 0.395615746875 0.12144680781249999 0.4292803125
0 0.2160271328125 0.3966599375 0.2227779734375 0.42091762812500005 0.30154615625000003 0.39532429375 0.2900606078125 0.3669368890625 0.2160271328125 0.3966599375
0 0.2946201515625 0.3635660390625 0.302101425 0.39703324218749997 0.373708865625 0.373766575 0.36093761562500004 0.3344607109375 0.2946201515625 0.3635660390625
0 0.35982707187499996 0.331042809375 0.37324117343749996 0.375807909375 0.42643527187499997 0.3585240984375 0.4113553515625 0.308632146875 0.35982707187499996 0.331042809375
0 0.42497440937500003 0.3401050671875 0.4328357890625 0.3677806609375 0.4972824828125 0.3468406609375 0.4867323203125 0.31437059375 0.4175509234375 0.3311808875 0.42497440937500003 0.3401050671875
0 0.41302116875 0.313759 0.41912915625 0.3325574546875 0.47547972656250004 0.318026784375 0.4682611921875 0.29581042812499997 0.41302116875 0.313759
0 0.4703071203125 0.295145665625 0.47697037968749995 0.315653075 0.5272707453125001 0.306866971875 0.51847398125 0.2832740453125 0.4703071203125 0.295145665625
0 0.5667284203125 0.2751527015625 0.5200522140625 0.2846506125 0.5277384374999999 0.30482563906250004 0.5730115671875 0.3014517234375 0.5667284203125 0.2751527015625
0 0.6223187625 0.2722052625 0.635090009375 0.311511125 0.6807432546875 0.302345596875 0.672326596875 0.272961053125 0.6223187625 0.2722052625
0 0.674372521875 0.272296290625 0.6838121421875 0.3013484546875 0.718037628125 0.2883385484375 0.7064644999999999 0.2562008703125 0.674372521875 0.272296290625
0 0.620360415625 0.2766203046875 0.57006005 0.28540640625 0.5767233125 0.3059138171875 0.6302677265625001 0.303631134375 0.620360415625 0.2766203046875
0 0.166602565625 0.44294886250000004 0.18504390625 0.482301771875 0.251741478125 0.4474048296875 0.24341240156250002 0.42177057187500006 0.166602565625 0.44294886250000004
0 0.2730485484375 0.4329242640625 0.2843291421875 0.47460384062500005 0.3527801109375 0.44858403593749996 0.3383430453125 0.40415131718749997 0.2730485484375 0.4329242640625
0 0.3016039421875 0.4198673171875 0.29421025 0.390150396875 0.23756714843750001 0.414222959375 0.248117315625 0.4466930265625 0.3016039421875 0.4198673171875
0 0.3025691171875 0.3949919140625 0.30709887187499996 0.41241379843750003 0.3767479640625 0.393562178125 0.3694418515625 0.36759553437500003 0.3025691171875 0.3949919140625
0 0.37528709843749997 0.375143146875 0.37785850781249997 0.3969800765625 0.43309853125000003 0.3790315078125 0.4262601109375 0.351023534375 0.365525159375 0.376425621875 0.37528709843749997 0.375143146875
0 0.41854230000000003 0.41776975937499994 0.41021322343750005 0.392135496875 0.346321803125 0.4147844515625 0.3552061515625 0.4421276640625 0.41854230000000003 0.41776975937499994
0 0.43187061250000003 0.3926560625 0.4418655046875 0.423417175 0.5056693484375 0.3970179453125 0.49093975 0.362127121875 0.43187061250000003 0.3926560625
0 0.49424338749999996 0.32704505781250004 0.499796103125 0.344134565625 0.589436771875 0.320676653125 0.5805524234375 0.293333446875 0.49424338749999996 0.32704505781250004
0 0.6016527468749999 0.3582735703125 0.59212555 0.32547112500000003 0.494476334375 0.3590886484375 0.5092059296875 0.39397946875 0.6016527468749999 0.3582735703125
0 0.5937037843749999 0.326847696875 0.6063874546875 0.3624032765625 0.6535313515625 0.35086403593750004 0.6407601015625 0.31155817343750003 0.5937037843749999 0.326847696875
0 0.7217493703125 0.2928006421875 0.644384259375 0.312269978125 0.657155509375 0.351575846875 0.732767221875 0.323229371875 0.7217493703125 0.2928006421875
0 0.2864328578125 0.4984821015625 0.21304223281249998 0.533664378125 0.2232998625 0.5756763390625 0.2992041109375 0.537787971875 0.2864328578125 0.4984821015625
0 0.18931091875 0.48847281562499995 0.2004163515625 0.522651821875 0.2924830578125 0.49273753593749997 0.2797118078125 0.4534316734375 0.18931091875 0.48847281562499995
0 0.366574321875 0.48755751875 0.2970128125 0.5101594234375 0.31507403906250003 0.5553039515625 0.380923809375 0.5282399515625 0.366574321875 0.48755751875
0 0.3537154953125 0.44450137187500005 0.36166445937499997 0.475927246875 0.4482362359375 0.4534664765625 0.4369556421875 0.411786903125 0.3537154953125 0.44450137187500005
0 0.4439114296875 0.4227524140625 0.45557213750000003 0.458640375 0.5286702328125 0.432999996875 0.5153437109375 0.3919851828125 0.4439114296875 0.4227524140625
0 0.5151667546875001 0.450613128125 0.5268274609375 0.48650109375 0.5798463984375 0.46171671875 0.56754284375 0.420369521875 0.5151667546875001 0.450613128125
0 0.6195388171875 0.3959175265625 0.629708865625 0.4341792046875 0.6837209734374999 0.429855190625 0.671504996875 0.3922582734375 0.6195388171875 0.3959175265625
0 0.6739030390625 0.340466134375 0.6016527468749999 0.3582735703125 0.6133134546875 0.39416153125000003 0.691233834375 0.3764011421875 0.6739030390625 0.340466134375
0 0.305429465625 0.53954396875 0.21549626875 0.5725437734375001 0.23270969218749998 0.6255212421875 0.3246012375 0.5881063921874999 0.305429465625 0.53954396875
0 0.3159200453125 0.6135995140625 0.3092567859375 0.5930921062500001 0.23420034687500002 0.6231475343749999 0.24577347343749997 0.6552852109375 0.3159200453125 0.6135995140625
0 0.32878067031249997 0.5905271484375 0.33877555937500003 0.621288259375 0.40611598750000005 0.5918505546875 0.39445528125 0.555962590625 0.32878067031249997 0.5905271484375
0 0.3870615890625 0.5262456656250001 0.39761175312499997 0.5587157328125001 0.47062226406249996 0.5293250671874999 0.4600721015625 0.4968550078125 0.3870615890625 0.5262456656250001
0 0.44557545468750004 0.49400777656250006 0.4318688203125 0.458784571875 0.36575631249999996 0.4745977234375 0.38121633906249996 0.5186980578125 0.44557545468750004 0.49400777656250006
0 0.4551920265625 0.4644319921875 0.4668527328125 0.5003199515625 0.5282305390625 0.48037709375000004 0.514436321875 0.4414036125 0.4551920265625 0.4644319921875
0 0.5414694765625 0.5176416296874999 0.527207571875 0.4807094765625 0.46322857500000003 0.499608146875 0.47237565937500003 0.5382022046875 0.5414694765625 0.5176416296874999
0 0.53509875 0.48759232656249996 0.54787 0.526898190625 0.63549453125 0.48331229843749995 0.6284809499999999 0.4478037625 0.53509875 0.48759232656249996
0 0.6292411734375001 0.436220534375 0.635787065625 0.47377040312499996 0.715928528125 0.46284581718749995 0.70371255 0.42524890312499997 0.6292411734375001 0.436220534375
0 0.7468819640625 0.39799672343750003 0.700936190625 0.416704146875 0.7136198625 0.45225973281250004 0.760676178125 0.436970209375 0.7468819640625 0.39799672343750003
0 0.77029095625 0.4735229328125 0.755473784375 0.43488183124999996 0.7141751328125 0.45396867968750004 0.7258358390625 0.48985664843750004 0.77029095625 0.4735229328125
0 0.7766914765624999 0.48277949531250003 0.7270339609375001 0.497024825 0.7397176328125 0.5325804109375001 0.78706648125 0.5077489875000001 0.7766914765624999 0.48277949531250003
0 0.7237899140625 0.490521409375 0.717039071875 0.466263721875 0.6364299140624999 0.47922963437500005 0.6458695343749999 0.5082817984375 0.7237899140625 0.490521409375
0 0.7996625703125 0.53955429375 0.7877093296875 0.5132082265625 0.74512498125 0.5213766078125001 0.759766996875 0.5525171484375 0.7996625703125 0.53955429375
0 0.73264446875 0.5386573609374999 0.7209837625 0.50276939375 0.645694371875 0.5007812359375 0.6652462546875 0.5435520406250001 0.73264446875 0.5386573609374999
0 0.644378878125 0.5106555078125 0.6349392593750001 0.48160335156249995 0.5900164515624999 0.49997839375 0.6025249609375 0.528033409375 0.644378878125 0.5106555078125
0 0.3331054765625 0.621241215625 0.242967325 0.6675332 0.25407275937499996 0.7017122109375 0.346519571875 0.6660063125 0.35955535781250003 0.6504345125000001 0.3331054765625 0.621241215625
0 0.46734662812499994 0.6097428984375 0.45957282499999996 0.5858175906249999 0.35715978125 0.615593553125 0.3706030078125 0.660070503125 0.43031499218749997 0.6350007890625 0.4351670703125 0.6220880390625 0.46734662812499994 0.6097428984375
0 0.46758137031249997 0.575657978125 0.47979734843750005 0.61325489375 0.5664567046875 0.59454440625 0.555994125 0.565824628125 0.46758137031249997 0.575657978125
0 0.564733103125 0.564874528125 0.5691752765625 0.5785461328125 0.6501943359375 0.5389958609375001 0.6418652625 0.5133616062499999 0.564733103125 0.564874528125
0 0.6707691828125 0.58143429375 0.650019178125 0.5314952953125001 0.5610791468749999 0.5849554640625 0.5766267546875 0.63280608125 0.6707691828125 0.58143429375
0 0.2806102234375 0.73465579375 0.35344557656250003 0.697764565625 0.36040136718750004 0.7087300796875 0.3420476078125 0.6731274515625 0.269037096875 0.7025181109374999 0.2806102234375 0.73465579375
0 0.4236219421875 0.635286128125 0.345409028125 0.662588409375 0.3661590359375 0.71252740625 0.435282646875 0.6711740890625 0.4236219421875 0.635286128125
0 0.4961647625 0.6079367984374999 0.426047978125 0.62882975 0.439199340625 0.662344 0.509316125 0.6414510484375 0.4961647625 0.6079367984374999
0 0.5607866171875 0.5944973625000001 0.499233653125 0.606939653125 0.515336534375 0.656499221875 0.56873558125 0.6259232359375 0.5607866171875 0.5944973625000001
0 0.363470259375 0.707732934375 0.2814282328125 0.7476155890625 0.290575321875 0.786209646875 0.394742428125 0.7448062234374999 0.363470259375 0.707732934375
0 0.384659959375 0.7102948296875 0.396320665625 0.7461827984375 0.45232091093750004 0.716650996875 0.440017353125 0.6753038 0.384659959375 0.7102948296875
0 0.5566351796875 0.637412371875 0.46734483437499996 0.67587140625 0.48365266562500003 0.7121387984374999 0.5671853437500001 0.6698824328125 0.5566351796875 0.637412371875
0 0.43706403906249996 0.7253869953125001 0.45001045 0.7721934203124999 0.516970759375 0.748547325 0.503644240625 0.7075325125 0.43706403906249996 0.7253869953125001
0 0.5033814999999999 0.696281665625 0.5178185656250001 0.7407143796875 0.578641096875 0.7190625749999999 0.569201478125 0.690010415625 0.5033814999999999 0.696281665625
0 0.5689107421874999 0.6334238 0.582617371875 0.668647 0.6517409859375001 0.6272936828125 0.6370113875000001 0.592402865625 0.5689107421874999 0.6334238
0 0.571832471875 0.6702618609375001 0.5830254781249999 0.7081911484375001 0.6619110359375 0.6655553578125 0.65025033125 0.6296673984375001 0.571832471875 0.6702618609375001
0 0.661709675 0.5465905171875 0.675036196875 0.58760533125 0.7147566078125 0.5671419109375 0.7067200625 0.5319657546875 0.661709675 0.5465905171875
0 0.35651267343750004 0.762895934375 0.3703068828125 0.80186941875 0.44740924687500006 0.771149228125 0.4336150390625 0.7321757468750001 0.35651267343750004 0.762895934375
0 0.350755003125 0.75909860625 0.290020053125 0.784500696875 0.303029459375 0.8275079156249999 0.3652550671875 0.799732115625 0.350755003125 0.75909860625
0 0.41815663281250004 0.7919901968749999 0.30925482031249996 0.8292639140625001 0.320827946875 0.861401590625 0.428794378125 0.82821054375 0.41815663281250004 0.7919901968749999
0 0.416958509375 0.7848220140625 0.43177568749999995 0.8234631203125 0.5250703031249999 0.779924271875 0.5150754109375 0.749163159375 0.416958509375 0.7848220140625
0 0.51592321875 0.7413302140625 0.524807565625 0.7686734234375 0.61056133125 0.7332528609375 0.598345353125 0.695655946875 0.51592321875 0.7413302140625
0 0.6020570937499999 0.7001180390624999 0.618452509375 0.7401357109375 0.6514798671875 0.719957621875 0.6788669296875 0.67893975 0.6716483984375 0.65672339375 0.6020570937499999 0.7001180390624999
0 0.6423643671875 0.594442315625 0.6495828984375 0.6166586703125 0.71867671875 0.5960981015625 0.7067234828125 0.569752034375 0.6423643671875 0.594442315625
0 0.7241138609375 0.5641015578124999 0.737732909375 0.5955744734375 0.774734753125 0.591109325 0.7637168984375 0.560680590625 0.7241138609375 0.5641015578124999
0 0.723936903125 0.6227294999999999 0.71727364375 0.602222090625 0.6501381703125 0.6183676250000001 0.66124360625 0.6525466375 0.723936903125 0.6227294999999999
0 0.7295492046875001 0.598233521875 0.7400993671875 0.630703584375 0.7781241734375001 0.6259060546875 0.765440503125 0.59035046875 0.7295492046875001 0.598233521875
0 0.73729321875 0.6429515765625 0.7306299562499999 0.6224441656249999 0.6757402546875 0.6553938703125 0.6881611828125 0.6796986015625001 0.73729321875 0.6429515765625
0 0.695467290625 0.7056652406249999 0.6854724015625 0.674904128125 0.6526779921875 0.7271258031250001 0.6714118625000001 0.756936821875 0.695467290625 0.7056652406249999
0 0.321265846875 0.8801530046874999 0.340437615625 0.928715425 0.4051190546875 0.873690509375 0.3957670125 0.8483886296875 0.321265846875 0.8801530046874999
0 0.3995961296875 0.8358082578125 0.4118121078125 0.8734051734375001 0.47915252812500003 0.843967465625 0.46638127812499997 0.804661603125 0.3995961296875 0.8358082578125
0 0.46573842968749996 0.799202365625 0.48239658125 0.8504708875 0.544066915625 0.8209861374999999 0.532318628125 0.7813478890625001 0.46573842968749996 0.799202365625
0 0.5902772234375 0.7474010437499999 0.5296298515625 0.7765534187500001 0.544447028125 0.81519451875 0.6040714375 0.78637453125 0.5902772234375 0.7474010437499999
0 0.65007679375 0.7260816171875 0.5949243515625 0.7477804734375 0.6054745125000001 0.78025053125 0.657850596875 0.750006928125 0.65007679375 0.7260816171875
0 0.7301324734375 0.6452782421875 0.692428196875 0.6858696421875 0.715341496875 0.7181014140624999 0.7425534015624999 0.6695829765625 0.7301324734375 0.6452782421875
0 0.786395459375 0.626997290625 0.7408298 0.6399130984375 0.754916540625 0.6693446875 0.794812115625 0.6563818296874999 0.786395459375 0.626997290625
0 0.4451897859375 0.8682282156250001 0.3388593828125 0.9273388609375001 0.3516306296875 0.966644721875 0.45898399999999995 0.9072016968750001 0.4451897859375 0.8682282156250001
0 0.5414657187499999 0.8199419453125 0.44770340624999994 0.8655221203125001 0.46252058125 0.904163221875 0.55973189375 0.8517942906249999 0.5414657187499999 0.8199419453125
0 0.6325392546875 0.7695672984375 0.5459376828125 0.8128208078125001 0.5601120078124999 0.8460026796875001 0.6397577859375 0.791783653125 0.6325392546875 0.7695672984375
0 0.6927487234374999 0.7216635124999999 0.6345851796875001 0.7689025359375 0.640780746875 0.7914512734375 0.705812503125 0.75142748125 0.6927487234374999 0.7216635124999999
0 0.6274524328125 0.816564971875 0.571919878125 0.8440554375 0.5863569421875 0.8884881515625 0.6485825484375 0.8607123515625 0.6274524328125 0.816564971875
0 0.67658446875 0.779817940625 0.62096433125 0.8035581296875 0.6506284765625 0.8600475890625001 0.6958438171875 0.83213064375 0.67658446875 0.779817940625
0 0.7156322359375 0.774688028125 0.6803837890625 0.788030315625 0.6981524828125 0.84271673125 0.741409478125 0.8192148390625 0.7254817578125 0.777155834375 0.7156322359375 0.774688028125
0 0.754944540625 0.71468045625 0.7040591109375 0.7425503515625 0.7230557156249999 0.783612209375 0.7741163125 0.763242878125 0.754944540625 0.71468045625
0 0.8135459828125 0.686192840625 0.7628655078125 0.700770559375 0.7716622734375 0.7243634875 0.81833848125 0.7148655749999999 0.8135459828125 0.686192840625
0 0.8194490234374999 0.718283478125 0.7637413078125 0.7382733828125 0.7721579640625 0.7676579234375 0.829443915625 0.7490445890624999 0.8194490234374999 0.718283478125
0 0.747226728125 0.7814266828124999 0.7667786109375 0.824197490625 0.823421709375 0.8001249250000001 0.8100951875 0.7591101078125 0.747226728125 0.7814266828124999
0 0.9080071437499999 0.736743434375 0.8722034234375 0.74837676875 0.8902646515624999 0.79352129375 0.933141534375 0.775811009375 0.9080071437499999 0.736743434375
0 0.5853339765625 0.888820534375 0.5625380437499999 0.8395463 0.5053974640625001 0.886452940625 0.5194842093750001 0.9158845281250001 0.5853339765625 0.888820534375
0 0.5013056109375 0.8877824640625 0.44521778437500004 0.9135639781249999 0.4538095984375 0.9504490890625 0.5175258609375 0.920299571875 0.5013056109375 0.8877824640625
0 0.38065042031249996 1 0.449250053125 0.9538199421875 0.4375017671875 0.9141817 0.3658645390625 0.95824110625 0.3783359375 1 0.38065042031249996 1
0 0.4538583625 1 0.5058335703125 0.9713328656250001 0.494728134375 0.9371538515625 0.3846859875 0.99180240625 0.38734954843749997 1 0.4538583625 1
0 0.4998429515625 0.9354919468749999 0.5104806953125001 0.9717122890625 0.6076044281249999 0.9155930765625 0.596031303125 0.8834553921875001 0.4998429515625 0.9354919468749999
0 0.6909041593749999 0.841293115625 0.596031303125 0.8834553921875001 0.6076044281249999 0.9155930765625 0.7019220140625 0.871721846875 0.6909041593749999 0.841293115625
0 0.754825371875 0.7978514203125 0.6923072375 0.835169121875 0.7039679421875 0.8710570843750001 0.7690872765625001 0.834783575 0.754825371875 0.7978514203125