0 0.6706830734375 0.20131179375000002 0.3291676421875 0.22934771875 0.46333441875 0.283233959375 0.66051891875 0.26825979843750003 0.6706830734375 0.20131179375000002
0 0.9902081984375 0.7272498625 0.76216041875 0.686809040625 0.747930609375 0.8402486843749999 0.988215959375 0.888613528125 0.9902081984375 0.7272498625
0 0.9919754187500001 0.5841118734374999 0.78248871875 0.5500422359375 0.7702917359375 0.6832023796875 0.9904048421875 0.7113223625 0.9919754187500001 0.5841118734374999
0 0.790620040625 0.3971545109375 0.7682589109375 0.5312344890625 0.9919727234375 0.5843299484375 0.9939030328125 0.42798247656250005 0.9939030328125 0.41534614999999997 0.790620040625 0.3971545109375
0 0.7865543781250001 0.38891007499999997 0.9939030328125 0.38720278750000003 0.9939030328125 0.26105527031250003 0.7946856984374999 0.2790841890625 0.7865543781250001 0.38891007499999997
0 0.7946856984374999 0.2589886671875 0.9939030328125 0.246701321875 0.993903028125 0.12343867187499999 0.8028170156250001 0.15777514374999999 0.7946856984374999 0.2589886671875
0 0.4572359265625 0.9010056609375001 0.282412553125 0.8106077359375 0.26818274375 0.8693113109375 0.414159309375 0.971915259375 0.49074008906250005 0.966872534375 0.502635796875 0.9657959828125 0.609698175 0.9044327593749999 0.6157966625 0.8177571609375001 0.4572359265625 0.9010056609375001
0 0.46943291093750006 0.90564343125 0.6605189234375 0.7677772187499999 0.6564532640625 0.6935046203125 0.45926875625 0.8032148453125 0.3352661296875 0.7541503390625001 0.3190034953125 0.8417457765625 0.46943291093750006 0.90564343125
0 0.45723593124999995 0.7947864375 0.6056325124999999 0.7153285687500001 0.6076653453125 0.64624565 0.46333441875 0.6994984718749999 0.27834689375 0.6387282875 0.276314065625 0.7078112125 0.45723593124999995 0.7947864375
0 0.47959705625 0.6808019828125 0.66458458125 0.6037742640625 0.6686502437499999 0.5172826328125 0.46943291093750006 0.5927273453125 0.3291676421875 0.5968088046875 0.325101984375 0.6574633328124999 0.47959705625 0.6808019828125
0 0.47146573593749996 0.4777117875 0.65848609375 0.42920799374999996 0.6625517515625 0.3484579421875 0.46943290624999995 0.374547321875 0.32306914999999997 0.40214700625 0.3230691546875 0.48539991406249994 0.47146573593749996 0.4777117875
0 0.45723593124999995 0.58521879375 0.601566853125 0.531965959375 0.6117310046875 0.4564055859375 0.46740007656250004 0.489562884375 0.27834689375 0.463610115625 0.276314065625 0.5470469890625 0.45723593124999995 0.58521879375
0 0.46740007656250004 0.37473129374999997 0.6178294921874999 0.3381513046875 0.6178294953125001 0.28360629843749996 0.4572359265625 0.2895274421875 0.2844453828125 0.30803555781249997 0.2885110453125 0.390920528125 0.46740007656250004 0.37473129374999997
0 0.24175595468750002 0.759742103125 0.1340159671875 0.737913746875 0.12995030937500002 0.7928266953125 0.2458216171875 0.8311439140625 0.24175595468750002 0.759742103125
0 0.321036321875 0.72385943125 0.21736199531249997 0.6844384015625 0.205165015625 0.7544411671875 0.3169706625 0.8074802703125 0.321036321875 0.72385943125
0 0.2071978453125 0.6853582406250001 0.12995030937500002 0.6665119484375001 0.1177533296875 0.7250315515625 0.19703369843750002 0.752306253125 0.2071978453125 0.6853582406250001
0 0.22142765468749998 0.6151715109375 0.1340159671875 0.5915034718750001 0.1279174796875 0.6609543328124999 0.21736199531249997 0.6643428734375 0.22142765468749998 0.6151715109375
0 0.21329633750000002 0.5297836953124999 0.12995030937500002 0.525843246875 0.12385182187499999 0.5866817359375001 0.2031321875 0.60534406875 0.21329633750000002 0.5297836953124999
0 0.2234604875 0.4685772640625 0.14214728906250002 0.45871127031250003 0.13808162968749998 0.5193657875000001 0.2153291671875 0.52385814375 0.2234604875 0.4685772640625
0 0.21329633750000002 0.323086828125 0.14824578125 0.328973828125 0.14418011718749998 0.38101597656249997 0.2153291671875 0.3803186609375 0.21329633750000002 0.323086828125
0 0.2071978453125 0.2432566203125 0.140114459375 0.260810746875 0.1380816265625 0.3270228796875 0.2153291625 0.3028073328125 0.2071978453125 0.2432566203125
0 0.751134525 0.645083075 0.7418321171875 0.58242950625 0.64425628125 0.6142263156250001 0.6422234515625 0.6976631890625 0.751134525 0.645083075
0 0.7418321171875 0.7230982015625 0.640190621875 0.7753584765625 0.6381577921875 0.8731492984375 0.741832121875 0.7891263671875001 0.7418321171875 0.7230982015625
0 0.747930609375 0.2660907296875 0.6523876015625001 0.2632540921875 0.64425628125 0.358726028125 0.747930609375 0.334989678125 0.747930609375 0.2660907296875
0 0.741832121875 0.41879449375 0.644256284375 0.44197893125 0.6381577921875 0.51142979375 0.7519962687499999 0.489644390625 0.741832121875 0.41879449375
0 0 0.6604479765625 0.024243149999999998 0.6502412015625 0.022210321875 0.6159756953125 0 0.6235618281249999 0 0.6604479765625
0 0 0.6254632703125 0.0628669234375 0.5979423734375 0.0628669234375 0.5548805234375 0 0.58170835625 0 0.6254632703125
0 0 0.5452775515625 0.0588012609375 0.52941135625 0.06083409375 0.480423965625 0 0.49666820625 0 0.5452775515625
0 0 0.46108639062499995 0.0547356015625 0.452267971875 0.056768431249999994 0.40902215468750003 0 0.4224529890625 0 0.46108639062499995
0 0 0.41703042031250004 0.022210325 0.41502040781250005 0.024243149999999998 0.37177459218750003 0 0.376763384375 0 0.41703042031250004
0 0.1096220078125 0.36691870625 0.0547356015625 0.37475664375 0.046604284375 0.40994200000000003 0.11572049531249999 0.40368706249999997 0.1096220078125 0.36691870625
0 0.32306914999999997 0.5600404484375 0.2193948296875 0.5206194203125001 0.2031321875 0.6196980171875001 0.3149378328125 0.63828765 0.32306914999999997 0.5600404484375
0 0.3068065125 0.2285005796875 0.22142765468749998 0.2505812125 0.22346048437500002 0.32216698906249996 0.3047736828125 0.29471271875 0.3068065125 0.2285005796875
0 0.9881242890624999 0.8960386093749999 0.7702917359375 0.8525789765624999 0.7567879390625001 0.942795534375 0.9878051343750001 0.9218887640625001 0.9881242890624999 0.8960386093749999