0 0.258954459375 0.3158731625 0.276901796875 0.30390826875 0.28288424375 0.28117497343750003 0.28544815 0.2656206109375 0.27091935 0.2512627421875 0.2486988390625 0.250066253125 0.208530984375 0.24169082656250002 0.1846012 0.24169082656250002 0.1615260484375 0.24886976249999998 0.128195278125 0.2692100796875 0.1247767375 0.27040656875 0.125631371875 0.29672933125 0.142724075 0.30390826875 0.1700723984375 0.30271177968749996 0.199129996875 0.2955328421875 0.22818759375000003 0.30630124687500004 0.258954459375 0.3158731625
0 0.21622270000000002 0.3589467734375 0.25639055312500003 0.36851868906249996 0.2692100796875 0.35057134687499997 0.2580998234375 0.3350169890625 0.242716390625 0.3206591203125 0.22049587656249997 0.3146766734375 0.20511244374999998 0.3146766734375 0.1786187515625 0.3122836953125 0.1555436015625 0.30989071562500003 0.1324684515625 0.317069653125 0.11195720625000001 0.3493748578125 0.113666478125 0.3553573046875 0.11452111250000001 0.3661257109375 0.1213581953125 0.3721081578125 0.1478518875 0.3601432625 0.1640899546875 0.354160815625 0.1837465640625 0.354160815625 0.21622270000000002 0.3589467734375
0 0.2110948875 0.41518176875 0.23587930781250002 0.417574746875 0.25980909375 0.42236070468750003 0.271773984375 0.4068063421875 0.2666461765625 0.3864660265625 0.24698956718749998 0.37091166875 0.22733295937500003 0.36851868906249996 0.208530984375 0.36373273125 0.1846012 0.36373273125 0.16067141406250002 0.3673222 0.136741628125 0.3721081578125 0.123067465625 0.387662515625 0.1162303828125 0.4103958109375 0.11537574843750001 0.4139852796875 0.1179396546875 0.4295396421875 0.128195278125 0.4379150625 0.1410148046875 0.42236070468750003 0.1589621421875 0.4163782578125 0.185455834375 0.4163782578125 0.2110948875 0.41518176875
0 0.265791540625 0.46902378437500003 0.2666461765625 0.44748697968749995 0.2580998234375 0.428343153125 0.24186175625 0.42355719531249997 0.2128041578125 0.42236070468750003 0.1957114546875 0.42236070468750003 0.16921776718749998 0.42355719531249997 0.15127042500000001 0.42355719531249997 0.1358869921875 0.4367185734375 0.123067465625 0.44868346875 0.11708501874999999 0.4714167625 0.1324684515625 0.4905605890625 0.1461426171875 0.48218516874999995 0.162380684375 0.47859569999999996 0.1863104703125 0.47022027343749995 0.2059670796875 0.47022027343749995 0.23929784999999998 0.4714167625 0.265791540625 0.46902378437500003
0 0.21707733437500001 0.5192763312500001 0.24784420312500002 0.5180798421875 0.25980909375 0.506114953125 0.2572451875 0.4833816578125 0.2333154015625 0.47859569999999996 0.2034031734375 0.47739921093750004 0.1640899546875 0.48098867968750003 0.123067465625 0.4977395265625 0.123067465625 0.52645526875 0.1299045453125 0.536027184375 0.14699725156250001 0.536027184375 0.1640899546875 0.532437715625 0.1811826578125 0.528848246875 0.19998463125 0.5228658 0.21707733437500001 0.5192763312500001
0 0.2264783234375 0.6317463203125 0.24698956718749998 0.6317463203125 0.251262740625 0.6197814312500001 0.2521173765625 0.595851646875 0.24613493281249998 0.5731183468750001 0.22733295937500003 0.565939415625 0.1957114546875 0.565939415625 0.1581075078125 0.5647429265625 0.12050355937499999 0.5647429265625 0.1102479359375 0.580297284375 0.08631815468750001 0.610209515625 0.09400986875 0.63054983125 0.1042654921875 0.63054983125 0.1299045453125 0.6329428109374999 0.1478518875 0.6221744109375 0.1666538609375 0.6233709000000001 0.1948568203125 0.62696036875 0.2264783234375 0.6317463203125
0 0.4204805078125 0.2560487 0.40167853437499995 0.250066253125 0.3521096921875 0.24408380468750002 0.31365110937499996 0.250066253125 0.28801205625000004 0.2608346578125 0.28544815 0.2895504 0.271773984375 0.33023103125 0.28544815 0.34458890468750003 0.31706965 0.3254450734375 0.3358716234375 0.31946263125 0.3700570296875 0.3146766734375 0.40424244062500003 0.3146766734375 0.4119341546875 0.2823714625 0.4204805078125 0.2560487
0 0.40937024843750003 0.3517678375 0.40509707500000003 0.324248584375 0.3726209359375 0.3230520953125 0.341854071875 0.327838053125 0.3119418390625 0.3362134796875 0.28630278593749997 0.3493748578125 0.2666461765625 0.3768941109375 0.2726286203125 0.394841453125 0.28630278593749997 0.3900554953125 0.30937793281250003 0.3768941109375 0.336726259375 0.37091166875 0.37347557187499997 0.37091166875 0.3999692625 0.373304646875 0.40937024843750003 0.3517678375
0 0.40167853437499995 0.3780906 0.3717663 0.3804835796875 0.34527261249999996 0.3780906 0.307668665625 0.3888590046875 0.2786110671875 0.4068063421875 0.265791540625 0.44150453125 0.2922852296875 0.4379150625 0.33245308281249997 0.43193262031249996 0.3768941125 0.42355719531249997 0.41364342499999995 0.417574746875 0.41620733125 0.3936449625 0.40167853437499995 0.3780906
0 0.4033878046875 0.4630413375 0.40937024843750003 0.44270102031249997 0.40424244062500003 0.4295396421875 0.37945801874999996 0.4331291046875 0.3580921390625 0.4331291046875 0.32647063906249996 0.4379150625 0.28715742031249997 0.44150453125 0.27604716093750004 0.4630413375 0.2803203390625 0.4762027203125 0.2948491359375 0.4762027203125 0.316215015625 0.4678272953125 0.3546735984375 0.46902378437500003 0.37433020625 0.4630413375 0.4033878046875 0.4630413375
0 0.5797095156250001 0.2571630265625 0.5464912859375 0.24003592031249998 0.5176438765625 0.2388125578125 0.4870481390625 0.24003592031249998 0.459074890625 0.243706015625 0.4389691203125 0.24859947343750002 0.419625871875 0.26681710000000003 0.4127887890625 0.30390826875 0.42731759062499997 0.32185560468749996 0.44270102187499993 0.3122836953125 0.4777410640625 0.30989071562500003 0.5144903765625 0.30630124687500004 0.53329235 0.3074977375 0.5823320078124999 0.29875742656250004 0.5797095156250001 0.2571630265625
0 0.5802972859375 0.3493748578125 0.5794426500000001 0.33382049999999996 0.5700416609375 0.313480184375 0.5495304171875001 0.3110872046875 0.508507928125 0.3158731625 0.48286887656250005 0.3146766734375 0.45124737187499997 0.3182661421875 0.43159076250000006 0.33023103125 0.4085156171875 0.36253624218749997 0.42988149218749994 0.36851868906249996 0.45722982031250003 0.37091166875 0.4862874171875 0.3661257109375 0.5179089171875 0.36373273125 0.5409840671875 0.36373273125 0.5666231234375 0.36492922031249997 0.5802972859375 0.3493748578125
0 0.5743148390624999 0.38168006875 0.5614953125000001 0.37091166875 0.5401294328125 0.3697151796875 0.516199646875 0.37450113749999997 0.48286887656250005 0.3697151796875 0.44355565781250006 0.37450113749999997 0.4350093046875 0.3888590046875 0.42902685781249994 0.4199677265625 0.447828834375 0.42714666250000005 0.46406690156249997 0.421164215625 0.493124496875 0.417574746875 0.53585625625 0.4163782578125 0.5700416609375 0.4103958109375 0.587989003125 0.40082389999999996 0.5743148390624999 0.38168006875
0 0.5785880156250001 0.451076446875 0.5691870265625 0.4367185734375 0.55380359375 0.42236070468750003 0.53329235 0.42236070468750003 0.5067986609374999 0.42236070468750003 0.48372351093750005 0.42236070468750003 0.456375184375 0.428343153125 0.42560832031249995 0.43911155312499994 0.419625871875 0.4642378265625 0.43159076250000006 0.4797921890625 0.45124737187499997 0.4762027203125 0.490560590625 0.4714167625 0.5290191734375 0.4714167625 0.5597860406249999 0.4762027203125 0.5751694734374999 0.4714167625 0.5785880156250001 0.451076446875
0 0.59055290625 0.5348306953125 0.5948260828125 0.5120974 0.57687874375 0.484578146875 0.5546582296875 0.47739921093750004 0.534146984375 0.47739921093750004 0.493124496875 0.47739921093750004 0.46406690156249997 0.47739921093750004 0.4324453984375 0.484578146875 0.4187712375 0.5013289953125 0.4230444140625 0.5085079312499999 0.436718575 0.5252587796875 0.456375184375 0.5192763312500001 0.48286887656250005 0.5192763312500001 0.52218209375 0.5180798421875 0.5546582296875 0.52645526875 0.59055290625 0.5348306953125
0 0.5828611921875 0.569528884375 0.5922621765625 0.55277803125 0.5777333796875 0.5372236734375 0.5503850531250001 0.5276517578125001 0.51705428125 0.5276517578125001 0.484578146875 0.5300447375 0.43330003437500003 0.5300447375 0.42988149218749994 0.5551710109375 0.435863940625 0.5671359046875 0.45552054843749995 0.5671359046875 0.48030497031249997 0.5671359046875 0.5127811046875 0.5647429265625 0.544402609375 0.5671359046875 0.5828611921875 0.569528884375
0 0.42731759062499997 0.5467955843750001 0.4230444140625 0.5192763312500001 0.382021925 0.5204728203125 0.3239067328125 0.5180798421875 0.27946570312499996 0.5180798421875 0.268355446875 0.5384201625 0.253826646875 0.569528884375 0.2615183640625 0.5898692 0.29143059375 0.580297284375 0.3153603796875 0.5779043046875 0.3504004203125 0.5707253734375 0.3768941125 0.5719218625 0.41449805937499995 0.5623499468750001 0.42731759062499997 0.5467955843750001
0 0.43159076250000006 0.5850832421875001 0.42646295468749995 0.5635464375 0.40509707500000003 0.5719218625 0.3640745859375 0.5743148375 0.3068140296875 0.5779043046875 0.27519252656250004 0.58627973125 0.258954459375 0.6030305796875 0.25468128125 0.6257638796875 0.27519252656250004 0.6233709000000001 0.297413040625 0.6126024953125 0.3153603796875 0.6126024953125 0.3615106796875 0.6114060046875001 0.39825999218749997 0.6126024953125 0.419625871875 0.6018340890625 0.43159076250000006 0.5850832421875001
0 0.419625871875 0.650890153125 0.4187712375 0.6185849421875 0.3666384921875 0.6185849421875 0.32903454062500004 0.6221744109375 0.2897213234375 0.6233709000000001 0.2632276359375 0.6341393 0.2486988390625 0.6700339796875 0.258954459375 0.680802384375 0.268355446875 0.6676409999999999 0.30168621875 0.6568725953125 0.3239067328125 0.6568725953125 0.3538189625 0.6556761109375 0.391422909375 0.6568725953125 0.419625871875 0.650890153125
0 0.424753684375 0.6796058953124999 0.42560832031249995 0.6604620625 0.4119341546875 0.661658553125 0.3862951015625 0.6628550421875 0.3546735984375 0.6676409999999999 0.3239067328125 0.6652480203125 0.2948491359375 0.6640515312499999 0.2675008125 0.673623446875 0.25639055312500003 0.7083216375 0.276901796875 0.7166970578125 0.297413040625 0.7119111 0.3127964734375 0.7095181265625 0.37433020625 0.7107146156249999 0.40424244062500003 0.7083216375 0.4102248828125 0.687981315625 0.424753684375 0.6796058953124999
0 0.5862797328125 0.6054235578125 0.593971446875 0.5767078156250001 0.570896296875 0.5791007953125 0.528164540625 0.5767078156250001 0.49483376718749994 0.5731183468750001 0.45722982031250003 0.5731183468750001 0.4384278453125 0.5779043046875 0.42902685781249994 0.6114060046875001 0.42988149218749994 0.6149954734375 0.445264928125 0.6197814312500001 0.47090398125000005 0.617388453125 0.49568840156249994 0.617388453125 0.53585625625 0.617388453125 0.5700416609375 0.6245673890625 0.5862797328125 0.6054235578125
0 0.57687874375 0.6341393 0.5700416609375 0.6257638796875 0.54525724375 0.6245673890625 0.51705428125 0.6233709000000001 0.47859569999999996 0.6233709000000001 0.45552054843749995 0.6245673890625 0.42817222499999996 0.6245673890625 0.43159076250000006 0.647300684375 0.4375732109375 0.6640515312499999 0.45466591406249995 0.6640515312499999 0.49226986093749997 0.6640515312499999 0.518763553125 0.6628550421875 0.5666231234375 0.6592655734374999 0.57687874375 0.6341393
0 0.567477759375 0.695160253125 0.573460203125 0.6688374890625 0.5597860406249999 0.6592655734374999 0.534146984375 0.6592655734374999 0.48714205312500003 0.661658553125 0.45893909062500005 0.661658553125 0.43073612812500006 0.6664445109375 0.4204805078125 0.6831953625 0.4102248828125 0.7059286578124999 0.4102248828125 0.7095181265625 0.4230444140625 0.7238759953125 0.44611956406250003 0.7226795046875 0.47945033437499995 0.7119111 0.5059440265624999 0.7107146156249999 0.5426933390625 0.7035356796875 0.567477759375 0.695160253125
0 0.2486988390625 0.6676409999999999 0.251262740625 0.6413182374999999 0.2042578078125 0.6389252578125 0.1700723984375 0.63772876875 0.1358869921875 0.6389252578125 0.10255622187499999 0.6389252578125 0.08546351875 0.6640515312499999 0.088882059375 0.684391846875 0.1102479359375 0.680802384375 0.136741628125 0.6796058953124999 0.16323532031250002 0.673623446875 0.20083926718749998 0.6724269578125 0.2333154015625 0.673623446875 0.2486988390625 0.6676409999999999
0 0.245280296875 0.717893546875 0.24613493281249998 0.6867848265625 0.2256236875 0.680802384375 0.18203729375 0.684391846875 0.15383433124999998 0.684391846875 0.1333230859375 0.687981315625 0.10341085781249999 0.691570784375 0.094864503125 0.7083216375 0.1042654921875 0.717893546875 0.1333230859375 0.717893546875 0.15127042500000001 0.7190900375 0.1837465640625 0.7190900375 0.2179319703125 0.7226795046875 0.245280296875 0.717893546875
0 0.376039478125 0.7561812046874999 0.40167853437499995 0.751395246875 0.4127887890625 0.7166970578125 0.3948414515625 0.7166970578125 0.359801409375 0.71550056875 0.327325275 0.7107146156249999 0.2957037703125 0.717893546875 0.2726286203125 0.7166970578125 0.25639055312500003 0.73105493125 0.2555359171875 0.7298584421875 0.258954459375 0.7561812046874999 0.2692100796875 0.762163653125 0.282029609375 0.7597706734375 0.3085233 0.758574184375 0.3298891765625 0.758574184375 0.376039478125 0.7561812046874999
0 0.2110948875 0.754984715625 0.2384432140625 0.754984715625 0.24955347031250003 0.7466092890625 0.23587930781250002 0.73105493125 0.2179319703125 0.728661953125 0.1922929140625 0.7250724843749999 0.1589621421875 0.7250724843749999 0.1299045453125 0.7238759953125 0.1093933046875 0.721483015625 0.094864503125 0.728661953125 0.099992315625 0.7478057796875001 0.10853866875 0.758574184375 0.11964892499999999 0.758574184375 0.13930553437499998 0.7597706734375 0.16323532031250002 0.758574184375 0.191438278125 0.754984715625 0.2110948875 0.754984715625
0 0.7452418765625 0.2680135890625 0.72814916875 0.24049433750000002 0.70165548125 0.2309224265625 0.66490616875 0.23690487343750002 0.633284665625 0.24408380468750002 0.6093548796875 0.2452802953125 0.5982446234375 0.2739960375 0.587989003125 0.30989071562500003 0.596535353125 0.327838053125 0.6349939359375 0.31946263125 0.6631968984375 0.3146766734375 0.707637928125 0.30989071562500003 0.7460965109375 0.3086942265625 0.7572067671875 0.28596093125 0.7452418765625 0.2680135890625
0 0.741823334375 0.339802946875 0.7315677109375 0.3266415625 0.7144750078125 0.3158731625 0.6888359515625 0.30989071562500003 0.6691793421875001 0.317069653125 0.6264475859374999 0.3230520953125 0.59568071875 0.3350169890625 0.576024109375 0.36253624218749997 0.5854250984375 0.3888590046875 0.606790978125 0.3792870890625 0.6392671125 0.3804835796875 0.6597783578125 0.373304646875 0.6939637624999999 0.36373273125 0.7307130749999999 0.3601432625 0.741823334375 0.339802946875
0 0.7495150484375 0.3864660265625 0.7307130749999999 0.373304646875 0.7153296421875 0.3756976265625 0.667470075 0.3768941109375 0.6324300296875001 0.3768941109375 0.5982446234375 0.3936449625 0.5777333796875 0.4199677265625 0.58200655625 0.44030804218749997 0.6025178 0.4367185734375 0.622174409375 0.4259501734375 0.6725978828125 0.4259501734375 0.7196028203125 0.4139852796875 0.7597706734375 0.4103958109375 0.7495150484375 0.3864660265625
0 0.7546428609375 0.44030804218749997 0.7298584406249999 0.42714666250000005 0.70165548125 0.43073613125000004 0.661487628125 0.43073613125000004 0.6179012328125 0.43552208437499995 0.5794426500000001 0.4606483578125 0.5828611921875 0.48936409999999997 0.60850024375 0.484578146875 0.635848571875 0.47859569999999996 0.6725978828125 0.47022027343749995 0.7127657375 0.4714167625 0.7409687 0.46543431562500004 0.7546428609375 0.44030804218749997
0 0.7717355640625 0.5097044203125 0.7606253078125 0.4905605890625 0.7426779703124999 0.47022027343749995 0.721312090625 0.48218516874999995 0.690545221875 0.48577463749999994 0.6435402890625 0.48697112656249997 0.604227071875 0.49175707968750004 0.5999538953125 0.5144903796875 0.6033724359375 0.532437715625 0.6426856546875 0.5336342046875 0.6811442375000001 0.5276517578125001 0.7119111015625 0.5228658 0.7486604140625001 0.5228658 0.7717355640625 0.5097044203125
0 0.72814916875 0.5671359046875 0.7495150484375 0.55995696875 0.7580614015625 0.5348306953125 0.7512243203125 0.5276517578125001 0.7033647515625 0.5336342046875 0.67858033125 0.5336342046875 0.63670320625 0.5384201625 0.596535353125 0.5348306953125 0.59055290625 0.5563675 0.5896982703125 0.5719218625 0.604227071875 0.5779043046875 0.6392671125 0.5767078156250001 0.6597783578125 0.5731183468750001 0.7025101171875 0.569528884375 0.72814916875 0.5671359046875
0 0.747805778125 0.6149954734375 0.7546428609375 0.5779043046875 0.7315677109375 0.5791007953125 0.6948183984375 0.5779043046875 0.6572144515625 0.5779043046875 0.6076456125 0.5814937734375001 0.5948260828125 0.6030305796875 0.5871343687499999 0.6281568531249999 0.60508170625 0.6293533421874999 0.6426856546875 0.6281568531249999 0.670033978125 0.6161919625000001 0.7119111015625 0.617388453125 0.747805778125 0.6149954734375
0 0.7597706734375 0.6293533421874999 0.7452418765625 0.6149954734375 0.7196028203125 0.6185849421875 0.6913998578125 0.6209779203125 0.6546505453125 0.6245673890625 0.606790978125 0.6257638796875 0.59055290625 0.6389252578125 0.5811519203125 0.6712304687499999 0.606790978125 0.6712304687499999 0.6238836796875 0.6700339796875 0.6486680984375 0.6604620625 0.6725978828125 0.6520866421875 0.7144750078125 0.6520866421875 0.747805778125 0.650890153125 0.7597706734375 0.6293533421874999
0 0.7512243203125 0.6640515312499999 0.7290038046875 0.6604620625 0.707637928125 0.6592655734374999 0.6708886125 0.6688374890625 0.6315753953125001 0.6712304687499999 0.5973899890625 0.677212915625 0.576024109375 0.7095181265625 0.6033724359375 0.7107146156249999 0.64183101875 0.7083216375 0.6862720484375 0.7011427 0.7315677109375 0.6999462109375 0.7512243203125 0.6927672734375 0.7606253078125 0.6867848265625 0.7512243203125 0.6640515312499999
0 0.87343715 0.2476732734375 0.8460888265625 0.239297846875 0.7999385265625001 0.24049433750000002 0.7589160374999999 0.24886976249999998 0.7486604140625001 0.262031146875 0.7572067671875 0.29672933125 0.7486604140625001 0.317069653125 0.7503696843750001 0.34458890468750003 0.7725902 0.3493748578125 0.822159040625 0.3266415625 0.85292590625 0.31946263125 0.893093759375 0.327838053125 0.900785478125 0.30989071562500003 0.8896752187500001 0.2847644421875 0.87343715 0.2476732734375
0 0.90762255625 0.387662515625 0.9033493828125 0.35655379531250003 0.8913844890625 0.33382049999999996 0.8606176234375 0.3290345421875 0.8307053906249999 0.3350169890625 0.7879736312500001 0.3481783734375 0.7512243203125 0.36253624218749997 0.747805778125 0.3888590046875 0.7580614015625 0.4020203890625 0.799083890625 0.39125198437500003 0.8238683124999999 0.38168006875 0.8674547031250001 0.384073046875 0.8896752187500001 0.3888590046875 0.90762255625 0.387662515625
0 0.8358332031250001 0.3996274109375 0.7999385265625001 0.40082389999999996 0.773444834375 0.4139852796875 0.7503696843750001 0.4295396421875 0.7577597671875 0.464026684375 0.778572646875 0.451076446875 0.8025024328124999 0.43432559531250003 0.8366878390625001 0.4259501734375 0.8546351765625 0.4367185734375 0.87600105625 0.4367185734375 0.9050586546874999 0.4379150625 0.9059132890624999 0.4199677265625 0.8828381390625 0.405609853125 0.853780540625 0.3960379421875 0.8358332031250001 0.3996274109375
0 0.9110410984374999 0.47739921093750004 0.900785478125 0.4558624046875 0.8751464203125 0.4534694265625 0.8435249203125 0.4570588953125 0.812758053125 0.4558624046875 0.79310144375 0.454665915625 0.7606253078125 0.46902378437500003 0.7597706734375 0.48936409999999997 0.768317021875 0.495346546875 0.8136126875 0.4977395265625 0.8554898124999999 0.4905605890625 0.87600105625 0.49295356874999996 0.9118957328124999 0.495346546875 0.9110410984374999 0.47739921093750004
0 0.9110410984374999 0.532437715625 0.9093318265624999 0.5180798421875 0.9016401125 0.506114953125 0.8717278796875 0.5001325046875 0.8170312296875 0.5001325046875 0.7956653499999999 0.5037219734375 0.768317021875 0.5180798421875 0.77002629375 0.539616653125 0.77942728125 0.5455990953125001 0.8042117031249999 0.539616653125 0.8332692968750001 0.5372236734375 0.8674547031250001 0.5372236734375 0.8836927749999999 0.532437715625 0.9110410984374999 0.532437715625
0 0.9281338 0.5743148375 0.9230059921875 0.5551710109375 0.898221571875 0.5444026046875 0.8717278796875 0.54200963125 0.8495073640624999 0.5467955843750001 0.8204497703125 0.5515815421875 0.7905375375 0.5503850531250001 0.7631892140625001 0.5683323953125 0.7597706734375 0.5874762203125 0.776008740625 0.5910656890625 0.8144673234375001 0.583886753125 0.8401063796875 0.5767078156250001 0.87087324375 0.5743148375 0.895657665625 0.5755113265625 0.9281338 0.5743148375
0 0.921296721875 0.6233709000000001 0.9306977062499999 0.6018340890625 0.9016401125 0.58627973125 0.8836927749999999 0.583886753125 0.8563444468749999 0.583886753125 0.8341239328125001 0.5874762203125 0.8170312296875 0.5886727109375001 0.7965199843749999 0.5874762203125 0.7691716578125 0.6030305796875 0.75635213125 0.6257638796875 0.76147994375 0.6413182374999999 0.7854097296875 0.6413182374999999 0.8153219593750001 0.6341393 0.8469434625 0.62696036875 0.8862566796875001 0.6257638796875 0.921296721875 0.6233709000000001
0 0.493124496875 0.7166970578125 0.461502996875 0.7190900375 0.4238990484375 0.7274654625 0.4238990484375 0.7295593203124999 0.41449805937499995 0.7394303578125 0.4384278453125 0.754984715625 0.4683400796875 0.751395246875 0.4897059546875 0.7442163109375 0.5324377140625 0.7406268421875 0.5614953125000001 0.7346444 0.5597860406249999 0.7119111 0.52218209375 0.7143040796875 0.493124496875 0.7166970578125
0 0.1242933078125 0.5338637375 0.09891934999999999 0.571567753125 0.188084071875 0.5630042000000001 0.259765515625 0.5776845796875001 0.2580171875 0.5263032578125 0.2195539734375 0.5263032578125 0.168852465625 0.5287499890625 0.1242933078125 0.5338637375
0 0.29997705625000004 0.471251846875 0.265010496875 0.472475215625 0.25980651093749996 0.48368013750000005 0.25889134999999996 0.5067294265625 0.275500465625 0.5152929796875 0.34718190937500004 0.514069615625 0.41274420312500004 0.5091761531250001 0.4214858421875 0.4688051203125 0.4048767296875 0.46146493125 0.34630774375 0.4688051203125 0.29997705625000004 0.471251846875
0 0.7581453796875001 0.652590784375 0.7659064359375 0.6841173046875 0.797376334375 0.68534066875 0.841084534375 0.6780004843749999 0.8795477484375 0.675553753125 0.9188851234375001 0.66454346875 0.9188851234375001 0.6315126265625 0.7581453796875001 0.652590784375