0 0.7676351390625 0 0.7651944296875001 0.000967928125 0.7760149484375 0.0695184703125 0.8642452390625 0.034152296875 0.8595056484375 0 0.7676351390625 0
0 0.791601484375 0.1724116953125 0.8760413546875 0.1403457390625 0.86286899375 0.080751753125 0.7806308703125 0.09806994218750001 0.791601484375 0.1724116953125
0 0.7796044453125 0.2578678484375 0.8632061 0.24331039062499998 0.8616301359375 0.1825026296875 0.7705977328125 0.209451703125 0.7796044453125 0.2578678484375
0 0.7730615421875 0.35436695625 0.8530979125 0.35179654375 0.855162278125 0.2818973546875 0.7676951578125 0.2968593984375 0.7730615421875 0.35436695625
0 0.6217912484375 0 0.6245113421874999 0.056341601562499996 0.6944649484375 0.063536928125 0.7006199125 0.0019199640625 0.655477790625 0 0.6217912484375 0
0 0.6950271906250001 0.234782390625 0.7684710296875 0.22709507968749998 0.7653814421875 0.15773534843749998 0.6842066703125 0.16623185468749999 0.6950271906250001 0.234782390625
0 0.6899979125 0.3398334640625 0.7656435 0.317398384375 0.76027711875 0.25989081875000003 0.6817543671874999 0.271013203125 0.6899979125 0.3398334640625
0 0.6875456125 0.4446148109375 0.7632662453125 0.4250753328125 0.7627536328125 0.355445884375 0.6802903734375 0.364077253125 0.6875456125 0.4446148109375
0 0.7852328875000001 0.4750384421875 0.8617166875000001 0.4350948484375 0.8574136546875 0.36876559375 0.7744874125 0.4093835140625 0.7852328875000001 0.4750384421875
0 0.787033990625 0.5445330296875001 0.85388529375 0.5317288265625 0.8508707515625 0.465264709375 0.780379115625 0.48716033281250004 0.787033990625 0.5445330296875001
0 0.7740486421874999 0.6417064703124999 0.8523462515625001 0.62189726875 0.8468297781249999 0.5585984859375001 0.768457121875 0.5755120875 0.7740486421874999 0.6417064703124999
0 0.7802405296875 0.731065725 0.8521707453125 0.71482645 0.854235109375 0.64492726875 0.7745739640625 0.661975725 0.7802405296875 0.731065725
0 0.695551309375 0.55410845 0.7724103390625 0.5286428984375 0.7656053734375 0.465478978125 0.6873077640624999 0.48528818124999995 0.695551309375 0.55410845
0 0.6016429484375 0.2706880078125 0.676450321875 0.2657614421875 0.670708709375 0.1937758484375 0.5948379874999999 0.20752409374999997 0.6016429484375 0.2706880078125
0 0.6006292296875 0.381125709375 0.6805155093749999 0.372764071875 0.6712836609374999 0.315661109375 0.599891478125 0.30280943437499996 0.6006292296875 0.381125709375
0 0.5990151421875 0.46839854374999995 0.6790515125 0.4658281234375 0.67497361875 0.40818569531250004 0.5950122906249999 0.41365172499999997 0.5990151421875 0.46839854374999995
0 0.6002031671875 0.5640884640625 0.6828165187499999 0.5612483187499999 0.6794267453125 0.48030616718749997 0.59567499375 0.48907239062499996 0.6002031671875 0.5640884640625
0 0.5970754515625 0.6428093484375 0.67726191875 0.6460301375 0.6729588875 0.579700884375 0.5944361359375 0.5908232609375 0.5970754515625 0.6428093484375
0 0.58901891875 0.7307565078125 0.6745094328125 0.7392290499999999 0.6727083328125001 0.6697344640625 0.5875930484375 0.6757399562499999 0.58901891875 0.7307565078125
0 0.5938472734375 0.8173550078125 0.66615271875 0.8155937828125 0.6673038265625 0.7603074999999999 0.5924964515625 0.765234065625 0.5938472734375 0.8173550078125
0 0.593596721875 0.9073885875000001 0.670680890625 0.8906098546875001 0.66774139375 0.8270413484375 0.58505299375 0.826985890625 0.593596721875 0.9073885875000001
0 0.5850148703125 0.9750664921875 0.6714186421874999 0.9689261374999999 0.663325190625 0.9058970875 0.58343890625 0.914258725 0.5850148703125 0.9750664921875
0 0.69164771875 0.7025936453125 0.7561471875 0.698746 0.7559347578125 0.640698978125 0.6851429390625 0.651012159375 0.69164771875 0.7025936453125
0 0.6812393515624999 0.7994973625 0.7661294937500001 0.78480505 0.7618264609375001 0.718475790625 0.6746595265625001 0.74502026875 0.6812393515624999 0.7994973625
0 0.6785619125 0.895591884375 0.7623136609375 0.8868256515624999 0.7589989328125 0.8087791015624999 0.6791126484375 0.81714073125 0.6785619125 0.895591884375
0 0.787345678125 0.8058120656250001 0.8584376812500001 0.8070813046875 0.8517828062499999 0.749708615625 0.7819042484375001 0.7454088984375 0.787345678125 0.8058120656250001
0 0.7855064515625 0.8843980796875 0.852582896875 0.880280703125 0.8510069328125001 0.819472934375 0.78120341875 0.8180688265624999 0.7855064515625 0.8843980796875
0 0.2370515546875 0.11141404375 0.34906229375 0.14614536250000001 0.3473362390625 0.079546384375 0.23517540937499998 0.039023840625 0.2370515546875 0.11141404375
0 0.4647260703125 0.122425071875 0.5527935578125 0.1306278984375 0.5571347156249999 0.048876550000000005 0.466565296875 0.043839065625 0.4647260703125 0.122425071875
0 0.3535281265625 0.1689056375 0.45250389062499996 0.1991943984375 0.449264209375 0.12404345624999999 0.3581694671875 0.098736725 0.3535281265625 0.1689056375
0 0.46513821875000005 0.28787931875 0.55714621875 0.29857315156249997 0.5551950265625 0.22328734843750003 0.46712753906250004 0.2150845296875 0.46513821875000005 0.28787931875
0 0.4629237671875 0.351987290625 0.5565954843750001 0.37702430468750003 0.5562329609375001 0.3131860578125 0.4653633609375 0.29656614531250003 0.4629237671875 0.351987290625
0 0.2362502640625 0.2798987609375 0.33598919375 0.2897833984375 0.3432825578125 0.2222403625 0.23437411562500002 0.20750856562500003 0.2362502640625 0.2798987609375
0 0.24281738437499997 0.38373605 0.35407766406249996 0.38951129687499997 0.35879404843749996 0.3222379859375 0.244506515625 0.2993588265625 0.24281738437499997 0.38373605
0 0.238913790625 0.5322212390625001 0.34857269375 0.5759091296875 0.35018678125 0.48863629062499997 0.24090310937499998 0.45942645625 0.238913790625 0.5322212390625001
0 0.35906881562500004 0.4325408265625 0.461534815625 0.44794695000000007 0.4582200875 0.3699003984375 0.353177109375 0.35476399999999997 0.35906881562500004 0.4325408265625
0 0.470153590625 0.531245253125 0.5592844296874999 0.530626384375 0.5589219062499999 0.4667881453125 0.46820239375000006 0.45595944218750006 0.470153590625 0.531245253125
0 0.3653103359375 0.6235160796875 0.4577062734375 0.599327746875 0.4545416359375 0.5270724203125 0.36192056093749997 0.5425739203125 0.3653103359375 0.6235160796875
0 0.5622989734375 0.5970905078125 0.5596469484375 0.5944646234375 0.47361840624999996 0.6150830218750001 0.4807235578125 0.6898293625 0.5716809125 0.65998468125 0.5622989734375 0.5970905078125
0 0.24872059375000002 0.711209478125 0.3492977359375 0.7035856093749999 0.355452703125 0.6419686453125 0.2430540265625 0.6421194781249999 0.24872059375000002 0.711209478125
0 0.3605812421875 0.7401495875 0.3614945 0.72553668125 0.2478073359375 0.7258223765625 0.24756949062500003 0.7664957609374999 0.358904815625 0.775166609375 0.3605812421875 0.7401495875
0 0.572493709375 0.741196571875 0.5710551328125 0.7355402171875001 0.47244188749999994 0.7690897031249999 0.47909676093750003 0.8264623984374999 0.5742948125 0.810691159375 0.572493709375 0.741196571875
0 0.367186484375 0.695906275 0.47019050937499995 0.6822214640625 0.4630853609375 0.607475115625 0.3630335390625 0.6353682390625 0.367186484375 0.695906275
0 0.3473477453125 0.3292429921875 0.455267884375 0.3556920875 0.45559348125000004 0.2685541234375 0.35426588125 0.2472219125 0.3473477453125 0.3292429921875
0 0.4820362578125 0.89003090625 0.5660131453125 0.8899514921874999 0.5632987843749999 0.8350698109374999 0.4765948296875 0.8296277390625001 0.4820362578125 0.89003090625
0 0.2594279453125 0.9249449999999999 0.35333750625000004 0.9093086296875 0.35525177812500003 0.83361823125 0.2485323734375 0.8534988546875001 0.2594279453125 0.9249449999999999
0 0.24554204531249998 0.9873711453125 0.3372498609375 0.9864825500000001 0.3358990359375 0.934361609375 0.2413140578125 0.9239375078125001 0.24554204531249998 0.9873711453125
0 0.7603370484374999 0.9102602390625 0.7588984671875 0.904603890625 0.6800755390625 0.904143840625 0.6854419218750001 0.9616513984375 0.7603243453124999 0.9596204421874999 0.7603370484374999 0.9102602390625
0 0.76677949375 0.9095859125000001 0.7759847875 0.9594330078125 0.8544215218750001 0.95122309375 0.853258309375 0.9063411671875 0.76677949375 0.9095859125000001
0 0.5634234578124999 0.9395814343750001 0.48111029375000003 0.9540040078124999 0.48273480312499994 0.9876526453125001 0.514246421875 0.9868289640624999 0.5679085484375 0.9812121890625001 0.5634234578124999 0.9395814343750001
0 0.35468833593750004 0.9614295796875 0.4730041328125 0.9403351593749999 0.4576554421875 0.79676855 0.355789809375 0.8045272906250001 0.35468833593750004 0.9614295796875
0 0.6047960812500001 0.0932467390625 0.6047083265625 0.1397113328125 0.688848009375 0.0960629421875 0.6676318296875 0.0750559203125 0.6047960812500001 0.0932467390625
0 0.47594723906249997 0.106733246875 0.4664521265625 0.1890240578125 0.5751354296875 0.1950690359375 0.5607496265624999 0.13850552968750002 0.47594723906249997 0.106733246875
0 0.346272890625 0.0883680796875 0.46276216718749996 0.0964994703125 0.45558197343750007 0.0188575140625 0.3494756484375 0.012542810937500001 0.346272890625 0.0883680796875