0 0.199673815625 0.8495605578125 0.1352674046875 0.8526825578125001 0.14088130000000001 0.9301004140625 0.26467815 0.9496540328125 0.316510175 0.947110475 0.432879659375 0.9218606843750001 0.618390175 0.8732153734375 0.675851340625 0.8541772828124999 0.664118565625 0.811322828125 0.6684316 0.7624176796875 0.623465065625 0.7469772781249999 0.49827395937499996 0.7618091640625 0.46284880937499995 0.786677959375 0.379598875 0.810881696875 0.2773382953125 0.835323275 0.199673815625 0.8495605578125
0 1 0.7354346234375 0.968488125 0.74123264375 0.825224565625 0.7535532828125 0.684731890625 0.7641547296875 0.668448440625 0.7692014546875 0.66247745 0.790964396875 0.672957025 0.8285245078125 0.6751676343749999 0.8647141109375 0.6754658046875 0.865973765625 0.7465629593750001 0.87098010625 0.8348380796875 0.874718709375 0.903891740625 0.864379340625 1 0.84998909375 1 0.7354346234375
0 0.447281159375 0.69405925 0.1985569046875 0.7508652171875 0.1107470796875 0.769230171875 0.1132121703125 0.8132075078125001 0.1417642046875 0.8532788640625 0.231021190625 0.8477402984375001 0.3047221203125 0.8301835609375001 0.40144093437499995 0.8091803609375001 0.46504019999999996 0.7892232171875 0.47554855468749996 0.76054283125 0.447281159375 0.69405925
0 1 0.5944135984375001 0.960321775 0.6328935984374999 0.8829991406250001 0.6418624671875001 0.7289939000000001 0.655791446875 0.6023993203125 0.6512688734375 0.44072145 0.666346671875 0.45106997499999996 0.7234910078125 0.4723785953125 0.74638661875 0.4720804296875 0.7451269546875 0.490960025 0.76447334375 0.629023675 0.750322671875 0.6709211546875 0.766222603125 0.821857340625 0.7527531468750001 0.9461102546875001 0.7406703484375 1 0.72701938125 1 0.5944135984375001
0 0.149207125 0.6497807828125 0.0592664296875 0.665856171875 0.083163584375 0.760101090625 0.610706259375 0.6393745453124999 0.601041440625 0.57169338125 0.5579076046875 0.5572828765625 0.4241056796875 0.5760126718749999 0.27661645468749996 0.6241823078125 0.149207125 0.6497807828125
0 1 0.51170383125 0.9490806546874999 0.518277328125 0.5998487703125 0.5666547343749999 0.61288785 0.6480038734375 0.614327965625 0.6479624187499999 0.7307772 0.65661266875 0.8366158 0.647287040625 0.9584833703125 0.625126946875 1 0.604432171875 1 0.51170383125
0 0.29646592968749996 0.6136259546875 0.414987384375 0.5773296515624999 0.39203875 0.504246396875 0.2244901296875 0.5362896796875 0.11203250000000001 0.5624029796875 0.050347600000000006 0.576276565625 0.052920320312500005 0.5990790328125 0.078764465625 0.65980510625 0.079734815625 0.6646271515625 0.132097765625 0.6591056390625 0.29646592968749996 0.6136259546875
0 1 0.4265209546875 0.940781234375 0.404372234375 0.8430873296874999 0.4212559921875 0.6630718703125 0.4561059671875 0.47911272499999996 0.485906184375 0.3989675203125 0.49565018906249997 0.41830817031249995 0.5773580203125 0.41963532499999995 0.5771593078125 0.9523034703125 0.5052994953125001 1 0.5076185375 1 0.4265209546875
0 0.29229235 0.42814695937499997 0.0486111203125 0.466889340625 0.019680084375 0.46193766875 0.022228915625 0.521764646875 0.0320184 0.5707562125 0.0320051703125 0.5709001765624999 0.0335902 0.5717909015625 0.0651085453125 0.57722411875 0.3001665546875 0.5194680078125 0.40081042968749997 0.49763034843750004 0.572051540625 0.46635025468749997 0.560560490625 0.40038784375 0.5275326703125 0.38277209375 0.3701544546875 0.40295211875000003 0.33981215 0.4199037984375 0.29229235 0.42814695937499997
0 0.67672785 0.357049028125 0.5574659843750001 0.387314590625 0.5685546203125 0.4341604140625 0.58164565 0.4715313890625 0.5815617296875 0.47169459375 0.930239534375 0.39467014375 0.982879059375 0.41386163593749997 0.996543334375 0.349876725 0.9965125 0.3497464671875 0.88948205 0.3037605046875 0.7800260406249999 0.3348139421875 0.67672785 0.357049028125
0 0.029739759375 0.47403554843749995 0.034012390625 0.46907520468749997 0.030251009375 0.4764066890625 0.060813415625 0.46619034375 0.32628270000000004 0.42080150781250003 0.3491400296875 0.41286689687499994 0.365915109375 0.4024588234375 0.366619765625 0.3764081796875 0.3525811546875 0.33451624999999996 0.0164881296875 0.38701491875 0.019660690624999998 0.46148239375 0.029739759375 0.47403554843749995
0 0.3577074703125 0.3213401515625 0.349191 0.3259994671875 0.35018471562500003 0.33600311875 0.356813915625 0.3756203109375 0.360128509375 0.3954289015625 0.378203184375 0.3959018859375 0.8961556203125 0.297121025 0.9249440906249999 0.3142434796875 0.9611797453125 0.327994765625 0.9555886453125 0.252124565625 0.8948794296875 0.210452315625 0.8555804546875001 0.21859263125 0.7748439406250001 0.2374495703125 0.6919310796875 0.2645287125 0.637001865625 0.2704971359375 0.54697525 0.2907450734375 0.500266859375 0.296610646875 0.41105165 0.3144810046875 0.3577074703125 0.3213401515625
0 0.3460209296875 0.3242180203125 0.3877163453125 0.31459083125 0.509299090625 0.2941302125 0.5271434546875 0.2824339921875 0.5247158203125 0.2489559953125 0.509828025 0.21508756562500003 0.031793440625 0.285535409375 0.0124188296875 0.291498946875 0.0164437796875 0.3859739953125 0.32098725 0.340374840625 0.3460209296875 0.3242180203125
0 0.5129389843750001 0.204941090625 0.532345040625 0.2864817296875 0.595052159375 0.2770926234375 0.692596134375 0.2595754671875 0.770759090625 0.2401069875 0.8347745796874999 0.22081550781249998 0.8811516749999999 0.2119301921875 0.91052355 0.22112140937500002 0.9153515156250001 0.18157264374999998 0.873456125 0.13446003281250002 0.7329609593749999 0.160349540625 0.597001184375 0.1904132046875 0.5129389843750001 0.204941090625
0 0.012449675 0.292223 0.321740990625 0.236427421875 0.308048659375 0.1685909796875 0.28755817031249997 0.1619525375 0.134533815625 0.184864803125 0.00879025 0.2063276890625 0.012449675 0.292223
0 0.4971285 0.21307867187500001 0.518858490625 0.204971815625 0.6742318046875 0.17200136875 0.8638643 0.13390131562500002 0.895168190625 0.1612455484375 0.914241140625 0.106945471875 0.8587070953125 0.05216849999999999 0.6310107296874999 0.084320078125 0.30361080937499996 0.149842515625 0.324942234375 0.239622159375 0.3262763703125 0.2406015734375 0.4971285 0.21307867187500001
0 0.580342815625 0.9143126265625 0.45729099062499995 0.958944590625 0.450087225 0.9784655000000001 0.45666404531250004 0.992100515625 0.49957466562499997 0.9912818640625 0.554385515625 0.974496734375 0.5955940656250001 0.9537668859374999 0.59753175 0.9369757578125 0.580342815625 0.9143126265625
0 0.3206197546875 0.9946959796874999 0.315936875 0.9642131109375001 0.264462890625 0.9650780156250001 0.213793890625 0.9658224015625001 0.1637505703125 0.96921 0.16988362031249998 0.9975717375 0.3206197546875 0.9946959796874999
0 0.1565325046875 0.9422374671875 0.1687140546875 0.9725721843749999 0.241922959375 0.968452909375 0.312416490625 0.9633118812499999 0.3122058 0.9449291890625 0.2537996703125 0.9482004999999999 0.2123214 0.9455160781249999 0.1699046296875 0.9388668109375 0.1565325046875 0.9422374671875
0 0.41423819531249995 0.9358099671875 0.445499590625 0.9270238531249999 0.4429969296875 0.9164509515624999 0.3905156953125 0.9236247125 0.37083709531250003 0.9320449921874999 0.311400809375 0.945049721875 0.312785634375 0.9544215406250001 0.324000925 0.9629464999999999 0.3247918453125 0.9628872578125 0.366987440625 0.95451665625 0.41423819531249995 0.9358099671875
0 0.398130259375 0.98748611875 0.45229023437500004 0.9697975984375 0.459783290625 0.9556753609375 0.44503034062499996 0.925041434375 0.403414565625 0.9429043937499999 0.366987440625 0.95451665625 0.3373131296875 0.966486265625 0.31392237968750003 0.9768308203125 0.31463571562500003 0.9904085453125001 0.31777354999999996 0.9947502781249999 0.38684304531249997 0.9934325656249999 0.398130259375 0.98748611875
0 0.588793084375 0.8809364265624999 0.5410960046875 0.8942361265625 0.49856464999999994 0.9047096890624999 0.44395834062499995 0.9169912218749999 0.442794684375 0.9226392750000001 0.44592299999999996 0.9358554015625 0.46365185468750003 0.95441189375 0.578434709375 0.9146460281250001 0.599769134375 0.8991355656250001 0.595131865625 0.8860118734375 0.588793084375 0.8809364265624999
0 0.5912229953125 0.9264157781250001 0.6015962953125 0.9385471234375 0.679303434375 0.91117485625 0.7353862453125 0.89456688125 0.7408688046874999 0.8684295984375 0.717592634375 0.86165133125 0.691207059375 0.8628651234375001 0.608200690625 0.8889781593749999 0.607600734375 0.889677290625 0.594626315625 0.8985371390625 0.5873125953125 0.9098956140625001 0.5912229953125 0.9264157781250001
0 0.6006268796875001 0.9872723609375 0.6379925046875 0.979624946875 0.7318225093749999 0.9464174796875 0.736858740625 0.914873209375 0.733730425 0.911866540625 0.7266647703125 0.899978103125 0.6970362953125 0.905098590625 0.6017756296875 0.9357833687499999 0.580998115625 0.9642107578125 0.6006268796875001 0.9872723609375
0 0.8859894703125001 0.8617537375 0.8143905453125001 0.8656319421875001 0.768238709375 0.8643315125000001 0.734428825 0.869393853125 0.740796059375 0.9033360484375 0.7469250656249999 0.9112600703125 0.7470108703125 0.9119846796875001 0.827087175 0.8910999468749999 0.8894077093750001 0.8797160453125 0.8859894703125001 0.8617537375
0 0.8779733343749999 0.930008196875 0.880083484375 0.879059471875 0.748441534375 0.9145073734375 0.7316930046875 0.9176993484375 0.733409584375 0.9496009796875 0.7427167156250001 0.9639179921875 0.7460185453125 0.9641344843749999 0.769229965625 0.9565536890624999 0.8248435203125 0.9379632984375 0.8779733343749999 0.930008196875
0 1 0.891748196875 0.99656 0.8746198109375 0.906892475 0.8866772296875001 0.8732160953125 0.8958249390624999 0.8782403343749999 0.9381789390625 1 0.9186068734375 1 0.891748196875
0 0.884848725 0.863977221875 0.8835515546874999 0.86553989375 0.887572540625 0.8895699921875 0.9936757593750001 0.8729989843749999 0.9846912906249999 0.8456067046875001 0.884848725 0.863977221875
0 0.1289209 0.9805179390625 0.12848874999999998 0.9792793281250001 0.13298528437499998 0.998275684375 0.166705790625 0.9976323640625001 0.161781909375 0.97497858125 0.1289209 0.9805179390625
0 0.156578340625 0.9353883406250001 0.1187663953125 0.937628775 0.128958 0.9812617453125 0.165829809375 0.97095135625 0.156578340625 0.9353883406250001
0 0.45914997968750004 0.992053090625 0.444240259375 0.97100291875 0.393629340625 0.9933030984375 0.45914997968750004 0.992053090625
0 0.5899202906250001 0.9895582421875 0.596758315625 0.988535828125 0.5808417 0.9635499515625 0.49884410468749996 0.991295803125 0.5899202906250001 0.9895582421875
0 0.7332950046875 0.9667237984374999 0.72392895 0.9482836062500001 0.623343540625 0.984644090625 0.7332950046875 0.9667237984374999