0 0.5160545125 0.26839855625000003 0.5391343625 0.332365746875 0.8184653671875 0.4120928609375 0.9833388078124999 0.3086217109375 0.954117925 0.11629907187499999 0.7868106296875 0.0132210046875 0.5160545125 0.26839855625000003
0 0.63928635 0 0.6186730046875 0.00580561875 0.4762349796875 0.152880746875 0.5048431046874999 0.223920984375 0.7679449953125 0.0063028140625 0.9322073828124999 0.0614934890625 0.9245082203124999 0 0.63928635 0
0 0.7922844921875 0.5475583453125 0.7792944953125 0.462062278125 0.5036169203124999 0.4063809328125 0.3723317171875 0.509610959375 0.3894773421875 0.5638333453125 0.6406354578125 0.6193533140625 0.7922844921875 0.5475583453125
0 0.3890128203125 0.4728389234375 0.5085844203125001 0.3804507578125 0.7559928453125 0.4699161546875 0.7814204375 0.4174298453125 0.5124596625 0.33267546875 0.5094632578125 0.28364172656250003 0.3520641453125 0.42018470625 0.3890128203125 0.4728389234375
0 0.47707615 0.2023855828125 0.34756953749999997 0.3466340984375 0.3746794578125 0.3931574640625 0.5183352953125 0.2540975984375 0.47707615 0.2023855828125
0 0.4489702125 0.076025896875 0.32286594218750003 0.2719799015625 0.3502562578125 0.3350048859375 0.4757034921875 0.16403885625 0.4489702125 0.076025896875
0 0.29264660781249996 0.6153644125 0.49314205468749994 0.6598745984375001 0.5876920046875 0.6226445 0.3580862421875 0.5624135203125 0.3635852296875 0.52532523125 0.2724083203125 0.5700994890625 0.2961452046875 0.6090787015625 0.29264660781249996 0.6153644125
0 0.3493774203125 0.4318139171875 0.2730360625 0.5009501796875 0.28977575 0.552500809375 0.37448695 0.5091398609375 0.3493774203125 0.4318139171875
0 0.3351696078125 0.3383025984375 0.24617723749999998 0.42676708750000003 0.27369309531249997 0.4759622109375 0.3524700796875 0.422856453125 0.3351696078125 0.3383025984375
0 1 0.45568179375 0.8361717750000001 0.49931847500000004 0.8448513 0.5857567375 1 0.5470333296875001 1 0.45568179375
0 0.9927272125 0.3704132109375 0.9892252921875 0.3473647015625 0.8086266125 0.40596201093750006 0.8255211499999999 0.48784411875 0.9964417453125 0.4256390921875 0.9927272125 0.3704132109375
0 0.27237903281250003 0.52593815 0.20303486718750002 0.582503 0.23189409218749998 0.6258835109375 0.2752498875 0.588801746875 0.27237903281250003 0.52593815
0 0.2370248125 0.43980960312499995 0.2012269828125 0.497323175 0.2175607296875 0.5462020562500001 0.26535255 0.4943482265625 0.2370248125 0.43980960312499995
0 0.2988193796875 0.1723377375 0.2253488796875 0.30433760312499997 0.2447752875 0.3442590203125 0.3149020375 0.248876340625 0.2988193796875 0.1723377375
0 0.3964034046875 0.0378275046875 0.3105329796875 0.161495871875 0.33764290468749997 0.2080192421875 0.4468149796875 0.07649700000000001 0.3964034046875 0.0378275046875
0 0.20973075 0.3187934234375 0.1705891703125 0.4129241796875 0.1805827625 0.4493865 0.2431808296875 0.37773335 0.20973075 0.3187934234375
0 0.2618707046875 0.1196835203125 0.2118273953125 0.22999965000000003 0.23003599531250002 0.2619058140625 0.290855475 0.149234175 0.2618707046875 0.1196835203125
0 1 0.8084958562500001 0.9048128625 0.8045306703125 0.917271375 0.9011848453125 1 0.8952973765625 1 0.8084958562500001
0 1 0.6994189375000001 0.8635244171875 0.708657325 0.8980667671875 0.7894423609375 1 0.7879784890625 1 0.6994189375000001
0 1 0.5727013609375 0.8447257499999999 0.5995865984375001 0.8744261421875 0.6924719484375 1 0.6793989234375 1 0.5727013609375
0 0.6976592046875 0.8774161796875 0.6963158421875 0.8832307890625 0.8710740124999999 0.9195643406249999 0.8743884703125 0.8387858203125 0.6818569375 0.8173791953125 0.6976592046875 0.8774161796875
0 0.8344433953125 0.737097865625 0.6754581921875 0.71663996875 0.67483045 0.7857892734374999 0.8353138546875 0.830764040625 0.8344433953125 0.737097865625
0 0.6429455296875 0.6492136796875 0.6872919703125 0.7059518609375 0.8181389328125 0.732380325 0.815644725 0.6280271390625 0.6429455296875 0.6492136796875
0 0.6277405500000001 0.98186296875 0.6744229421875 0.9716589015625001 0.6855689578125 0.9297476343750001 0.5738084328124999 0.9123278718750001 0.5810547078125 0.974676746875 0.6277405500000001 0.98186296875
0 0.6907226125 0.8757302578124999 0.5637855453125 0.8317042109375 0.5573491328125 0.87727885625 0.6776949421875 0.9365480625 0.6907226125 0.8757302578124999
0 0.6655231875000001 0.7685003140625 0.5373976046875 0.76062035625 0.5459222875 0.8167271390625 0.6634265421875 0.8572940875 0.6655231875000001 0.7685003140625
0 0.6556258453125 0.67404679375 0.5233446328125 0.6974405109374999 0.539833225 0.7766508609375 0.6613382671875 0.755612659375 0.6556258453125 0.67404679375
0 0.5551030796875 0.9280947890625001 0.48348241718749996 0.9177017265625 0.4804022375 0.9588945203125 0.555853375 0.9944985562499999 0.5551030796875 0.9280947890625001
0 0.5417775921875 0.8557570203125 0.46938688281249996 0.855662159375 0.47732645468749996 0.9002347015625001 0.5446405750000001 0.9130162265624999 0.5417775921875 0.8557570203125
0 0.5383420125 0.7870459640624999 0.46454285000000006 0.7930474750000001 0.4684544953125 0.8341590828125 0.5421220296875 0.842657603125 0.5383420125 0.7870459640624999
0 0.5166820578125 0.71363573125 0.4394275703125 0.7276281546875001 0.4504122125 0.7845592171875 0.5249156078125 0.7755095203125 0.5166820578125 0.71363573125
0 0.6251661125 0.6132251078125 0.505124825 0.6452528296875 0.5173051171874999 0.6946869125 0.6346764828125 0.68350255625 0.6251661125 0.6132251078125
0 0.5065486328125 0.6623071078125 0.4226621171875 0.6864319437499999 0.4362508625 0.7297696546875 0.5168948671875 0.7150363453125 0.5065486328125 0.6623071078125
0 0.4375276875 0.7381733140625 0.3695246921875 0.7515906234374999 0.3752704046875 0.7894070828124999 0.44921655781250003 0.7920561953125 0.4375276875 0.7381733140625
0 0.44921655781250003 0.7920561953125 0.3814921875 0.7996240984375 0.39571934531249997 0.8471636437500001 0.45723729999999996 0.8525293765624999 0.44921655781250003 0.7920561953125
0 0.45851412500000005 0.8609330312499999 0.40292397500000005 0.848483071875 0.39835417031250003 0.8798715921875001 0.45939605468750006 0.9128367734375 0.45851412500000005 0.8609330312499999
0 0.48444333281249996 0.66279761875 0.281994175 0.6057511796874999 0.2411379703125 0.6595426234375 0.3905352671875 0.69779576875 0.48444333281249996 0.66279761875
0 0.46491360468750004 0.92610196875 0.4089636578125 0.9036007734375 0.40390243281249993 0.9394380921875 0.46417427499999997 0.98270146875 0.46491360468750004 0.92610196875
0 0.4050169125 0.9160404796874999 0.36355739531250003 0.9120787734375 0.352421375 0.9463497015625 0.411548025 0.9667093859375001 0.4050169125 0.9160404796874999
0 0.3899385328125 0.8628984953125001 0.3457279203125 0.8638795203124999 0.3477243296875 0.8923856390625 0.3969610703125 0.9091186140625 0.3899385328125 0.8628984953125001
0 0.378888075 0.8132174437499999 0.3343988421875 0.8200478718750001 0.3440254875 0.8526746390625 0.3834381375 0.8585308859375 0.378888075 0.8132174437499999
0 0.3680504203125 0.7649370046875 0.3133268421875 0.7812401343750001 0.32387052031249997 0.8122193296875 0.3769728375 0.8006119593750001 0.3680504203125 0.7649370046875
0 0.21110724531249997 0.5902773812500001 0.1947386578125 0.55199576875 0.1473879546875 0.58065946875 0.1582653125 0.617525159375 0.21110724531249997 0.5902773812500001
0 0.1782967046875 0.4993409796875 0.1438381921875 0.5225704171875 0.1589336203125 0.56636276875 0.1948576453125 0.5388886546875 0.1782967046875 0.4993409796875
0 0.3261037828125 0.8123737625 0.2927855625 0.8222728406250001 0.2925475921875 0.848487071875 0.3348195453125 0.862793046875 0.3261037828125 0.8123737625
0 0.34574251718750004 0.8721784484375 0.30487657968750004 0.86018135625 0.3011304828125 0.8910867421875001 0.3425140078125 0.9134355765625 0.34574251718750004 0.8721784484375
0 0.3582123078125 0.7111713609375 0.3120018953125 0.7265047015625 0.32122137031250003 0.7663490000000001 0.3666028453125 0.7525049687500001 0.3582123078125 0.7111713609375
0 0.41949038749999995 0.697776896875 0.36638272031249997 0.7093854328125 0.3704223125 0.7359727578124999 0.4294793078125 0.74268544375 0.41949038749999995 0.697776896875
0 0.2186827203125 0.654027025 0.2055704 0.6163417531250001 0.1580868328125 0.6371858296874999 0.1722799421875 0.6680943046875 0.2186827203125 0.654027025