0 0.4838799640625 0.17114391874999998 0.3433566328125 0.1197789140625 0.3349546484375 0.2044679140625 0.4632206859375 0.24938809062499998 0.4838799640625 0.17114391874999998
0 0.62835979375 0.8561698124999999 0.56267083125 0.8833201453124999 0.5046270765624999 0.9791171296875 0.6302956328125 0.9159393437500001 0.62835979375 0.8561698124999999
0 0.6358703140624999 0.8001445703125001 0.5362821531249999 0.8226030218749999 0.544847153125 0.885928321875 0.64909329375 0.8419196937500001 0.6358703140624999 0.8001445703125001
0 0.7399233390625 0.4307113328125 0.6869145078125001 0.435239409375 0.6898649156250001 0.500690440625 0.7452009953125 0.49108604843750003 0.7399233390625 0.4307113328125
0 0.8264857578125 0.6075493703125 0.750821528125 0.6056126984375 0.7469239359375 0.658178328125 0.8243398265625 0.650496284375 0.8264857578125 0.6075493703125
0 0.8431032937499999 0.5655044515625 0.767841334375 0.5441370703125 0.7652851296875001 0.592617209375 0.8349683875 0.619195671875 0.8431032937499999 0.5655044515625
0 0.7597699671875 0.271547715625 0.698352984375 0.338713403125 0.7024142734375001 0.3676661296875 0.7797237499999999 0.29167272031249997 0.7597699671875 0.271547715625
0 0.8273201968749999 0.3195626875 0.8191383343749999 0.3537943390625 0.8135981046874999 0.3904563984375 0.9318315609375001 0.3638393984375 0.9146178421875 0.32198285000000004 0.8273201968749999 0.3195626875
0 0.9318609234374999 0.43113853750000003 0.8618027500000001 0.40262617812499996 0.8574915328125 0.4439879953125 0.9207939234375001 0.4629205640625 0.9318609234374999 0.43113853750000003
0 0.32293970625 0.2520062265625 0.3362288515625 0.215909021875 0.318245821875 0.1721818171875 0.2973114640625 0.1396323546875 0.268780971875 0.1236519671875 0.22397729375000003 0.09813601562499999 0.1891085078125 0.081760575 0.1622878546875 0.09997183281250001 0.150272915625 0.1475101390625 0.18580333437500002 0.212214015625 0.2293328109375 0.22628884999999999 0.27095916875000003 0.2374046453125 0.32293970625 0.2520062265625
0 0.22091749218749998 0.654668171875 0.251141471875 0.6764349562499999 0.2895905 0.673150596875 0.27710719687499996 0.6411278765625 0.2477217859375 0.6080516671875 0.21772381406250002 0.61186276875 0.16279195156249998 0.6084389296875 0.1129405359375 0.622374284375 0.118666265625 0.6596566562499999 0.1642921484375 0.6454579296875 0.191338803125 0.6528245640625 0.22091749218749998 0.654668171875
0 0.2552391484375 0.821551925 0.22922434218749999 0.7716432640625001 0.1928717171875 0.7466540640625 0.1609542578125 0.7191008765625 0.1102479234375 0.715940409375 0.08597568125 0.7570338921875 0.1041683515625 0.7979337359375 0.1426173828125 0.7946493765625 0.18129241093749998 0.816942909375 0.22672501562499997 0.833976784375 0.2552391484375 0.821551925
0 0.2763013515625 0.7092477953125 0.2629794953125 0.6885345 0.19641925 0.6701837640625 0.1611311859375 0.6594630218749999 0.12985900781249998 0.651833021875 0.0986031890625 0.6726082640625 0.108135165625 0.7158087203125 0.14827768125000002 0.7183107578125 0.20299989843750002 0.72456195625 0.2682859390625 0.7314715859375001 0.2763013515625 0.7092477953125
0 0.0820088671875 0.839158903125 0.094282528125 0.8740089781249999 0.1149908875 0.8809805531249999 0.1390698515625 0.8711196781250001 0.166326140625 0.8756589515625001 0.19337279062499999 0.8830255859375 0.228241571875 0.8994010328125001 0.2455629671875 0.8947998125 0.24575624999999998 0.863567209375 0.2299023421875 0.8483769406249999 0.2053877375 0.8354872734375001 0.1747444796875 0.8193752046875 0.1409402578125 0.8172682265625 0.109877721875 0.8068108609375001 0.0900242859375 0.8169351078125 0.0820088671875 0.839158903125
0 0.275705153125 0.7745403546875 0.3071869671875 0.7793430046875 0.3513453671875 0.7849357734375 0.3805047828125 0.792434090625 0.42064729375 0.7949361296874999 0.407954359375 0.7657407734375 0.3908262421875 0.7391093875 0.3821491890625 0.713004746875 0.3612311890625 0.7088605375 0.328265528125 0.6954441234375001 0.30523476562499996 0.6911682265625 0.2955258703125 0.7076056125 0.2830752859375 0.7323933874999999 0.23935252343750002 0.74955115625 0.275705153125 0.7745403546875
0 0.41738818125000005 0.6385097421875 0.371955571875 0.621475865625 0.333925821875 0.6191055109375 0.2925254671875 0.6335676125 0.29931575781249997 0.6851184515625001 0.34368379843749997 0.687883865625 0.4079216328125 0.7089302734375 0.43051675781250004 0.6904556390625001 0.44253170624999993 0.6429173328125 0.41738818125000005 0.6385097421875
0 0.497804071875 0.8707557953125 0.5371080234375001 0.8845672578125001 0.5326565000000001 0.8587259953125 0.51785079375 0.829398946875 0.49904555625 0.8253864140625 0.473273109375 0.8294608921875 0.4468717421875 0.8420174359375 0.39764925 0.8474707203125 0.40676194375 0.8963258984375001 0.4494365078125 0.8933049093750001 0.47795063750000005 0.8808800437500001 0.497804071875 0.8707557953125
0 0.2259518875 0.95890719375 0.2774967828125 0.9507582421875 0.31065572656249996 0.9329420484375 0.334525053125 0.9259085218750001 0.3953759234375 0.9353821343750001 0.39916580625 0.912894978125 0.38689214843749997 0.8780448921874999 0.39363336250000003 0.8443799999999999 0.359829140625 0.8422730156249999 0.32096083124999997 0.851212090625 0.2839956375 0.8631101984375 0.25485258437499997 0.8840171296875001 0.234160584375 0.9054508015625 0.22614516875000001 0.9276745906249999 0.2259518875 0.95890719375
0 0.4979482828125 0.7543074515625 0.53428454375 0.750891403125 0.5505413796874999 0.7320217203125 0.5496864593749999 0.7149258921875 0.5270749765625 0.7049952796875 0.49960904843750004 0.7032833609375 0.47362695625000006 0.7101851875 0.45038655624999996 0.7087366390625001 0.4181057828125 0.7173116453125 0.415114846875 0.7264211609375 0.40816399218750005 0.7629134140625 0.425695028125 0.7554848328125 0.46625682187499995 0.7523321562499999 0.4979482828125 0.7543074515625
0 0.679354540625 0.6264335859375 0.6749030125 0.600592321875 0.666225959375 0.5744876875 0.6415017140625 0.5644253875 0.6167774671874999 0.55436308125 0.5914243031249999 0.55278285 0.577280234375 0.5717842265625 0.5580720765625 0.6018316453125 0.572668140625 0.633986059375 0.599069515625 0.6214295109375 0.6290674921875 0.617618409375 0.679354540625 0.6264335859375
0 0.136210640625 0.30853775781250004 0.1605156015625 0.32425476875000003 0.20256123750000002 0.32971585000000003 0.2293982453125 0.3399098390625 0.2883623515625 0.37482965625000003 0.30186114062499997 0.3359051015625 0.2883296375 0.3180191609375 0.2741528546875 0.28021004375 0.2677982015625 0.2514097359375 0.234622903125 0.24082069375 0.20525384687499998 0.23614972656250002 0.1678530203125 0.22529730625000002 0.1482092265625 0.23259419375 0.1315331125 0.257118596875 0.136210640625 0.30853775781250004
0 0.30860235937499997 0.3022401984375 0.324246625 0.32025782812500003 0.35087399218750004 0.333279171875 0.38214616874999996 0.340909178125 0.43096573437499996 0.36951585468750003 0.47405958125 0.36084015625 0.470027334375 0.329344178125 0.457334390625 0.3001488125 0.44380288749999997 0.28226287656250004 0.42625549218750003 0.2612862046875 0.403853653125 0.24852823124999998 0.3708879921875 0.23511182812500003 0.34827651249999997 0.225181209375 0.3275845125 0.2466148875 0.31302116562500004 0.2712709671875 0.30860235937499997 0.3022401984375
0 0.45573905625 0.4647938984375 0.4648026734375 0.428433328125 0.438384946875 0.4125846234375 0.42696620625000004 0.3948303703125 0.4047740125 0.3792450375 0.3792112015625 0.3804921671875 0.3591317625 0.36503852187499997 0.31476372656249996 0.3622731125 0.3095063515625 0.40455176875000004 0.32219929375 0.4337471296875 0.3841147265625 0.457489209375 0.45573905625 0.4647938984375
0 0.5561198828125 0.513656865625 0.538153209375 0.498334909375 0.5195576171875 0.49149502187499994 0.496107571875 0.492873828125 0.46715779843750005 0.48254815625 0.4568199796875 0.5074676124999999 0.45114332656249995 0.555400978125 0.506284821875 0.5559974671875 0.565232571875 0.5625120328125 0.5624745328125 0.542457171875 0.5561198828125 0.513656865625
0 0.499154028125 0.2800320046875 0.5270392375 0.276089209375 0.5762780843749999 0.29904117812500003 0.59443804375 0.28313052656250004 0.5904057984375 0.251634553125 0.572229484375 0.23913995156249998 0.5493920046875 0.203631440625 0.5174909078125001 0.20448350468749998 0.50270155625 0.2035617046875 0.48644472656250004 0.2224313921875 0.4703975359375 0.23847372656250002 0.4454800125 0.259644021875 0.47867166875 0.298638321875 0.499154028125 0.2800320046875
0 0.5301868703125 0.6057744406250001 0.5658942140625001 0.6108404671875001 0.5593299234375 0.584867515625 0.5504432296874999 0.5615902312500001 0.5252997015624999 0.5571826453125001 0.488753790625 0.56342604375 0.46277170625 0.5703278765625 0.43003204375 0.5824893656250001 0.43322572968750006 0.6252947640625 0.4653364671875 0.62161535 0.4999792546875 0.612412903125 0.5301868703125 0.6057744406250001
0 0.5888431859375001 0.4730901296875 0.57129579375 0.4521134625 0.5590221328125 0.41726338749999997 0.534507528125 0.40437372656250004 0.5034449875 0.393916365625 0.47978530625 0.3981225265625 0.469447484375 0.423041984375 0.46080314843750003 0.45374784999999995 0.49376880625 0.467164246875 0.5332823984374999 0.4781483546875 0.5766022375000001 0.4950505484375 0.5888431859375001 0.4730901296875
0 0.6623379234375 0.426543365625 0.6395167984375 0.4194401015625 0.6095188265625 0.42325120937499994 0.579520846875 0.42706231250000004 0.597084596875 0.47644423125 0.6235023265625 0.4922929359375 0.684562834375 0.49893919374999995 0.684127196875 0.47618865 0.6735470234375 0.4471249734375 0.6623379234375 0.426543365625
0 0.5674107734375 0.676264715625 0.563378528125 0.6447687359375001 0.5371704390625001 0.6260926828125 0.49935033124999995 0.6208949671874999 0.47083619375 0.6333198328125 0.44317698437499997 0.6628405109375 0.4579826890625 0.692167559375 0.486077540625 0.68539741875 0.5258007734375 0.6935541609375 0.5718622984375 0.702105978125 0.5674107734375 0.676264715625
0 0.10882650468749999 0.4488520703125 0.14854973437500002 0.45700882187499997 0.184676359375 0.4564201296875 0.2265123546875 0.4647085640625 0.28355697968750004 0.46826409062499996 0.32432841562500003 0.4622840640625 0.309313071875 0.43578437656249996 0.28816907187499996 0.40606226406249996 0.28984619375 0.3834434140625 0.2509615234375 0.36397723593750003 0.214834903125 0.364565925 0.1801757578125 0.3453631234375 0.1362269953125 0.3369430046875 0.1288405 0.3506847203125 0.12548625468750002 0.39592241875 0.10882650468749999 0.4488520703125
0 0.1299704953125 0.4785741828125 0.11160089843750001 0.49731218281249995 0.10000523750000001 0.5391957796875 0.093909303125 0.5927838609375 0.11315017812499999 0.6195469250000001 0.1395515484375 0.6069903765625 0.16975916093750001 0.600351925 0.22341682187499998 0.59233465 0.27073619375 0.5839223171875 0.3167813546875 0.56406888125 0.3207808828125 0.538754365625 0.3114749078125 0.5211317953125 0.3017496484375 0.509163946875 0.2782832546875 0.4821375 0.2531397265625 0.4777299140625 0.22567379375000002 0.47601798906250004 0.185112 0.47917066718749995 0.157855709375 0.4746313875 0.1299704953125 0.4785741828125
0 0.2292089078125 0.9701878546874999 0.21114618125 0.9295801499999999 0.20943633906249998 0.8953884999999999 0.176261040625 0.8847994515625001 0.1481661859375 0.8915696015625001 0.107604390625 0.8947222734375 0.0843639921875 0.8932737265625 0.07339725 0.9266752531250001 0.085568625 0.9612349140625 0.08769901249999999 0.9613676984374999 0.1262327015625 0.9583726562500001 0.158133803125 0.957520590625 0.18137420625 0.9589691453125001 0.2001684671875 0.9683777953125 0.2292089078125 0.9701878546874999
0 0.5071100484375 0.8883783656249999 0.4769024359375 0.895016828125 0.448807584375 0.9017869734374999 0.4133262375 0.9222988437499999 0.41122983125 0.950572403125 0.43827647656249996 0.9579390374999999 0.5037557984375 0.9336160703124999 0.531624653125 0.9012680265625 0.52062519375 0.877859059375 0.5071100484375 0.8883783656249999
0 0.31892683437499997 0.6210110703125 0.3446992859375 0.6169365859375 0.3899222453125 0.636797821875 0.438935096875 0.6341718921874999 0.4372416171875 0.6283854953125 0.41800074218749994 0.601622425 0.4070012828125 0.57821345625 0.3915666578125 0.557368484375 0.3535369078125 0.5549981296875 0.32565168906249997 0.5589409187500001 0.307072459375 0.5805062734375 0.2764455609375 0.5927994515624999 0.29294475000000003 0.6279128984375 0.31892683437499997 0.6210110703125
0 0.43593469375 0.5601338874999999 0.440982428125 0.520682590625 0.42385431406249996 0.49405120937499997 0.38961445625 0.46919368749999996 0.36848681875 0.467876828125 0.3410208828125 0.46616490937500005 0.3220060125 0.46497973125 0.31166819375 0.48989919843749996 0.3262642546875 0.522053596875 0.33113506406250004 0.54224015625 0.37635802812499997 0.5621013921875 0.43593469375 0.5601338874999999
0 0.5871006296875 0.3820879890625 0.5706014390624999 0.34697454375 0.5500863625 0.3087703609375 0.4932513796875 0.302387478125 0.4782523875 0.30429303281250003 0.48502632187500005 0.3274386234375 0.48905856875 0.3589346015625 0.45399649999999997 0.37379175781249996 0.4865428828125 0.39286288125 0.5245726296875 0.3952332265625 0.5668279078125 0.3978669515625 0.5871006296875 0.3820879890625
0 0.6347738390625 0.2543999625 0.609001390625 0.258474440625 0.6030987421875 0.2808299140625 0.5800843343750001 0.30495926406249996 0.5889710328125 0.32823654375 0.6525635890625 0.32935976875 0.7028506375 0.3381749515625 0.6950121484375 0.30076088749999996 0.6738681484375 0.2710387796875 0.6347738390625 0.2543999625
0 0.691271334375 0.40846379062500004 0.6815297171875 0.36809069375000003 0.6551119875 0.35224198906250004 0.6356614765625 0.3283062796875 0.6124210765625 0.32685773125 0.58411658125 0.33645523125 0.5748269640625 0.347237909375 0.58647170625 0.390570059375 0.6061318625000001 0.41167841875000005 0.631485028125 0.41325865000000006 0.6709986171875 0.424242753125 0.691271334375 0.40846379062500004
0 0.7044791046875 0.5115533328125 0.6785726249999999 0.5173502578125 0.6898343546875 0.544734075 0.7046141203125 0.554549253125 0.7337274921875 0.5652578171875 0.7536748906249999 0.550195521875 0.75344754375 0.5383227265625 0.7276333953125 0.512996515625 0.7044791046875 0.5115533328125
0 0.7057841812500001 0.82272226875 0.6716089765625 0.820592171875 0.655791596875 0.8389517734374999 0.6369122625 0.8498659734375 0.6506018390625 0.884573828125 0.6682179109375 0.866326328125 0.6975324671875 0.86089891875 0.7286457171875 0.8555836187500001 0.7284533109375 0.83380795625 0.7057841812500001 0.82272226875
0 0.6675989234374999 0.7284511828125 0.652866334375 0.7565511453125 0.6755354640625 0.767636821875 0.7151067578125 0.7701032578125 0.737034125 0.742451746875 0.7368417218750001 0.7206760859375 0.7139941171874999 0.7119974625000001 0.6906110765625 0.710540021875 0.6675989234374999 0.7284511828125
0 0.7398479796874999 0.6313906015625 0.7360581859375 0.6093907203125 0.705480359375 0.6074848390625001 0.6896490609375 0.6016617203125 0.6756303796875 0.6201334359375 0.652618221875 0.6380445906250001 0.66342431875 0.662899978125 0.68123279375 0.66642815 0.7279988671875001 0.6693430265625 0.749940165625 0.66587423125 0.7398479796874999 0.6313906015625
0 0.7248419921875 0.8094010109375 0.7523578546875 0.8038614890625 0.7816724078124999 0.7984340750000001 0.8019934843750001 0.7924461125 0.7969404234375 0.7631129359375 0.7829078140625 0.7574019296875 0.7314734875 0.76870519375 0.7248419921875 0.8094010109375
0 0.76235255625 0.6690660703125 0.7351936484375 0.6697914671875 0.7431301890625 0.7089771125000001 0.7630943140625 0.7078032640624999 0.7992466968749999 0.70763841875 0.80913255625 0.6961636671875 0.8109173265624999 0.6720930593750001 0.789332984375 0.67074773125 0.76235255625 0.6690660703125
0 0.8140628421875 0.824634790625 0.8255689281249999 0.8156792156250001 0.8583023875 0.8128830812500001 0.8708793265624999 0.789485134375 0.8512721578125 0.7858448546875 0.8242917296875 0.78416319375 0.801458053125 0.7996672953124999 0.8140628421875 0.824634790625
0 0.8415482781250001 0.45394738125 0.8140184953125 0.4353041828125 0.7873950203125 0.42880839843749996 0.7510641609375 0.43138030625 0.762062665625 0.47801135468749995 0.7798711375 0.481539521875 0.79803656875 0.48025356406249997 0.8261017859375 0.49167558125 0.83707243125 0.48994118281250004 0.8415482781250001 0.45394738125
0 0.744532721875 0.9581376234375 0.7294153265625 0.9426862578125 0.720050971875 0.9227571078125001 0.6896516328125 0.9184441671875 0.66231425 0.9215766234375 0.647032303125 0.9327150484375 0.64380579375 0.951859425 0.6417632578125 0.979406484375 0.7294837375000001 0.97668419375 0.73644555625 0.9697244843749999 0.744532721875 0.9581376234375
0 0.75978681875 0.8986337578124999 0.7283166125 0.9087631875 0.737145540625 0.935913521875 0.7452466296875 0.9485093812500001 0.79074944375 0.9440909625 0.8188007296875 0.9313302531250001 0.80242006875 0.908545596875 0.787302678125 0.8930942359375 0.75978681875 0.8986337578124999
0 0.977507403125 0.64158715 0.949224446875 0.6589499187500001 0.9211731656250001 0.6717106187499999 0.8922294875000001 0.6965066296875 0.927667959375 0.7059700375 0.9580673031250001 0.7102829734375 0.9717573906249999 0.719135790625 0.977507403125 0.64158715
0 0.958109084375 0.7828311453125 0.9665267859375 0.7896792640625 0.97020608125 0.7400577953125 0.9433347140624999 0.7383829296875 0.9066329718749999 0.7215862421875 0.895497778125 0.7499104187500001 0.9107936484374999 0.7629547265625 0.9302223421875 0.7690020640624999 0.958109084375 0.7828311453125
0 0.9547458703125 0.8769307468750001 0.9599279765625001 0.878675328125 0.9633085843750001 0.833082171875 0.94428280625 0.823078515625 0.9086658515625 0.816022178125 0.8885232546875 0.8196030859375 0.911563265625 0.8500573656249999 0.9362095640625 0.858848096875 0.9547458703125 0.8769307468750001
0 0.886638834375 0.837493753125 0.8905783796875 0.8728671078125 0.9069139187499999 0.8826672359375 0.9267798796875001 0.8979565812500001 0.9433847984374999 0.9218246125 0.9564971375000001 0.9249460218750001 0.9592798828125 0.887416 0.9518513593750001 0.8784425703125001 0.9275475562500001 0.8699021828125 0.9062455281249999 0.8562797156249999 0.886638834375 0.837493753125
0 0.8711196859375001 0.65737465625 0.859361734375 0.6566417953125 0.8385883515625 0.6535906296875 0.810634609375 0.6588738546874999 0.8174462984374999 0.690913446875 0.8326050328125 0.6988838390625001 0.8510248031250001 0.6982755328125 0.8710102828125 0.6942520265625001 0.8747898468749999 0.678680096875 0.8711196859375001 0.65737465625
0 0.9069708750000001 0.5278799515625 0.8950731812500001 0.511330865625 0.8733822578125 0.5029533328125 0.8472534796875 0.5013247578125 0.8506643828125 0.5261268171875 0.8561595203125 0.540520446875 0.8736718671875 0.5521503171875 0.8949738953124999 0.5657727734375 0.9067217265625 0.5489411078125 0.9069708750000001 0.5278799515625
0 0.5941951609375 0.7103698656249999 0.610520584375 0.7026054625 0.6410872015625 0.69748508125 0.6672159718749999 0.69911365625 0.6708659109374999 0.6852900328125 0.6651013984375 0.6568285 0.657511915625 0.63527876875 0.6300767015625001 0.6335687578125 0.6047358390625 0.6390148546875001 0.5766524671875 0.6460463984375 0.5782383984374999 0.6777602734375 0.5781188828125 0.69707311875 0.5941951609375 0.7103698656249999
0 0.667027515625 0.825562015625 0.688050053125 0.8075520328125 0.7286792828124999 0.808328021875 0.7372855890625 0.7807621984375 0.7327079953125 0.771694925 0.7012238390625 0.771488946875 0.6812383625 0.7755124359375001 0.6549900765625 0.793196709375 0.663486984375 0.8025082640625 0.6585204921875001 0.798685925 0.6433819921875 0.8258446015625 0.667027515625 0.825562015625