0 0.36709956718750003 0.359094459375 0.1679653671875 0.38511579218750003 0.16277056406249998 0.463179809375 0.374025975 0.44496486874999996 0.36709956718750003 0.359094459375
0 0.5974025968750001 0.30444965 0.4 0.33827738749999997 0.41385281406249996 0.408535 0.6043290031249999 0.359094459375 0.5974025968750001 0.30444965
0 0.9847416984375 0.3346631640625 0.9741367859375 0.27774765625 0.9105073234375001 0.2390451140625 0.6650793921875 0.3005138578125 0.6787142765625 0.3915786671875 0.9847416984375 0.3346631640625
0 0.6575044546875 0.47353698906249997 0.969591825 0.43711107031249996 0.9650468625 0.375642321875 0.6514445046875 0.418898109375 0.6529594953125 0.43483444843749997 0.6575044546875 0.47353698906249997
0 0.9468670140625 0.4553240265625 0.6605344296875 0.4917499515625 0.663564403125 0.5600485578125001 0.9574719265624999 0.5327291140625 0.9468670140625 0.4553240265625
0 0.9377770906249999 0.5418355953125 0.6468995453125 0.573708278125 0.64841453125 0.6397302625 0.9423220546875 0.6283471578125 0.9377770906249999 0.5418355953125
0 0.9514119781250001 0.721688584375 0.9514119781250001 0.6374536390625 0.9498969890625 0.6374536390625 0.6575044546875 0.6579432234375 0.663564403125 0.7285184484375 0.9514119781250001 0.721688584375
0 0.9362621046875 0.7444547874999999 0.6529594953125 0.76039113125 0.6575044546875 0.8377962125 0.9423220546875 0.8127533937500001 0.9362621046875 0.7444547874999999
0 0.9514119781250001 0.8241364921875001 0.65901944375 0.8491793171875001 0.6650793921875 0.9356908796875001 0.9559569375000001 0.9015415796875 0.9514119781250001 0.8241364921875001
0 0.619629775 0.8013702890625 0.3469320765625 0.8195832515625 0.34996205156250004 0.9038181968749999 0.6256897234375 0.9038181968749999 0.619629775 0.8013702890625
0 0.6181147890625 0.7239652078125001 0.37420184375 0.7376249296874999 0.360566959375 0.8150300109374999 0.6272047125 0.7831573328125 0.6181147890625 0.7239652078125001
0 0.1090790796875 0.71713534375 0.3575369859375 0.7034756234375 0.352992021875 0.6693263218750001 0.3514770359375 0.591921240625 0.1408938109375 0.601027721875 0.11210905468750001 0.6602198421875001 0.1090790796875 0.71713534375
0 0.11059406875 0.7103054859375 0.0484795921875 0.8514559343749999 0.3332971890625 0.856009175 0.35450701093750003 0.7285184484375 0.11059406875 0.7103054859375
0 0.612054840625 0.528175875 0.3787468078125 0.5395589734375 0.392381690625 0.6146874421875 0.612054840625 0.5941978578125 0.612054840625 0.528175875
0 0.3757168328125 0.521346015625 0.17119355625 0.5327291140625 0.166648596875 0.591921240625 0.37117186874999997 0.5805381359374999 0.3757168328125 0.521346015625
0 0.6014499265625 0.375642321875 0.402986603125 0.402961765625 0.3969266546875 0.4758136125 0.609024865625 0.44849416875000003 0.6014499265625 0.375642321875
0 0.8196080875 0.022766201562499998 0.6287196984375 0.0751284640625 0.637809621875 0.13887383125 0.8317279859375001 0.0842349453125 0.8196080875 0.022766201562499998
0 0.8211230765625 0.177576371875 0.6362946359375 0.20261919062499997 0.6332646625 0.273194415625 0.8226380624999999 0.2413217375 0.8211230765625 0.177576371875