0 0.18324941875 0.6796396062500001 0.1786640234375 0.7528697546875 0.3870853078125 0.730216771875 0.3802191078125 0.656210946875 0.18324941875 0.6796396062500001
0 0.6057147734375 0.6800527109375001 0.6113375796875 0.7257717984375 0.8102645796875001 0.69426485625 0.7963261953125 0.6369157046875 0.6057147734375 0.6800527109375001
0 1 0.6324712 0.9747074109374999 0.5983052 0.8073992593750001 0.6455196078125 0.8209375546875 0.7003426968750001 1 0.6418497015625 1 0.6324712
0 0.37981901875 0.6536848921875 0.3863282671875 0.7458732265625 0.5967284187499999 0.725496240625 0.59066239375 0.6565425265625 0.37981901875 0.6536848921875
0 0.388285571875 0.7377949421875 0.390815503125 0.8150769859375 0.603194534375 0.7969760046875 0.595149634375 0.7257462953125 0.388285571875 0.7377949421875
0 0.1847731828125 0.842532034375 0.3896368046875 0.8178531015624999 0.3823705171875 0.741321215625 0.18342195156250002 0.762473878125 0.1847731828125 0.842532034375
0 0.1793013515625 0.869292934375 0.17353726249999998 0.9452992015625 0.393788653125 0.9155936562500001 0.3916156796875 0.8201290984374999 0.1793013515625 0.869292934375
0 0.620398321875 0.905596459375 0.621804571875 0.8225121328125 0.41256154843750004 0.8297587234374999 0.39576752656249997 0.91786965625 0.620398321875 0.905596459375
0 0.6362077453125 0.913450190625 0.8469001515624999 0.8438278468749999 0.8309397593750001 0.763494125 0.629676934375 0.8109075750000001 0.6362077453125 0.913450190625
0 1 0.644383490625 0.82371660625 0.707670815625 0.8353191640625001 0.7809264734375 1 0.7194048796875 1 0.644383490625
0 1 0.72177789375 0.8400123890625 0.759467740625 0.8639314062500001 0.8696140281250001 1 0.8253448156250001 1 0.72177789375
0 0.6503677375 0.982416653125 0.8759415625000001 0.9466892687499999 0.8575731328125 0.8499056875000001 0.84612154375 0.8491300140625 0.6405655765625 0.9205282531250001 0.6503677375 0.982416653125
0 0.539350853125 1 0.63786079375 0.9843975578125 0.6275136390625 0.9096483531249999 0.399346753125 0.930249884375 0.403805284375 1 0.539350853125 1
0 0.394739771875 1 0.392631521875 0.928724053125 0.1692009921875 0.9485754203125 0.16518887499999999 1 0.394739771875 1
0 1 0.8290690906249999 0.8718037687500001 0.8580094734375001 0.882820721875 0.945599715625 1 0.9270403406250001 1 0.8290690906249999
0 0.621004396875 0.81746001875 0.8250031375000001 0.7566661171875 0.8134221484375 0.6937647453125 0.608980184375 0.73132401875 0.621004396875 0.81746001875