0 0.15625 0.12159533125 0.08609694062499999 0.0997081703125 0.051020409375 0.17752918281250002 0.041454081250000004 0.2383268484375 0.063775509375 0.340466925 0.060586735937500004 0.46449416406250005 0.047831632812500004 0.5082684828125 0.1658163265625 0.5058365765625 0.2678571421875 0.5447470812499999 0.3093112234375 0.5350194546875 0.3220663265625 0.138618678125 0.2295918359375 0.1240272375 0.15625 0.12159533125
0 0.4304846953125 0.0997081703125 0.3858418359375 0.196984434375 0.40178571406249997 0.3720817109375 0.369897959375 0.5228599234375 0.5452806125 0.5374513624999999 0.5931122453125 0.559338521875 0.644132653125 0.5252918296875 0.644132653125 0.36964980468749997 0.6919642859375 0.17752918281250002 0.6728316328124999 0.12889105 0.5771683671875001 0.13132295624999998 0.4304846953125 0.0997081703125
0 0.3125 0.5179961078125 0.28380101875 0.5423151749999999 0.2742346953125 0.7198443578125 0.35395408125 0.7368677046875 0.398596940625 0.7174124515625 0.3954081640625 0.6663424140624999 0.411352040625 0.5447470812499999 0.37946428593750003 0.5204280140625 0.37946428593750003 0.48881323125 0.3156887765625 0.46935797656249995 0.3125 0.5179961078125
0 0.03507653125 0.7490272375 0.226403059375 0.8073929953125001 0.2869897953125 0.7733463031250001 0.27104591875 0.7247081703125 0.2997448984375 0.5398832687499999 0.255102040625 0.5447470812499999 0.15625 0.5058365765625 0.060586735937500004 0.5082684828125 0.057397959374999995 0.63229571875 0.03507653125 0.7490272375
0 0.404974490625 0.5277237359375 0.398596940625 0.685797665625 0.3667091828125 0.7709143968750001 0.49744898125 0.8122568093750001 0.5771683671875001 0.8414396906249999 0.625 0.8025291828125001 0.6122448984375 0.7344357984375 0.6281887765625 0.6444552531250001 0.65369898125 0.5301556421875 0.5867346953125 0.5496108937499999 0.5644132640625 0.5374513624999999 0.404974490625 0.5277237359375
0 0.7493622453125 0.33560311249999997 0.8067602046875001 0.1702334640625 0.80994898125 0.12889105 0.682397959375 0.1191634234375 0.6632653046875 0.2966926078125 0.6377551015625 0.481517509375 0.7493622453125 0.44990272343750004 0.7493622453125 0.33560311249999997
0 0.6473214281249999 0.5325875484375 0.6377551015625 0.6541828796875 0.6154336734375 0.7125486375000001 0.6154336734375 0.7271400765625 0.6919642859375 0.7490272375 0.7206632640625 0.7125486375000001 0.7047193875 0.6590466921875 0.7270408171875 0.5763618671875 0.75255101875 0.45476653593750005 0.711096940625 0.45963035156250004 0.65369898125 0.483949415625 0.6473214281249999 0.5325875484375
0 0.832270409375 0.30398832656249997 0.851403059375 0.223735409375 0.90242346875 0.09727626406249999 0.65369898125 0.0997081703125 0.66645408125 0.1191634234375 0.8131377546874999 0.12645914375 0.8131377546874999 0.1580739296875 0.7493622453125 0.32101167343750003 0.74617346875 0.44503891093750003 0.7844387765625 0.46449416406250005 0.8195153046874999 0.435311284375 0.832270409375 0.30398832656249997
0 0.7429846953125 0.683365759375 0.800382653125 0.6590466921875 0.7844387765625 0.6298638125 0.7876275500000001 0.5179961078125 0.82270408125 0.4426070046875 0.7684948984375 0.45233462968750004 0.7429846953125 0.625 0.7015306125 0.6541828796875 0.7429846953125 0.683365759375
0 0.994897959375 0.3112840453125 0.838647959375 0.35019455312500003 0.8354591828125001 0.428015565625 0.8705357140625001 0.615272371875 0.9056122453125001 0.6371595343750001 1 0.6079766531249999 0.994897959375 0.3112840453125
0 0.8928571421875 0.10214007656249999 0.8482142859374999 0.2407587546875 0.8354591828125001 0.34289883125 0.9247448984375 0.33560311249999997 0.96619898125 0.0778210125 0.8928571421875 0.10214007656249999
0 0.845025509375 0.5933852140625 0.8418367359375001 0.44990272343750004 0.7971938781250001 0.45963035156250004 0.7908163265625 0.5179961078125 0.7748724499999999 0.6104085593749999 0.7940051015625 0.61770428125 0.845025509375 0.5933852140625
0 0.398596940625 0.42071984375 0.40178571406249997 0.33803501874999997 0.40178571406249997 0.27237354062499997 0.3922193875 0.211575875 0.40178571406249997 0.1580739296875 0.42410714218749995 0.10214007656249999 0.3443877546875 0.0924124515625 0.27742346875 0.08998054531250001 0.2168367359375 0.09727626406249999 0.19132653125000001 0.09727626406249999 0.21364795937499997 0.1167315171875 0.34119898125 0.12889105 0.3156887765625 0.1605058359375 0.3029336734375 0.19455252812499998 0.3093112234375 0.25535019531250003 0.30612245 0.3283073921875 0.3029336734375 0.39883268437499997 0.3125 0.46449416406250005 0.3571428578125 0.48881323125 0.3890306125 0.48881323125 0.398596940625 0.42071984375
0 0.66645408125 0.0924124515625 0.5452806125 0.0778210125 0.561224490625 0.12645914375 0.6505102046875 0.12645914375 0.66645408125 0.0924124515625
0 0.43367346875 0.0997081703125 0.5516581640625 0.13132295624999998 0.5644132640625 0.1094357984375 0.5420918359375 0.07538910625 0.44961734687500005 0.068093384375 0.43367346875 0.0997081703125