0 0.802669446875 0.860372653125 0.8348238765625 0.885312253125 0.867531478125 0.8974872062499999 0.8893236109375 0.8922107531249999 0.9048956953125 0.8241221171875001 0.8533194828124999 0.8354782359374999 0.802669446875 0.860372653125
0 0.8631631375 0.6993240765625 0.8372919953125001 0.7503697765624999 0.7838619421875 0.7874197875 0.741424265625 0.8177893765625001 0.7529839515625001 0.8500120062500001 0.769550490625 0.8706881171875 0.799747596875 0.8628024765625 0.8533194828124999 0.8354782359374999 0.9038276906249999 0.800858053125 0.9109265625 0.7977522640625 0.9191763937499999 0.761680040625 0.8918425359375 0.739458159375 0.8631631375 0.6993240765625
0 0.8865378984375001 0.6798854640625 0.8716450218749999 0.6725830828125 0.8435329203125 0.6713520296875 0.8108253187500001 0.6591770828125 0.7854932390625 0.645790446875 0.77242996875 0.7132552296875 0.7363891640625 0.7260005234375 0.697568340625 0.7509013999999999 0.6584638625 0.756350753125 0.674477225 0.7897915234374999 0.70078795625 0.8195907765625 0.7391974296875 0.8171803125 0.7898474640625001 0.79228589375 0.8285264640625 0.7576592640625 0.8528657609374999 0.7029655875 0.885984721875 0.6926501234375 0.8865378984375001 0.6798854640625
0 0.6429613140625 0.5551422765625 0.6059418546875001 0.551474940625 0.5647382390625 0.51437330625 0.542895309375 0.5374598828125 0.51006 0.567226853125 0.47346602187500003 0.59273680625 0.44800623906250003 0.6212921 0.4612395796875 0.666888453125 0.494089009375 0.688789153125 0.545859521875 0.6900331171875 0.57368796875 0.6718126468750001 0.6051332656249999 0.648123459375 0.64896095625 0.6116760640625001 0.68972496875 0.5679327468750001 0.6703784078125 0.5594122171875 0.6429613140625 0.5551422765625
0 0.5458030390624999 0.48336235937499994 0.508925403125 0.48942079375 0.4642467609375 0.46751362968750004 0.4204049515625 0.4522933359375 0.39884567187500003 0.49483142343750003 0.36823720781249997 0.5252074765625 0.347089278125 0.5452551531250001 0.32232450468749996 0.5707715531249999 0.338479690625 0.6139380765625 0.35142938125 0.6400829124999999 0.393186171875 0.6644199000000001 0.42963833124999995 0.62918419375 0.4552399375 0.610354659375 0.47540920781249996 0.573894359375 0.5223005656249999 0.5447428999999999 0.5786524640625 0.5052630703125 0.5458030390624999 0.48336235937499994
0 0.27286616406249997 0.37319167656249996 0.2368394875 0.437604653125 0.2015078046875 0.4989787296875 0.219748009375 0.5330285640625 0.23381818124999998 0.5853117765625 0.2768231546875 0.5938452171875 0.311332128125 0.577451959375 0.3527911453125 0.530669746875 0.389938309375 0.492395146875 0.43932603593749997 0.4316365828125 0.4003492609375 0.3951440171875 0.3688898453125 0.3671655171875 0.3080701375 0.3537595171875 0.27286616406249997 0.37319167656249996
0 0.6731301859375 0.443921259375 0.632210221875 0.42627114062500004 0.5776455656249999 0.3855150703125 0.525449575 0.355093840625 0.4802177515625 0.3459513359375 0.43179456250000003 0.3714548296875 0.45295661093749995 0.4030748359375 0.4643744640625 0.42557170624999996 0.5025144078125 0.4553774171875 0.573220128125 0.4876323125 0.6003676953125 0.5241184234375 0.641982659375 0.538729653125 0.6663360796875 0.5357036640625 0.69624954375 0.5083665125 0.6845480390625001 0.46641812343750005 0.6731301859375 0.443921259375
0 0.19417525156249998 0.1482423703125 0.1685877703125 0.21873959375 0.19461485 0.2290873359375 0.28648261875 0.29296223593750004 0.3324235625 0.3507335296875 0.3964487609375 0.38116121718749996 0.4173130359375 0.34166202343749996 0.40769654843750003 0.290596959375 0.36690428750000004 0.23100490625 0.31094961875 0.1963266359375 0.257221796875 0.1622574359375 0.19417525156249998 0.1482423703125
0 0.6789738765625 0.43906160625 0.7330989375 0.39897270625000003 0.711936884375 0.3673527 0.663499575 0.3411885 0.599332553125 0.301035059375 0.570823221875 0.37396210625 0.6789738765625 0.43906160625
0 0.41870304843749995 0.3355842359375 0.4352695890625 0.35626034687499997 0.48689828281249997 0.347778546875 0.5343569375 0.3575301171875 0.5585685312499999 0.3447783765625 0.5936306859375 0.3156204640625 0.5685681328125 0.2700176640625 0.53140685 0.25662457656250004 0.489650053125 0.23228758749999998 0.47156580156250005 0.2596312 0.4394254953125 0.2863592765625 0.41870304843749995 0.3355842359375
0 0.12842387187499998 0 0.114533925 0.0102158171875 0.122207225 0.0801233359375 0.12681685468749998 0.1427349171875 0.103314384375 0.204115459375 0.133936978125 0.2254070875 0.1634390796875 0.220560346875 0.1856933671875 0.174983359375 0.21574865468749999 0.1573719640625 0.2885393890625 0.18051017656249999 0.30940366875 0.1410109828125 0.34209714999999996 0.101518246875 0.311332734375 0.070500846875 0.2606685796875 0.0437275828125 0.19790568125000002 0.0491640296875 0.14874811875 0 0.12842387187499998 0
0 0.631600553125 0.23236504062500002 0.5897019375 0.1983023 0.5265135703125 0.1745614703125 0.500642434375 0.2256071828125 0.5449097171874999 0.270004746875 0.5989070703125 0.2718577828125 0.621047775 0.3198904125 0.6717119296875 0.3466636828125 0.6956398765625 0.3144604171875 0.7308438500000001 0.295028259375 0.7322338625 0.2889504703125 0.702306278125 0.264619946875 0.6740523546875 0.2536631359375 0.631600553125 0.23236504062500002
0 0.9387304249999999 0.6761804359375 0.9232737125 0.6641012765625 0.877063234375 0.638546146875 0.8522984640625 0.6640625531250001 0.8786091953125 0.6938618062499999 0.890168871875 0.7260844296875 0.9212791234375001 0.7524858937500001 0.9387304249999999 0.6761804359375
0 0.5905240390625 0.6602725875 0.562142415625 0.6912577062499999 0.584283115625 0.7392903359375 0.6200543890625 0.7587612171875 0.6673712218750001 0.758787040625 0.7137093984375 0.7424002359374999 0.766444446875 0.7083891234374999 0.774784509375 0.6719223703125 0.747920596875 0.6548877703125 0.705326978125 0.6238639234375001 0.6751157437499999 0.5800818765625 0.63672039375 0.6341600234375 0.5905240390625 0.6602725875
0 0.7402614203125 0.636647940625 0.7693521718749999 0.6542916125 0.7898050921875 0.6372828296875 0.8166690093750001 0.6543174296875 0.8108111984375 0.60750939375 0.794939659375 0.5837943828125 0.7657070796875 0.5564249593749999 0.717269765625 0.5302607593750001 0.6898667921875 0.5776585062499999 0.7042064906250001 0.597725546875 0.7402614203125 0.636647940625
0 0.17514374375 0 0.169509934375 0.028481459375 0.189693328125 0.043688859375 0.2784833015625 0.0486001359375 0.34432398750000004 0.1021273125 0.39680363281250003 0.152000059375 0.4005623046875 0.15625709375000002 0.4272843984375 0.16356594062500002 0.42588026093750003 0.117976040625 0.4127887515625 0.082105446875 0.3715851375 0.045003812500000004 0.31622853906250004 0 0.17514374375 0
0 0.7953368937499999 0.5096362875 0.83529231875 0.5625414765625 0.8433628546874999 0.5582909 0.838909171875 0.557072759375 0.8622839375 0.537634153125 0.8685389828125001 0.5102840828125 0.848908775 0.482312040625 0.8143856812499999 0.44703761249999996 0.7623315171875 0.42634213593750003 0.7358930796875 0.43848481250000004 0.746615925 0.4640205703125 0.7953368937499999 0.5096362875
0 0.8976156187500001 0.4762600640625 0.935046434375 0.45743698281249995 0.9159693984375 0.4167002828125 0.9009346984375 0.399672140625 0.8650215921875001 0.3704755125 0.8405404640624999 0.41544342343749996 0.8202293718749999 0.44217795937500004 0.8496037781249999 0.47927314687499994 0.8728508406250001 0.5017764640625 0.8976156187500001 0.4762600640625
0 0.32109104843749997 0.13129167656250001 0.30412727500000003 0.1847736703125 0.3205519953125 0.19572401718750002 0.3585501109375 0.2158039703125 0.3908463546875 0.2504693296875 0.40908655781250003 0.2845191640625 0.4385886640625 0.2796724234375 0.46850212812500003 0.2523352640625 0.436617234375 0.1951794875 0.4089164875 0.17145802968749999 0.372308384375 0.14530028749999999 0.3401539609375 0.1203606875 0.32109104843749997 0.13129167656250001
0 0.952930478125 0.6140909875 0.9645817390625 0.5631460703125 0.9473152390624999 0.5382884 0.9040407296874999 0.5619711359374999 0.9513716859375 0.6136646406249999 0.952930478125 0.6140909875
0 0.8930624734375 0.6203192359374999 0.8875024375 0.6446303999999999 0.9121395046874999 0.6610559234375 0.9427741328125 0.6584993875 0.9525631156250001 0.6156972703125 0.9149054078125 0.5972326640625 0.8936015312500001 0.5558868875 0.8717444828125 0.5273057765625 0.8686949343749999 0.5716775296875001 0.8930624734375 0.6203192359374999
0 0.4896218140625 0.1289522171875 0.4620770171875 0.1666242 0.4883877484375 0.196423453125 0.5113511640625 0.199475259375 0.5285985890625 0.1654447875 0.5561575000000001 0.1794404828125 0.5948506234375001 0.196481540625 0.641046978125 0.1703689875 0.6036020390625 0.1375243765625 0.5580865703125 0.108930359375 0.5295489953125 0.0785220359375 0.4946145484375 0.0657380171875 0.4896218140625 0.1289522171875
0 0.4785152484375 0.736193353125 0.4730970265625 0.7702302765625 0.50232960625 0.7975996999999999 0.5559156109375001 0.821943146875 0.5883395625000001 0.8146665828125 0.633004084375 0.784906046875 0.615458884375 0.7478173171875 0.578850778125 0.7216595765625 0.553235053125 0.6888214234375 0.5297184609375 0.6985342765625 0.50857053125 0.718581953125 0.4785152484375 0.736193353125
0 0.07707425625 0.43265463593750003 0.041444809375 0.4229095125 0.028934717187499997 0.47760964687499996 0.006680434375 0.5231866296875001 0.0214456109375 0.572430940625 0.0498413578125 0.59311350625 0.0832439640625 0.602249559375 0.11817841093749999 0.6150335765625 0.1412695265625 0.576143453125 0.17451619062499998 0.5238860640625 0.18661492500000001 0.491676353125 0.1539073234375 0.4795014 0.1152141984375 0.46246034687500004 0.07707425625 0.43265463593750003
0 0.5366905484375 0.6912425 0.5508082562500001 0.6807201593750001 0.5254581953125 0.6737865828125 0.5039692484375 0.68069459375 0.4673938140625 0.6818780828125 0.449962584375 0.6659230703125 0.44692285781249996 0.633127846875 0.43644869062499997 0.6174775 0.41551431875 0.6373227296875 0.39072583125000004 0.6688993359375 0.364968565625 0.684229059375 0.37379296875 0.71221370625 0.43027777812499995 0.7212702765625 0.4691979609375 0.730317259375 0.4935792484375 0.721003953125 0.5181641375 0.7005589999999999 0.5366905484375 0.6912425
0 0.261890575 0.5665371875 0.22241581406250002 0.5445529875 0.19244645625 0.5219722531250001 0.161255490625 0.5661814171875 0.1433538546875 0.59324890625 0.163544021875 0.622744040625 0.2041209609375 0.64502970625 0.24049279218750003 0.6549778765625 0.2734809078125 0.6336349296875 0.30323269062499997 0.6162013828124999 0.312183509375 0.6026676296875 0.3228542875 0.5816133703124999 0.297160234375 0.5761839 0.261890575 0.5665371875
0 0.227344159375 0.43083120625 0.26108346875 0.385720859375 0.2963391421875 0.344221640625 0.2674017609375 0.3171285875 0.2339924609375 0.3095889 0.20188894687499997 0.2912190234375 0.175366509375 0.27917022343750003 0.1376117171875 0.24966549374999997 0.11115248281250001 0.21685749375 0.0895301328125 0.23971092968750002 0.086785171875 0.2773167359375 0.081491871875 0.3158237171875 0.08005968125 0.36817228750000003 0.08930525624999999 0.4250395765625 0.1010220046875 0.45061892343750004 0.1365022484375 0.474706959375 0.16812138125 0.48495339375 0.19712196875000002 0.491287240625 0.20572879687499998 0.47925760625 0.227344159375 0.43083120625
0 0.5152616015625 0.8086901828125 0.496674521875 0.8029272765625001 0.4800771015625 0.7949921875 0.4767331859375 0.7682719765625 0.47248244218749996 0.7433410125 0.4581431375 0.7516427359375 0.4428403140625 0.768509159375 0.4278298234375 0.7840973531250001 0.45218602187499995 0.8016246062500001 0.46667743437500003 0.8144164406250001 0.497969115625 0.8277287828125001 0.509647565625 0.8288857125 0.52469085 0.8262092937500001 0.5478121109375 0.8230259359375 0.5323840359374999 0.8099779171874999 0.5152616015625 0.8086901828125
0 0.3205401328125 0.8158707640625 0.3047988046875 0.834654540625 0.2763230484375 0.8438434296875 0.28677844218750004 0.8677550640625 0.2965865390625 0.8792659359374999 0.3105499734375 0.8878387828125 0.3286388890625 0.891428159375 0.34953483125 0.884919759375 0.36741496093750003 0.8741910234375 0.3841227828125 0.8577088828124999 0.37536768593750003 0.8437696296875 0.359823275 0.8334061703125 0.342903690625 0.8247038765625 0.3205401328125 0.8158707640625
0 0 0.6478970765625001 0.0024627609375 0.6487392171875 0.02652365 0.6566783765624999 0.046691717187499995 0.6642319 0.0637574734375 0.6722950765625 0.07312111875 0.6639906359375 0.0839464609375 0.6492950359375 0.09480161875000001 0.6366448765625 0.0988078046875 0.6234796296875 0.078815734375 0.617332440625 0.061955809375000004 0.6127210234375 0.0456507296875 0.60350770625 0.02422383125 0.59493079375 0.0052847515625 0.5863552296875 0 0.5927390531250001 0 0.6478970765625001
0 0.9768719078125001 0.4659831 0.9547780265625001 0.4452973828125 0.9307748453125001 0.430739346875 0.93842281875 0.47412755312500005 0.919422703125 0.4889129 0.8951971328124999 0.5009368765625 0.8797021015625001 0.5260058937500001 0.8989947703125001 0.5312826937499999 0.932928096875 0.5365674765625 0.9574462296874999 0.544605653125 0.969910925 0.5398443171875 0.974518615625 0.5196972765625001 0.9768719078125001 0.4659831
0 0.8615740796875 0.370515640625 0.8337205703125001 0.3429152125 0.8131639640625 0.3346284234375 0.7874345843749999 0.306276840625 0.759698096875 0.2867012703125 0.7483928140625 0.306255540625 0.734272925 0.32104354687500003 0.730832171875 0.336088159375 0.7205626109375001 0.363918553125 0.7331434875 0.39000599375 0.73556016875 0.40931697656250005 0.7434832171875 0.408819746875 0.7586388234375 0.4023078703125 0.7769015968749999 0.42062439375 0.809401278125 0.4321777640625 0.8243813578125 0.41362860625 0.847629721875 0.3973409296875 0.8615740796875 0.370515640625
0 0 0.7204090640625 0.006826889062499999 0.7188769765624999 0.019109384375 0.7035864125 0.040461840625 0.682783759375 0.024381703125 0.6677285000000001 0 0.6564610937500001 0 0.7204090640625
0 0.7635887078125 0.8672470171875 0.7496912078125 0.8554530234375 0.7332658359375 0.837639053125 0.717413915625 0.8173176468750001 0.6910642171875 0.8300927828125 0.669705934375 0.8295795828125 0.6333617484375 0.8262996765624999 0.6081004562500001 0.8300475125 0.5858819828125 0.8332954593749999 0.5802059109375 0.8623822406249999 0.6002475703125 0.8771888875 0.6279840578125 0.8967644531250001 0.65853515 0.9211062765625 0.6796008812500001 0.9015573359375001 0.7106610890625 0.8980634406249999 0.7574503765625 0.8855502296875001 0.7635887078125 0.8672470171875
0 0.237045828125 0.6726092593749999 0.2176361421875 0.65930760625 0.199777115625 0.6477622234375 0.18250320312499999 0.6763411234375 0.168787065625 0.6979002640624999 0.14559721718750002 0.7182003703125 0.1753993140625 0.733012346875 0.196470871875 0.7347792640625 0.22409033125 0.7463299765625 0.23878950937500001 0.7503503874999999 0.24814619843750002 0.7435845765625 0.2600834515625 0.7255353062500001 0.254337221875 0.7079779359375 0.23619146406249997 0.6976862703125 0.237045828125 0.6726092593749999
0 0.3714625265625 0.7080418468749999 0.36365068125 0.6952480703125 0.3521055265625 0.6774367640625 0.33327511875 0.6829435296875 0.3040523046875 0.6869399828125 0.2847596328125 0.6816631828124999 0.272237275 0.6595881703125 0.2525408546875 0.6475402359375 0.238134234375 0.663581959375 0.24135842031250002 0.6964352171875 0.2592759515625 0.7119930296875 0.295163703125 0.7258052234375 0.32157774375 0.7383583765624999 0.3588991328125 0.7459019828125 0.37261527031249997 0.7243428359374999 0.3714625265625 0.7080418468749999
0 0.5758406375 0.8558597062500001 0.5626863046875 0.8322797062499999 0.5322580578125 0.83727859375 0.5083718984375001 0.8307454171875 0.48660986250000005 0.8234610703125 0.48346167187500005 0.8585678296875001 0.5021281953125001 0.8836554937500001 0.5225150921874999 0.901220846875 0.5495611015625 0.915279 0.5658109421875 0.9210556828125 0.5827454421875 0.9110339296875001 0.5989894609374999 0.8954947593749999 0.5923830390625 0.8816985468749999 0.5810134109375 0.8759245124999999 0.5758406375 0.8558597062500001
0 0.3341527828125 0.743129959375 0.3068785625 0.734337959375 0.287814115625 0.7237950171875001 0.269270434375 0.7280480703125 0.25268118125 0.7408285296875 0.232130403125 0.75385760625 0.23758990781249997 0.77266869375 0.25832204375 0.7929927640625001 0.2754905890625 0.7990207296875 0.2978202515625 0.7824817765625001 0.326411096875 0.7769803296875 0.350291434375 0.762197653125 0.3511516234375 0.75843649375 0.355224340625 0.7448968765624999 0.3341527828125 0.743129959375
0 0.1617358578125 0.7372680640625 0.13503509687499998 0.7259686296875 0.11626319843749999 0.7354878234375 0.0954256953125 0.7497706171875 0.11121910156249999 0.7660796000000001 0.13510525625 0.7726127703125 0.1697875796875 0.7874274125 0.1788575390625 0.7819153171875 0.1945281015625 0.7688835765625 0.21513739375 0.7598669296875 0.212381296875 0.7591131 0.20089465468749998 0.7453142171875 0.18137376562500002 0.7453035703124999 0.1617358578125 0.7372680640625
0 0.060901424999999995 0.68304569375 0.0657289609375 0.7003517828125 0.08668931875 0.7154097 0.1106925 0.729967746875 0.12820045625 0.7174385531249999 0.1517940578125 0.7039095875 0.17142614218750002 0.6906292359374999 0.1795130703125 0.6595375765625 0.16044861562499999 0.6489946359375 0.135298521875 0.6394514703125 0.10004274375 0.6271442703125001 0.076741690625 0.6607353765624999 0.060901424999999995 0.68304569375
0 0.795872328125 0.5084059171875001 0.7724426015625 0.491340453125 0.757509384375 0.4712703171875 0.7383864250000001 0.456714953125 0.72557733125 0.435893646875 0.7066825890625 0.4160721359375 0.69090083125 0.4423948765625 0.7065245359375 0.46798242968750003 0.705383446875 0.49431315937500003 0.7117031375 0.50936309375 0.73478761875 0.523669853125 0.7549463015625 0.546501359375 0.7729165171875 0.544755740625 0.7999566984375 0.5374980234375 0.800928084375 0.5204458703125 0.795872328125 0.5084059171875001
0 0.47419329218749995 0.813523653125 0.4502755484375 0.7946523765625 0.4321392171875 0.78506830625 0.41519439374999995 0.76039830625 0.3940725578125 0.7638683000000001 0.376809490625 0.7899702640624999 0.38246225625 0.8146340999999999 0.385657584375 0.8401669765625 0.4059196328125 0.8503324593749999 0.42571457968750004 0.8526642703125 0.44743216874999997 0.8416513171875 0.4752628890625 0.83847510625 0.4763257515625 0.83876580625 0.4908673453125 0.8196254 0.47419329218749995 0.813523653125
0 0.48582380937499997 0.8367401125 0.46118166875 0.8407884359375 0.4241913453125 0.869200646875 0.4364176234375 0.8848741531250001 0.4491786953125 0.9130233828125001 0.48006935781250004 0.9260959296875001 0.5003923578125 0.9162427171875 0.5250345046875 0.9121943937499999 0.518386565625 0.8918819125 0.5034388187500001 0.8831699593750001 0.4887551015625 0.86836549375 0.4833054109375 0.857627840625 0.48582380937499997 0.8367401125
0 0.069784778125 0.7399009828125 0.0969520578125 0.7396256828125 0.08704784531250001 0.7137990234375 0.0713012703125 0.698703846875 0.04910983125 0.6772223828125 0.02686418125 0.7004203640625 0.0090663140625 0.7140466 0.032320615625 0.7358187703125 0.053713221874999995 0.7509170234375 0.069784778125 0.7399009828125
0 0.23532033125 0.766682940625 0.22030488906249998 0.7533289359374999 0.1989190265625 0.7628914359375 0.182583434375 0.7799999875 0.1722932875 0.8003032234375 0.184384171875 0.80669260625 0.196874478125 0.8162735937500001 0.2105562875 0.810768659375 0.22888895156250003 0.809618153125 0.24987540312499998 0.796864046875 0.2498077078125 0.7922219765625 0.2522651546875 0.7913529406250001 0.2523938015625 0.77597630625 0.23532033125 0.766682940625
0 0.6087373625 0.21535625937499997 0.653181190625 0.23830049375 0.686996403125 0.2583376765625 0.72386481875 0.269962853125 0.7336269078125001 0.2618446359375 0.7605911015625 0.247643153125 0.764768115625 0.219503159375 0.72676915 0.2029452171875 0.696277903125 0.1930642765625 0.6530323234375001 0.1796948640625 0.6206184343750001 0.1831587 0.6087373625 0.21535625937499997
0 0.3503775921875 0 0.333594190625 0.031995859375000005 0.492836115625 0.14753430625 0.5393627125 0.07227987031250001 0.48509512343749994 0.0361084703125 0.42577460624999997 0 0.3503775921875 0