0 0.2250597328125 0.248052821875 0.4325141515625 0.2899331921875 0.42515375312500003 0.21530182031249998 0.21532002343749998 0.176371959375 0.2250597328125 0.248052821875
0 0.26183989375 0.3250896125 0.4409553921875 0.354250084375 0.44181618437500003 0.2933549375 0.25815726875 0.2548717 0.26183989375 0.3250896125
0 0.28672109375 0.383976728125 0.47146085156249995 0.4121454921875 0.4679958484375 0.35960601875 0.28239044999999996 0.32652794531249996 0.28672109375 0.383976728125
0 0.7844704421875 0.32911274218750003 0.7669447953125 0.279052540625 0.609685590625 0.3574010546875 0.62180460625 0.42613140625 0.7844704421875 0.32911274218750003
0 0.484450365625 0.5515896109375 0.6265632234375 0.4202303875 0.609685590625 0.3574010546875 0.45091515312499997 0.47651162031250005 0.484450365625 0.5515896109375
0 0.437945053125 0.60028533125 0.47321155 0.6851819453125 0.6553422453125 0.5341116296874999 0.6453873390625 0.4776545546875 0.437945053125 0.60028533125
0 0.658799965625 0.4879444140625 0.8353088265625 0.37076803593749996 0.8145382234375 0.3187490359375 0.627861690625 0.42759435625000003 0.658799965625 0.4879444140625
0 0.062621228125 0.494358840625 0.052673603125 0.53660845625 0.21167379843749998 0.599687478125 0.210588103125 0.5441974968750001 0.062621228125 0.494358840625
0 0.022605825 0.5469721609375 0.029098153124999998 0.5837919953124999 0.2266073703125 0.7008242046875 0.21730048281249997 0.631597996875 0.022605825 0.5469721609375
0 0.45743174687500004 0.8423537375000001 0.455047590625 0.779499790625 0.229199446875 0.649747678125 0.231798809375 0.6973778390625001 0.45743174687500004 0.8423537375000001
0 0.8716634453125 0.544056865625 0.8461342281249999 0.4979388796875 0.676548090625 0.6214875140625 0.6921272578125001 0.6769528828125 0.8716634453125 0.544056865625
0 0.9707262890624999 0.3823239140625 0.8485356109375 0.4622250859375 0.861062946875 0.5332711515625 0.9787347109375 0.44418615624999996 0.9707262890624999 0.3823239140625