0 0.044706359375 0.7867607171875 0.004064215625 0.876288659375 0.1950823015625 0.9224091140624999 0.2397886609375 0.8355941390625 0.044706359375 0.7867607171875
0 0.089412721875 0.718936515625 0.0528347921875 0.7731958765625 0.2194675875 0.8274552375 0.2540134125 0.7514921343750001 0.089412721875 0.718936515625
0 0.1117659 0.6511123140625 0.093476934375 0.70808464375 0.24385287656250001 0.7542050984374999 0.26417395 0.6728160625 0.1117659 0.6511123140625
0 0.29465555625 0.165491046875 0.1889859765625 0.1275094953125 0.1808575484375 0.170916984375 0.2702702703125 0.200759628125 0.29465555625 0.165491046875
0 0.4125177796875 0.1953336953125 0.308880309375 0.170916984375 0.3007518796875 0.2034725984375 0.40235724375000004 0.23060227812499998 0.4125177796875 0.1953336953125
0 0.140736003125 0.5723412984375 0.1190843125 0.6128098765625001 0.25332480625 0.633044165625 0.26198548593750004 0.5896849750000001 0.140736003125 0.5723412984375
0 0.26198548593750004 0.79202785625 0.24249896093749998 0.8411682734375001 0.417877675 0.8585119484374999 0.409216996875 0.7804654078125 0.26198548593750004 0.79202785625
0 0.4070518265625 0.77757479375 0.39622598125 0.7139813203125 0.27281133281250003 0.716871928125 0.2511596375 0.789137246875 0.24249896093749998 0.79202785625 0.4070518265625 0.77757479375
0 0.4200428453125 0.5260914953125 0.2879675171875 0.5203102734375 0.285802346875 0.5607788499999999 0.41354733593750004 0.5723412984375 0.4200428453125 0.5260914953125
0 0.277141671875 0.60702865 0.2706461625 0.635934778125 0.3940608109375 0.659059675 0.409216996875 0.6214817109374999 0.277141671875 0.60702865
0 0.2901326875 0.263045746875 0.1602225296875 0.22546778281250002 0.14939668281250001 0.2659363609375 0.2749765015625 0.2919518765625 0.2901326875 0.263045746875
0 0.14939668281250001 0.320858 0.266315821875 0.349764128125 0.2749765015625 0.303514325 0.1558921890625 0.27749880937500004 0.15156185 0.2803894234375 0.14939668281250001 0.320858
0 0.28147200781250004 0.3757796390625 0.1429011734375 0.3439829015625 0.1277449890625 0.39023270625 0.27281133281250003 0.413357603125 0.28147200781250004 0.3757796390625
0 0.266315821875 0.43648250468749994 0.14723151406249999 0.4335918921875 0.132075328125 0.4769510828125 0.26198548593750004 0.48273230937499995 0.266315821875 0.43648250468749994
0 0.266315821875 0.5029665984375 0.140736003125 0.50585720625 0.1277449890625 0.5463257828125 0.266315821875 0.5405445624999999 0.266315821875 0.5029665984375
0 0.4005563203125 0.2717175875 0.31611471875 0.2514832984375 0.3182798875 0.2948424890625 0.4005563203125 0.30640493750000003 0.4005563203125 0.2717175875
0 0.4070518265625 0.3410922890625 0.2987933625 0.31796738593749996 0.2987933625 0.3671078046875 0.402721490625 0.3844514796875 0.4070518265625 0.3410922890625
0 0.4048866609375 0.4104669890625 0.303123703125 0.39023270625 0.29662819375 0.43648250468749994 0.4048866609375 0.4451543453125 0.4048866609375 0.4104669890625
0 0.3940608109375 0.47406046875 0.29662819375 0.45093556718750005 0.2879675171875 0.497185371875 0.3810697953125 0.514529046875 0.3940608109375 0.47406046875
0 0.6658563359375 0.664867540625 0.5570321703125 0.6500927062499999 0.5644100765625 0.6919547374999999 0.67138976875 0.7042671031250001 0.6658563359375 0.664867540625
0 0.8041921390625 0.728891825 0.69167901875 0.7165794640625001 0.7064348375 0.7584414953125 0.8171034781250001 0.7584414953125 0.8041921390625 0.728891825
0 0.6769232 0.824928246875 0.5644100765625 0.8200033046874999 0.5736324671874999 0.8643278046875 0.69167901875 0.8544779171875 0.6769232 0.824928246875
0 0.6475159421875001 0.559240603125 0.546245675 0.553095103125 0.546245675 0.5961136078125 0.6413783468750001 0.6022591078125 0.6475159421875001 0.559240603125
0 0.6444471468749999 0.5940651078125 0.5523832671875 0.5961136078125 0.5539176640625 0.6268411140625 0.6444471468749999 0.6227441140625001 0.6444471468749999 0.5940651078125
0 0.77793976875 0.5449010984375 0.6843414906249999 0.5489980984375 0.6874102890625 0.5940651078125 0.7810085640625 0.5879196078125 0.77793976875 0.5449010984375
0 0.7810085640625 0.6145501140625 0.6904790843749999 0.6165986140624999 0.6920134828125 0.65347161875 0.7825429609375 0.64937461875 0.7810085640625 0.6145501140625
0 0.784077359375 0.65347161875 0.6935478796875 0.6596171187500001 0.6920134828125 0.6882961234375 0.784077359375 0.6862476234375 0.784077359375 0.65347161875
0 0.945189146875 0.5162220921875 0.845453278125 0.5264645984375 0.883813228125 0.5817741078124999 0.9866178921875 0.5735801031250001 0.945189146875 0.5162220921875
0 0.856194065625 0.6165986140624999 0.9083635953125 0.6227441140625001 0.9927554828125 0.6206956140625 0.9881522890625 0.5858711078125001 0.9022260031249999 0.5940651078125 0.8577284640625 0.5899681078125 0.856194065625 0.6165986140624999
0 0.8469876749999999 0.6555201187499999 0.896088409375 0.6698596234374999 0.9896866875000001 0.65347161875 0.991221084375 0.6247926140625 0.9037604015625 0.6350351187500001 0.85159086875 0.6247926140625 0.8469876749999999 0.6555201187499999
0 0.85159086875 0.725169134375 0.90069160625 0.739508634375 0.98508349375 0.7210721343750001 0.9881522890625 0.694441628125 0.90069160625 0.704684128125 0.8607972593750001 0.692393128125 0.85159086875 0.725169134375
0 0.672066309375 0.7210721343750001 0.5631240546875 0.716975128125 0.5631240546875 0.7497511390625 0.667463115625 0.7599936390625001 0.672066309375 0.7210721343750001
0 0.6689975140625 0.77638164375 0.5723304406249999 0.7722846390625 0.56619285 0.8071091499999999 0.667463115625 0.81325465 0.6689975140625 0.77638164375
0 0.8132309234375 0.7948181437499999 0.7211670421874999 0.79072114375 0.71656385 0.8357881546874999 0.8162997187500001 0.8316911546875 0.8132309234375 0.7948181437499999
0 0.416043984375 0.5726898609375 0.2829615953125 0.558890103125 0.27262509687500003 0.602014340625 0.41216780000000003 0.6158140984375 0.416043984375 0.5726898609375
0 0.50907245625 0.4829914484375 0.45868203437500005 0.48471641718749997 0.453513784375 0.5174908406250001 0.5051962671875 0.5243907171875 0.50907245625 0.4829914484375
0 0.45092966093750003 0.477816540625 0.404415428125 0.477816540625 0.39795511562499997 0.5054160515625 0.45092966093750003 0.510590959375 0.45092966093750003 0.477816540625
0 0.5069316875000001 0.5461145000000001 0.4600865140625 0.53941370625 0.453394346875 0.5751512625 0.5044221234374999 0.5762680625 0.5069316875000001 0.5461145000000001
0 0.498566478125 0.5963704328125 0.4517213046875 0.6131224125 0.4500482625 0.638808778125 0.5010760390625 0.6231735984375 0.498566478125 0.5963704328125
0 0.49522039375000004 0.6522103609375 0.439173490625 0.6589111546875001 0.43833696875 0.690181515625 0.4968934359375 0.6778967312499999 0.49522039375000004 0.6522103609375
0 0.49438387187500005 0.7080502937500001 0.445029134375 0.7169846796875 0.4400100109375 0.7504886390625 0.49354735156249996 0.7471382421875 0.49438387187500005 0.7080502937500001
0 0.6365924328125 0.46012101093749996 0.5838916140625 0.46347140781249996 0.582218571875 0.49250817031249994 0.6374289531249999 0.49585856250000004 0.6365924328125 0.46012101093749996
0 0.6273906984375001 0.5159609374999999 0.578035965625 0.5170777375 0.5788724859375 0.542764103125 0.6299002625 0.5416473046875 0.6273906984375001 0.5159609374999999