0 0.1645021640625 0.049440540625 0.0969696984375 0.046838409375 0.0103896109375 0.036429875 0.0069264078125 0.122300284375 0.0883116875 0.1275045515625 0.14718614531250002 0.1275045515625 0.2077922078125 0.1379130875 0.2545454546875 0.13531095625 0.2337662328125 0.0442362734375 0.1645021640625 0.049440540625
0 0.18181818125 0.1327088203125 0.14718614531250002 0.1301066890625 0.1004329015625 0.1275045515625 0.04502164375 0.13531095625 0 0.1379130875 0.0017316000000000002 0.21077283593749999 0.06580086562500001 0.1951600328125 0.117748915625 0.2003643 0.1679653671875 0.21077283593749999 0.24415584375 0.21077283593749999 0.2545454546875 0.1457194921875 0.18181818125 0.1327088203125
0 0.26320346250000004 0.291438978125 0.26320346250000004 0.23158990156249998 0.245887446875 0.21077283593749999 0.2008658 0.21597710312500001 0.1506493484375 0.2133749671875 0.10216450156250001 0.2133749671875 0.0571428578125 0.21077283593749999 0 0.21857923437500001 0.022510821875 0.2940411140625 0.0277056296875 0.30444965 0.0779220765625 0.2940411140625 0.11601731562499999 0.288836846875 0.1645021640625 0.288836846875 0.2077922078125 0.288836846875 0.26320346250000004 0.291438978125
0 0.27012986875 0.30965391875 0.23203463281249997 0.3122560484375 0.1887445890625 0.3174603171875 0.15584415625 0.320062453125 0.110822509375 0.320062453125 0.0588744578125 0.320062453125 0.0051948031249999995 0.320062453125 0.0086580078125 0.39292219687499996 0.0796536796875 0.39292219687499996 0.11601731562499999 0.390320059375 0.176623378125 0.38511579218750003 0.221645021875 0.3825136609375 0.2718614734375 0.372105125 0.27012986875 0.30965391875
0 0.264935065625 0.4059328640625 0.2112554109375 0.41894353593749994 0.1454545453125 0.41113713125 0.1142857125 0.426749934375 0.0571428578125 0.424147803125 0.0086580078125 0.424147803125 0.0103896109375 0.43195420156250003 0.0051948031249999995 0.5074160812499999 0.107359309375 0.51262035 0.173160175 0.499609678125 0.22337662187500001 0.5048139453125 0.27878787968749996 0.494405409375 0.264935065625 0.4059328640625
0 0.1904761890625 0.51522248125 0.14372294531250002 0.5256310156249999 0.0761904765625 0.5230288859375001 0.017316018750000002 0.5256310156249999 0.0121212109375 0.595888628125 0.0865800875 0.598490765625 0.18354978125000002 0.593286496875 0.2303030296875 0.5854800921875001 0.27878787968749996 0.5698672890625 0.27532467656250004 0.499609678125 0.1904761890625 0.51522248125
0 0.2770562765625 0.5854800921875001 0.25077957500000003 0.5853569515625 0.20198215312499998 0.5954179515625 0.151271109375 0.6069162453125 0.0883116875 0.6167057 0.002965221875 0.6026043875 0.002965221875 0.696028 0.0421945203125 0.6989025734375 0.1206531203125 0.696028 0.1679653671875 0.6921675796875 0.225108225 0.68175904375 0.282251084375 0.64532916875 0.2770562765625 0.5854800921875001
0 0.24242424375 0.6765547765625 0.19815490468750002 0.6859669953124999 0.16179604375 0.696028 0.12160993125 0.7075262890625 0.0737693234375 0.7075262890625 0 0.7075262890625 0.0020084109375 0.8038244812500001 0.09290556718750001 0.795200759375 0.1679653671875 0.7910486609375 0.2372294359375 0.772833721875 0.290909090625 0.7572209234375 0.29096568437500003 0.6644077 0.24242424375 0.6765547765625
0 0.360863225 0.9189183609375 0.358441559375 0.905542546875 0.351515153125 0.8482956015625 0.315151515625 0.7936507921875 0.2735930734375 0.7936507921875 0.2112554109375 0.7962529296875 0.1489177484375 0.8066614640624999 0.07272727343749999 0.8222742625 0.017570301562499998 0.8326350328125001 0.0135404109375 0.8183083109375 0.017316018750000002 0.8482956015625 0.002058665625 0.8197456015625001 0.0011018515625 0.9275420765625 0.0154540359375 0.997969109375 0.110822509375 0.9653916234375 0.1696969703125 0.9653916234375 0.2249958984375 0.95485051875 0.360863225 0.9189183609375
0 0.27532467656250004 0.1275045515625 0.30649350468750003 0.10928961718750001 0.3428571421875 0.083268278125 0.3445887453125 0.00260213125 0.3116883125 0.03122560625 0.26666666562499997 0.06765547499999999 0.27532467656250004 0.1275045515625
0 0.292640690625 0.21857923437500001 0.3259622578125 0.2056152515625 0.35497835625 0.1977621640625 0.353246753125 0.0936768140625 0.3203463203125 0.122300284375 0.2805194796875 0.153525890625 0.292640690625 0.21857923437500001
0 0.35670995625 0.09888108125 0.358441559375 0.184751496875 0.38441558593749997 0.1769450921875 0.42770562968750003 0.150923759375 0.4519480515625 0.1457194921875 0.446753246875 0.0416341421875 0.4017316 0.085870415625 0.35670995625 0.09888108125
0 0.4502164515625 0.1769450921875 0.403463203125 0.192557896875 0.36883116718750003 0.20556856875 0.3636363640625 0.2472027046875 0.3653679640625 0.288836846875 0.38614718593749997 0.2836325796875 0.41731601874999996 0.28623471093749997 0.446753246875 0.2810304421875 0.44502164375 0.25240697343749996 0.4502164515625 0.1769450921875
0 0.396536796875 0.29664324531249997 0.374025975 0.3122560484375 0.3636363640625 0.34087951875 0.35497835625 0.390320059375 0.3896103890625 0.4007285953125 0.422510821875 0.408535 0.44502164375 0.4007285953125 0.45367965468750004 0.33827738749999997 0.46233766249999997 0.29664324531249997 0.44502164375 0.2940411140625 0.396536796875 0.29664324531249997
0 0.2943722953125 0.31485818593750003 0.2857142875 0.3695029953125 0.30649350468750003 0.3877179296875 0.3411255421875 0.390320059375 0.35497835625 0.359094459375 0.360173159375 0.30705178125 0.33246753125 0.3122560484375 0.2943722953125 0.31485818593750003
0 0.289603396875 0.3891279734375 0.290909090625 0.4475670046875 0.2925121046875 0.500546415625 0.315781775 0.500546415625 0.3565037015625 0.5136544640625 0.36086676406249996 0.4568529078125 0.3594124109375 0.39349732187500003 0.289603396875 0.3891279734375
0 0.44502164375 0.424147803125 0.4121212109375 0.41373926718750004 0.36883116718750003 0.424147803125 0.3636363640625 0.47358834375000003 0.3619047640625 0.494405409375 0.379220778125 0.5204267484375 0.41558441406249996 0.5230288859375001 0.441558440625 0.5204267484375 0.439826840625 0.47879261250000005 0.44502164375 0.424147803125
0 0.44329004375 0.57767369375 0.448484846875 0.5412438203125001 0.4311688328125 0.5360395515625 0.403463203125 0.5334374203125 0.375757575 0.5334374203125 0.3653679640625 0.5828779625 0.36709956718750003 0.61150143125 0.3896103890625 0.627114234375 0.41385281406249996 0.64532916875 0.43636363593749994 0.663544103125 0.439826840625 0.632318503125 0.44329004375 0.57767369375
0 0.3012987015625 0.494405409375 0.2943722953125 0.54384595625 0.29610389531250003 0.5646630218750001 0.3255411265625 0.5906843609375 0.35497835625 0.5828779625 0.358441559375 0.5074160812499999 0.3186147203125 0.5048139453125 0.3012987015625 0.494405409375
0 0.360173159375 0.598490765625 0.33073593125 0.598490765625 0.2943722953125 0.598490765625 0.2978354984375 0.6375227703124999 0.2978354984375 0.666146240625 0.3272727265625 0.6765547765625 0.3303253203125 0.6753204375 0.3480519484375 0.6869633109375 0.3619047640625 0.6505334375 0.360173159375 0.598490765625
0 0.38095238125 0.6401249015625 0.36883116718750003 0.684361175 0.3722943703125 0.7285974484375 0.4069264078125 0.7598230546875 0.441558440625 0.770231590625 0.45541125468750004 0.684361175 0.4121212109375 0.6583398359375 0.38095238125 0.6401249015625
0 0.375410309375 0.7408607 0.3636363640625 0.81707 0.39826839999999997 0.8456934703125001 0.420779221875 0.8691126718750001 0.44502164375 0.8769190703125 0.458308515625 0.7889235578125 0.4069264078125 0.7780379890625 0.375410309375 0.7408607
0 0.864069265625 0.1301066890625 0.9246753234374999 0.11969815312500001 0.9298701312500001 0.0286234703125 0.839826840625 0.0286234703125 0.7688311671875 0.0286234703125 0.7047619046875 0.020817070312499998 0.621645021875 0.0052042671875 0.5696969703125 0.0052042671875 0.509090909375 0.0286234703125 0.4502164515625 0.049440540625 0.446753246875 0.1665365578125 0.44502164375 0.1821493609375 0.5506493484375 0.1379130875 0.6129870140625 0.11969815312500001 0.7186147203125001 0.1457194921875 0.7844155859375 0.1431173546875 0.864069265625 0.1301066890625
0 0.8519480515625 0.2602133765625 0.891774890625 0.257611240625 0.9367965375 0.2446005734375 0.9281385265625 0.16133229531249998 0.8935064953125 0.1405152234375 0.822510821875 0.1327088203125 0.73246753125 0.1301066890625 0.6493506515624999 0.1405152234375 0.574891775 0.1431173546875 0.5419913421875 0.1665365578125 0.46753246875 0.1769450921875 0.46233766249999997 0.23679416875 0.46753246875 0.2784283109375 0.5194805203125 0.2706219125 0.5766233781250001 0.2810304421875 0.6597402578125 0.2836325796875 0.7411255421875 0.2810304421875 0.8519480515625 0.2602133765625
0 0.9073593093750001 0.41634139843750007 0.9385281375 0.41894353593749994 0.9471861453124999 0.34087951875 0.9264069265625 0.2940411140625 0.8831168843749999 0.28623471093749997 0.822510821875 0.28623471093749997 0.7636363640625 0.2784283109375 0.689177490625 0.288836846875 0.6199134187500001 0.27322404375 0.5766233781250001 0.2836325796875 0.53160173125 0.2810304421875 0.47445887343750004 0.2992453828125 0.45541125468750004 0.39292219687499996 0.509090909375 0.4007285953125 0.5939393921875 0.408535 0.6978354984374999 0.4345563390625 0.751515153125 0.43195420156250003 0.84502164375 0.43195420156250003 0.9073593093750001 0.41634139843750007
0 0.8346320359374999 0.5542544859375 0.8883116875000001 0.54384595625 0.9229437234375 0.5490502187499999 0.9298701312500001 0.51262035 0.916017315625 0.4293520703125 0.8138528140625001 0.424147803125 0.73073593125 0.43195420156250003 0.6493506515624999 0.426749934375 0.559307359375 0.41894353593749994 0.46753246875 0.41113713125 0.46406926562499995 0.424147803125 0.45367965468750004 0.5334374203125 0.5212121203125 0.5386416890625 0.574891775 0.5594587546875001 0.6372294359375 0.5646630218750001 0.7653679640625 0.5698672890625 0.8346320359374999 0.5542544859375
0 0.9333333343750001 0.6791569078124999 0.9246753234374999 0.562060890625 0.8 0.5672651578125001 0.7203463203125 0.5750715578125 0.6199134187500001 0.5724694265625 0.5471861453125 0.5750715578125 0.47445887343750004 0.5672651578125001 0.45367965468750004 0.6557377046874999 0.5367965375 0.684361175 0.5852813859375 0.7103825140625 0.7064935046875 0.7051782453125 0.8329004328125 0.7051782453125 0.8848484843750001 0.6765547765625 0.9333333343750001 0.6791569078124999
0 0.9385281375 0.8092635953125 0.9142857125000001 0.6895654421875 0.8138528140625001 0.7077803828125 0.7220779234375 0.7207910484375 0.6164502187500001 0.7129846453125 0.5264069265625 0.7155867812500001 0.5264069265625 0.7051782453125 0.4761904765625 0.6895654421875 0.45887445781249997 0.78324225625 0.510822509375 0.8274785296875 0.5627705640625 0.8613062734374999 0.683982684375 0.8561020046875001 0.7653679640625 0.8378870656249999 0.864069265625 0.8248763984374999 0.9385281375 0.8092635953125
0 0.651661265625 1 0.71746213125 0.9921936015625 0.8109686249999999 0.9687743937500001 0.8871591015625 0.9661722625 0.9387640218750001 0.9570684484375 0.94259126875 0.9211362843750001 0.934936775 0.8248380984375 0.809237021875 0.8334634421875 0.7330465453125 0.8542805078125 0.6395400546875 0.8672911796875 0.632613646875 0.8620869125 0.5425703562499999 0.8594847765625 0.45461706562500004 0.7975296562499999 0.44887619218749997 0.8622075468749999 0.44791938125 0.9024515624999999 0.5235227375 0.9687743937500001 0.5823971968749999 1 0.651661265625 1
0 0.9419913421875 0.44496486874999996 0.9489177484375 0.5100182125 0.997402596875 0.5100182125 0.9991342 0.457975540625 0.9939393921875 0.4007285953125 0.954112553125 0.4033307328125 0.9419913421875 0.44496486874999996
0 0.9593073593750001 0.64532916875 0.9939393921875 0.6427270375 0.9852813859375 0.5308352843749999 0.9385281375 0.5334374203125 0.9402597421875001 0.598490765625 0.9593073593750001 0.64532916875
0 0.9437229453124999 0.772833721875 0.9887445890625 0.772833721875 0.9852813859375 0.668748371875 0.9419913421875 0.666146240625 0.9367965375 0.7259953171875 0.9437229453124999 0.772833721875
0 0.2780736515625 0.224106059375 0.2794229125 0.30611031093749996 0.3652298296875 0.2973716125 0.36086676406249996 0.188137846875 0.3026925859375 0.2056152515625 0.2780736515625 0.224106059375
0 0.36668418125 0.6884284921875 0.2925121046875 0.6643970593749999 0.2940606359375 0.6692167703125 0.2954208140625 0.7474147265625 0.369592890625 0.8064009562500001 0.36668418125 0.6884284921875