0 0.192592590625 0.23456790156250001 0.1753086390625 0.192592590625 0.15802469218749998 0.15802469218749998 0.0024691375000000003 0.1728395078125 0 0.2543209859375 0.056790125000000004 0.256790125 0.148148146875 0.24691358124999999 0.192592590625 0.23456790156250001
0 0.177777778125 0.2395061734375 0.3283950625 0.23703703593749997 0.35308641875 0.204938271875 0.320987653125 0.143209875 0.180246915625 0.1604938265625 0.177777778125 0.2395061734375
0 0.320987653125 0.135802471875 0.39259259062499996 0.2716049375 0.5851851875 0.23456790156250001 0.5876543203125 0.1629629640625 0.47654320937500005 0.051851853125 0.348148146875 0.0938271609375 0.320987653125 0.135802471875
0 0.5604938265625 0.11851851875 0.59012345625 0.1604938265625 0.5975308625 0.1851851875 0.6345679015625 0.20987654375 0.7061728390625001 0.1851851875 0.795061728125 0.1827160484375 0.804938271875 0.1555555546875 0.8074074093749999 0.138271603125 0.7382716031250001 0.1061728390625 0.6987654296875 0.10123457031250001 0.5604938265625 0.11851851875
0 0.6345679015625 0.20987654375 0.7333333343749999 0.2888888890625 0.777777778125 0.27407407500000003 0.777777778125 0.2320987640625 0.7333333343749999 0.1876543203125 0.6345679015625 0.20987654375
0 0.6592592578125 0.2395061734375 0.5950617281249999 0.180246915625 0.5851851875 0.2320987640625 0.40246913749999996 0.28148148125 0.3580246921875 0.2123456796875 0.3111111109375 0.23456790156250001 0.3654320984375 0.323456790625 0.538271603125 0.2691358046875 0.6592592578125 0.2395061734375
0 0.3629629640625 0.31851851875000003 0.3111111109375 0.23703703593749997 0.1703703671875 0.2395061734375 0.0024691375000000003 0.256790125 0.004938271875 0.3604938265625 0.15802469218749998 0.333333334375 0.3629629640625 0.31851851875000003
0 0 0.6123456796875 0.21728395156250002 0.5654320984375001 0.449382715625 0.5283950625 0.4395061734375 0.449382715625 0.40493827187500003 0.335802471875 0.3703703671875 0.31851851875000003 0.1827160484375 0.3308641953125 0 0.348148146875 0 0.49382716093749995 0 0.6123456796875
0 0.780246915625 0.325925925 0.6543209859375 0.23456790156250001 0.4 0.3308641953125 0.461728396875 0.44444444531249994 0.464197528125 0.5111111109375 0.6123456796875 0.46666666562500003 0.795061728125 0.40246913749999996 0.780246915625 0.325925925
0 0.325925925 0.6592592578125 0.548148146875 0.622222221875 0.5728395078124999 0.607407409375 0.5679012359375 0.4888888890625 0.45679012500000005 0.520987653125 0.3012345703125 0.5604938265625 0.3160493828125 0.64691358125 0.325925925 0.6592592578125
0 0.0024691375000000003 0.60987654375 0 0.7259259250000001 0.1679012359375 0.6962962984375001 0.3111111109375 0.6518518531249999 0.2888888890625 0.55308641875 0.0024691375000000003 0.60987654375
0 0.5654320984375001 0.474074075 0.577777778125 0.5555555546875001 0.7851851875 0.51851851875 0.792592590625 0.4271604921875 0.7679012359375 0.41728395156250003 0.5654320984375001 0.474074075
0 0.44691358125 0.664197528125 0.4962962984375 0.6938271609375 0.7654320984375 0.59012345625 0.7654320984375 0.523456790625 0.5876543203125 0.548148146875 0.580246915625 0.6024691375 0.44691358125 0.6419753078125 0.44691358125 0.664197528125
0 0 0.8123456796875 0.43456790156249997 0.6987654296875 0.4296296328125 0.649382715625 0.335802471875 0.661728396875 0.3111111109375 0.6592592578125 0 0.7308641953125 0 0.8123456796875
0 0.30370370156250004 0.8172839515625 0.2888888890625 0.7382716031250001 0 0.8148148125000001 0.004938271875 0.9283950624999999 0.30370370156250004 0.8172839515625
0 0.29876542968750003 0.7407407421875 0.3086419734375 0.8098765437500001 0.5580246921875001 0.735802471875 0.550617284375 0.68148148125 0.29876542968750003 0.7407407421875
0 0.55308641875 0.664197528125 0.5654320984375001 0.7259259250000001 0.7580246921875 0.664197528125 0.7580246921875 0.59012345625 0.55308641875 0.664197528125
0 0.41234567968749997 0.8419753078125 0.4 0.79012345625 0.0024691375000000003 0.9308641953125001 0.00987654375 0.995061728125 0.41234567968749997 0.8419753078125
0 0.40987654375 0.777777778125 0.41975308437500003 0.8370370359375 0.7382716031250001 0.7333333343749999 0.7333333343749999 0.676543209375 0.40987654375 0.777777778125
0 0.8987654296875001 0.3629629640625 0.8962962984375 0.2938271609375 0.861728396875 0.279012346875 0.777777778125 0.26666666562499997 0.7382716031250001 0.2888888890625 0.792592590625 0.33827160312500004 0.792592590625 0.38518518749999997 0.8987654296875001 0.3629629640625
0 0.5555555546875001 0.8543209859375 0.735802471875 0.792592590625 0.7456790140625 0.7728395078125 0.7135802499999999 0.7382716031250001 0.51851851875 0.8074074093749999 0.520987653125 0.8419753078125 0.55308641875 0.8320987640625 0.5555555546875001 0.8543209859375
0 0.51851851875 0.8024691374999999 0.2888888890625 0.8938271609375 0.3012345703125 0.9580246921875 0.350617284375 0.9407407421875 0.3456790140625 0.9111111109375001 0.525925925 0.8419753078125 0.51851851875 0.8024691374999999
0 0.192592590625 1 0.3061728390625 0.9580246921875 0.2913580265625 0.8938271609375 0.0123456796875 1 0.192592590625 1
0 0.8 0.380246915625 0.7728395078125 0.40740740937500003 0.7876543203125 0.449382715625 0.9604938265625 0.395061728125 0.9037037015625 0.350617284375 0.8 0.380246915625
0 0.8567901250000001 0.6271604921875 0.8765432093750001 0.6444444453125 0.992592590625 0.604938271875 0.9975308625 0.5111111109375 1 0.41728395156250003 0.9679012359374999 0.4 0.7876543203125 0.45679012500000005 0.7876543203125 0.51851851875 0.7876543203125 0.543209875 0.8567901250000001 0.6271604921875
0 1 0.607407409375 0.879012346875 0.649382715625 0.780246915625 0.543209875 0.7703703671875 0.649382715625 0.8419753078125 0.7382716031250001 1 0.68641975 1 0.607407409375
0 0.9333333343750001 0.0716049375 0.750617284375 0.10123457031250001 0.8172839515625 0.1308641953125 0.8148148125000001 0.177777778125 1 0.1407407421875 0.9975308625 0.09629629843750001 0.9333333343750001 0.0716049375
0 0.9975308625 0.138271603125 0.8888888890625 0.1703703671875 0.943209875 0.21728395156250002 1 0.20740740937500002 0.9975308625 0.138271603125
0 0.8962962984375 0.2691358046875 0.9012345703125 0.24197530781249998 0.9407407421875 0.21728395156250002 0.879012346875 0.1679012359375 0.7382716031250001 0.1876543203125 0.780246915625 0.24691358124999999 0.7827160484375 0.26666666562499997 0.8962962984375 0.2691358046875
0 0.8913580265625001 0.28148148125 0.9407407421875 0.39259259062499996 0.995061728125 0.4 0.9975308625 0.2148148125 0.8987654296875001 0.23703703593749997 0.8913580265625001 0.28148148125