0 0.304531721875 0.24473684218749997 0.467673715625 0.3236842109375 0.46646525624999996 0.25789473749999997 0.2936555890625 0.1421052625 0.2271903328125 0.25789473749999997 0.22960725 0.3052631578125 0.304531721875 0.24473684218749997
0 0.302114803125 0.35 0.467673715625 0.42105263125 0.467673715625 0.360526315625 0.2960725078125 0.26842105312500003 0.2247734140625 0.33947368437500003 0.2271903328125 0.4 0.302114803125 0.35
0 0.2984894265625 0.43947368437499995 0.46646525624999996 0.4921052625 0.467673715625 0.4263157890625 0.285196375 0.3631578953125 0.2271903328125 0.4526315796875 0.2283987921875 0.5236842109375 0.2984894265625 0.43947368437499995
0 0.285196375 0.5552631578125 0.472507553125 0.581578946875 0.470090634375 0.518421053125 0.28277945625 0.468421053125 0.22235649531249999 0.5578947375000001 0.22356495468749998 0.6263157890625 0.285196375 0.5552631578125
0 0.285196375 0.668421053125 0.4640483390625 0.6921052624999999 0.465256796875 0.6131578953125 0.283987915625 0.5736842109375 0.207854984375 0.6552631578125 0.20906344375 0.7342105265625001 0.285196375 0.668421053125
0 0.3117824765625 0.12631578906250002 0.4737160125 0.22894736875000002 0.4737160125 0.1631578953125 0.304531721875 0.042105262500000004 0.2465256796875 0.160526315625 0.2465256796875 0.1973684203125 0.3117824765625 0.12631578906250002
0 0.5848942593750001 0.3473684203125 0.47613293125 0.2868421046875 0.47613293125 0.3657894734375 0.5861027187500001 0.39736842031249997 0.5848942593750001 0.3473684203125
0 0.47854984843750004 0.37894736875 0.47613293125 0.45 0.592145015625 0.48947368437499994 0.59093655625 0.418421053125 0.47854984843750004 0.37894736875
0 0.49063444062499995 0.5921052625 0.49184289999999997 0.6157894734375 0.5969788515625 0.6263157890625 0.5957703921874999 0.5657894734375 0.48942598125 0.5368421046875 0.48821752343749997 0.5973684203125 0.49063444062499995 0.5921052625
0 0.5836858 0.6342105265625 0.4737160125 0.6368421046875 0.47854984843750004 0.72105263125 0.5885196374999999 0.7052631578125 0.5836858 0.6342105265625
0 0.5800604234375 0.7131578953125 0.47854984843750004 0.72894736875 0.48096676718750003 0.8026315796875 0.5800604234375 0.7736842109375 0.5800604234375 0.7131578953125
0 0.2574018125 0.710526315625 0.1945619328125 0.7552631578125 0.19336029375 0.815448 0.2670694859375 0.7947368421875 0.46163142031250004 0.8 0.465256796875 0.72894736875 0.2574018125 0.710526315625
0 0.30090634375 0.92894736875 0.467673715625 0.8842105265625 0.4580060421875 0.8052631578125 0.281570996875 0.8368421046875 0.2199395765625 0.8447368421875 0.215105740625 0.931578946875 0.30090634375 0.92894736875
0 0.6223564953125 0.5736842109375 0.6199395765625 0.639473684375 0.7141993953125 0.62105263125 0.7141993953125 0.5631578953124999 0.6223564953125 0.5736842109375
0 0.8350453171875 0.6342105265625 0.8870090640624999 0.65 0.8833836859374999 0.5973684203125 0.8277945624999999 0.5710526312499999 0.7226586109375 0.6473684203125 0.729909365625 0.7078947375 0.8350453171875 0.6342105265625
0 0.6223564953125 0.7657894734374999 0.6247734140625 0.8342105265624999 0.7081571 0.7921052625 0.6984894265625 0.7078947375 0.6223564953125 0.7657894734374999
0 0.4858006046875 0.2 0.4773413890625 0.2473684203125 0.5728096671875 0.3131578953125 0.5740181265625 0.25526315781250003 0.4858006046875 0.2
0 0.5885196374999999 0.2842105265625 0.5861027187500001 0.3342105265625 0.663444109375 0.3763157890625 0.6670694859374999 0.3368421046875 0.5885196374999999 0.2842105265625
0 0.5957703921874999 0.360526315625 0.5945619328125 0.40789473750000005 0.6803625375 0.45526315781250004 0.6791540781250001 0.389473684375 0.5957703921874999 0.360526315625
0 0.6030211484375 0.43421052656250003 0.6030211484375 0.4921052625 0.681570996875 0.518421053125 0.681570996875 0.460526315625 0.6030211484375 0.43421052656250003
0 0.8374622359374999 0.82105263125 0.897885196875 0.810526315625 0.8942598187499999 0.75 0.8253776437499999 0.731578946875 0.731117825 0.7868421046875 0.7383685796874999 0.8552631578125001 0.8374622359374999 0.82105263125
0 0.8447129906249999 0.72105263125 0.893051359375 0.7026315796875 0.8809667671874999 0.6578947375 0.8398791546875 0.6631578953124999 0.7214501515625 0.72105263125 0.731117825 0.7842105265625 0.8447129906249999 0.72105263125
0 0.16797583124999999 0.2052631578125 0.16435045312500002 0.260526315625 0.22960725 0.23157894687499997 0.230815709375 0.1763157890625 0.16797583124999999 0.2052631578125
0 0.1546827796875 0.3947368421875 0.1546827796875 0.43947368437499995 0.215105740625 0.4052631578125 0.21389728125000002 0.331578946875 0.1546827796875 0.3947368421875
0 0.11238670625 0.710526315625 0.072507553125 0.7578947375 0.07371601250000001 0.82105263125 0.114803625 0.7842105265625 0.11238670625 0.710526315625
0 0.587311178125 0.7736842109375 0.4858006046875 0.8157894734375001 0.49909365625 0.8973684203125 0.5993957703125 0.8315789468749999 0.587311178125 0.7736842109375
0 0.8725075531250001 0.931578946875 0.9280966765625 0.9052631578125 0.9196374625000001 0.818421053125 0.87129909375 0.8394736843749999 0.7383685796874999 0.8526315796875 0.7395770390624999 0.9263157890624999 0.8725075531250001 0.931578946875
0 0.7069486406250001 0.631578946875 0.617522659375 0.639473684375 0.606646525 0.7157894734375 0.7069486406250001 0.7052631578125 0.7069486406250001 0.631578946875