0 0.465015209375 0.1002166828125 0.44763146249999997 0.065005415625 0.352020859375 0.04333694375 0.2868318140625 0.0325027078125 0.186875271875 0.0325027078125 0.104302475 0.0325027078125 0.030421553125 0.037919828125 0 0.07583965468750001 0.008691875 0.1408450703125 0.0478053 0.19230769375 0.186875271875 0.18689057343749998 0.252064321875 0.1652221015625 0.3476749265625 0.146262190625 0.46066927656249995 0.14355362968750002 0.465015209375 0.1002166828125
0 0.578009559375 0.21939328125 0.578009559375 0.1625135421875 0.5128205140625 0.13271939375 0.38244241875 0.15167930624999998 0.31290742968749996 0.1760563375 0.19556714687500001 0.20314192968749997 0.030421553125 0.2004333703125 0.026075621875 0.2708559046875 0.139069971875 0.27627302187499997 0.24337244687499998 0.2898158171875 0.3172533671875 0.2843987 0.4041721015625 0.262730228125 0.49543676875 0.24918743281250003 0.578009559375 0.21939328125
0 0.0651890515625 0.27898158125 0.0130378078125 0.2871072609375 0 0.33856987968749996 0.008691875 0.38732394375 0.0173837453125 0.4198266515625 0.0999565421875 0.40357529999999997 0.16079965000000002 0.3819068234375 0.16079965000000002 0.3358613203125 0.139069971875 0.2898158171875 0.0651890515625 0.27898158125
0 0.7561929609375 0.433369446875 0.8257279437499999 0.43066088750000003 0.87787918125 0.40628385624999996 0.88657105625 0.3764897078125 0.8735332484375 0.31960996875 0.8257279437499999 0.2952329359375 0.634506734375 0.27898158125 0.49109083125 0.25731310937499996 0.3998261640625 0.25731310937499996 0.299869621875 0.29252437656249997 0.2259887 0.325027084375 0.2042590171875 0.3629469125 0.186875271875 0.3981581796875 0.2651021296875 0.40628385624999996 0.4041721015625 0.4008667390625 0.5171664515625001 0.40628385624999996 0.695349846875 0.44420368281249994 0.7561929609375 0.433369446875
0 0.912646678125 0.25460455 0.83441981875 0.2356446375 0.6823120390625 0.2221018421875 0.60408518125 0.21126760625 0.578009559375 0.2221018421875 0.530204259375 0.24918743281250003 0.60843111875 0.2654387859375 0.747501084375 0.2735644640625 0.8431116890625001 0.3169014078125 0.8996088640625001 0.3764897078125 0.9691438531250001 0.3548212359375 0.99956540625 0.2898158171875 0.912646678125 0.25460455
0 0.6127770515625001 0.5687974015624999 0.743155153125 0.5444203703125 0.747501084375 0.46316359843750005 0.6736201640624999 0.4360780078125 0.5432420671875 0.40899241562500005 0.3998261640625 0.3927410640625 0.38678835 0.4008667390625 0.352020859375 0.42253521093749996 0.21729682499999997 0.45774647812499997 0.0956106046875 0.476706390625 0.0521512375 0.53900325 0.0651890515625 0.5877573140625 0.1521077796875 0.59859155 0.2911777515625 0.620260021875 0.44763146249999997 0.625677140625 0.5171664515625001 0.6121343453125 0.6127770515625001 0.5687974015624999
0 0.7040417234375 0.652762728125 0.6605823562500001 0.5687974015624999 0.54758800625 0.6175514609375 0.4302477171875 0.6392199359374999 0.2607561921875 0.6338028171875 0.0651890515625 0.59859155 0 0.6771397609375 0.10864841249999999 0.712351028125 0.273794 0.728602384375 0.4563233390625 0.7556879750000001 0.556279875 0.728602384375 0.6431986109375 0.685265440625 0.7040417234375 0.652762728125
0 0.7648848312500001 0.7150595875 0.7301173390625 0.6554712890625 0.6127770515625001 0.712351028125 0.5171664515625001 0.7611050921875 0.4041721015625 0.7583965312500001 0.330291175 0.7448537390625 0.139069971875 0.7258938234375 0.1825293328125 0.7936078 0.3215993046875 0.8179848312500001 0.43459365468750005 0.8179848312500001 0.5128205140625 0.8098591546874999 0.5953933046875 0.7827735640625 0.695349846875 0.7583965312500001 0.7648848312500001 0.7150595875
0 0.7605388984375 0.49837486562500005 0.77792264375 0.5173347781250001 0.860495434375 0.49837486562500005 0.856149503125 0.46316359843750005 0.8431116890625001 0.40899241562500005 0.7605388984375 0.452329359375 0.7605388984375 0.49837486562500005
0 0.8083441984374999 0.52275189375 0.7605388984375 0.53900325 0.6996957859374999 0.560671721875 0.72142546875 0.6067172249999999 0.7344632765625 0.6473456125 0.83441981875 0.625677140625 0.88657105625 0.6040086687499999 0.8735332484375 0.5525460453125 0.8735332484375 0.5092091015625 0.8083441984374999 0.52275189375
0 0.87787918125 0.1083423625 0.7822685765624999 0.130010834375 0.6475445484375 0.146262190625 0.6258148640625001 0.216684725 0.77357670625 0.2275189609375 0.89091699375 0.2356446375 0.9865275984374999 0.24918743281250003 0.9908735312499999 0.1625135421875 0.99521946875 0.11375947812500001 0.87787918125 0.1083423625
0 0.078226859375 0.4198266515625 0.0043459375 0.44420368281249994 0.008691875 0.5254604546875 0.030421553125 0.58234019375 0.0651890515625 0.49837486562500005 0.16079965000000002 0.46587215468750004 0.247718384375 0.4171180921875 0.134724034375 0.3819068234375 0.078226859375 0.4198266515625