0 0.2762148625 0.08568741875 0.2748639671875 0.142568940625 0.34027343125 0.118524984375 0.3890412765625 0.1280039515625 0.49470494374999996 0.148541728125 0.5029553453125 0.11894777187500001 0.5045348046875 0.0858949734375 0.4435311265625 0.074964390625 0.37046710625 0.05890966875 0.33393509374999997 0.050882298437499994 0.2762148625 0.08568741875
0 0.248112946875 0.330423728125 0.30169064218749997 0.325084353125 0.338398146875 0.329439184375 0.395995946875 0.325807853125 0.434599228125 0.3191023484375 0.4369337390625 0.2988606796875 0.4383377109375 0.26948041875 0.37208544374999997 0.282549515625 0.335816678125 0.2690133484375 0.251939178125 0.2789655265625 0.248112946875 0.330423728125
0 0.5083978124999999 0.1481143375 0.5437360328125 0.15251190781249999 0.5749663859374999 0.15703770156250002 0.6043887234375 0.170787559375 0.6344252890625001 0.17168355468750002 0.6368475484375 0.1496056140625 0.6284910125 0.124197059375 0.5771600859375 0.1111310375 0.5260046578125 0.0943924734375 0.5109425046875 0.09486260937499999 0.5083978124999999 0.1481143375
0 0.45490787031249996 0.1516174515625 0.45673429218750006 0.19923215156250002 0.49335404531249993 0.20542325 0.5412790890625 0.20392736406249998 0.5433850359375 0.1598569734375 0.503938959375 0.1555876203125 0.45490787031249996 0.1516174515625
0 0.628509403125 0.1810358421875 0.6000176171875 0.1764245765625 0.5596409875 0.1630166296875 0.5577105359375001 0.20341448906249998 0.587396109375 0.2116555546875 0.6224710859375 0.2215619234375 0.6297909390624999 0.1828293703125 0.628509403125 0.1810358421875
0 0.5024778734375 0.26637979375 0.5411226953125 0.2714313203125 0.569891565625 0.2715763203125 0.60152640625 0.276846646875 0.6287375078124999 0.277040265625 0.6267699671875 0.25311364687500004 0.6240235453125 0.22921132656249998 0.5829422359375 0.226321771875 0.536658296875 0.218379809375 0.5066311375 0.2120163375 0.5024778734375 0.26637979375
0 0.5397053984375 0.3173657171875 0.541432634375 0.297495603125 0.5402938984375 0.27250015156249996 0.49599721875 0.2717968703125 0.4468774921875 0.274373 0.44945444375 0.31809680937499996 0.48829891875 0.318970265625 0.522569903125 0.3179005703125 0.5397053984375 0.3173657171875
0 0.6193316906249999 0.3273958375 0.6220873828125 0.3022788265625 0.6223067640625 0.28141282031250003 0.5912012390625 0.2813407546875 0.5455963578125 0.275463521875 0.5456869234374999 0.3223938046875 0.5721191296875 0.322611734375 0.5975728015625 0.3270320375 0.6193316906249999 0.3273958375
0 0.49709650781250003 0.33016820625 0.49506978906250004 0.35630541875 0.49806578124999995 0.3749851515625 0.5323367640625001 0.3739154515625 0.5703524343749999 0.37585773906250003 0.5968844718749999 0.37398663593750003 0.6216091703125 0.37738673437500003 0.6204205203125001 0.3534358046875 0.6190821265625 0.33261841875 0.586618484375 0.3284169125 0.5577497890625 0.3303609515625 0.49709650781250003 0.33016820625
0 0.26897981249999997 0.3364338703125 0.2663653703125 0.39114527187500003 0.32306396406250004 0.3981162984375 0.3852857515625 0.3918037875 0.43729776875 0.3945507234375 0.48788702500000003 0.3929716734375 0.4909153296875 0.329318184375 0.4416957765625 0.3339833484375 0.3941338171875 0.336510859375 0.334151690625 0.336584853125 0.26897981249999997 0.3364338703125
0 0.31298414218750004 0 0.2979166421875 0.0107608265625 0.3002126875 0.05904787031249999 0.337784971875 0.0434704015625 0.389218121875 0.042893934375 0.430022025 0.05602504375 0.44779356562499995 0.053412521874999994 0.450216690625 0.0348165328125 0.4498616828125 0.0101337984375 0.41539005625 0 0.31298414218750004 0
0 0.45860032500000003 0.052046298437500006 0.4578617109375 0.06750298906249999 0.486863715625 0.0707133796875 0.5109599140625 0.08025035312499999 0.545862865625 0.088421109375 0.54949755625 0.0605271203125 0.5488963453125 0.040996620312499996 0.5154809390625 0.0338083421875 0.4890795609375 0.0243433203125 0.4586392484375 0.0191200046875 0.45860032500000003 0.052046298437500006
0 0.6218056062499999 0.07267489687499999 0.5993446828125 0.06102905937500001 0.5547972921875 0.045956978125 0.552729175 0.0892357015625 0.577790728125 0.09462690781250001 0.6056796578125 0.10507440781249999 0.6175502484375001 0.0975015265625 0.6218056062499999 0.07267489687499999
0 0.511246771875 0 0.5099441375 0.0051717171875 0.5100231578125001 0.0195739734375 0.54396075625 0.0318904953125 0.5713274921875 0.03720975 0.597108203125 0.04360741875 0.6337254437500001 0.06407156562500001 0.6338926296875 0.04451708125 0.6343552609375 0.01877991875 0.5912954187499999 0.004690315625 0.5796024953125001 0 0.511246771875 0
0 0.5271203625 0.38430295625 0.49470009375 0.3884016140625 0.4416316625 0.3910869515625 0.44047966250000004 0.431250353125 0.47213154062499996 0.42717567343749996 0.52832278125 0.42336395624999995 0.5292091171875 0.404815934375 0.5271203625 0.38430295625
0 0.534804296875 0.38406311406250004 0.53615444375 0.4200327828125 0.5701607390625 0.41485570625 0.61247165 0.41250614687500003 0.6108260609375 0.3827191515625 0.5824447234375 0.38257611406250003 0.534804296875 0.38406311406250004
0 0.26650419062499997 0.218551978125 0.24037879687500002 0.21936742968749998 0.20851049531250002 0.2440270375 0.206442378125 0.287305765625 0.232144065625 0.2793011734375 0.2656774140625 0.2679654078125 0.26906589375 0.2452236515625 0.26650419062499997 0.218551978125
0 0.2568517890625 0.3402645 0.22832273125000002 0.3432127984375 0.2103542234375 0.349947103125 0.2101183421875 0.3869951796875 0.2287567609375 0.3822977828125 0.25703961406250003 0.3845017234375 0.25696059375 0.37009946718750003 0.2568517890625 0.3402645
0 0.31872873125 0.4422529296875 0.357542353125 0.43281016250000004 0.3904355734375 0.4348702015625 0.4265993328125 0.4327125109375 0.4292686578125 0.4089642875 0.4307756703125 0.3934836140625 0.41699382187499995 0.3928848796875 0.32156524375 0.39895022343750003 0.2804166546875 0.393032228125 0.273442728125 0.4426375328125 0.31872873125 0.4422529296875
0 0.028920378125 0.0685446359375 0.07371396718749999 0.078464484375 0.104154284375 0.0836878046875 0.135461471875 0.08682625000000001 0.1619613328125 0.09423038593750001 0.1826094921875 0.0956437125 0.185771228125 0.0615910328125 0.146326609375 0.03607058125 0.1023014109375 0.026126749999999997 0.0348797078125 0.02411554375 0.028920378125 0.0685446359375
0 0.176984525 0.1009638265625 0.1425545203125 0.0989517609375 0.0909438625 0.0871868703125 0.088974228125 0.12840470625 0.1232072640625 0.1345385484375 0.176551675 0.142133684375 0.179644715625 0.125574609375 0.176984525 0.1009638265625
0 0.03344375625 0.18261233125 0.0816063734375 0.186253565625 0.1174746828125 0.1902785546875 0.1586725125 0.195166103125 0.17850302812500002 0.19763385312499998 0.1871225453125 0.1778155484375 0.1843146375 0.156296103125 0.12886200781249998 0.1446511296875 0.09314141875000001 0.137534809375 0.0342212921875 0.1342293421875 0.03344375625 0.18261233125
0 0.181803353125 0.2088488375 0.152032946875 0.20566242968749998 0.0950435359375 0.1940654234375 0.09071947500000001 0.23638565156250002 0.1251002390625 0.2394281625 0.180178403125 0.2428535484375 0.183074471875 0.23041625 0.181803353125 0.2088488375
0 0.0015884437500000002 0.2326855921875 0.03353309375 0.228910434375 0.0747309265625 0.233797978125 0.0772525328125 0.2131410984375 0.07362698437500001 0.19267608125 0.0445264953125 0.19152658125 0.0035788859375000003 0.1910322875 0.0015884437500000002 0.2326855921875
0 0.0298686265625 0.2413717234375 0.0287360859375 0.2650719734375 0.0267859140625 0.2898266515625 0.0667916375 0.28754904375 0.10741803593749999 0.28833879375000004 0.1425671953125 0.2913573203125 0.180839175 0.29324945625 0.18427689375 0.2694772546875 0.1737850453125 0.24819765781249997 0.13796597187499998 0.2431422171875 0.099694 0.24125008124999997 0.0298686265625 0.2413717234375
0 0.1768002359375 0.29749116249999996 0.1422225078125 0.298570434375 0.096463553125 0.292796353125 0.090080515625 0.3300362984375 0.12460900781249999 0.3299874734375 0.17656434999999998 0.3345392453125 0.1789382359375 0.3169737015625 0.1768002359375 0.29749116249999996
0 0.06575875625 0.3894432609375 0.11954633750000002 0.387764390625 0.17491994375 0.385007103125 0.181805703125 0.36935854375 0.1783771265625 0.34477175 0.1447155125 0.3427357015625 0.0862683328125 0.3455889296875 0.033347629687500005 0.3451829234375 0.027388301562500002 0.3896120109375 0.06575875625 0.3894432609375
0 0.1742007890625 0.384000640625 0.1394753328125 0.38817125468749997 0.0857369953125 0.3888196796875 0.07964940625 0.41987695625 0.11043440625 0.4178871578125 0.137278959375 0.41807816875 0.1729697640625 0.40976178281250003 0.1742007890625 0.384000640625
0 0 0.4300514890625 0.013272081250000001 0.42812225000000004 0.038579842187500005 0.428361228125 0.070182475 0.42531698906250004 0.0725071171875 0.408781896875 0.06714782500000001 0.3924866296875 0.0380473328125 0.3913371296875 0 0.39650054375 0 0.4300514890625
0 0.553000728125 0.46889458125 0.5298011875 0.472705440625 0.52896409375 0.490223015625 0.5267677078124999 0.520129934375 0.55289310625 0.5193144843749999 0.5800823421875 0.5122923640625 0.6023657609375 0.51159683125 0.6090247890625 0.484637359375 0.601508028125 0.46532270625 0.5784562109375 0.4660422234375 0.553000728125 0.46889458125
0 0.422167646875 0.5254526296875001 0.4285415453125 0.5365716796875 0.4593757890625 0.5335514296875 0.489441634375 0.5305551687500001 0.5078830859375 0.5299795546875 0.520147609375 0.514163103125 0.521900821875 0.49353021249999995 0.51659076875 0.4762045 0.51510321875 0.47522202656249996 0.4733145 0.48269983125 0.43095435000000004 0.4860798375 0.422167646875 0.5254526296875001
0 0.561345434375 0.5190506578125 0.529496596875 0.5272471140625 0.49995294375 0.5353716203125 0.48141300468750003 0.5380081296875 0.4820932359375 0.571940890625 0.49154071093749996 0.582964 0.516375515625 0.5770442874999999 0.5458206984375 0.5709806687500001 0.570557025 0.567121853125 0.600524390625 0.566186478125 0.6106314515625 0.547350646875 0.6114193046875 0.5308635109375001 0.608463678125 0.5124354078125 0.561345434375 0.5190506578125
0 0.5979045125 0.6160792125000001 0.6026398046875 0.5928413906250001 0.607375096875 0.5696035703125 0.57754176875 0.5681042281249999 0.5263691749999999 0.576993065625 0.5234490125 0.600174228125 0.5196212921875001 0.6233837234374999 0.5570640890624999 0.6173539671875 0.5979045125 0.6160792125000001
0 0.45448626875000003 0.6399999453125 0.48636735781249996 0.6365743203124999 0.5129775453125001 0.6296674125 0.5148156546875 0.610165815625 0.5104171375 0.5884283531250001 0.4784778828125 0.593071065625 0.44908685000000004 0.6012800328125001 0.422651146875 0.6045357015625 0.4161940609375 0.64484095625 0.45448626875000003 0.6399999453125
0 0.5213782609375001 0.624544146875 0.48443591093749994 0.6390651296875001 0.4705316421875 0.6455754515625001 0.47201000000000004 0.6904940703125 0.49765445937499997 0.68483258125 0.5299426671874999 0.6728873906249999 0.5493504875 0.6649900265625 0.5757861875 0.661734359375 0.6012561671875 0.6597241031250001 0.60502573125 0.637731690625 0.6052231984375 0.6146355046875 0.5560402109375 0.6198164453125 0.5213782609375001 0.624544146875
0 0.5784980859375 0.7187671296875 0.5966723703125 0.6987556296874999 0.5920060359375 0.663658625 0.5609161953124999 0.66949008125 0.5187610890625 0.6793127171875 0.5139676421875 0.7037676203125 0.510023596875 0.729411271875 0.5503054140625 0.7208623703125 0.5784980859375 0.7187671296875
0 0.39706484531249997 0.6089801140625 0.3574579640625 0.6223690046875 0.32136502031249997 0.6380787453125001 0.3024806296875 0.635022390625 0.2652001171875 0.599728109375 0.2425921421875 0.5797742765625 0.2352274921875 0.6201078703125 0.26015105312500003 0.648496271875 0.30185306562499997 0.6860830703125 0.343391403125 0.6702033703125 0.3784604640625 0.6569561203125 0.4070020890625 0.6475584015625 0.40895652499999996 0.6256226359375 0.41255161406249996 0.6072814625 0.39706484531249997 0.6089801140625
0 0.41419365468749997 0.7056665984375 0.409225728125 0.7337727390625 0.40993583281249996 0.7568405984375 0.4403507484375 0.746169140625 0.4656462484375 0.7478101203125 0.49641012656249994 0.729836190625 0.5089645453125 0.713645890625 0.50682344375 0.7015600875 0.5003189921875 0.68596466875 0.4705790046875 0.7014761203125001 0.44601658593750004 0.70345804375 0.41419365468749997 0.7056665984375
0 0.362124296875 0.657466021875 0.2985136015625 0.6801109890625 0.25403073125 0.64382625 0.23345971875 0.6760651953125 0.2570686015625 0.713001478125 0.2879961578125 0.748494059375 0.3338978375 0.7361239515625 0.38655959375000004 0.7150359890625 0.44449226093750005 0.697429309375 0.46299251249999995 0.6895602765625 0.4704256953125 0.6426183203125 0.41370002499999997 0.6460744515625 0.362124296875 0.657466021875
0 0.49635196718749997 0.7310532656250001 0.4655299265625 0.7502442765625 0.467182771875 0.7915116624999999 0.48788228437500003 0.7945113640625 0.51949556875 0.777726184375 0.5482698375 0.763460146875 0.5982440687499999 0.7606850374999999 0.6030375125 0.736230140625 0.5940430125 0.715851396875 0.553819353125 0.7231832171875 0.5140961500000001 0.7390062656249999 0.49635196718749997 0.7310532656250001
0 0.41446285781250003 0.8138167015625 0.40493412187500005 0.8615094234375 0.44158567812499994 0.8530738375 0.47200059687499996 0.8424023796875 0.49793585 0.830655484375 0.509524540625 0.8157105984375 0.50155391875 0.7928693703125 0.47953972343749995 0.7984175546875 0.4701381015625 0.7865583640625 0.44941560625 0.803003609375 0.41446285781250003 0.8138167015625
0 0.5935899234375 0.7632608375000001 0.5572291671875 0.7656110265625 0.51211873125 0.7803869734375 0.51093255625 0.8241735 0.5483171984374999 0.8193608203125 0.5906467765625 0.8058869453125 0.5935669390625 0.7827057765625 0.5935899234375 0.7632608375000001
0 0.3266853328125 0.19965752187500002 0.2744123578125 0.211197771875 0.2718042484375 0.2657767390625 0.3197450359375 0.2675832453125 0.40460591875 0.2698887984375 0.45385904843749997 0.2700029015625 0.50195790625 0.26850159218749997 0.504692853125 0.2370388421875 0.49724523125 0.212499684375 0.43999123906250004 0.1994237875 0.36853863750000004 0.2000025921875 0.3266853328125 0.19965752187500002
0 0.288752475 0.14304108124999998 0.25104205625 0.159081109375 0.2485920125 0.2103522546875 0.2844368578125 0.2075819890625 0.33440129218750003 0.19281091875 0.3786421671875 0.1947329125 0.445082525 0.1959619953125 0.4488927078125 0.167768565625 0.44753256874999997 0.1446908375 0.3989117109375 0.1313454671875 0.336487403125 0.123385271875 0.288752475 0.14304108124999998
0 0.292904809375 0.8034879671875 0.258671865625 0.7467560328125 0.24009327187500001 0.748987375 0.23449654843749998 0.7887966468750001 0.290897728125 0.8712597015625001 0.36647664999999996 0.8358718375 0.46286367031250003 0.8031373593750001 0.467986190625 0.7732515265625 0.46045954062499994 0.7503662765625 0.40826559375000004 0.7602526203125 0.32444871875 0.7876404124999999 0.292904809375 0.8034879671875
0 0.4831459953125 0.5333193703125 0.46687593906249997 0.5387815265625 0.40906871562499997 0.537282978125 0.34637606875000004 0.56070854375 0.3055980046875 0.56363279375 0.27487567031250004 0.536517234375 0.249766621875 0.5207865484374999 0.24361666718750002 0.572173184375 0.268330540625 0.5961734078125 0.29873674375000003 0.629904603125 0.3561800328125 0.6132486515625 0.3972742359375 0.6037087718749999 0.4428274515625 0.6039383593750001 0.4717466828125 0.5914756203125 0.47818154062499996 0.5598973796875 0.4831459953125 0.5333193703125
0 0.057244353125 0.5036755703125 0.017541515625 0.5098691359374999 0.0141743046875 0.5545631515625 0.052406735937500004 0.5533697984375 0.0923466671875 0.5422145109375001 0.11955838593749998 0.5397137062499999 0.167578215625 0.5398663046875 0.1685266140625 0.5200194125000001 0.16485794375 0.49371086406250003 0.1277797890625 0.4965196203125 0.0907806625 0.497674478125 0.057244353125 0.5036755703125
0 0.08890041875 0.5885624296875 0.05273943125 0.59794833125 0.014269903125 0.6041034015625 0.00974841875 0.6471820109374999 0.038035378125000005 0.6479505265625 0.069342178125 0.6370647015625 0.0992576140625 0.629525184375 0.129094015625 0.62363958125 0.1671683734375 0.6257540484375 0.1705833859375 0.6058301515625 0.1619814921875 0.5796755874999999 0.1274489796875 0.5807534453125001 0.08890041875 0.5885624296875
0 0.08240309375 0.672988734375 0.042384121875 0.685797934375 0.011314418750000001 0.69172204375 0.0106509140625 0.7313773421875001 0.0453414953125 0.7269916578125 0.0727903171875 0.7195291359375 0.1003181828125 0.7104127015625 0.1165091984375 0.7066044453125 0.152275015625 0.7054880921875 0.15931090625 0.687102625 0.1555631984375 0.662447984375 0.1208726171875 0.6668336625 0.08240309375 0.672988734375
0 0.016486626562500002 0.815418690625 0.070150971875 0.8005321359375 0.11255751249999998 0.789299853125 0.1497937390625 0.783183271875 0.15850589843750001 0.7812599015624999 0.1595333375 0.7597590921874999 0.15562755625 0.738412265625 0.11453335312499999 0.747952146875 0.069818271875 0.755953603125 0.011062646875 0.77430195625 0.016486626562500002 0.815418690625
0 0.0679707078125 0.583397234375 0.0859175453125 0.585103625 0.1193154921875 0.581794603125 0.157899971875 0.576057125 0.158239678125 0.5571584406250001 0.15892667031250002 0.5427820484375 0.1539932390625 0.539913940625 0.1246172078125 0.5415863796875 0.09234771093750001 0.5448601796875 0.0713627890625 0.5477817546875 0.0679707078125 0.583397234375
0 0.031500178125 0.0802431953125 0.0091778984375 0.0738639515625 0.0065912359374999995 0.127994059375 0.0374972359375 0.1297104296875 0.0851151984375 0.13302939687499998 0.0874612390625 0.1089298375 0.0883044546875 0.09128420625 0.07911815 0.08356216250000001 0.031500178125 0.0802431953125
0 0 0.3382750484375 0.026259117187499997 0.3398911515625 0.0812842484375 0.33817364687499996 0.08220411718750001 0.31892387499999997 0.07505721875 0.2935188640625 0.0367788734375 0.294713646875 0 0.295861625 0 0.3382750484375
0 0.27451521093750003 0.1210681203125 0.2768324875 0.10151986406249999 0.26956890312500004 0.094327184375 0.24276167499999998 0.1053655875 0.2101741375 0.13606034218750002 0.2107697390625 0.1814855765625 0.23632490625 0.167703978125 0.2710171015625 0.1508549015625 0.27451521093750003 0.1210681203125
0 0.2290283578125 0.334868234375 0.2437949921875 0.32977019531249996 0.245259675 0.29911945625 0.24661804062499998 0.2851656796875 0.23723225625 0.27896665781249996 0.2138880484375 0.289896984375 0.20227375625000002 0.3013885984375 0.2060123859375 0.3244575265625 0.2078951296875 0.3429472609375 0.2290283578125 0.334868234375
0 0.332828015625 0.9538288203124999 0.39964437343750003 0.9266401406250001 0.468816 0.8893366953124999 0.46989723124999994 0.866710125 0.44942128906249995 0.852518515625 0.4090274140625 0.867657484375 0.3776578625 0.874419184375 0.3238658703125 0.8992284515625 0.2916326265625 0.906017109375 0.253318853125 0.815732978125 0.22690524375 0.8592327546874999 0.27764305624999996 0.9676312656249999 0.27992595468750003 0.9675600046874999 0.332828015625 0.9538288203124999
0 0.92066975625 0.099112265625 0.9224350125 0.07880485937500001 0.9250983093749999 0.056337609375 0.8931243500000001 0.043478771875 0.8366265734375 0.0281876625 0.8297589265624999 0.07210436406250001 0.8635289953124999 0.08064349531250001 0.9058003015624999 0.09424683125 0.92066975625 0.099112265625
0 0.7328731953125 0 0.7170587609375 0.002074228125 0.6797985125 0.0000395 0.647733215625 0.0223585703125 0.6437946218749999 0.0715134078125 0.6776868734375 0.06086233125 0.7107320859375 0.051303603125 0.7511254265625 0.05430644531249999 0.7873345890625 0.0617035375 0.82359475625 0.068033125 0.8275950562500001 0.050853690625 0.8296663734375 0.024141265624999998 0.781771865625 0.011779353125 0.7540476093749999 0 0.7328731953125 0
0 0.753258446875 0.059569423437500005 0.718335271875 0.0585276578125 0.6871881875 0.061631679687499996 0.652989865625 0.078687771875 0.629343946875 0.091150853125 0.63392675625 0.128314684375 0.66188973125 0.125310059375 0.6926998984375 0.11262335937500001 0.7220508828125001 0.11383904843749999 0.7491158046875 0.112994271875 0.7825489546875 0.11195072343750001 0.788702434375 0.082979059375 0.78106839375 0.059767298437500005 0.753258446875 0.059569423437500005
0 0.8203098453125 0.15340852656249998 0.8227180859375001 0.1362787828125 0.8162169953125 0.122624859375 0.78452894375 0.12041620625 0.7488607484375 0.1183317875 0.7083143703125 0.1185314515625 0.678014321875 0.1205431140625 0.6472041578125001 0.133229815625 0.6444388375 0.1578320765625 0.6456026375 0.1833776140625 0.6679424109375 0.18161441875 0.698599540625 0.1721302234375 0.7357577640625 0.17629995625 0.7667008015625 0.1774659515625 0.7866014796874999 0.17684479375 0.8167484953124999 0.1780356359375 0.8203098453125 0.15340852656249998
0 0.8099789062499999 0.2548479453125 0.8140808328125001 0.23723204843749998 0.8052484468750001 0.22876380468750002 0.7764424437499999 0.22893426562500002 0.741685471875 0.228561815625 0.71107260625 0.232431978125 0.6946778375 0.2344010265625 0.64624693125 0.2359127015625 0.6424312890625 0.2702788703125 0.6436664140625 0.2899141625 0.6670307484375 0.2899135546875 0.68658590625 0.2900318421875 0.7228148046875 0.2823430765625 0.7473720859374999 0.2801192453125 0.779917515625 0.28128939062499997 0.8083188421875 0.27821691249999997 0.8099789062499999 0.2548479453125
0 0.7236742890625 0.2908420703125 0.6997910609375 0.2915875375 0.6487831374999999 0.2920768640625 0.6420154796875 0.313240890625 0.6400308375 0.3375639453125 0.6580436015625 0.339207265625 0.6905637765625 0.347014434375 0.720634134375 0.337253625 0.7585706546875 0.334966734375 0.7734683625 0.3157545109375 0.7704060859374999 0.2937945375 0.7674812765625 0.286166390625 0.75600421875 0.2854218421875 0.7236742890625 0.2908420703125
0 0.7683647031249999 0.28886005937500003 0.7677387390625 0.31305504375000004 0.767881984375 0.332248728125 0.79383341875 0.33286079375 0.8171638296875001 0.33284362500000003 0.8367771749999999 0.3329424734375 0.83836306875 0.31085065156249997 0.83947256875 0.29872829375 0.8367288828125 0.289570375 0.81406559375 0.28672255468749996 0.7954121875 0.2887268703125 0.7683647031249999 0.28886005937500003
0 0.8028630124999999 0.343604315625 0.793453809375 0.3385042875 0.754629609375 0.3429523375 0.711777353125 0.3475261203125 0.6833228421875 0.353807984375 0.6627899671875 0.3458189296875 0.6259383734374999 0.34265420625 0.6219523578125 0.39240083124999997 0.6428466140625 0.3928274015625 0.676320890625 0.3993337765625 0.7070373531249999 0.3962175328125 0.74118276875 0.38867929375 0.77189923125 0.3855630484375 0.7993416343749999 0.3836277453125 0.80037415 0.362020646875 0.8028630124999999 0.343604315625
0 0.8313166015625001 0.2829444625 0.85114841875 0.2886694734375 0.8781627609375 0.29258429375 0.8825889468750001 0.274207065625 0.88261894375 0.24883003750000002 0.8616406421875 0.2423478046875 0.8403966828125 0.24142488593749997 0.814301121875 0.2430324078125 0.8128439843749999 0.2859000546875 0.8313166015625001 0.2829444625
0 0.778986203125 0.196093478125 0.76872225625 0.1782665 0.738806146875 0.1772559125 0.7122161265625 0.1774377453125 0.6850490406249999 0.1795819515625 0.6542766984374999 0.1863755265625 0.6455643625 0.1866474625 0.6413950328125 0.2334422171875 0.6585715734375001 0.23809104374999998 0.6809294921875 0.23544882656250002 0.6959340765625 0.2349804953125 0.72210210625 0.23351558749999998 0.7547484875 0.2279597546875 0.7847886703125 0.2263739890625 0.788015215625 0.20942216875000003 0.778986203125 0.196093478125
0 0.8900516828124999 0.20345973437499998 0.87499373125 0.1963215765625 0.8556952890625 0.19311986406249998 0.8492278015625001 0.19277829375 0.8471937515624999 0.2183834671875 0.846413525 0.234711021875 0.866799459375 0.24059599999999998 0.8791725484375 0.2445573203125 0.8950681984375001 0.25112588593749996 0.9010778296874999 0.252568625 0.9041370734375 0.2394305765625 0.9067904718750001 0.2263051953125 0.9067069999999999 0.211091478125 0.8900516828124999 0.20345973437499998
0 0.8421796625000001 0.341316603125 0.8023605484375 0.342559478125 0.8048634343750001 0.3717546953125 0.8027015000000001 0.3843679015625 0.8267051375 0.38780058125 0.850178178125 0.386022440625 0.8732509468749999 0.392620603125 0.8933507484375 0.396175140625 0.9012282234375 0.3781561515625 0.9019286953125001 0.36349761406250003 0.8936904999999999 0.35643641875 0.8669140328125 0.3457719515625 0.8421796625000001 0.341316603125
0 0.8318761265625 0.190907140625 0.8174896171875 0.18781233749999998 0.8005413421875 0.183025565625 0.778514890625 0.183122434375 0.7808958859375 0.19781416875 0.781031975 0.2226168859375 0.798178121875 0.22326298906250003 0.8147418296875 0.226880478125 0.835773025 0.22917723906249998 0.8445383734374999 0.2300849296875 0.8470659515625 0.21405870624999998 0.847518215625 0.204594315625 0.8446395890625 0.191099396875 0.8318761265625 0.190907140625
0 0.9119094515624999 0.1596782171875 0.8953728375000001 0.1463772125 0.8674769234375 0.1407999296875 0.8434439921875001 0.14062891875 0.8235385531249999 0.1403290875 0.8210432031250001 0.17817387499999998 0.8476955453125001 0.1810265546875 0.8666485734375 0.18688297812500002 0.884913678125 0.1927608796875 0.9077737812500001 0.20310107031250002 0.9166459265625001 0.1899281296875 0.9172190125 0.1779353703125 0.9198999265625 0.1649556734375 0.910357284375 0.1634112453125 0.9119094515624999 0.1596782171875
0 0.7887716671875 0.0916724890625 0.7851824234375 0.1092862546875 0.8032271140624999 0.1197767546875 0.823600053125 0.1246677171875 0.8508521421875 0.1293439625 0.8569459671875 0.10244057656250001 0.853656065625 0.0850415328125 0.8300198906249999 0.0765678421875 0.7995045609375 0.0683088796875 0.7918493375 0.0703901140625 0.7887716671875 0.0916724890625
0 0.8774603937500001 0.1331191578125 0.8955050859375 0.1436096515625 0.9083550484374999 0.1478142875 0.9125440453125 0.1320240921875 0.9145544671874999 0.10432701562499999 0.896333434375 0.097526603125 0.8611349640625001 0.08665038593749999 0.8585688734374999 0.111601359375 0.8569552078125 0.1309957546875 0.8774603937500001 0.1331191578125
0 0.8399400609375001 0.3097413703125 0.83713775625 0.3302130921875 0.8568809953125 0.33693517968750003 0.8723617890625001 0.343790309375 0.8957975890625001 0.3495817765625 0.9003876375000001 0.3298696203125 0.8988884640625001 0.310347521875 0.8841336625 0.30102362031249996 0.8647652109375 0.299182059375 0.8425472562499999 0.29335258125 0.8399400609375001 0.3097413703125
0 0.7636541828125 0.392028771875 0.7622258125 0.40919613593750004 0.7613283171874999 0.4279776578125 0.7844283453124999 0.4280720109375 0.8069584750000001 0.4273687828125 0.82830978125 0.42588696718749997 0.8311511062499999 0.40459865781250004 0.8317754515625 0.39153323906250004 0.8238984796875 0.3909637390625 0.807496596875 0.39066031562500003 0.7910166703125 0.3919900765625 0.7636541828125 0.392028771875
0 0.7338361671875 0.5705274453125 0.6976170125000001 0.5819758796875 0.6690761828125 0.5791147546875 0.639628146875 0.565964021875 0.6210738375 0.5590392171875 0.612883984375 0.5986905375 0.6290674593750001 0.6113173046875 0.6580394468749999 0.6197929234374999 0.6805274031249999 0.6322229078125 0.7118879671875 0.6199881406250001 0.741982203125 0.6049789125 0.7476936984375 0.5879167765625 0.7469211671875 0.5748089953125 0.7359825453125 0.56952245625 0.7338361671875 0.5705274453125
0 0.7889687515625 0.5584886734375 0.7925787515625 0.5414921296874999 0.7920306671875 0.5236873796875 0.781361390625 0.5127644890624999 0.7314016296875 0.5190138421875 0.7025016828124999 0.5236678703125001 0.6705481421874999 0.5190372828125 0.6428424749999999 0.513336103125 0.625168228125 0.502631859375 0.6233005890625 0.5270779671875 0.6228339515625 0.5514803421875001 0.6384964921875 0.5603713906250001 0.6617298296875 0.571840109375 0.6865886140625 0.5785681406250001 0.7233735968749999 0.569916021875 0.7473251750000001 0.5663544453125 0.7736475859375 0.5570909078125 0.7889687515625 0.5584886734375
0 0.7827815859375 0.6325676203125 0.7835734515625 0.6159965765625001 0.772555890625 0.6118278312500001 0.73639265 0.6174692281249999 0.7117508828125 0.6167341625 0.6896873125 0.6324649515625 0.6641381546875 0.627245565625 0.6399283171875 0.61747175 0.6193044999999999 0.6030733640625 0.6103327640625 0.6499839625 0.6287098828125 0.6644524734374999 0.6484263125 0.6743665437499999 0.6770575734375 0.6855065703125 0.70586125625 0.6695654078125 0.7420244953124999 0.6639240046875 0.78177375625 0.6536580437499999 0.7827815859375 0.6325676203125
0 0.773017984375 0.6960492656249999 0.7432349234375 0.7090125765625 0.721891228125 0.7096787828125 0.7000436171875 0.720890190625 0.6758773171875 0.733678184375 0.64499935 0.7226082828125 0.61230660625 0.7025697656250001 0.604674190625 0.74492591875 0.6274007390625 0.7622670984375 0.6644429140625 0.7851782828125 0.697668025 0.7706033265625 0.7329958624999999 0.7589711515625 0.7719097234375 0.74271441875 0.7795136874999999 0.7244265375000001 0.773017984375 0.6960492656249999
0 0.8163669640625001 0.5086230875 0.79417871875 0.5151826359375 0.7959091218750001 0.533902984375 0.7982350453125 0.558471728125 0.8204794468750001 0.5507370328125 0.842611540625 0.5453526359375 0.8636427078125 0.5446961906250001 0.8723495359375001 0.545597815625 0.87658475625 0.5302114515625 0.8797752109375001 0.518377896875 0.8691695125000001 0.502281375 0.8452848218750001 0.5077204734375 0.8163669640625001 0.5086230875
0 0.7855633453124999 0.62223070625 0.7939110484375 0.64895829375 0.8118301171875 0.6401852015625 0.838231390625 0.6370143484375 0.87147458125 0.637150125 0.873305528125 0.6171452171875 0.87196821875 0.590198815625 0.8431065156249999 0.5899262828125 0.8175253859374999 0.594244940625 0.782956646875 0.6035377171875 0.7855633453124999 0.62223070625
0 0.7802285484375 0.733869978125 0.8038886171874999 0.733131478125 0.8260768578125001 0.7265719296875 0.8575113015625 0.7279375546875 0.8611510000000001 0.70670279375 0.86171255625 0.6949513046875 0.8528594515625001 0.6788000703125 0.8221328453125001 0.6809325328125 0.7936981953125 0.6900338484375 0.7811492359375001 0.696292521875 0.7802285484375 0.733869978125
0 0.778914771875 0.7796734890625 0.77991515 0.8136707875000001 0.8074173453125001 0.8057719734375001 0.8313581875 0.7991577234375 0.8552428828125 0.7937186203125 0.8611183828125 0.780627859375 0.8645896140625 0.7629185484375001 0.8524898984375 0.7597760265625 0.85166975625 0.7586282234375 0.8286613703124999 0.764039978125 0.8025748374999999 0.778934984375 0.778914771875 0.7796734890625
0 0.7415573828124999 0.6730267609375 0.730581353125 0.6694352984374999 0.704275325 0.679698125 0.6806813453125 0.694597184375 0.653742178125 0.6812754187500001 0.626953634375 0.6648017171875 0.616060809375 0.6840251953125 0.6125203578125 0.696724690625 0.6318961015625 0.7087089015625 0.6459834921875001 0.7208581796875 0.6659468328125 0.7328240546875 0.6911529796875 0.7210219296875 0.7134588046875 0.708523521875 0.733700609375 0.7023840328125 0.739553784375 0.6903991578124999 0.7415573828124999 0.6730267609375
0 0.73630565 0.6991886296875001 0.7622036343749999 0.6983802828125001 0.7853162640625 0.6957322875 0.8013272109375 0.6913793796875 0.810559178125 0.6785684734374999 0.8091847187500001 0.6622354671874999 0.8032634390625001 0.6508608203125 0.7837938453125 0.6524318203125 0.7424660000000001 0.660464809375 0.74437544375 0.680634265625 0.73630565 0.6991886296875001
0 0.750490296875 0.5677291203125 0.74906058125 0.584554940625 0.7481771625 0.60304183125 0.7656018828125 0.6050151296874999 0.7844404515625001 0.603588065625 0.806371934375 0.602903515625 0.81285471875 0.5850809124999999 0.816630271875 0.5715381140625 0.8084198499999999 0.5600475484375 0.789621434375 0.5606342984375 0.77007594375 0.5637615593749999 0.750490296875 0.5677291203125
0 0.8698027609375 0.59235695625 0.8688681875 0.5718429515625 0.8680565078125 0.5487572171874999 0.8430032890625 0.552107103125 0.8171141015625001 0.5529151796875 0.818048675 0.5734291796875 0.8149634718750001 0.5979205000000001 0.8382218703125 0.59205875 0.8698027609375 0.59235695625
0 0.952408984375 0.527420190625 0.9503122234375001 0.5445967765625 0.9731500609375001 0.54730616875 0.98336123125 0.5489587984375001 0.9855028125 0.5041427609375 0.9534735484375 0.5051424890625 0.952408984375 0.527420190625
0 0.9605158703125 0.5657844562500001 0.95572128125 0.5856912546874999 0.9779685859375 0.589291890625 0.9813616953125001 0.590802359375 0.9830072890625001 0.5563656203125 0.9631803734375 0.5502391734375001 0.9605158703125 0.5657844562500001
0 0.9633544140625 0.6404294296875 0.9790135687499999 0.6399406625 0.980984109375 0.5987039234375 0.9807239265625001 0.59865495625 0.966215853125 0.5939537546875 0.9490595203125001 0.591053234375 0.9443471499999999 0.6092394671875 0.9412715453124999 0.6333876468749999 0.9633544140625 0.6404294296875
0 0.9786022890625 0.6485474078125 0.9690046750000001 0.6428300921875 0.9498826953125 0.6408499234375 0.947259296875 0.65553491875 0.945112971875 0.6736410546875 0.96651321875 0.6815631515625 0.9767873171874999 0.6865285265625001 0.9786022890625 0.6485474078125
0 0.933105946875 0.7238382125 0.9565951703125 0.7282590812499999 0.971021025 0.7346808640625 0.9744197437500001 0.7360738375 0.9764806296874999 0.69294641875 0.9705515859375 0.6908861734375 0.9587328828125001 0.683524015625 0.9368393125000001 0.685925390625 0.9353344953124999 0.7040115 0.933105946875 0.7238382125
0 0.9372102890624999 0.7451852718749999 0.94818193125 0.7568689015625 0.962320015625 0.7693127125 0.9726654671875 0.77278491875 0.9741113296874999 0.7425279734375 0.9425641625000001 0.726979021875 0.9372102890624999 0.7451852718749999
0 0.9201855859375 0.169615396875 0.9482556671875001 0.170309559375 0.9735442640624999 0.16794990781250002 0.99462215 0.169233690625 0.9953572359375 0.135457859375 0.979189378125 0.1355822609375 0.9563589468749999 0.1355097125 0.9217261875 0.13737585937500002 0.9201855859375 0.169615396875
0 0.99449344375 0.1751475984375 0.9907592812500001 0.1752641515625 0.969650353125 0.175923021875 0.9520971578124999 0.1756857546875 0.9157428859375001 0.176820484375 0.9148034953125 0.19647873437500002 0.9135032031250001 0.211437309375 0.93406335 0.21001040781250002 0.956157121875 0.21324658125 0.9721015453125 0.21039343437500002 0.9909026093750001 0.209021434375 0.9937498093749999 0.2093162828125 0.99449344375 0.1751475984375
0 0.9926559640624999 0.2595765484375 0.9936015078124999 0.216130396875 0.9834905453125 0.21710436406250003 0.9652758374999999 0.21845805937499999 0.9507295859375 0.216556625 0.936619390625 0.2177822015625 0.9137513828125 0.218495978125 0.91218805625 0.238958859375 0.913481378125 0.260902896875 0.930997 0.2619264953125 0.9468286984375001 0.2614323421875 0.966952784375 0.2568784234375 0.98380689375 0.259492984375 0.9926559640624999 0.2595765484375
0 0.99177235 0.300177059375 0.9925426984374999 0.2647807609375 0.9917528984375 0.264741065625 0.9694712515624999 0.2654365484375 0.9537898578125 0.26278537968750004 0.9343648531250001 0.2649620109375 0.9114216953125001 0.2672484453125 0.9101589750000001 0.28142069062499997 0.9087083781249999 0.29952458125 0.9278327718750001 0.3036385921875 0.9478065609374999 0.30223 0.96950185 0.3015528203125 0.9888892765625 0.3001625265625 0.99177235 0.300177059375
0 0.9907945046875 0.3451072234375 0.9916835328125 0.3042580109375 0.9845968859375 0.30422229375 0.956451646875 0.30510078749999997 0.939996015625 0.3063995765625 0.9195110156249999 0.3062538203125 0.9083701984375001 0.3066015546875 0.9074308046875 0.326259809375 0.90762655625 0.3466677875 0.927562771875 0.346045515625 0.9504307765625001 0.34533173906250003 0.9703669875 0.3447094671875 0.9855747484374999 0.3450199515625 0.9907945046875 0.3451072234375
0 0.971351825 0.348604515625 0.9496941171875 0.34849536406250003 0.92616459375 0.350800103125 0.9034093125 0.349154890625 0.9022820484375 0.37274479843749997 0.903988703125 0.3860392015625 0.9262327765625 0.3861300484375 0.947341703125 0.3854711796875 0.9684506296875 0.3848123046875 0.9899949843750001 0.3818437171875 0.99075556875 0.3468962453125 0.971351825 0.348604515625
0 0.9643085453125 0.38572675 0.94440990625 0.385562690625 0.9255336875 0.3885073484375 0.90688291875 0.386734015625 0.9068304921875001 0.40008333125 0.9061541343749999 0.414237271875 0.927037609375 0.4182963796875 0.9510407609374999 0.41833232656249997 0.972698471875 0.418441484375 0.989223065625 0.41731215156249996 0.989927878125 0.3849270984375 0.9643085453125 0.38572675
0 0.9536174234375 0.5393217828125 0.9572355359375001 0.5215663640625 0.9505852515625 0.501345809375 0.9256211750000001 0.502125015625 0.8820673453125 0.5006988046874999 0.87981856875 0.5332682984375 0.9003997765625 0.5372686578125 0.9238436546875001 0.5393225593750001 0.9536174234375 0.5393217828125
0 0.8975650484375001 0.62556954375 0.8776772890625001 0.6215475374999999 0.876788525 0.640146315625 0.8758553296875 0.6596750265625 0.8873328578124999 0.6658166359375 0.90426908125 0.6736449671875 0.9157910453125 0.678856646875 0.9451379953125001 0.673297875 0.9441241703125 0.6510442875 0.93850528125 0.6382199453124999 0.940763378125 0.6344352609375 0.9199155359375 0.6360145328125 0.8975650484375001 0.62556954375
0 0.88098326875 0.53787470625 0.87705409375 0.5621396843750001 0.876769903125 0.5825767015625 0.891332284375 0.5821221578125 0.9085351375 0.584370859375 0.927773890625 0.5874845703125 0.9485772921875 0.586835228125 0.9522842812500001 0.5672199453125 0.951875025 0.5468045765625 0.933463028125 0.5408794125 0.9126596296875 0.54152875 0.88098326875 0.53787470625
0 0.8802475125000001 0.6836802765625001 0.8766738374999999 0.7005057453125 0.8920898578124999 0.711167184375 0.9117109921875001 0.720768815625 0.9337235359375 0.723795940625 0.9345678578125 0.7061271140625001 0.9349853625 0.6829002875 0.92033410625 0.6852147015625001 0.9033090046875 0.67924625 0.8829499843749999 0.6705961953124999 0.8802475125000001 0.6836802765625001
0 0.8840763734375001 0.487636375 0.8961140328124999 0.4965461578125 0.9196912234375001 0.4958102453125 0.946602325 0.49775592968750004 0.96268491875 0.4944682828125 0.9677343578125001 0.47573964062499996 0.9606128296875 0.45089103750000004 0.9294521625 0.45093510312499996 0.890147890625 0.44751914687500005 0.8879166703125 0.46523126562500006 0.8840763734375001 0.487636375
0 0.7593281296875001 0.7867115484375 0.7610143015624999 0.7890713593750001 0.722545190625 0.80354054375 0.6848614390625001 0.8203976515625 0.6528940078125001 0.8117456734375 0.6226355609375 0.7861532453125 0.6101745562499999 0.8022230765625 0.6037306015625 0.8241362062500001 0.6267825453125 0.8499535765624999 0.655528 0.8695621203125 0.6965263703125 0.8586326578125 0.7295906015625 0.8443321796875001 0.7643987390625 0.8311834890625001 0.778488190625 0.8186815 0.775635390625 0.8030896578125001 0.7593281296875001 0.7867115484375
0 0.7554321015625 0.5106082984375 0.7743491625 0.5100178421875 0.790563784375 0.509511728125 0.8121832812499999 0.5088369234375001 0.820463771875 0.50495979375 0.8204288578125001 0.4868675546875 0.816120796875 0.4640837984375 0.7943281171875001 0.468382684375 0.758295621875 0.4695073703125 0.75443865 0.49375220156250005 0.7554321015625 0.5106082984375
0 0.8228426625 0.4928233265625 0.8331328703124999 0.5033581359375 0.8486198578125 0.4992560765625 0.8691653578125 0.5022334515625 0.8723873421875 0.4912768859375 0.8729646093750001 0.479196646875 0.870284984375 0.45998073437500003 0.846632959375 0.4655438703125 0.8214679390624999 0.465123125 0.8204288578125001 0.4868675546875 0.8228426625 0.4928233265625
0 0.661661096875 0.787617646875 0.6373649515625 0.7674042828125 0.6126055859374999 0.7568846359375 0.6088836140625 0.784425359375 0.624823690625 0.8032863375 0.64173691875 0.826956559375 0.6631136375 0.8327421625 0.6878263171875 0.8190651296875 0.7149484921875 0.805312890625 0.7359697109375001 0.7933642984375 0.7313356171875001 0.7644711734375 0.6861421578125 0.778787478125 0.661661096875 0.787617646875
0 0.7956973984375 0.7769811296875 0.8072350078125 0.762102125 0.8001142109374999 0.7348998375 0.780760971875 0.7371171140625 0.74641028125 0.751094978125 0.746765784375 0.7688291796875 0.7483260453125 0.7865257875 0.7700887890625 0.7842332937500001 0.7956973984375 0.7769811296875
0 0.7131708984375 0.39436420625 0.6837679265625 0.40328234218750003 0.6389135859375 0.396682 0.6338801671875001 0.4128398796875 0.6469350203124999 0.425004434375 0.665220459375 0.434719896875 0.697381203125 0.4394306296875 0.7217176875 0.4295277171875 0.7499389515625 0.42750392968749995 0.7584742765625 0.42723752187499997 0.762872946875 0.40652779843750003 0.7636933984375001 0.3893585046875 0.7534510156249999 0.3896782015625 0.7131708984375 0.39436420625
0 0.15409208125 0.7135865109374999 0.14877646718749998 0.7061472453125 0.13170132968749998 0.707440734375 0.115762109375 0.7086987609375 0.0979734234375 0.71305658125 0.060378995312499996 0.71651158125 0.059505479687499994 0.734791265625 0.059090739062499995 0.7553381796874999 0.0714766265625 0.757233140625 0.09494489375000001 0.7526980265625001 0.1097118046875 0.7522371140625 0.1251922609375 0.7487118484375 0.1423765859375 0.7451334015625 0.1516822921875 0.7402798421875 0.1534733453125 0.726534625 0.15409208125 0.7135865109374999
0 0.15142578125 0.6269707234374999 0.1345326171875 0.6244559453125 0.1162851671875 0.6265465375 0.0969018015625 0.62867258125 0.08021263749999999 0.633756609375 0.0686714953125 0.637919434375 0.0692614640625 0.6493087828124999 0.0680603828125 0.674443353125 0.08993395937500001 0.6676764671875 0.11098480468750001 0.666258890625 0.12575171875 0.6657979671875001 0.154608390625 0.6671788203125 0.157222175 0.64808429375 0.1608626875 0.6312392828125 0.15142578125 0.6269707234374999
0 0 0.7809878859375 0.0011666421875 0.7807222125 0.0253120484375 0.7738844234375 0.0511977359375 0.7662317937500001 0.055901365625 0.7508746296875 0.05730644687499999 0.7333388640625 0.048969053125 0.729796515625 0.021634271875 0.73217075 0 0.737738434375 0 0.7809878859375
0 0 0.694085434375 0.0007721625 0.6940355265625 0.024349621874999998 0.6872154562499999 0.0461140078125 0.6827335375 0.058514284375 0.6724597546875 0.061878007812500004 0.6495392453125 0.053540614062500005 0.6459968859375 0.028900040625 0.6513291031249999 0.0098078453125 0.6473619187499999 0 0.65068729375 0 0.694085434375
0 0 0.6026288203125 0.0082523328125 0.6025723859375 0.027058857812499996 0.599775875 0.047106406249999996 0.5939946203125 0.0567387765625 0.5878019515624999 0.060884845312500005 0.5699964953125 0.063239853125 0.55519295625 0.0533746875 0.554764375 0.0329533421875 0.55687479375 0.0069260359375 0.5613696906250001 0 0.5621089296874999 0 0.6026288203125
0 0 0.5058519890625 0.0026789109375 0.50560579375 0.0244204140625 0.5072681953125 0.06386882968749999 0.503695875 0.070065975 0.4836037875 0.061346703125 0.4651477984375 0.0325000203125 0.466048190625 0.0009188859375000001 0.4693749453125 0 0.46965921718750003 0 0.5058519890625
0 0.0994506875 0.4897096515625 0.1231085328125 0.48780070625 0.15533974374999998 0.4891356953125 0.1613688421875 0.4725603859375 0.153299634375 0.4587661359375 0.12002623125 0.46097520625 0.07998376093750001 0.4587135328125 0.0773391984375 0.47752422812499995 0.0773170609375 0.4962530546875 0.0994506875 0.4897096515625