0 0.33332625 0.49760827343749997 0.3611492796875 0.4988849484375 0.37439970312500004 0.48887123125 0.3666494453125 0.46113214999999996 0.3409243265625 0.46203248906249994 0.3108860515625 0.46325785 0.2750904828125 0.46553024687500005 0.2513348765625 0.46826144843749995 0.2461511484375 0.49065023124999996 0.2536282921875 0.512102334375 0.28904960625 0.50566053125 0.33332625 0.49760827343749997
0 0.34959358125 0.5022538296875 0.31634810625 0.49942863437499996 0.2939692328125 0.504765840625 0.2570828859375 0.5140087375 0.262635596875 0.5459494484375 0.26835286875 0.5588503046875 0.29562966562500004 0.547553040625 0.33079956718750003 0.539889628125 0.358349478125 0.534879334375 0.34959358125 0.5022538296875
0 0.3603769234375 0.5224829234375 0.3657653171875 0.5410250921875 0.3757517328125 0.5411611546875 0.4030334953125 0.536199628125 0.42135042343749995 0.5335192015625 0.439280084375 0.528957 0.43805136874999995 0.5077061234375 0.4288060640625 0.5035308609375 0.41363838125 0.5036863453125 0.400631809375 0.506702484375 0.37962625 0.5014122890625 0.3618033890625 0.5013999124999999 0.3556562796875 0.5122788968750001 0.3603769234375 0.5224829234375
0 0.3011021359375 0.58336955625 0.32308468281249997 0.5806732265625 0.3449381359375 0.5773496437500001 0.37236013125 0.5756162984375 0.3638336359375 0.5621999890625 0.3598318015625 0.5427549125 0.348846096875 0.545403540625 0.32964782656249997 0.5488949843750001 0.3007101734375 0.550903975 0.27469703437500004 0.5569362578125 0.276795940625 0.5747751859375 0.27925982656250004 0.5892940624999999 0.3011021359375 0.58336955625
0 0.4602058171875 0.574607428125 0.45915079687500004 0.5643875 0.45081558906249997 0.5366201796875 0.43061802499999996 0.5428963046875 0.41354741875 0.5414456546874999 0.388780596875 0.54334685 0.3865684359375 0.5580653859375 0.392978415625 0.579024721875 0.4159825421875 0.57874555625 0.43493378437499997 0.5766005109375001 0.4602058171875 0.574607428125
0 0.2796007328125 0.6393388343749999 0.300174415625 0.6323435671875 0.3173518265625 0.6292196437500001 0.3394523140625 0.6245496546875 0.36293936875 0.6189767734375 0.3611097875 0.6049932828125 0.3560752203125 0.5805301234375 0.32791211875 0.5863026703124999 0.2979863265625 0.5936972578125 0.2704352375 0.5948033453125 0.27036188125 0.607180690625 0.2751159703125 0.6251874843749999 0.2796007328125 0.6393388343749999
0 0.4194169625 0.613260778125 0.44380765312500003 0.6120787171875001 0.46527383125000005 0.6068733453124999 0.456282025 0.573368809375 0.4362135546875 0.5802721953125001 0.42458239375 0.579784515625 0.4033521015625 0.5810425625 0.37314583125 0.5819807828125 0.3717193609375 0.60306379375 0.37734364375 0.61765864375 0.3969291953125 0.616048984375 0.4194169625 0.613260778125
0 0.29187734375 0.6429628203125 0.2855899921875 0.65061361875 0.2863868390625 0.6595790312500001 0.2921067671875 0.666998371875 0.2996961828125 0.6682210921875 0.323688453125 0.662556325 0.3438860125 0.6562802015625 0.379413796875 0.65827861875 0.379453703125 0.6380985 0.372173525 0.6205511140625 0.35991920781250003 0.6221289750000001 0.3442574578125 0.624977253125 0.3225442375 0.6315290250000001 0.301078059375 0.6367343921875 0.29187734375 0.6429628203125
0 0.32117351250000004 0.66561665 0.3047595078125 0.66990320625 0.296698321875 0.6765751390625 0.2886259875 0.6806461390625 0.2874242546875 0.6951809124999999 0.2871150171875 0.7115055875 0.3051849109375 0.7101715625 0.31830942812499996 0.7051817578125 0.331574178125 0.7034201390625 0.34395759375 0.70246953125 0.36402606406250004 0.69556614375 0.37310883437500003 0.6913113765625 0.36911814375 0.67446723125 0.363106584375 0.6579905984375001 0.355528321875 0.6593688046875 0.33748071562500004 0.6659046656250001 0.32117351250000004 0.66561665
0 0.43875547031249995 0.6129975156249999 0.41955719843750006 0.6164889640625 0.40022983125 0.61935314375 0.3844389875 0.621574165625 0.384321046875 0.6235478296875 0.3847194703125 0.6280305312500001 0.384399084375 0.6417542828125 0.3876040765625 0.652233953125 0.393806928125 0.6543595718749999 0.41024322812499997 0.6552748562499999 0.4411906015625 0.6502974234375001 0.465064928125 0.6466063203125 0.472632046875 0.6426271953125 0.471318834375 0.631152746875 0.466092975 0.621040603125 0.460996203125 0.6115557109374999 0.4569433140625 0.609689834375 0.44683895781249994 0.6115274328125 0.43875547031249995 0.6129975156249999
0 0.3775777578125 0.6722780109375 0.3815349953125 0.6813193921875 0.3852452078125 0.6917071796875 0.38550338906250003 0.6929617015625 0.404443478125 0.68821573125 0.42185677187500004 0.6811444890625 0.443463190625 0.6791673046875 0.4620271609375 0.6751404796875 0.4784523046875 0.673454834375 0.472463046875 0.662180046875 0.4644417625 0.6486718609375 0.4514128984375 0.646486159375 0.43777202187500003 0.648966928125 0.42148710625 0.6538807531249999 0.4122529484375 0.6523064078125 0.3935598890625 0.65570596875 0.37893086875000004 0.663572334375 0.3775777578125 0.6722780109375
0 0.3788405546875 0.49504780468750004 0.387097728125 0.504608665625 0.39972816875 0.502311665625 0.4108429625 0.5002902984375 0.4258926953125 0.5021084796874999 0.4437044109375 0.49951993281249996 0.44811113125 0.495464834375 0.44629270312499997 0.4840822625 0.44382881718749995 0.46956339687500004 0.4371207453125 0.46752965468749996 0.42183512343749996 0.4696587984375 0.40691447500000005 0.4684678765625 0.3874357203125 0.465502959375 0.3749120765625 0.4632253765625 0.374344653125 0.47829552499999994 0.3788405546875 0.49504780468750004
0 0.7746441359375 0.30822283437500003 0.7716514953125 0.3291696953125 0.773977728125 0.358217071875 0.7753074484375 0.36024220625000003 0.7878524031249999 0.3590942265625 0.8065185671874999 0.34776520624999996 0.8496194875 0.33539285625000004 0.895585284375 0.32363296875 0.9292309828124999 0.31411364375 0.9322430468749999 0.29769717500000004 0.9188681781250001 0.259324340625 0.9262608562500001 0.2375772890625 0.915475915625 0.23840517968750002 0.888870271875 0.2466441796875 0.8521542546875001 0.2589888296875 0.8306232124999999 0.2697053921875 0.8003309359375 0.2910831140625 0.7746441359375 0.30822283437500003
0 0.7817700249999999 0.3783360359375 0.786042296875 0.3990951546875 0.79074485625 0.4175090671875 0.8129893046875001 0.41913103124999995 0.8345397671875 0.41294485 0.854310796875 0.40254838125000003 0.881366153125 0.39649454687499996 0.9016063093750001 0.39281361875 0.9083632578125 0.376849571875 0.9045406984375 0.35827561874999997 0.898283559375 0.3367439953125 0.8924955515624999 0.32192791718749997 0.8766942578125001 0.3338694078125 0.8555740937499999 0.33771037656249997 0.837543665625 0.3432563859375 0.8074179921875 0.3521355515625 0.7909421390625 0.360799278125 0.7817700249999999 0.3783360359375
0 0.8130087250000001 0.4236614078125 0.794792271875 0.43717560312500003 0.791125059375 0.45484470625 0.8004913515625001 0.48261176250000004 0.8260115515625 0.4779705984375 0.854171771875 0.47284931406249997 0.8876120343749999 0.4667677828125 0.9227928890625 0.45583579375000005 0.9667932374999999 0.4478337828125 0.9880994234375 0.43602464375 0.9891460343749999 0.42336604062500005 0.9842186109375 0.40385955156250003 0.9757711609375 0.3849932109375 0.9449515078124999 0.38606423749999996 0.9236064828125 0.38881261875 0.9073554828124999 0.3985689328125 0.88363413125 0.41195077812500003 0.8466544234375 0.4141420828125 0.8130087250000001 0.4236614078125
0 0.8344477421875001 0.545578540625 0.8668025593750001 0.54309485625 0.9039877031250001 0.5374657468749999 0.9369588390624999 0.5246686656249999 0.9362260078125001 0.50779976875 0.9323840421874999 0.4846954375 0.9289917750000001 0.46377627343750005 0.9023861312499999 0.47201527812500005 0.87707136875 0.47321864375 0.8374710593750001 0.480420453125 0.81174541875 0.4884994171875 0.80476361875 0.5033708859375 0.8081753015625001 0.5288204234375 0.8124475671875 0.549579540625 0.8344477421875001 0.545578540625
0 0.9450516859375 0.306702540625 0.9213691734375 0.3291451546875 0.913321346875 0.352144834375 0.9206639328125 0.37007862812500003 0.9275568046875 0.38582724687500003 0.9306465375 0.38753229375 0.9500066859375 0.3840114125 0.9607527921875001 0.374122753125 0.9761237875000001 0.36452647968749996 0.9923281312500001 0.3581183140625 0.9759674953124999 0.27862135 0.9658693265625 0.2836474640625 0.9450516859375 0.306702540625
0 1 0.432719634375 0.9960194828125 0.434584278125 0.978008475 0.444660675 0.9582568640625 0.4595875359375 0.9398155515625 0.47200914374999997 0.9420835296875 0.4874653765625 0.9487903859375001 0.511182175 0.9592032843749999 0.526290628125 0.9748379703125 0.52684770625 0.9860532031250001 0.5236745921875 1 0.518914334375 1 0.432719634375
0 0.8395419953125 0.6569985875000001 0.8691849484375 0.6568700109375001 0.8952417453124999 0.6547624328125 0.9217979828124999 0.64993285625 0.9517019109374999 0.651072396875 0.967783225 0.6468322171875001 0.957956025 0.6196764640625 0.947651940625 0.60050096875 0.9264411234375001 0.6004116500000001 0.9029265343749999 0.5994257171874999 0.8735445671875001 0.6008224281250001 0.8334266984375001 0.6015404171875 0.835366271875 0.6367085765625 0.8395419953125 0.6569985875000001
0 0.62528585625 0.44404520625000005 0.627018728125 0.45507767968749996 0.630427296875 0.46380288593749996 0.63373775 0.4798885109375 0.641908559375 0.48040506718750003 0.6602888265625 0.47305735000000004 0.668811153125 0.4648323921875 0.6787672031249999 0.45834921093750003 0.6940266140625 0.44889903125 0.6930653859375 0.4363912109375 0.685574728125 0.41305573124999995 0.68022563125 0.4053509375 0.6632676562500001 0.41177249531250004 0.652033165625 0.4224932109375 0.640280428125 0.4333081859375 0.62528585625 0.44404520625000005
0 0.713369940625 0.3939831859375 0.692133653125 0.40051529375 0.6925423390625001 0.4051135203125 0.6923232453125 0.41449845312500005 0.6953688640625 0.4292972265625 0.6999806265624999 0.44648120625 0.7130575421875001 0.44210048906250005 0.728714203125 0.43458057656250004 0.7478775421875 0.4284254640625 0.7755860765625 0.41938127812500003 0.7824098390625001 0.40812768593750004 0.7791974953125 0.38468165 0.7789964656249999 0.368030540625 0.7614859484375 0.3665425046875 0.7451786312500001 0.37351323125 0.733040084375 0.385065871875 0.713369940625 0.3939831859375
0 0.71173634375 0.5271141234375001 0.715421178125 0.5397941234375 0.7204187625 0.556240428125 0.737013784375 0.55589244375 0.7488008265625 0.5530813140624999 0.7611060968750001 0.5501759374999999 0.797900940625 0.5434843453125 0.8056516234375 0.5367347265625 0.8052086265625 0.5241326703125 0.799692809375 0.5077806140625001 0.7952134625 0.4912400625 0.7913209703125 0.49061294375 0.7747488140625001 0.49629682031250005 0.7581652203125 0.49931275781249995 0.7388580296875 0.5021565 0.7215028015625 0.5066477828125 0.712980475 0.5148727375 0.71173634375 0.5271141234375001
0 0.6809062875 0.5077340359375 0.6971708765625 0.50477611875 0.7132167421875 0.5007553859375 0.7307559328125001 0.495360475 0.7540875 0.4922199328125 0.7874916062499999 0.490555365625 0.7962139828125 0.47684053125 0.7920581109375 0.45664699531249997 0.78573383125 0.43023222656250004 0.773093203125 0.42922329374999996 0.7523675046875 0.440710690625 0.7138461015625001 0.44771628281250003 0.6933013515625001 0.451452603125 0.67538136875 0.46794273750000004 0.679974703125 0.4902619125 0.6809062875 0.5077340359375
0 0.6505983609375 0.5789972265625 0.675837046875 0.5721250921875 0.6934127546875 0.5615116953125 0.7124402921875 0.5534869687499999 0.7122880125 0.543815459375 0.7081100421875 0.5257474125 0.7014909234375 0.5069822312500001 0.68734566875 0.5164012109375 0.66300266875 0.525392628125 0.643438546875 0.5375087265625 0.6438465124999999 0.5551213140625 0.647439021875 0.5658787984375 0.6505983609375 0.5789972265625
0 0.7426396984375 0.5588322578125 0.705488284375 0.5630373343749999 0.71442385625 0.56651503125 0.7079752453125 0.5651364171875 0.6933939703124999 0.574166634375 0.6961995640625 0.592791675 0.7007547625 0.6149255765625 0.7188352671875 0.6129130984375 0.738687228125 0.619508253125 0.7624571390625 0.6151854015625 0.792653809375 0.6071423921875 0.8213757796875001 0.60191894375 0.8170517921875 0.5759159328125001 0.811484321875 0.54886338125 0.792666475 0.55228564375 0.7701400515625 0.5576580359375 0.7426396984375 0.5588322578125
0 0.6566750421875 0.5783463453125 0.6463941656250001 0.5802160515625 0.632622321875 0.58378 0.619261715625 0.587269159375 0.6055677375 0.5849924234375 0.5983159453125 0.59743461875 0.5995859484375 0.6056786140625 0.6026331953125 0.6204852828125 0.6087147921875 0.6230870625 0.6197221359375 0.6226742984375 0.63452660625 0.6199819171875001 0.6471879656249999 0.6213870874999999 0.6631210640625 0.6179597734375 0.689842271875 0.61098144375 0.6955904875 0.6078173296875 0.6923512374999999 0.596223675 0.6905558468749999 0.585426809375 0.6869144359375 0.576025040625 0.669423334375 0.5760279125000001 0.6566750421875 0.5783463453125
0 0.5868345078125 0.535430190625 0.58389615625 0.5460285625 0.5853672421875 0.553176603125 0.5865593859375 0.5672612625 0.590525096875 0.5803118296875 0.5992933265625 0.5856031078124999 0.6135905375 0.584592040625 0.6315797843750001 0.5807907828125 0.6454476140625001 0.5756203296875 0.643643153125 0.562706396875 0.6412172968750001 0.5488460984375 0.6368403515625001 0.5358703140625 0.630749690625 0.531151459375 0.615735084375 0.5328226796875 0.6029868140625 0.5351411140625 0.5868345078125 0.535430190625
0 0.59724911875 0.4927505 0.5853233140625 0.49491935624999994 0.5791547921875 0.49604117499999995 0.5815624953125 0.5056672984375 0.5848108171875 0.5193780203125 0.5875518984375 0.534770040625 0.595155203125 0.5323279171874999 0.6163292546875 0.5274177828125 0.6362968171875 0.5290832734375 0.654601296875 0.526813746875 0.6548530125 0.513525871875 0.6533637796875 0.5021436546875 0.6508237796875 0.48565570156250004 0.6371479578125 0.487613134375 0.6224485890625 0.4908160828125 0.6096912375 0.4910174328125 0.59724911875 0.4927505
0 0.7006622874999999 0.3394638921875 0.6848970296875 0.35163729843749997 0.6706973265625 0.3600361234375 0.6566030515625 0.36667085 0.6574306734375 0.375244984375 0.660536096875 0.388058025 0.666150096875 0.4062312828125 0.66536233125 0.40695619531249994 0.6729137578125 0.402674659375 0.6836262078125 0.39781825312499997 0.6999783609375 0.390772896875 0.71248714375 0.3832632375 0.752617521875 0.3620055828125 0.770901321875 0.357517159375 0.770399928125 0.34597547500000003 0.7664868046875 0.32923782031250004 0.7617859234375 0.3132250671875 0.753301453125 0.310696571875 0.7406573562500001 0.31299605625 0.727360809375 0.32123062812500003 0.7127095375 0.32971158749999996 0.7006622874999999 0.3394638921875
0 0.5028901984374999 0.5198889234374999 0.47816785156249997 0.53086885 0.469190403125 0.5422272984375 0.46144365625 0.5468780671875 0.4650880296875 0.5645862265625 0.47517438125 0.56707446875 0.4906863859375 0.562092134375 0.5051450296875 0.5562207171875 0.52088991875 0.5565992468750001 0.541631703125 0.5474238765624999 0.559268940625 0.5485389015625 0.5756199328125 0.543403984375 0.57388641875 0.530751525 0.568759928125 0.5100709796875 0.54965909375 0.510302778125 0.5240607374999999 0.512796871875 0.5028901984374999 0.5198889234374999
0 0.5222967453125 0.5582390515625 0.5057619875 0.564953540625 0.491727271875 0.566888015625 0.47253811875 0.5703778046875 0.4709172921875 0.5842665203124999 0.4720205046875 0.589627046875 0.47699329218750003 0.601698721875 0.49006855156249995 0.5999387265625 0.5047055671875 0.5985126234375 0.5235375671875 0.595705690625 0.539848346875 0.592739371875 0.5605886734375 0.58711376875 0.582890771875 0.581822040625 0.58068435625 0.5711009890625001 0.576271525 0.5496588765625 0.5627271265625 0.5539758140625 0.55073390625 0.556156928125 0.537893225 0.5566384484375 0.5222967453125 0.5582390515625
0 0.507704559375 0.6373946390625 0.5330385843750001 0.6363129125 0.5608363890625 0.6242063765625 0.586616546875 0.620693128125 0.583352703125 0.6048339890625 0.577544546875 0.5812112171875 0.5599960640625 0.58792820625 0.5269368937500001 0.597466 0.5077564999999999 0.596253428125 0.4772013765625 0.6041606390625 0.48277640312500003 0.62665061875 0.48557397812499997 0.640244165625 0.507704559375 0.6373946390625
0 0.5525527796875 0.66214385 0.5780998015625001 0.6574978046875 0.5958612750000001 0.6472165046875 0.5879951984375 0.62279279375 0.5528781140625 0.6315296546875 0.5321261859375 0.6364788406249999 0.5033757249999999 0.6393570828125 0.4858272453125 0.646074071875 0.4900437453125 0.6711615046875 0.505108309375 0.6707722109375001 0.529063678125 0.6675908296874999 0.5525527796875 0.66214385
0 0.5702083390625 0.46737644375 0.5730059187500001 0.480969984375 0.5771821562499999 0.496663190625 0.591547321875 0.49287551562500004 0.61070759375 0.48939098437500006 0.6273436734375 0.48283992343750004 0.6231473046875 0.46244960312499994 0.614388965625 0.44288893749999997 0.592491521875 0.446871253125 0.570360940625 0.4497207828125 0.5662451015625 0.4481189125 0.5674107578124999 0.45378289218749995 0.5702083390625 0.46737644375
0 1 0.5990568859375001 0.9718681265625 0.60233885625 0.9703570046875001 0.622591959375 0.9750196359375 0.645247865625 0.9916758515625 0.6433939234375 1 0.641880071875 1 0.5990568859375001
0 0.5974996140625 0.44361008281250003 0.62646308125 0.437167525 0.6492527921875 0.42832216562500003 0.6576169328125 0.409173134375 0.6554784828125 0.38958375312500004 0.6481189406250001 0.37681985625 0.6307834578125 0.37997253125 0.60319864375 0.388514746875 0.5751677125 0.3994884890625 0.558592025 0.42013089218750005 0.5644001828125 0.44375366562499996 0.5771938265625 0.446127753125 0.5974996140625 0.44361008281250003
0 0.6775639625000001 0.664568165625 0.7134281437500001 0.65617896875 0.7395170046875 0.65143438125 0.7920970421875 0.651206309375 0.8319710078125 0.647688428125 0.8241618687500001 0.6024373453125 0.7922435078125 0.600774690625 0.7462656359375 0.6184705921875 0.71650535625 0.6126817625000001 0.669416465625 0.624979159375 0.66149284375 0.6376212781249999 0.664085225 0.650217778125 0.6775639625000001 0.664568165625
0 0.8158310671875 0.5515198765625 0.821391084375 0.5764632265625 0.8235977078125 0.5871852890625 0.8270652546875 0.6040342421875 0.8368388859375001 0.6038458453125 0.8644006859375001 0.6009521234374999 0.8913410890625 0.597112040625 0.9153937843750001 0.591678396875 0.9170893515625 0.5791873046875 0.9132014953125 0.560296046875 0.9110545765625 0.539499134375 0.8826703140625 0.5425424328124999 0.8690995671874999 0.5450104375 0.8449327249999999 0.547816428125 0.8292967328125 0.5485412937499999 0.8158310671875 0.5515198765625
0 0.6032776734375 0.6505611953125 0.605169071875 0.65975155625 0.6129825515625 0.6583305828125 0.6256348609375 0.6576186546875 0.6463198765625 0.658624 0.6609232875 0.65702755625 0.6618054625 0.646803103125 0.6586531359375 0.6314858250000001 0.65233415625 0.6215116187499999 0.6323756015625001 0.621963221875 0.6170548015625 0.6242198046875 0.602967703125 0.6262520359375 0.60003841875 0.6389675312499999 0.6032776734375 0.6505611953125