0 0.4612074296875 0.0287307921875 0.38913138593749996 0.0703487875 0.32948224531250003 0.13606140312499998 0.3096777109375 0.1537731125 0.3033857484375 0.30910463906249996 0.3555787453125 0.31786631875000004 0.49103199999999997 0.2565345390625 0.5593799734375 0.2258686515625 0.7259004906250001 0.30253337343750003 0.734599321875 0.1338709828125 0.5829090375 0.0203301 0.4612074296875 0.0287307921875
0 0.701032721875 0.4960256453125 0.742398990625 0.45794833125 0.7410201140625 0.33480468124999996 0.7221754796875001 0.303208615625 0.561766278125 0.2270539875 0.45743135312499994 0.2732328578125 0.3599908046875 0.31860156875 0.34022691875 0.32589297031250003 0.3373065671875 0.3228225203125 0.32276116093749996 0.3380453015625 0.28874889531250003 0.38746479218749996 0.2873700203125 0.46037879843749996 0.327817040625 0.4960256453125 0.40135707343749993 0.48468346718750005 0.4482388484375 0.47496159687499995 0.5029342484375 0.457138178125 0.59210154375 0.449846775 0.66748008125 0.4765819109375 0.701032721875 0.4960256453125
0 0.71941773125 0.683261059375 0.7350449859375 0.663817325 0.7396412375 0.5787509875 0.74745486875 0.52852134375 0.6477161953125 0.46451905312499997 0.5406235171875 0.44507531875 0.4748971109375 0.46532920781250003 0.35033867500000004 0.49611511875 0.302997278125 0.5568767875 0.303456903125 0.5568767875 0.3039165265625 0.6314111 0.33838841875000003 0.65571576875 0.4730586109375 0.6516649937500001 0.5590085265625 0.663817325 0.661504953125 0.67029856875 0.71941773125 0.683261059375
0 0.7253928593750001 0.7902910765625 0.7396412375 0.72223800625 0.7148214765625001 0.676869290625 0.5493563953125 0.6558052484375 0.33196960781249996 0.6566966625 0.331494040625 0.656615403125 0.308512778125 0.6647169578125001 0.28828926875 0.7497832953125 0.31264940625 0.8259379171875001 0.5456793953125 0.84376134375 0.6968960937500001 0.8259379171875001 0.7253928593750001 0.7902910765625
0 0.657368325 1 0.7189581046875 0.954797396875 0.72125623125 0.85838888125 0.7033308453125 0.8227420359375 0.5966977953125 0.84218576875 0.507990128125 0.8446162359375 0.382052815625 0.833274059375 0.3117301578125 0.8227420359375 0.3103643859375 0.8252951890625001 0.2735812625 0.8778326156249999 0.2763390140625 0.9167200828125001 0.307133903125 0.9693801953125 0.4224998359375 0.9944950234375 0.526375134375 1 0.657368325 1
0 0.7447672546875 0.079570940625 0.7405932015625 0.1402865625 0.7410528249999999 0.24155601249999997 0.80356185625 0.27153176874999996 0.8357356203125 0.286924721875 0.850443628125 0.2642403671875 0.8486051281250001 0.15000843125000002 0.7456490765625 0.07952489375 0.7447672546875 0.079570940625
0 0.7557608328125001 0.23993569843749998 0.7548803390625001 0.24168491093750002 0.7327795703125 0.294216125 0.7442702015625 0.4157394609375 0.795748228125 0.4432847515625 0.8435492515625 0.46191833125 0.8803192687499999 0.42708163906249996 0.874344140625 0.30393799375 0.810456234375 0.27153176874999996 0.7557608328125001 0.23993569843749998
0 0.750245328125 0.41987971562500004 0.7479850531250001 0.4175785625 0.7318603218749999 0.47334998749999996 0.722667815625 0.5049460531250001 0.7456490765625 0.57461943125 0.8509032546874999 0.6013545687499999 0.8711267656249999 0.5843413015625 0.8766422687500001 0.4790210765625 0.8375741234375 0.46281796406250003 0.750245328125 0.41987971562500004
0 0.8628535093749999 0.7343095625 0.8632981078125 0.6111704671875 0.742398853125 0.5753795203125 0.7300218187499999 0.672737734375 0.737375825 0.76428531875 0.850443628125 0.7529431421874999 0.8628535093749999 0.7343095625
0 0.7341944859375 0.7563967515625001 0.71210150625 0.825923834375 0.7245113859375001 0.9166612609375001 0.753927403125 0.9158511062500001 0.8127594296874999 0.8964073734375001 0.8532064500000001 0.8526589703124999 0.84952945 0.7513895203125001 0.7337038921875 0.7586809234375 0.7341944859375 0.7563967515625001
0 0.721753634375 0.915895846875 0.7227023484374999 0.9168895796875001 0.719915134375 0.948302065625 0.6987723765625 0.9766575140624999 0.7083187140625 1 0.8614797046874999 0.9993418703125 0.8532064500000001 0.9329091125 0.811380553125 0.8899708640625 0.7603621546875 0.9077942906249999 0.721753634375 0.915895846875
0 0.8831003765625001 0.8834945921875 0.831622353125 0.881064125 0.8601191140625 0.9977265328125 0.92078964375 0.9993468406250001 0.9607770406249999 0.9531679703125 0.9566404125 0.9077992609375001 0.94193240625 0.8713422609375 0.8798830000000001 0.8770133484375 0.8831003765625001 0.8834945921875
0 0.8601191140625 0.7449579875000001 0.858769278125 0.7466699109375 0.8523054859375 0.7587306328125 0.8546036109375 0.8697219468749999 0.8656346171875 0.881064125 0.9465286578125 0.8697219468749999 0.9649136640625 0.825163390625 0.9598577890625 0.7384767390625 0.936416903125 0.7303751828125 0.8601191140625 0.7449579875000001
0 0.9350380265625 0.7375771062500001 0.9667521671875001 0.7116521296875 0.962615540625 0.59985065625 0.8596594906249999 0.6055217453124999 0.8591998656250001 0.6063319046875 0.861038365625 0.736766953125 0.9350380265625 0.7375771062500001
0 0.9557211609375 0.61200299375 0.9649136640625 0.50506245625 0.952545134375 0.4889087046875 0.86839236875 0.45807343125 0.86655386875 0.5966100359375 0.9557211609375 0.61200299375
0 0.8918332546875 0.2797049875 0.8720693687500001 0.2813252953125 0.8720693687500001 0.2845659234375 0.8725598453125001 0.282213403125 0.8752867484375001 0.4425462609375 0.8798830000000001 0.45226812968749996 0.9511249093749999 0.4838641953125 0.9713484187500001 0.473332171875 0.985137175 0.4514579703125 0.983298675 0.3655814796875 0.9612366640625 0.3372260359375 0.8918332546875 0.2797049875
0 0.8504669828125 0.274844053125 0.8518458593749999 0.2756542078125 0.8886158796875 0.2813252953125 0.9630751640625 0.3412768109375 0.967671415625 0.22542456249999998 0.9028642625 0.1500800953125 0.846330359375 0.135497290625 0.8504669828125 0.274844053125
0 1 0.9216166453125 0.962615540625 0.9386299109375 0.939634278125 0.9888595562500001 0.9433112781249999 0.9953407984375 1 1 1 0.9216166453125
0 0.9460690296875001 0.8640955968749999 0.9621559124999999 0.9499720890625 0.9993855578125 0.9321486625000001 0.9993855578125 0.8292589046875 0.99805400625 0.830158603125 0.96813104375 0.83087921875 0.9460690296875001 0.8640955968749999
0 0.9984663046875 0.8341198406249999 0.9984663046875 0.7069254078125 0.9515845328125 0.7263691484375 0.9580192890625 0.7616109109375 0.9653732921874999 0.8324995265625 0.9984663046875 0.8341198406249999
0 0.9613539937500001 0.611192840625 0.9654906203125 0.71732321875 0.9985836375 0.7100318171875 1 0.578786615625 0.9991076078125 0.5805030999999999 0.9664098718749999 0.5690647453125 0.9613539937500001 0.611192840625
0 0.9986261609374999 0.47905892968749997 0.9811178796875 0.44511094062499995 0.95951549375 0.477517165625 0.968707996875 0.57959676875 1 0.5812170828125 0.9986261609374999 0.47905892968749997
0 0.3066448890625 0.1387722421875 0.17840945 0.2294322609375 0.1738131984375 0.3063970421875 0.1885212046875 0.349335284375 0.3066448890625 0.296675171875 0.3066448890625 0.1387722421875
0 0.3103218890625 0.2958650171875 0.2128813421875 0.32989155000000003 0.177949825 0.35419621874999996 0.1770305734375 0.350955596875 0.1802421578125 0.418195609375 0.1807075765625 0.4740992484375 0.2914772546875 0.4570859828125 0.297912009375 0.37039933125 0.3199740203125 0.3355626390625 0.3103218890625 0.2958650171875
0 0.2914714625 0.45802745 0.211496671875 0.4636985390625 0.17563220468750002 0.482316378125 0.173347778125 0.5503851890625 0.17288815468750002 0.5479547218749999 0.1834595328125 0.604665609375 0.30296209375 0.59332343125 0.3034080171875 0.571433490625 0.3034080171875 0.5341663375000001 0.315831596875 0.4766610296875 0.2914714625 0.45802745
0 0.18027336875 0.609683609375 0.169197453125 0.6597851890624999 0.1811477078125 0.7083945265625 0.1930979625 0.7326991890625 0.289159634375 0.737560125 0.30754464375 0.6638359640625 0.296513640625 0.5974032078125 0.180688084375 0.60955554375 0.18027336875 0.609683609375
0 0.1871228359375 0.7401248046875 0.17517258125 0.8000763187500001 0.1866632109375 0.8608379875000001 0.2730727515625 0.872990325 0.3107620203125 0.827621609375 0.287321134375 0.7433654265625 0.28600105 0.741806496875 0.1871228359375 0.7401248046875
0 0.17471295625 0.8746106328125001 0.172874453125 0.945094171875 0.1903402109375 0.993703509375 0.21653884843750001 0.9945136625 0.285482634375 0.9945136625 0.317196775 0.9612972843750001 0.285482634375 0.9369926156249999 0.2767497546875 0.8932442125 0.275830503125 0.8665090765624999 0.183905459375 0.8575973671874999 0.17471295625 0.8746106328125001
0 0.17471295625 0.27811243124999996 0.17701108125 0.22545231875 0.16297481875 0.223813046875 0.15219131875 0.2270726265625 0.059806646875 0.26190931875 0.045558268750000006 0.3072780296875 0.05475077187500001 0.33482331875 0.0703780296875 0.37128032499999997 0.182066959375 0.35588736718749997 0.1930979625 0.3356334796875 0.17471295625 0.27811243124999996
0 0.17333408125 0.3567422609375 0.173837771875 0.3543541125 0.0648625265625 0.3697047515625 0.05291227187500001 0.4223648640625 0.0616451515625 0.45477108906249997 0.07681278124999999 0.4790757515625 0.17930920781249998 0.48150621875 0.1894209625 0.4677335734375 0.171035953125 0.4142633078125 0.17333408125 0.3567422609375
0 0.17471295625 0.482316378125 0.071297278125 0.482316378125 0.0593427375 0.4944674671875 0.0575085234375 0.5479389828125 0.0722165296875 0.5924975390625 0.187582459375 0.5973584734374999 0.1737937046875 0.5738639578125 0.17333408125 0.5357866453125 0.17471295625 0.482316378125
0 0.1715393421875 0.9209424265624999 0.0947434765625 0.8972539828125001 0.056134959375 0.9029250703124999 0.046942453125 0.9377617640624999 0.061650459375 0.9839406265624999 0.0726814671875 0.9977132718749999 0.1774760171875 1 0.172420140625 0.9191281828125 0.1715393421875 0.9209424265624999
0 0.0639485875 0.7919337515625 0.04740208125 0.8381126218749999 0.054756084375 0.8923930468749999 0.0873894734375 0.8956336687500001 0.17425864062500002 0.9215586515625 0.170417871875 0.8895661125000001 0.17016028593750002 0.811515496875 0.0639485875 0.7919337515625
0 0.0592739421875 0.788549265625 0.071474903125 0.7874739703125 0.102587353125 0.795001053125 0.12881941562500002 0.804678728125 0.171522778125 0.81005521875 0.1721578328125 0.80921643125 0.18006344999999999 0.7562903484375 0.1916543625 0.7401608875 0.1757931140625 0.6939230953125 0.1751830671875 0.7025254734375 0.126989271875 0.7057513671875 0.0672045671875 0.685320715625 0.0525634125 0.7003748812499999 0.0592739421875 0.788549265625
0 0.1751830671875 0.6035981125000001 0.1745730203125 0.6025228171875 0.1202787453125 0.5939204375 0.05439355781250001 0.5960710296875 0.047072982812500004 0.6240287640625 0.050123221875 0.6648900656250001 0.0611040875 0.6863960125 0.1745730203125 0.7111278515625 0.1764031640625 0.6380076328125 0.1751830671875 0.6035981125000001