0 0.185415603125 0.15477829062499998 0.267002646875 0.1039876484375 0.36299175 0.1630928890625 0.4309054875 0.2145269140625 0.44915346093749997 0.13910162343750002 0.390678825 0.0882661234375 0.3322041859375 0.0374306296875 0.2690808765625 0.0097423328125 0.25858122968749997 0.0093621796875 0.182655590625 0.08391183906250001 0.185415603125 0.15477829062499998
0 0.15864853125 0.253227209375 0.19183028124999998 0.2288219625 0.2452941546875 0.217484721875 0.286705234375 0.22305606249999999 0.3480355125 0.2505088203125 0.3926173484375 0.2710086109375 0.3980135078125 0.18593195 0.36829228125 0.1722654265625 0.310979603125 0.13917646875 0.2680436265625 0.124672 0.20039719374999998 0.158673753125 0.1633188296875 0.18577738906250002 0.15741340937499998 0.19129388281249998 0.15864853125 0.253227209375
0 0.225231528125 0.3369770984375 0.30251120625 0.3448228703125 0.36761712343749997 0.37251503750000003 0.4234049125 0.39667086406249996 0.43763528906250004 0.326881771875 0.3747801234375 0.2904958890625 0.3225260234375 0.2724550859375 0.25553228125 0.244643203125 0.181181409375 0.25760149375 0.12132821093749999 0.28620645 0.116536940625 0.35659408593749997 0.1780360046875 0.3339844375 0.225231528125 0.3369770984375
0 0.32245575 0.4580156609375 0.373305940625 0.46418554375000004 0.37858111875 0.382046690625 0.3022692546875 0.35069848124999997 0.24691755624999998 0.36191601875 0.14850891718749998 0.3615669015625 0.1460162140625 0.376136221875 0.1280580078125 0.39856130312500004 0.132632675 0.4253606796875 0.23798771875 0.4408776546875 0.32245575 0.4580156609375
0 0.4279795828125 0.42347023437500003 0.3891821828125 0.40039176562499995 0.38158308750000003 0.44703753749999997 0.378122559375 0.48510930312499995 0.4039471703125 0.501474221875 0.4529095359375 0.5075243953124999 0.4799439125 0.49451125312500005 0.48236345625 0.4357551421875 0.4279795828125 0.42347023437500003
0 0.5329716906249999 0.4478006296875 0.563975853125 0.47627588281250005 0.5813769843750001 0.42141523437500006 0.5486059796875 0.3898824625 0.4988445828125 0.3572723328125 0.45060807968749994 0.3335953265625 0.43344890156250004 0.38258037031250003 0.44143628125 0.41843256718750005 0.4728033765625 0.43809440781250003 0.500636778125 0.451641228125 0.5329716906249999 0.4478006296875
0 0.461367484375 0.240166796875 0.40725127343749995 0.20317402499999998 0.40302427031250004 0.248104690625 0.3996847265625 0.2832386546875 0.43824017031249995 0.312192734375 0.47539170625000005 0.32927590156250003 0.4920191625 0.3391666734375 0.5081373578124999 0.269497284375 0.461367484375 0.240166796875
0 0.4447251234375 0.2006758328125 0.4417485046875 0.2269963765625 0.53396196875 0.285862203125 0.5725174125 0.31481628437500003 0.5830931265625 0.24184996875000003 0.5169462296875 0.19347345625 0.45975452343749995 0.157446696875 0.4447251234375 0.2006758328125
0 0.5028966859375 0.3346520671875 0.5157139953125001 0.36128749375 0.5552274125000001 0.3874290796875 0.577286221875 0.3828646421875 0.583481409375 0.32434794375 0.5482176937500001 0.30738448749999997 0.50762844375 0.2748950921875 0.5028966859375 0.3346520671875
0 0.215553365625 0.57200155 0.129318484375 0.5518060250000001 0.1095456234375 0.618298196875 0.13950880625 0.6260891171875 0.18561553125000002 0.655522025 0.233973015625 0.676261221875 0.3533896390625 0.6720515 0.3593906859375 0.5722858203125 0.215553365625 0.57200155
0 0.41650921875 0.564125790625 0.4302810390625 0.597399303125 0.507560721875 0.6052450734375 0.5429454125000001 0.619270715625 0.560709471875 0.5555966421874999 0.483792721875 0.53893745625 0.4393318578125 0.5154998640625 0.41650921875 0.564125790625
0 0.405595928125 0.7372169140625 0.4100496234375 0.7669540921875 0.47849508281249997 0.759512296875 0.527578428125 0.7626246609375 0.539074146875 0.7132805 0.46179446406249997 0.705434734375 0.418495559375 0.6997436796875001 0.405595928125 0.7372169140625
0 0.326622571875 0.7705004203125 0.3912923921875 0.762819215625 0.4019890796875 0.6869150984375 0.268873796875 0.7020380921875 0.1953697578125 0.6944317343749999 0.1273350359375 0.6459355125 0.1250842890625 0.654629228125 0.120776925 0.7132656296875 0.16731975 0.7780719140625 0.212869409375 0.775069259375 0.326622571875 0.7705004203125
0 0 0.6125309624999999 0.0304990984375 0.6073949203125 0.0550407703125 0.6089511046875 0.054168579687499996 0.5382043578125 0.033402546875 0.5368875859375 0 0.5489931171875 0 0.6125309624999999
0 0.1342514765625 0.2689620734375 0.14655341718749998 0.26618596875 0.1467674015625 0.242491734375 0.14756563125 0.20460987031250003 0.12685783281250002 0.20803835781250002 0.10254607499999999 0.20649675312500002 0.10157234062500001 0.230142803125 0.10008230625 0.24782917968749998 0.10356965468749998 0.2741288890625 0.112072884375 0.2711119015625 0.1342514765625 0.2689620734375
0 0.059380098437499994 0.44083760468750005 0.07596761875 0.4264793390625 0.07650317031250001 0.41347401250000004 0.0772040234375 0.377956753125 0.049220365625 0.3915923828125 0.0251814796875 0.40192198125 0.019649296875 0.42527898750000004 0.0211495359375 0.44434035781250003 0.0266432375 0.4589133890625 0.0407080984375 0.45032211718750004 0.059380098437499994 0.44083760468750005
0 0.0716015796875 0.2365400921875 0.08201378125 0.22416104374999998 0.0909065 0.21168563593749998 0.08224701250000001 0.181501790625 0.066127115625 0.20300204375000003 0.045448765625 0.224213234375 0.045302706250000005 0.22776014843749998 0.046802953125000005 0.24682151874999997 0.048692690625 0.25642446875 0.061900428125 0.2501496296875 0.0716015796875 0.2365400921875
0 0.40538647968749997 0.60249605 0.3675922109375 0.5851173453125 0.3626509875 0.638311784375 0.3687718484375 0.6900673515625 0.4058976078125 0.6902811796874999 0.44833463125 0.6951124203125 0.4618233734375 0.668143696875 0.4638452375 0.619044765625 0.40538647968749997 0.60249605
0 0.53210063125 0.6982836906250001 0.5513933453125001 0.697366734375 0.5555434046875 0.6633849203125 0.5446918843749999 0.6263115499999999 0.5025185750000001 0.6150761046875 0.4695081390625 0.6151232281250001 0.473535546875 0.6175189140625 0.46217500468750006 0.659604759375 0.4731144328125 0.6945433890625 0.50466519375 0.6965440187499999 0.53210063125 0.6982836906250001
0 0.685130575 0.38292054375 0.688797940625 0.34040378437499996 0.6668800828125 0.314159734375 0.6405835953125 0.285649690625 0.6126044171875 0.2669746484375 0.5848379484375 0.27416150625 0.58446286875 0.329811240625 0.624090865625 0.32934153125 0.6406823734375 0.3453061484375 0.66559813125 0.3608044265625 0.685130575 0.38292054375
0 0.75158588125 0.39807033281250004 0.73706925 0.3782606046875 0.7218337734375 0.3603936421875 0.69823321875 0.34398458593750003 0.692588778125 0.3724576046875 0.6873526546875001 0.391014803125 0.7079306109375 0.40325551875 0.7266378453125 0.4143834328125 0.7462927890625 0.433524809375 0.75158588125 0.39807033281250004
0 0.6244194765625 0.47649950625 0.650487103125 0.4950533390625 0.6700356859375 0.501263759375 0.6788821984375 0.45708706718750003 0.6560004953125 0.438735259375 0.6296470359375 0.42712249375000005 0.604257428125 0.40761748750000004 0.5832303140625 0.40628416093749997 0.577855559375 0.44372180937500005 0.576075059375 0.4714456546875 0.6009252859374999 0.4730214078125 0.6244194765625 0.47649950625
0 0.722563134375 0.5443613093749999 0.7408373453125 0.5504909265625 0.74785396875 0.5042098640625 0.7291059015625 0.494073525 0.7125552140625 0.47711732656250005 0.688194984375 0.4636426109375 0.682321678125 0.48215941406249996 0.681072 0.49699272812500006 0.6826815953125001 0.5199606906249999 0.6995589359375 0.528984234375 0.722563134375 0.5443613093749999
0 0.5635697421875 0.5889589078124999 0.556177075 0.6133443890625 0.5613400828125 0.6275901484374999 0.5848342734374999 0.631068253125 0.6065802421875001 0.6304588140625 0.63402004375 0.6312045984375 0.6613373453125 0.6349251234375 0.6671289875 0.6183914875000001 0.6639591984375001 0.602283771875 0.6642611671875 0.5794370125 0.6416083218749999 0.5710414140625 0.6226152578125 0.56685455625 0.5889669359374999 0.5617384140625 0.568822 0.5544960062500001 0.5635697421875 0.5889589078124999
0 0.54324729375 0.7566791359375 0.552723409375 0.7592683578125 0.5751720875 0.7726218640625 0.595602853125 0.772923203125 0.6183943328125 0.7624383640625 0.6376323921875 0.760675746875 0.6536436906249999 0.7597026734375001 0.6516172140625 0.715830703125 0.6274450046875 0.7133037718749999 0.6045471625000001 0.7108576609374999 0.583912234375 0.715514221875 0.55803263125 0.7079081859375 0.5434675953125 0.73581554375 0.54324729375 0.7566791359375
0 0.693302971875 0.649876271875 0.7116588484374999 0.654022721875 0.7279398406250001 0.662014284375 0.730913046875 0.6363544078125 0.7315825078125 0.6045834203125 0.7088888328125 0.5971793953125 0.6914559687499999 0.586132284375 0.6722179125000001 0.5878949078125 0.6675373140625 0.6084756859375 0.6689997109375 0.6195042843749999 0.676303134375 0.64382746875 0.693302971875 0.649876271875
0 0.6885569203124999 0.7067668703125001 0.6909671078125 0.7033869328125 0.69494513125 0.6895081171874999 0.698516103125 0.6579396546875 0.6754617859375001 0.6487449625 0.6518042625 0.6492331859375 0.6484141703125 0.6539890671874999 0.644003265625 0.68353446875 0.6456536859375 0.7055108578125 0.684603659375 0.7059923265625 0.6885569203124999 0.7067668703125001
0 0.012553309374999998 0.084515025 0.00220144375 0.0811376359375 0.00042239218749999996 0.1243401609375 0.028698071874999998 0.13607855625 0.053420564062499995 0.151860525 0.08637080625 0.165005475 0.0910292625 0.1258166546875 0.0520055046875 0.1122865796875 0.012553309374999998 0.084515025
0 0 0.17484792656249998 0.0208082546875 0.1798005921875 0.04850263125 0.1973503640625 0.05619784531250001 0.15835411093750001 0.026154618750000004 0.148552221875 0.0001909921875 0.12995945625 0 0.13459750625 0 0.17484792656249998
0 0 0.2220079625 0.0067800562499999995 0.224712753125 0.028660389062500003 0.2355763953125 0.029204968749999997 0.1977060734375 0 0.186347296875 0 0.2220079625
0 0 0.366532796875 0.0191764125 0.3667855984375 0.0182736859375 0.3340185671875 0 0.3292671171875 0 0.366532796875
0 0 0.695437296875 0.020841175 0.6894745859375 0 0.6703333578125 0 0.695437296875
0 0 0.320493771875 0.0229996671875 0.3292224140625 0.0332059953125 0.292638525 0 0.2789978140625 0 0.320493771875
0 0.0406141390625 0.007105937499999999 0.025964837499999997 0.0009400796875000001 0.0055343921875 0.0002003765625 0.004145075 0.0339385796875 0.0228152859375 0.043208389062500005 0.056898396875 0.0606004875 0.0712347890625 0.029355443749999998 0.0406141390625 0.007105937499999999
0 0.0495469875 0.0017938953125 0.0470525125 0.0092065125 0.092719190625 0.035794734375 0.11637288125 0.0423715734375 0.1187781703125 0.01036998125 0.1082660046875 0.0039198765625 0.0495469875 0.0017938953125
0 0.0705122453125 0.07330999375 0.104873384375 0.0839504328125 0.12391046406249999 0.0970038203125 0.1493859125 0.112157790625 0.1711758140625 0.0847700125 0.112910425 0.0472289875 0.0797034359375 0.0349694078125 0.0705122453125 0.07330999375
0 0.1881260125 0.0164596359375 0.1761842109375 0.0063789203124999996 0.103130825 0.0037339499999999998 0.11538521406249999 0.013539481249999999 0.13571546406249999 0.0215979078125 0.1581454953125 0.031481796875 0.18239728125000002 0.0499428140625 0.1881260125 0.0164596359375
0 0.6155914484375 0.3312598140625 0.5904360640624999 0.3347416734375 0.5801602296875 0.3730134875 0.5844713453125 0.40036399375 0.6167326984375 0.40917896249999997 0.6553629125 0.42178243281250005 0.6679195874999999 0.407347753125 0.6750109921874999 0.367181696875 0.6155914484375 0.3312598140625
0 0.144677309375 0.543401196875 0.19943820625 0.5604121484375 0.23659419843750001 0.5559989203125 0.3049269046875 0.5603318890625 0.3601743484375 0.56552744375 0.4064665953125 0.5769244265625 0.413585471875 0.50968298125 0.370018575 0.48492022187500006 0.31172571875 0.47445460468749995 0.25850855156249997 0.47277243281250003 0.210394546875 0.45279831406250004 0.1517541515625 0.450772259375 0.144245703125 0.501065790625 0.144677309375 0.543401196875
0 0.053243646874999995 0.254985709375 0.03491620625 0.2775160796875 0.0302721234375 0.311068025 0.038991325 0.33700573437500003 0.059905103125000005 0.3044854375 0.0789696546875 0.2904634265625 0.09667152343749999 0.28312429687499996 0.09035760781249999 0.22518499374999998 0.053243646874999995 0.254985709375
0 0.564506528125 0.700331253125 0.5891753578125 0.708664790625 0.602121603125 0.71117803125 0.6185998171875 0.70714594375 0.6349390125000001 0.7064896859375 0.64084879375 0.6950181734374999 0.6473841421875 0.6683554375 0.6452423171875 0.64114248125 0.6268033375 0.639973265625 0.6070711828124999 0.64379901875 0.5822633374999999 0.6388413093749999 0.557775559375 0.6525194437499999 0.5544246421875 0.6810764203125 0.564506528125 0.700331253125
0 0.1848042265625 0.14994240781249998 0.187654028125 0.0807379328125 0.14022219375 0.12342296875 0.10650118593749999 0.150054190625 0.11113236562499999 0.1960405375 0.15916229375 0.16523967343749998 0.1848042265625 0.14994240781249998
0 0.7365860125 0.5962550671875 0.7372979015625 0.57896753125 0.7369700875 0.5598807781249999 0.7278478734375 0.5515026359374999 0.7192811031249999 0.543159703125 0.706612646875 0.53975649375 0.704163234375 0.5586671421875 0.700674115625 0.5757785796875 0.706107721875 0.5925891796875 0.7241882421875 0.5998021046875001 0.7365860125 0.5962550671875
0 0.48128885312499997 0.5043253328125 0.478751853125 0.514908271875 0.4938059953125 0.5279957343749999 0.514699340625 0.5345203828125 0.5361481312499999 0.541080253125 0.5467015875000001 0.54174944375 0.554726984375 0.5361918953125 0.563307821875 0.5306695625 0.5674947578125 0.5101358328125001 0.5670957578125 0.49277784531249996 0.5558941421875 0.48080130312499997 0.5461808890625 0.473252309375 0.5316110046875 0.46192882031250004 0.5173829999999999 0.45582682031250005 0.500164203125 0.45473498125 0.48540228125 0.46159863593750006 0.48741049218750004 0.46692579062500006 0.48128885312499997 0.5043253328125
0 0.7197538453125001 0.76158155625 0.7192480640625 0.746816703125 0.7226444640625 0.7184331296875001 0.7056748296875 0.7112906546875 0.6862342499999999 0.7100579265625 0.6666868890625001 0.7114183328125 0.663432865625 0.7363443953125001 0.6651422546875 0.7624518203124999 0.67895719375 0.7650610921875 0.6997934203125 0.759449234375 0.7197538453125001 0.76158155625
0 0 0.2729201859375 0.00402054375 0.2745380734375 0.031664015625 0.2839893203125 0.0455274015625 0.2476595859375 0.0229760875 0.23468204374999999 0 0.22671592031249999 0 0.2729201859375
0 0.072159825 0.3417288265625 0.07182281406249999 0.3699348265625 0.1008683015625 0.365361284375 0.114183884375 0.3623564328125 0.11615453906249999 0.2944790984375 0.08936528125 0.30432795 0.0743523171875 0.30850823437499997 0.072159825 0.3417288265625
0 0.0650540984375 0.3541088765625 0.059075865625 0.31908711093750003 0.0432197296875 0.3437429328125 0.0320022890625 0.355862259375 0.0317914953125 0.36098113593750003 0.028533999999999997 0.3800205125 0.031907940625 0.3981973265625 0.045855896875 0.3798358328125 0.0649805796875 0.375916271875 0.0650540984375 0.3541088765625
0 0.6542129875 0.5634340375 0.661521909375 0.5401767093750001 0.6579967703125 0.5023952656249999 0.63044903125 0.4927415375 0.6040058578124999 0.48711131406249997 0.57192663125 0.49496083906250005 0.56911711875 0.5323405984375 0.5787654328125 0.544812796875 0.6075800984375 0.5545468578125 0.6303036703125 0.55796448125 0.6542129875 0.5634340375
0 0.7198243328125 0.4192959015625 0.713916471875 0.47697875312500004 0.74943238125 0.49689464218749996 0.7516088578125 0.44404116718750003 0.7198243328125 0.4192959015625
0 0.6760025515625 0.3774235796875 0.668788059375 0.442322271875 0.71654430625 0.46831346875 0.720070971875 0.41024645625 0.6760025515625 0.3774235796875
0 0.6627407109375001 0.5093424015625 0.6588166984375 0.5741687093750001 0.702840809375 0.58049304375 0.7061498296875001 0.5277113765625 0.6627407109375001 0.5093424015625
0 0.7006360953125 0.6616068578125 0.6988949125 0.7038896359375 0.7212555953125 0.71237305 0.7350637703125 0.707949475 0.731214778125 0.6635458453124999 0.7006360953125 0.6616068578125
0 0.135206515625 0.6328185921875 0.07549959843750001 0.6223248578125 0.0654119125 0.7008146234375 0.1189759796875 0.7236413265625 0.135206515625 0.6328185921875
0 0.116545840625 0.534484259375 0.0534399125 0.5237253203125001 0.0442685046875 0.60762201875 0.11058075 0.6241915437500001 0.116545840625 0.534484259375