0 0.222672065625 0 0.12348178125 0.06782420156249999 0.1295546578125 0.11123168593749999 0.226720646875 0.06511123125 0.222672065625 0
0 0.7186234812500001 0.5561584374999999 0.6093117421875001 0.5887140515625 0.6214574890625 0.64839935 0.7226720656250001 0.6077048296875 0.7186234812500001 0.5561584374999999
0 0.7024291500000001 0.6185567015625 0.61133603125 0.6646771546875 0.6255060734375 0.7135105828125 0.706477734375 0.6673901234375 0.7024291500000001 0.6185567015625
0 0.7024291500000001 0.6782419953125001 0.6032388656250001 0.7297883859375001 0.615384615625 0.784047746875 0.7125506078125 0.724362453125 0.7024291500000001 0.6782419953125001
0 0.6923076921875 0.748779165625 0.6052631578125001 0.784047746875 0.6174089078125 0.8410200765625 0.7044534421875001 0.7921866546875 0.6923076921875 0.748779165625
0 0.7004048578125001 0.8057514890625 0.57894736875 0.8600108499999999 0.5931174078125 0.9169831796875 0.6842105265625 0.8627238203125 0.7004048578125001 0.8057514890625
0 0.8097166 0.105805753125 0.7206477734375001 0.0488334234375 0.7085020234375 0.1220835625 0.81376518125 0.15735214375 0.8097166 0.105805753125
0 0.8157894734375001 0.1763429171875 0.738866396875 0.138361365625 0.7408906890625 0.2116115046875 0.8157894734375001 0.227889309375 0.8157894734375001 0.1763429171875
0 0.8097166 0.2387411796875 0.7469635609374999 0.23602821718749997 0.7327935234375 0.2957135109375 0.7975708499999999 0.30927835 0.8097166 0.2387411796875
0 0.7854251 0.48562126875 0.7226720656250001 0.4964731390625 0.734817815625 0.5561584374999999 0.7813765187499999 0.5453065671874999 0.7854251 0.48562126875
0 0.7672064765625 0.6104177984375 0.7145749 0.64026044375 0.7145749 0.689093871875 0.773279353125 0.6701030921875 0.7672064765625 0.6104177984375
0 0.7793522265624999 0.55344546875 0.7287449390625 0.569723278125 0.7327935234375 0.61584373125 0.7793522265624999 0.6104177984375 0.7793522265624999 0.55344546875
0 0.8562753031250001 0.64026044375 0.793522265625 0.64568638125 0.7955465578124999 0.70808464375 0.8522267187500001 0.70265870625 0.8562753031250001 0.64026044375
0 0.8259109312499999 0.7704829078125 0.7550607265625 0.8084644593749999 0.765182184375 0.8572978812500001 0.8279352234375 0.8057514890625 0.8259109312499999 0.7704829078125
0 0.8684210531250001 0.4367878453125 0.7995951421874999 0.4069451953125 0.8016194343749999 0.463917525 0.8562753031250001 0.480195334375 0.8684210531250001 0.4367878453125
0 0.8947368421874999 0.29842647968749997 0.82186235 0.21432446875000002 0.8076923078125 0.2523060203125 0.8704453421875 0.325556159375 0.8947368421874999 0.29842647968749997
0 0.9068825921875 0.138361365625 0.83805668125 0.073250134375 0.8279352234375 0.138361365625 0.8906882578124999 0.1790558859375 0.9068825921875 0.138361365625
0 0.8987854265624999 0.2034725984375 0.8319838031250001 0.141074334375 0.8259109312499999 0.2061855671875 0.8805668000000001 0.24688008749999998 0.8987854265624999 0.2034725984375
0 0.8704453421875 0.34725990156250003 0.817813765625 0.2794357015625 0.7955465578124999 0.339121 0.858299596875 0.3879544234375 0.8704453421875 0.34725990156250003
0 0.8643724687500001 0.48290830468749996 0.7995951421874999 0.480195334375 0.7975708499999999 0.5263157890625 0.846153846875 0.5453065671874999 0.8643724687500001 0.48290830468749996
0 0.8481781390625001 0.5751492109375 0.793522265625 0.58328811875 0.793522265625 0.632121540625 0.85020243125 0.6212696703125 0.8481781390625001 0.5751492109375
0 0.979757084375 0.5751492109375 0.925101215625 0.5914270203124999 0.9271255078125 0.632121540625 0.98380566875 0.6131307625 0.979757084375 0.5751492109375
0 0.9898785421875 0.6266956031250001 0.9291497968750001 0.6538252828125 0.941295546875 0.691806834375 0.9939271265625 0.6673901234375 0.9898785421875 0.6266956031250001
0 0.94534413125 0.5100379796875 0.9068825921875 0.537167659375 0.9190283390625 0.5778621796875 0.9574898765625001 0.5507325 0.94534413125 0.5100379796875
0 0.8906882578124999 0.689093871875 0.8400809734375001 0.718936515625 0.83805668125 0.7596310359375 0.89271255 0.724362453125 0.8906882578124999 0.689093871875
0 0.9106237390624999 0.6102117828125 0.8629854734375 0.6053006234375 0.864817715625 0.649501071875 0.9069592578125001 0.6507288609375 0.9106237390624999 0.6102117828125
0 0.89688193125 0.5525056390625 0.85657263125 0.55005005625 0.8519920265625001 0.5967060875 0.89413356875 0.600389459375 0.89688193125 0.5525056390625
0 0.9500169187499999 0.440776721875 0.9069592578125001 0.43463776875000004 0.9115398578124999 0.47761042812500004 0.9500169187499999 0.48374938125 0.9500169187499999 0.440776721875
0 0.92986226875 0.3400979171875 0.904210896875 0.309403159375 0.8840562468750001 0.3388701234375 0.9197849421875001 0.373248253125 0.92986226875 0.3400979171875
0 0.9179527000000001 0.3867539484375 0.8813078843750001 0.351148025 0.8593209921874999 0.3916651078125 0.8977980499999999 0.4248154484375 0.9179527000000001 0.3867539484375
0 0.8987141734374999 0.7747356859375001 0.8355018609375 0.8127971859375 0.844663065625 0.8533142625 0.9060431343750001 0.8189361343750001 0.8987141734374999 0.7747356859375001
0 0.7493865390625001 0.8312140359375 0.6834258656250001 0.87173111875 0.69533543125 0.9048814593750001 0.7567155 0.8631365875 0.7493865390625001 0.8312140359375
0 0.9645031921875 0.282299190625 0.9072242656249999 0.21791516562500002 0.8961380234374999 0.287251809375 0.94972153125 0.3243964375 0.9645031921875 0.282299190625
0 0.2004048578125 0.412371134375 0.1882591078125 0.4476397171875 0.226720646875 0.463917525 0.261133603125 0.47748236562499996 0.3036437234375 0.49104720625000003 0.3036437234375 0.44492674687499995 0.2408906890625 0.42593597499999997 0.2004048578125 0.412371134375
0 0.534412953125 0.154639175 0.441295546875 0.09495388125000001 0.37044534218749997 0.1627780765625 0.4311740890625 0.24416711875 0.4615384609375 0.30113944843749996 0.5141700421875 0.3038524125 0.570850203125 0.2821486703125 0.63562753125 0.2387411796875 0.62348178125 0.165491046875 0.534412953125 0.154639175
0 0.57894736875 0.3743895828125 0.63562753125 0.34725990156250003 0.63562753125 0.30113944843749996 0.6072874500000001 0.263157896875 0.570850203125 0.2767227375 0.524291496875 0.29300054062499997 0.479757084375 0.317417253125 0.441295546875 0.2848616390625 0.3987854265625 0.2523060203125 0.3481781390625 0.22517634531250003 0.3400809734375 0.2957135109375 0.36437246874999996 0.30113944843749996 0.41497975781249996 0.325556159375 0.4433198390625 0.36625067968749997 0.48785425 0.396093325 0.5222672078125 0.39338035625 0.57894736875 0.3743895828125
0 0.4939271265625 0.48562126875 0.536437246875 0.480195334375 0.5769230765625 0.463917525 0.6133603234375 0.4584915875 0.6174089078125 0.4232230046875 0.6032388656250001 0.382528484375 0.570850203125 0.39338035625 0.536437246875 0.396093325 0.5060728734375 0.4069451953125 0.4615384609375 0.415084103125 0.43319838125 0.385241453125 0.3906882578125 0.34725990156250003 0.35020243125 0.3119913203125 0.32793522343750003 0.34725990156250003 0.35020243125 0.36625067968749997 0.38866396875000003 0.3906673921875 0.425101215625 0.42864894375 0.44534413125 0.4693434640625 0.4898785421875 0.48290830468749996 0.4939271265625 0.48562126875
0 0.5445344109375 0.5453065671874999 0.6032388656250001 0.5398806281249999 0.6072874500000001 0.472056428125 0.536437246875 0.49376017499999997 0.479757084375 0.4991861078125 0.437246965625 0.4693434640625 0.384615384375 0.412371134375 0.33805668125 0.3771025515625 0.32995951562500003 0.43407487656250004 0.368421053125 0.463917525 0.396761134375 0.47748236562499996 0.437246965625 0.52088985625 0.4817813765625 0.567010309375 0.5101214578125 0.55344546875 0.5445344109375 0.5453065671874999
0 0.5971659921875 0.5968529593749999 0.59109311875 0.5425935984375 0.5 0.5778621796875 0.439271253125 0.5724362468749999 0.400809715625 0.5317417265625 0.3663967609375 0.4883342375 0.3360323890625 0.4422137828125 0.3157894734375 0.49104720625000003 0.3603238890625 0.5453065671874999 0.3906882578125 0.5887140515625 0.44534413125 0.6375474796875 0.5 0.6212696703125 0.55263158125 0.6266956031250001 0.5971659921875 0.5968529593749999
0 0.536437246875 0.7107976140625001 0.5890688265625 0.6863809015625 0.5971659921875 0.6131307625 0.532388665625 0.632121540625 0.48785425 0.656538253125 0.44534413125 0.6538252828125 0.3866396765625 0.5941399890625 0.32995951562500003 0.5236028203124999 0.32793522343750003 0.561584371875 0.356275303125 0.5968529593749999 0.384615384375 0.6375474796875 0.40890688124999997 0.67552903125 0.4615384609375 0.73792729375 0.4898785421875 0.7352143250000001 0.536437246875 0.7107976140625001
0 0.5728744921875 0.7759088453125 0.6012145734375001 0.7514921343750001 0.6012145734375001 0.691806834375 0.574898784375 0.70265870625 0.524291496875 0.724362453125 0.4858299578125 0.748779165625 0.425101215625 0.70808464375 0.3785425109375 0.6646771546875 0.32995951562500003 0.5968529593749999 0.3097166 0.64839935 0.356275303125 0.7053716750000001 0.3947368421875 0.73792729375 0.439271253125 0.7921866546875 0.4979757078125 0.813890396875 0.532388665625 0.7948996187499999 0.5728744921875 0.7759088453125
0 0.5890688265625 0.7731958765625 0.5141700421875 0.8084644593749999 0.4574898765625 0.816603365625 0.41497975781249996 0.7921866546875 0.384615384375 0.7270754234375 0.32793522343750003 0.6809549640625 0.32186235 0.718936515625 0.37651821875 0.7867607171875 0.41497975781249996 0.8491589796874999 0.475708503125 0.8844275625 0.5263157890625 0.8654367890625 0.5850202421875 0.8328811703125 0.5890688265625 0.7731958765625
0 0.2955465578125 0.2061855671875 0.2591093109375 0.21432446875000002 0.2206477734375 0.21975040781250002 0.2125506078125 0.2767227375 0.25708501875 0.2821486703125 0.293522265625 0.27400976875 0.32591093125000004 0.2712967984375 0.32995951562500003 0.227889309375 0.32591093125000004 0.2034725984375 0.2955465578125 0.2061855671875
0 0.261133603125 0.2848616390625 0.21457489999999999 0.2794357015625 0.198380565625 0.33369506250000003 0.2246963578125 0.339121 0.26923076875 0.33369506250000003 0.3076923078125 0.34997287187500004 0.3198380578125 0.322843190625 0.3157894734375 0.2848616390625 0.261133603125 0.2848616390625
0 0.2449392734375 0.352685840625 0.210526315625 0.3418339640625 0.1923076921875 0.40423223124999996 0.22874493906249999 0.40965816562499996 0.265182184375 0.40965816562499996 0.2955465578125 0.42864894375 0.3157894734375 0.40965816562499996 0.3157894734375 0.3635377109375 0.2449392734375 0.352685840625
0 0.238866396875 0.4693434640625 0.2004048578125 0.45577862343750003 0.17611336093750002 0.5100379796875 0.2206477734375 0.5290287578124999 0.26923076875 0.58328811875 0.3076923078125 0.5724362468749999 0.31376518125 0.4991861078125 0.26923076875 0.5018990765625 0.238866396875 0.4693434640625
0 0.222672065625 0.5914270203124999 0.18218623437499998 0.5507325 0.1518218609375 0.6022788921875 0.1902834 0.6348345109375 0.2206477734375 0.6673901234375 0.2672064765625 0.70808464375 0.26923076875 0.661964190625 0.2550607265625 0.6348345109375 0.222672065625 0.5914270203124999
0 0.251012146875 0.7053716750000001 0.2085020234375 0.6646771546875 0.1639676109375 0.6375474796875 0.13967611093750001 0.6863809015625 0.17206477656250002 0.7107976140625001 0.2044534421875 0.7460661953125001 0.2530364390625 0.781334778125 0.2914979765625 0.765056975 0.2914979765625 0.70808464375 0.251012146875 0.7053716750000001
0 0.155870446875 0.1030927828125 0.12348178125 0.1166576234375 0.1255060734375 0.168204015625 0.155870446875 0.14921323749999998 0.206477734375 0.1329354328125 0.24291498125 0.1329354328125 0.2449392734375 0.0705371703125 0.210526315625 0.0705371703125 0.155870446875 0.1030927828125
0 0.1639676109375 0.15735214375 0.11943319999999999 0.1763429171875 0.11943319999999999 0.22517634531250003 0.1376518234375 0.21975040781250002 0.17611336093750002 0.20889853593750002 0.2125506078125 0.1899077578125 0.2165991890625 0.154639175 0.198380565625 0.138361365625 0.1639676109375 0.15735214375
0 0.17206477656250002 0.2848616390625 0.14979756875 0.27400976875 0.131578946875 0.2685838296875 0.11740890781249999 0.30113944843749996 0.131578946875 0.320130221875 0.153846153125 0.325556159375 0.1882591078125 0.3309820921875 0.198380565625 0.30927835 0.2004048578125 0.2848616390625 0.17206477656250002 0.2848616390625
0 0.1295546578125 0.325556159375 0.1133603234375 0.3608247421875 0.131578946875 0.37167661406249997 0.155870446875 0.382528484375 0.18623481875 0.39338035625 0.18623481875 0.34454693281250004 0.1578947390625 0.33640803125 0.1295546578125 0.325556159375
0 0.6457489890625 0.078676071875 0.6133603234375 0.0623982625 0.5587044531250001 0.040694520312499996 0.5060728734375 0.0217037421875 0.463562753125 0.046120453125 0.4898785421875 0.1139446546875 0.5425101234375 0.154639175 0.6194332 0.168204015625 0.6720647765625001 0.18176885625 0.7125506078125 0.1953336953125 0.7186234812500001 0.1465002734375 0.6457489890625 0.078676071875
0 0.32591093125000004 0.1275094953125 0.2834008109375 0.1329354328125 0.2550607265625 0.1465002734375 0.21862348125 0.14921323749999998 0.222672065625 0.20889853593750002 0.251012146875 0.2061855671875 0.2854251 0.200759628125 0.3157894734375 0.1899077578125 0.346153846875 0.1899077578125 0.36234817656249996 0.138361365625 0.32591093125000004 0.1275094953125
0 0.4817813765625 1 0.51619433125 0.9929462828125001 0.546558703125 0.976668475 0.5728744921875 0.9631036343750001 0.570850203125 0.8979924015625 0.5101214578125 0.9305480203125001 0.4777327921875 0.9576777015625 0.429149796875 0.9468258296875 0.3825910921875 0.88714053125 0.35020243125 0.843733046875 0.3157894734375 0.7786218140625001 0.2995951421875 0.813890396875 0.33805668125 0.8817145984374999 0.368421053125 0.9305480203125001 0.3947368421875 0.9848073812499999 0.4493927109375 1 0.4817813765625 1
0 0.7287449390625 0.21975040781250002 0.7206477734375001 0.200759628125 0.6902834 0.198046665625 0.6639676109375 0.198046665625 0.6396761109375 0.21432446875000002 0.631578946875 0.2550189890625 0.6518218609375 0.2794357015625 0.67813765 0.2794357015625 0.6983805656250001 0.2767227375 0.7226720656250001 0.27400976875 0.7287449390625 0.2523060203125 0.7287449390625 0.21975040781250002
0 0.668016196875 0.2794357015625 0.641700403125 0.29842647968749997 0.6518218609375 0.352685840625 0.6761133609375001 0.3418339640625 0.706477734375 0.33369506250000003 0.7186234812500001 0.3038524125 0.7186234812500001 0.2712967984375 0.6983805656250001 0.2712967984375 0.668016196875 0.2794357015625
0 0.6882591078125 0.34997287187500004 0.653846153125 0.34997287187500004 0.6194332 0.35539880468749996 0.6174089078125 0.39338035625 0.627530365625 0.4232230046875 0.6518218609375 0.42051003593749997 0.7085020234375 0.4232230046875 0.7145749 0.40151926250000003 0.7186234812500001 0.34997287187500004 0.6882591078125 0.34997287187500004
0 0.7125506078125 0.46120455624999995 0.7287449390625 0.42593597499999997 0.710526315625 0.42593597499999997 0.67813765 0.42593597499999997 0.6578947390625001 0.42051003593749997 0.6336032390625 0.42864894375 0.6194332 0.4395008140625 0.6194332 0.47748236562499996 0.61133603125 0.5046120468749999 0.63562753125 0.5046120468749999 0.6599190265625 0.49104720625000003 0.6882591078125 0.49376017499999997 0.7145749 0.47748236562499996 0.7125506078125 0.46120455624999995
0 0.726720646875 0.3635377109375 0.7287449390625 0.415084103125 0.7469635609374999 0.4367878453125 0.7793522265624999 0.4367878453125 0.793522265625 0.415084103125 0.7955465578124999 0.37167661406249997 0.75708501875 0.3581117734375 0.726720646875 0.3635377109375
0 0.6983805656250001 0.5018990765625 0.6740890687500001 0.5181768859375 0.6376518234375 0.507325015625 0.6214574890625 0.5181768859375 0.6133603234375 0.5778621796875 0.6396761109375 0.5860010875 0.6761133609375001 0.564297340625 0.7125506078125 0.561584371875 0.7165991890625001 0.5398806281249999 0.7165991890625001 0.5018990765625 0.6983805656250001 0.5018990765625
0 0.15877325312499999 0.3993075625 0.1342712109375 0.38879946875 0.11074924687500001 0.3717238203125 0.10486875312499999 0.41769672656249995 0.12839071875000002 0.43083184531249996 0.15191268125 0.445280475 0.17641472656249998 0.45184803125000006 0.17151431875 0.433458865625 0.1871956265625 0.40456160781249995 0.15877325312499999 0.3993075625
0 0.152892765625 0.453161546875 0.126430553125 0.44002642812500004 0.1234903109375 0.467610175 0.1401517 0.4833723140625 0.15191268125 0.4951939171875 0.173474484375 0.512269571875 0.1783748921875 0.4951939171875 0.17641472656249998 0.46629665937500003 0.152892765625 0.453161546875
0 0.1577931734375 0.5490479015624999 0.14113178125 0.5332857578125 0.11956998125 0.5083290359375 0.11368949218749999 0.5345992734375 0.1127094109375 0.555615459375 0.12839071875000002 0.5726911078125 0.1440720265625 0.5910802734375 0.1558330109375 0.588453253125 0.16073341875 0.5674370625 0.1577931734375 0.5490479015624999
0 0.10976916562500001 0.5661235515625 0.08918744687499999 0.5910802734375 0.10486875312499999 0.608155928125 0.12251022656249999 0.6252315765625001 0.1401517 0.6436207421875 0.1577931734375 0.6134099749999999 0.137211453125 0.5871397375 0.10976916562500001 0.5661235515625
0 0.083306953125 0.5385398046875001 0.067625646875 0.518837128125 0.0519443390625 0.5083290359375 0.04410368125 0.5332857578125 0.0578248265625 0.5451073656250001 0.0715459734375 0.562183015625 0.0901675265625 0.577945159375 0.09800818125 0.5648100406250001 0.098988265625 0.5411668296875 0.083306953125 0.5385398046875001
0 0.1038886734375 0.47417773125 0.0686057265625 0.472864221875 0.0539045 0.4623561234375 0.04410368125 0.4951939171875 0.06370531874999999 0.507015525 0.0823268734375 0.5227776656249999 0.09800818125 0.524091175 0.10878908125 0.5017614796875 0.11368949218749999 0.47811826875 0.1038886734375 0.47417773125
0 0.1019285078125 0.4242642890625 0.07938662656249999 0.4242642890625 0.0578248265625 0.42032375312500003 0.045083765625 0.4492210109375 0.06272523906250001 0.45710207656249996 0.0754663 0.47023719531249997 0.09604801874999999 0.472864221875 0.10878908125 0.46366963906249997 0.1127094109375 0.44396696406249997 0.1019285078125 0.4242642890625
0 0.09702809999999999 0.3730373296875 0.077426465625 0.3730373296875 0.06272523906250001 0.376977865625 0.055864665625 0.3979940515625 0.058804907812499994 0.41244267968750004 0.0715459734375 0.41506970625 0.0842870390625 0.413756190625 0.09604801874999999 0.40456160781249995 0.098988265625 0.3822319125 0.09702809999999999 0.3730373296875
0 0.1773948109375 0.7421341234375001 0.1558330109375 0.7289990046875 0.1401517 0.7092963296875 0.1244703921875 0.6961612109375 0.10486875312499999 0.6698909796875 0.08918744687499999 0.70535579375 0.1185899 0.7342530515625 0.1401517 0.7578962625 0.15877325312499999 0.7841665 0.173474484375 0.7723448921875 0.184255384375 0.7539557265625 0.1773948109375 0.7421341234375001
0 0.1401517 0.76840435625 0.11760981875000001 0.75132870625 0.09604801874999999 0.7198044234375 0.0813467921875 0.750015190625 0.1009484265625 0.765777334375 0.1185899 0.781539475 0.137211453125 0.8025556593750001 0.1558330109375 0.8222583406249999 0.164653746875 0.79073405625 0.1401517 0.76840435625
0 0.25286111093749997 0.8406475 0.24306029218749997 0.8235718500000001 0.2195383265625 0.80124215 0.19405619999999998 0.77103138125 0.1891557921875 0.798615128125 0.2087574265625 0.8261988718750001 0.23031922656249998 0.855096128125 0.2479607 0.8905609484375001 0.27932331875 0.8853069015624999 0.27932331875 0.8353934531249999 0.25286111093749997 0.8406475
0 0.029402453125 0.2810915109375 0.006860573437500001 0.2810915109375 0.0039203265625 0.31655632499999997 0.039203273437500005 0.3139292984375 0.06370531874999999 0.30210769531250004 0.0823268734375 0.291599603125 0.08526711875000001 0.2548212734375 0.0597849921875 0.2574482984375 0.029402453125 0.2810915109375
0 0.19405619999999998 0.21804294375 0.173474484375 0.21804294375 0.153872846875 0.2232969953125 0.132311046875 0.22198347968749998 0.1254504734375 0.2679563921875 0.1489724390625 0.2679563921875 0.16367366562500002 0.2692699015625 0.195036284375 0.265329365625 0.207777346875 0.261388834375 0.20679726562499998 0.22198347968749998 0.19405619999999998 0.21804294375
0 0.088207365625 0.7158638859375 0.066645565625 0.690907165625 0.061745153124999994 0.677772046875 0.045083765625 0.6515018140625 0.0323427 0.667263953125 0.03136261875 0.693534190625 0.0431236 0.71192335625 0.0578248265625 0.7368800765625 0.0695858078125 0.7592097734375 0.083306953125 0.74476114375 0.088207365625 0.7158638859375
0 0.3057855265625 0.6383666953125 0.3126461 0.588453253125 0.2803034 0.5871397375 0.2558013578125 0.575318134375 0.2322793921875 0.5477343859375 0.1989566109375 0.5267182015625 0.1891557921875 0.5674370625 0.20679726562499998 0.581885690625 0.23325947343750003 0.6015883718749999 0.250900946875 0.6212910468749999 0.27834323906249997 0.6449342578125 0.30088511875 0.654128834375 0.3057855265625 0.6383666953125