0 0.2636363640625 0.1623376609375 0.1363636359375 0.1677489171875 0.13333333281249998 0.2408008625 0.2712121203125 0.24350649375 0.2636363640625 0.1623376609375
0 0.4 0.10822510781250001 0.28181818281250004 0.1136363625 0.2742424234375 0.197510821875 0.39545454687500003 0.186688309375 0.4 0.10822510781250001
0 0.5318181828124999 0.10822510781250001 0.4166666671875 0.10551948281250001 0.41060605937499994 0.1677489171875 0.5287878796875 0.183982684375 0.5318181828124999 0.10822510781250001
0 0.6803030296875 0.11904761875 0.5621212140625 0.09740259531249999 0.5651515171875 0.178571428125 0.6727272734375 0.18939394062499998 0.6803030296875 0.11904761875
0 0.80606060625 0.064935065625 0.695454546875 0.1136363625 0.70606060625 0.181277053125 0.809090909375 0.14339826718749998 0.80606060625 0.064935065625
0 0.27878787968749996 0.24891775 0.1378787859375 0.25432900625 0.14242424375 0.3409090890625 0.2666666671875 0.3436147203125 0.27878787968749996 0.24891775
0 0.39848485 0.200216453125 0.2803030296875 0.2299783578125 0.2848484828125 0.311147184375 0.40606060624999996 0.2840909109375 0.39848485 0.200216453125
0 0.5348484828125 0.186688309375 0.4242424234375 0.200216453125 0.4166666671875 0.2895021671875 0.540909090625 0.2678571421875 0.5348484828125 0.186688309375
0 0.2772727265625 0.3436147203125 0.146969696875 0.3382034640625 0.15 0.41937229218749994 0.27878787968749996 0.41937229218749994 0.2772727265625 0.3436147203125
0 0.40757575625 0.311147184375 0.290909090625 0.313852815625 0.295454546875 0.40584415468749996 0.40757575625 0.39772727343750003 0.40757575625 0.311147184375
0 0.4227272734375 0.3652597375 0.54242424375 0.37878788124999996 0.54393939375 0.313852815625 0.43181818281249995 0.300324671875 0.4272727265625 0.300324671875 0.4227272734375 0.3652597375
0 0.5651515171875 0.300324671875 0.559090909375 0.300324671875 0.554545453125 0.37878788124999996 0.6818181828125 0.3869047625 0.6863636359374999 0.303030303125 0.5621212140625 0.303030303125 0.5651515171875 0.300324671875
0 0.6803030296875 0.2299783578125 0.5727272734375 0.200216453125 0.5621212140625 0.2759740234375 0.6742424234375 0.297619046875 0.6803030296875 0.2299783578125
0 0.803030303125 0.183982684375 0.689393940625 0.197510821875 0.690909090625 0.2786796546875 0.804545453125 0.2597402625 0.803030303125 0.183982684375
0 0.9287878796875001 0.10822510781250001 0.8242424234374999 0.09740259531249999 0.8257575765625 0.178571428125 0.9257575765625001 0.186688309375 0.9287878796875001 0.10822510781250001
0 0.9363636359375 0.2137445890625 0.8212121203124999 0.200216453125 0.8166666671874999 0.2678571421875 0.9272727265625 0.29220779218750004 0.9363636359375 0.2137445890625
0 0.9136363640624999 0.300324671875 0.8196969703124999 0.29220779218750004 0.809090909375 0.3544372328125 0.9166666671874999 0.36255411249999997 0.9136363640624999 0.300324671875
0 0.546969696875 0.3896103875 0.43181818281249995 0.3869047625 0.4287878796875 0.46266233906250004 0.54242424375 0.4734848515625 0.546969696875 0.3896103875
0 0.6848484828125 0.40854978593749997 0.55757575625 0.39231601718750003 0.553030303125 0.4653679640625 0.6742424234375 0.47889610156250007 0.6848484828125 0.40854978593749997
0 0.796969696875 0.43831169062499997 0.6833333328125 0.443722946875 0.6848484828125 0.5167748921875 0.796969696875 0.5303030296875 0.796969696875 0.43831169062499997
0 0.6712121203125 0.47889610156250007 0.546969696875 0.4680735953125 0.55606060625 0.5438311671875 0.6636363640625 0.5411255421875001 0.6712121203125 0.47889610156250007
0 0.54393939375 0.48160173281249996 0.4287878796875 0.46266233906250004 0.4257575765625 0.5221861484375 0.540909090625 0.546536796875 0.54393939375 0.48160173281249996
0 0.4257575765625 0.6087662328125 0.539393940625 0.61688311875 0.5454545468750001 0.554653678125 0.4287878796875 0.546536796875 0.4287878796875 0.565476190625 0.4257575765625 0.6087662328125
0 0.6606060593749999 0.5519480531250001 0.55757575625 0.5519480531250001 0.55 0.6060606078124999 0.6636363640625 0.625 0.6606060593749999 0.5519480531250001
0 0.7848484828125 0.5140692625 0.6772727265625 0.5221861484375 0.6818181828125 0.5979437203125 0.7848484828125 0.5952380953125 0.7848484828125 0.5140692625
0 0.9151515171875 0.36796536875 0.796969696875 0.373376625 0.7954545468750001 0.446428571875 0.90606060625 0.446428571875 0.9151515171875 0.36796536875
0 0.79242424375 0.6006493515625 0.6727272734375 0.6033549765624999 0.6803030296875 0.6493506484375 0.7878787859374999 0.6574675296875 0.79242424375 0.6006493515625
0 0.54242424375 0.61688311875 0.4287878796875 0.6141774875 0.4303030296875 0.673701296875 0.539393940625 0.679112553125 0.54242424375 0.61688311875
0 0.6757575765625 0.622294375 0.559090909375 0.61688311875 0.559090909375 0.6655844171874999 0.6757575765625 0.670995671875 0.6757575765625 0.622294375
0 0.7818181828124999 0.6628787859374999 0.6787878796875 0.6628787859374999 0.6787878796875 0.7305194828125 0.7863636359374999 0.7251082265625 0.7818181828124999 0.6628787859374999
0 0.6636363640625 0.749458875 0.5803030296875 0.7115800890624999 0.559090909375 0.7683982671875 0.654545453125 0.8116883093749999 0.6636363640625 0.749458875
0 0.3757575765625 0.5898268390625 0.39242424374999996 0.4680735953125 0.1833333328125 0.46266233906250004 0.1196969703125 0.549242421875 0.1242424234375 0.61688311875 0.3757575765625 0.5898268390625
0 0.539393940625 0.7386363625000001 0.445454546875 0.7251082265625 0.43181818281249995 0.7900432921875 0.5272727265625 0.814393940625 0.539393940625 0.7386363625000001
0 0.9106060593749999 0.50865800625 0.79242424375 0.5113636374999999 0.789393940625 0.5817099578125 0.9090909093749999 0.576298703125 0.9106060593749999 0.50865800625
0 0.90757575625 0.6466450234375001 0.80151515 0.63041125625 0.7954545468750001 0.700757578125 0.89393939375 0.7224025953125001 0.90757575625 0.6466450234375001
0 0.7696969703125001 0.7873376609375 0.6651515171875 0.7900432921875 0.6590909093749999 0.8603896125 0.7681818171875 0.8441558453125 0.7696969703125001 0.7873376609375
0 0.89393939375 0.7711038984374999 0.790909090625 0.75757575625 0.790909090625 0.817099565625 0.889393940625 0.8333333328125001 0.89393939375 0.7711038984374999
0 0.7787878796875 0.7224025953125001 0.6772727265625 0.7359307375 0.6742424234375 0.7927489171875 0.7757575765625 0.7792207796875 0.7787878796875 0.7224025953125001
0 0.65 0.8062770531250001 0.55 0.7738095234375 0.5363636359374999 0.8306277078125 0.6378787859374999 0.86850649375 0.65 0.8062770531250001
0 0.8924242437500001 0.8360389578125 0.7954545468750001 0.8306277078125 0.79393939375 0.8874458875 0.89393939375 0.9063852796875 0.8924242437500001 0.8360389578125
0 0.6606060593749999 0.8630952375 0.554545453125 0.8658008625000001 0.554545453125 0.9253246718750001 0.6606060593749999 0.9172077921874999 0.6606060593749999 0.8630952375
0 0.051515149999999996 0.703463203125 0.04848485 0.7846320359375001 0.21969697031250002 0.7900432921875 0.2227272734375 0.7629870125 0.19242424375 0.681818184375 0.2181818171875 0.61688311875 0.1166666671875 0.61688311875 0.051515149999999996 0.703463203125
0 0.396969696875 0.7711038984374999 0.24393939375 0.7656926421875 0.2348484828125 0.8468614703125 0.3878787859375 0.86850649375 0.396969696875 0.7711038984374999
0 0.2166666671875 0.800865803125 0.06363636406249999 0.8062770531250001 0.06818181718750001 0.8847402625 0.2136363640625 0.8712121187499999 0.2166666671875 0.800865803125
0 0.3787878796875 0.8658008625000001 0.23333333281250002 0.8576839828124999 0.24242424375 0.9253246718750001 0.3742424234375 0.9496753281249999 0.3787878796875 0.8658008625000001
0 0.546969696875 0.86850649375 0.4348484828125 0.8712121187499999 0.43787878593749996 0.9415584406249999 0.54393939375 0.9145021671875 0.546969696875 0.86850649375
0 0.7787878796875 0.8522727265625001 0.6712121203125 0.8576839828124999 0.6727272734375 0.928030303125 0.7787878796875 0.9036796546874999 0.7787878796875 0.8522727265625001
0 0.790909090625 0.9794372328125001 0.896969696875 0.9902597375 0.896969696875 0.9117965359375001 0.7954545468750001 0.9145021671875 0.789393940625 0.8955627671874999 0.790909090625 0.9794372328125001
0 0.7833333328125 0.919913421875 0.6757575765625 0.928030303125 0.6803030296875 0.99296536875 0.7848484828125 0.9686147203125 0.7833333328125 0.919913421875
0 0.2272727265625 0.6547619046875 0.2303030296875 0.7359307375 0.3757575765625 0.75487013125 0.4212121203125 0.5844155828125001 0.396969696875 0.5357142859375 0.3636363640625 0.5925324703125 0.240909090625 0.6114718625 0.2272727265625 0.6547619046875
0 0.6621212140625 0.928030303125 0.560606059375 0.938852815625 0.55151515 0.99296536875 0.6621212140625 0.9821428578125 0.6621212140625 0.928030303125
0 0.38030302968749996 0.078463203125 0.3712121203125 0.0162337671875 0.33030302968749997 0 0.1681818171875 0.0324675296875 0.1727272734375 0.1379870125 0.38030302968749996 0.078463203125