0 0.3520408171875 0.071428571875 0.2874149640625 0.04761905 0.219387753125 0.121693121875 0.224489796875 0.18518518281250002 0.2959183671875 0.1349206328125 0.38435374218749996 0.1825396828125 0.44727891093750005 0.224867721875 0.460884353125 0.15608465625 0.4064625859375 0.1137566109375 0.3520408171875 0.071428571875
0 0.4149659859375 0.27777777812500004 0.4166666671875 0.2010582 0.3894557828125 0.1904761890625 0.33673469218749996 0.16402116718749998 0.297619046875 0.15343915625 0.23809523906250002 0.1878306890625 0.2057823140625 0.21428571718749997 0.20068027187499998 0.219576721875 0.2040816328125 0.27513227812499996 0.232993196875 0.25132275000000004 0.28061224687499997 0.23809523906250002 0.3180272109375 0.2407407390625 0.3741496609375 0.2619047609375 0.4149659859375 0.27777777812500004
0 0.4574829921875 0.32539682812500004 0.3996598640625 0.29629629375 0.3520408171875 0.2830687828125 0.290816325 0.2619047609375 0.224489796875 0.27777777812500004 0.1717687078125 0.30687830625 0.170068028125 0.370370371875 0.224489796875 0.34656084374999996 0.267006803125 0.34656084374999996 0.33673469218749996 0.34920635 0.396258503125 0.370370371875 0.44727891093750005 0.3888888890625 0.4574829921875 0.32539682812500004
0 0.4064625859375 0.37830687812499997 0.33673469218749996 0.35449735625 0.2874149640625 0.3677248671875 0.1989795921875 0.37301587187499996 0.1972789109375 0.3862433890625 0.1819727890625 0.40740740625000005 0.187074828125 0.4312169328125 0.282312925 0.4391534390625 0.3588435359375 0.44973545000000004 0.404761903125 0.45238094999999995 0.4064625859375 0.37830687812499997
0 0.45238095312500004 0.4126984109375 0.4166666671875 0.39417989375 0.411564625 0.43650793906249996 0.409863946875 0.470899471875 0.4336734671875 0.4841269828125 0.4778911578125 0.48677248906250004 0.501700678125 0.473544971875 0.501700678125 0.42063492187499996 0.45238095312500004 0.4126984109375
0 0.590136053125 0.4021164 0.5595238109375 0.375661378125 0.5136054421875 0.34920635 0.46938775312500003 0.33068783281249997 0.45578231406249997 0.375661378125 0.46428571406249997 0.40740740625000005 0.49319727812499997 0.42328042187500003 0.5187074828125 0.43386243281250003 0.547619046875 0.428571428125 0.5765306109375 0.45238094999999995 0.590136053125 0.4021164
0 0.4755984171875 0.2461615109375 0.4256049828125 0.21601819375 0.4234693890625 0.25661375625 0.42176870781250003 0.2883597890625 0.4574829921875 0.3121693109375 0.49149659999999995 0.32539682812500004 0.506802721875 0.3333333328125 0.5187074828125 0.269841271875 0.4755984171875 0.2461615109375
0 0.4710884359375 0.171957671875 0.45918367499999996 0.21164021093750002 0.4574829921875 0.23544973281249998 0.5425170078125 0.2830687828125 0.5782312921874999 0.30687830625 0.5850340140625 0.2407407390625 0.523809525 0.2010582 0.4710884359375 0.171957671875
0 0.5184499328125 0.2747183390625 0.5164093859375 0.3286590109375 0.5289115640625 0.35185184999999997 0.565382546875 0.37308074375 0.5850340140625 0.3677248671875 0.588435375 0.3148148171875 0.5561224499999999 0.3015873 0.5184499328125 0.2747183390625
0 0.267006803125 0.5582010562499999 0.1887755109375 0.5449735437500001 0.1734693890625 0.60582010625 0.20068027187499998 0.6111111109375 0.24319727812499997 0.6349206328125 0.2874149640625 0.65079365 0.394557821875 0.6402116390625 0.396258503125 0.55026455 0.267006803125 0.5582010562499999
0 0.4659863921875 0.49470899375000005 0.44727891093750005 0.5396825390625 0.460884353125 0.5687830671875 0.530612246875 0.5714285718750001 0.562925171875 0.5820105828125001 0.5765306109375 0.523809521875 0.506802721875 0.5132275109375 0.4659863921875 0.49470899375000005
0 0.45408163281249997 0.6613756609375 0.44387755 0.69576719375 0.44897959218750005 0.722222221875 0.5102040828125001 0.7116402109375 0.5544217671875 0.7116402109375 0.562925171875 0.6666666671875 0.49319727812499997 0.6640211671875 0.45408163281249997 0.6613756609375
0 0.4387755109375 0.65079365 0.31972789218750003 0.671957671875 0.2534013609375 0.6693121671875 0.1904761890625 0.629629628125 0.1887755109375 0.6375661390625 0.187074828125 0.6904761890625 0.2312925171875 0.7460317437499999 0.27210884218750003 0.7407407390625 0.3741496609375 0.7301587281249999 0.4319727890625 0.719576721875 0.4387755109375 0.65079365
0 0.0680272109375 0.6084656109375 0.1020408171875 0.6005290999999999 0.12414966093749999 0.6005290999999999 0.1207483 0.5370370390625 0.1020408171875 0.5370370390625 0.071428571875 0.55026455 0.0680272109375 0.6084656109375
0 0.1930089421875 0.2661667828125 0.1923245140625 0.2320974328125 0.1738449328125 0.23635610625 0.15194321093750002 0.23635610625 0.15194321093750002 0.25764944375 0.1512587828125 0.27361945625 0.155365353125 0.2970421328125 0.162894071875 0.293848128125 0.1827425109375 0.290654128125 0.193693371875 0.287460128125 0.1930089421875 0.2661667828125
0 0.13620134687500002 0.42373752187499997 0.1355169171875 0.39179750625 0.110877478125 0.40563817812499997 0.0896601828125 0.41628485 0.0855536109375 0.43757819375 0.08760689687499999 0.45461286718749994 0.093082325 0.467388871875 0.10540204687500002 0.4588715328125 0.12182833906249999 0.4492895328125 0.13620134687500002 0.43544885625 0.13620134687500002 0.42373752187499997
0 0.141676775 0.24167943906249997 0.13277920000000001 0.21506276093749999 0.119090625 0.2352914390625 0.10129547187500001 0.2555201109375 0.10129547187500001 0.2587141109375 0.1033487609375 0.2757487890625 0.10540204687500002 0.28426612812499996 0.11703733593750001 0.277878121875 0.1252504828125 0.2651021171875 0.1341480609375 0.253390778125 0.141676775 0.24167943906249997
0 0.43870459687499996 0.57477854375 0.4041025421875 0.5613221890625 0.40163096718749997 0.60938059375 0.4090456921875 0.6555166671875 0.4424119609375 0.653594328125 0.480721375 0.6555166671875 0.49184346406249996 0.63052629375 0.49184346406249996 0.5863125609375001 0.43870459687499996 0.57477854375
0 0.5758770171875 0.6209146109375 0.5647549328125 0.5882348937499999 0.5264455140625001 0.58054555 0.4967866140625 0.5824678890625 0.500493975 0.584390221875 0.49184346406249996 0.6228369500000001 0.50296555 0.653594328125 0.5313886671875 0.653594328125 0.5561044171875 0.653594328125 0.5734054421875 0.65167199375 0.5758770171875 0.6209146109375
0 0.6629940578125 0.300914471875 0.6383111609375 0.2768056 0.612480225 0.2616259390625 0.587797328125 0.26966222812499996 0.5895193890625 0.31966582187500003 0.6251086828125 0.31698705625 0.6406072421875 0.330380878125 0.663568078125 0.342881771875 0.6819367421875 0.361633121875 0.6836588078125 0.32323750625000003 0.6629940578125 0.300914471875
0 0.7284324328125 0.35448975 0.7140819109375001 0.3393100890625 0.6922691171875 0.325916271875 0.688250975 0.35181098906249997 0.6842328281250001 0.36877649375 0.7031755140625 0.378598628125 0.7203961390625 0.3875278390625 0.7387648078125 0.40360042187499995 0.7422089328125 0.37145525625000003 0.7284324328125 0.35448975
0 0.6790666390625 0.42860221718749997 0.6578278671875 0.41342255625 0.6337189921874999 0.40449334375 0.6101841390625 0.3884207609375 0.591241453125 0.3884207609375 0.587797328125 0.422351771875 0.5872233078125 0.4473535671875 0.6096101218750001 0.4473535671875 0.6308488890625 0.44913940625000004 0.6549577640625001 0.464319071875 0.6727524109374999 0.468783678125 0.6790666390625 0.42860221718749997
0 0.742782953125 0.46699783281249996 0.725562328125 0.45896154375 0.7100637640625 0.44467480000000004 0.687676953125 0.43395974375 0.6830847859375 0.45092524999999994 0.6825107640625 0.464319071875 0.68480685 0.48485626093749995 0.7003054109375 0.49199962812500003 0.7215441828125 0.504500528125 0.7381907859375 0.5089651328125 0.742782953125 0.46699783281249996
0 0.6698823078125 0.58932805 0.674474475 0.5741483890625 0.67103035 0.55986165 0.670456328125 0.5393244562499999 0.649791578125 0.5330740109375001 0.632570953125 0.5303952437499999 0.6021478499999999 0.5277164828124999 0.5837791828125 0.52235895625 0.5803350578125 0.5536112 0.57459485 0.5759342328125 0.5797610359375 0.588435128125 0.6009998078125001 0.590220971875 0.6205165140625 0.588435128125 0.6451994109375 0.58754220625 0.6698823078125 0.58932805
0 0.653235703125 0.7036219781249999 0.667586225 0.7018361328125 0.6641421000000001 0.66254759375 0.6423293078125 0.6616546718749999 0.6216645578125 0.66076175625 0.6032958890625 0.6661192828125 0.5797610359375 0.66076175625 0.5677066 0.686656471875 0.568280621875 0.7054078171875 0.5768909328125 0.7071936609375 0.5975556828124999 0.7179087171874999 0.61592435 0.71701579375 0.636015078125 0.7063007390625 0.653235703125 0.7036219781249999
0 0.732450578125 0.5866492890624999 0.7318765578125 0.55807580625 0.7112118078125 0.552718278125 0.695139221875 0.5437890671875001 0.6779186 0.546467828125 0.674474475 0.565219178125 0.6761965359375 0.5750413109375 0.6836588078125 0.596471421875 0.6991573671875 0.600936028125 0.715803971875 0.6036147890625 0.7307285140625 0.6098652390625 0.732450578125 0.5866492890624999
0 0.7020992890625 0.63643815 0.7041398359375 0.607881321875 0.6830847859375 0.600936028125 0.6618460140625 0.602721871875 0.6589759109375 0.607186478125 0.6561058078124999 0.6339741171875 0.6584018890625 0.6536183828125 0.6934171609375 0.6518325390624999 0.6969979171875 0.65230305625 0.6990384640625 0.6491300718749999 0.7020992890625 0.63643815
0 0.138609871875 0.1645485609375 0.103045496875 0.15461890625000002 0.0665692140625 0.13192255 0.033740560937500004 0.12341142187500001 0.0218857671875 0.143270728125 0.027357210937499998 0.1645485609375 0.050154885937500004 0.1659670828125 0.0829835390625 0.17731525625 0.1057812171875 0.19008195625 0.13587415 0.2000116109375 0.138609871875 0.1645485609375
0 0.0565382359375 0.17305969375000002 0.0373881890625 0.171641171875 0.026445303125000003 0.20284865624999998 0.052890607812500004 0.21277831093750002 0.0775121 0.217033878125 0.103045496875 0.23121909375 0.1085169390625 0.19575604375 0.081159725 0.1886634328125 0.0565382359375 0.17305969375000002
0 0.054714421874999995 0.2227079609375 0.0300929328125 0.21561535625 0.028269117187499998 0.217033878125 0.015502421875 0.24114874999999997 0.0364762828125 0.2482413609375 0.0665692140625 0.2581710171875 0.0866311671875 0.26668215 0.0857192609375 0.23263761718749998 0.054714421874999995 0.2227079609375
0 0.0485645390625 0.3493948890625 0.0209097328125 0.34205025 0.010792121875000001 0.36513339375 0.022258746875 0.38087190625 0.0418194640625 0.38087190625 0.0620546890625 0.386118071875 0.082964421875 0.3850688390625 0.08094090000000001 0.3556902890625 0.0485645390625 0.3493948890625
0 0.016582678125 0.5674961 0.067838228125 0.5628060500000001 0.072360778125 0.52059559375 0.021105228125 0.522940621875 0.0015075171875 0.551080921875 0.016582678125 0.5674961
0 0.06677995 0.605073771875 0.048880167187500004 0.605073771875 0.008949889062499999 0.6029319171874999 0.004819171875 0.6275632390625 0.0096383421875 0.6425562171875 0.037864921875 0.6414852890625 0.050257075 0.63827250625 0.0764182921875 0.6414852890625 0.07710674687499999 0.6254213828124999 0.06677995 0.605073771875
0 0 0.73614504375 0.0452787640625 0.7270568328125 0.06572723593749999 0.7134245171875 0.06572723593749999 0.6884319390625 0.030672710937499997 0.69297604375 0.001460603125 0.6907039937499999 0 0.69297604375 0 0.73614504375
0 0.001460603125 0.65662320625 0 0.69297604375 0.042357553125 0.6884319390625 0.0642666328125 0.6861598890625 0.096399946875 0.674799621875 0.07156965781249999 0.65435115 0.0452787640625 0.65889525625 0.001460603125 0.65662320625
0 0.09282683593749999 0.3176740609375 0.05276472812500001 0.30399431718750003 0.0273594890625 0.297914428125 0.002931375 0.29639445625 0.002931375 0.308554228125 0.0039085000000000005 0.30095437187499996 0.0019542500000000003 0.33439374375 0.0332222359375 0.3389536609375 0.060581724999999996 0.343513578125 0.08500983906250001 0.35111343281249996 0.09282683593749999 0.3176740609375
0 0.08891833593750001 0.0607988609375 0.058627475 0.0501590609375 0.0244281140625 0.037999289062500004 0.0019542500000000003 0.056238949999999996 0.0039085000000000005 0.07447860625 0.0312679859375 0.07599857812500001 0.0742614671875 0.09423823906249999 0.10552945312499999 0.10791798281250001 0.11725495 0.079038521875 0.08891833593750001 0.0607988609375
0 0.0947810859375 0.0623188328125 0.1367974421875 0.0835984390625 0.15829418281250002 0.08815835 0.1592713078125 0.05927888906249999 0.1309346921875 0.044079178125 0.1035752078125 0.03191940625 0.0947810859375 0.0623188328125
0 0.125071946875 0.0835984390625 0.11823207499999999 0.1185577828125 0.14950006093749998 0.1261576390625 0.167088303125 0.13679744375 0.19053929218750001 0.1489572171875 0.20910466093750002 0.1231177 0.15536281093749998 0.09271826718750001 0.125071946875 0.0835984390625
0 0.189562171875 0.0364793171875 0.1612255578125 0.0273594890625 0.1358203171875 0.010639800000000001 0.1328889421875 0.04559915 0.1563399328125 0.0623188328125 0.17490529999999999 0.068398721875 0.1954249171875 0.07599857812500001 0.2178987828125 0.09119829375 0.2218072828125 0.0607988609375 0.189562171875 0.0364793171875
0 0.6175427390625 0.3191940328125 0.595068871875 0.32375394375 0.587251875 0.35871329375 0.5921375 0.3830328390625 0.6214512359375 0.389112721875 0.656627721875 0.39823255625 0.6673760921875 0.3845528109375 0.6722617140625 0.3480734890625 0.6175427390625 0.3191940328125
0 0.4387289390625 0.5517496828125 0.4426374359375 0.490950821875 0.402575328125 0.4711911890625 0.349810603125 0.46511130625 0.301931496875 0.46663127187500003 0.2579608890625 0.45143156093750003 0.20519616406250002 0.452951528125 0.20031053906250001 0.498550678125 0.2022647890625 0.5365499671875 0.25209814218750004 0.5487097390625 0.285320378125 0.54262985625 0.346879228125 0.54262985625 0.3967125828125 0.544149828125 0.4387289390625 0.5517496828125
0 0.0908725859375 0.021279600000000003 0.066444471875 0.012159771875 0.048856228125 0.0030399437500000003 0.026382364062500004 0 0.011725496875 0.0167196890625 0.0156339921875 0.0258395171875 0.036153610937500004 0.0303994328125 0.051787603125000005 0.0395192609375 0.071330096875 0.0410392328125 0.08500983906250001 0.0471191171875 0.0908725859375 0.021279600000000003
0 0.109437953125 0.2827147109375 0.0938039609375 0.30399431718750003 0.0908725859375 0.33439374375 0.0996667078125 0.35719332187499997 0.11725495 0.3267938890625 0.1338660671875 0.31311414375 0.14950006093749998 0.3055142890625 0.1416830640625 0.25383525625000003 0.109437953125 0.2827147109375
0 0.653696346875 0.64446795 0.658581971875 0.62014840625 0.6556505968749999 0.5958288609375 0.6390394781250001 0.5958288609375 0.6214512359375 0.600388771875 0.598977371875 0.597348828125 0.577480628125 0.611028571875 0.5755263828125 0.6368680890625 0.585297628125 0.653587778125 0.6077714921874999 0.6596676671874999 0.6194969890625 0.6611876390625 0.6341538578125 0.656627721875 0.6488107249999999 0.65510775 0.653696346875 0.64446795
0 0.1592713078125 0.2264757671875 0.2012876640625 0.1960763328125 0.223761528125 0.1808766171875 0.223761528125 0.1185577828125 0.182722296875 0.1595970171875 0.1534085609375 0.1854365328125 0.1592713078125 0.2264757671875
0 0.735063396875 0.51761895625 0.726556875 0.5106135890625 0.7185507390625 0.5036082171875 0.7070419171875 0.50127309375 0.7055407671875 0.5183973328125 0.70303885 0.5339648171875 0.708543071875 0.5487539328125 0.725055725 0.5542025500000001 0.7360641640625001 0.550310678125 0.7360641640625001 0.53474319375 0.735063396875 0.51761895625
0 0.579944503125 0.467024621875 0.56943645 0.45690575625 0.560429546875 0.45067876093750003 0.5469191921875 0.4413382671875 0.533909221875 0.436668021875 0.5183973328125 0.436668021875 0.5053873609374999 0.4436733890625 0.5073888921874999 0.4483436390625 0.5032722640625 0.48228296718749997 0.5013842890625 0.4919326 0.515395028125 0.5028298437500001 0.5344096031250001 0.5075000890625 0.5539245609375001 0.5121703328125 0.563431846875 0.5121703328125 0.5704372171875 0.5067217171875 0.577942971875 0.50127309375 0.580945271875 0.4825921109375 0.579944503125 0.467024621875
0 0.728058028125 0.6608398390625 0.7125461390625001 0.655391221875 0.6950327140625 0.655391221875 0.6775192921875 0.65772634375 0.6755177578125 0.6802992 0.678019675 0.7036504328125 0.6905292640625 0.705207178125 0.709043453125 0.6989801828125 0.7270572609375 0.6997585609375 0.7260564921875 0.68652619375 0.728058028125 0.6608398390625
0 0.081490596875 0.2662026171875 0.052598475 0.258135871875 0.027410475 0.2477643390625 0.0207430609375 0.2685074 0.013334825 0.28809807187500003 0.0451902390625 0.2961648171875 0.0659333 0.303079171875 0.091121303125 0.30999352812500003 0.1022336578125 0.27657414999999996 0.081490596875 0.2662026171875
0 0.13038495781249998 0.32958419375000003 0.1296441328125 0.35954639374999997 0.13038495781249998 0.384899021875 0.1563137828125 0.3791370609375 0.1681669609375 0.3756798828125 0.1674261359375 0.31460309375 0.1437197828125 0.324974621875 0.13038495781249998 0.32958419375000003
0 0.11705013281250001 0.339955721875 0.1037153078125 0.363003571875 0.09408459999999999 0.37452749375 0.09408459999999999 0.3791370609375 0.091862128125 0.39642294375 0.09556624687500001 0.41255643906249995 0.10741942499999999 0.39527055624999996 0.1244583671875 0.3906609828125 0.1237175421875 0.3710703171875 0.11705013281250001 0.339955721875
0 0.661977028125 0.4704855890625 0.636867553125 0.46338391718749994 0.612899421875 0.4598330828125 0.584365928125 0.468710171875 0.5832245890625 0.5024431 0.592355303125 0.5130956062500001 0.6186061171875 0.520197271875 0.6391502328125 0.5219726890625 0.6608356859375 0.5255235218750001 0.6665423859375 0.5042185171875 0.661977028125 0.4704855890625
0 0.714455803125 0.39232805000000004 0.7112817578125 0.4444728109375 0.743930528125 0.46033771718749994 0.743930528125 0.41274300625000004 0.714455803125 0.39232805000000004
0 0.6735316109375 0.3572158390625 0.6694505140625 0.41591598281250003 0.713322303125 0.4365403609375 0.714342578125 0.384186178125 0.6735316109375 0.3572158390625
0 0.6664966171875 0.4764550328125 0.6653694171875 0.5349027671875 0.7051601109375001 0.53807574375 0.7061803859375 0.49048103281250005 0.6664966171875 0.4764550328125
0 0.7265858671875 0.6554760328125 0.7388291609375 0.6507165609375 0.7337277890625 0.61105430625 0.7061803859375 0.61105430625 0.7061803859375 0.6491300718749999 0.7265858671875 0.6554760328125
0 0.1970635609375 0.6174002671875 0.14302723281250002 0.6113756718750001 0.1368673828125 0.682446371875 0.185840546875 0.6998977671875 0.1970635609375 0.6174002671875
0 0.176658078125 0.53014329375 0.11955784218750001 0.5240740828125 0.11442135 0.599948871875 0.174617528125 0.61105430625 0.176658078125 0.53014329375