0 0.5096518156250001 0.206147246875 0.5147670359375 0.14400683281249999 0.28542412968750003 0.080637865625 0.2462945703125 0.10193749999999999 0.202805725 0.24445727968750003 0.4366354015625 0.35054318281249996 0.5096518156250001 0.206147246875
0 0.37691747656249996 0.45646738124999997 0.37443356250000004 0.41631081718749996 0.249627528125 0.3624254515625 0.2052453078125 0.4351237265625 0.19063116875 0.5247439468749999 0.31516231875 0.55714576875 0.37691747656249996 0.45646738124999997
0 0.8222460515625001 0.46311084999999996 0.8234929875000001 0.40659146718750006 0.7224464375 0.36194696249999997 0.6152782515624999 0.4547603390625 0.62373639375 0.49991255937499995 0.714940421875 0.54518245625 0.8222460515625001 0.46311084999999996
0 0.33262837031250003 0.6904173015625 0.43744012187500003 0.7213844468749999 0.4997794015625 0.66635858125 0.5371809765625 0.6639821296874999 0.540327696875 0.6019667906249999 0.3646841609375 0.57818784375 0.32216736562500004 0.642704709375 0.33262837031250003 0.6904173015625
0 0.919149425 0.4918928546875 0.8319511265624999 0.45174369375 0.711862425 0.6125686781249999 0.787249696875 0.6534683015625 0.919149425 0.4918928546875
0 0.6649131374999999 0.33066341875 0.6561801140625 0.26402765625 0.5135544609375 0.20321165 0.43829466562499997 0.32624911874999996 0.44899618906249994 0.39275981249999997 0.5560856921874999 0.4477708609375 0.6649131374999999 0.33066341875
0 0 0.48768135 0.17882014531249998 0.525494409375 0.20148010312500003 0.44880109062500007 0.2108759375 0.41326495156250004 0 0.334636984375 0 0.48768135
0 0 0.23025760156250002 0.14616579062499999 0.2829952578125 0.176493603125 0.1896889734375 0 0.11940791875000001 0 0.23025760156250002
0 0.6348402828124999 0.75184388125 0.6380213625 0.692513984375 0.4979483421875 0.6772254359375001 0.4451423390625 0.707456925 0.45764057031250005 0.7604153218749999 0.5761974875 0.7878214890625 0.6348402828124999 0.75184388125
0 0.159846709375 0.736334790625 0.0039912953125 0.719361403125 0.0031223234375 0.80542065 0.1589433734375 0.8197085968750001 0.159846709375 0.736334790625
0 0 0.6414461828125 0.1748731734375 0.67893988125 0.1777793703125 0.598126440625 0 0.572180096875 0 0.6414461828125
0 0.3059726453125 0.6087945703125001 0.16814301250000002 0.614864484375 0.1708674453125 0.6738191453125 0.30696909843750003 0.6866724093750001 0.3059726453125 0.6087945703125001
0 0.42786252812500003 0.89668869375 0.438642740625 0.815374946875 0.33431203125 0.822004 0.25981812187500003 0.8509258921875 0.2842991765625 0.9165610484375 0.34874440624999997 0.87215188125 0.42786252812500003 0.89668869375
0 0.586761578125 0.8435904031250001 0.45273150781249993 0.8386683921874999 0.45769933125 0.9189815265625001 0.5837179406249999 0.9136620750000001 0.586761578125 0.8435904031250001
0 0.5938453078125 0.7813249140625 0.5012569015625 0.7818326234375 0.5039126109375001 0.8354164093750001 0.59463559375 0.843090096875 0.5938453078125 0.7813249140625
0 0.9476461765625 0.409453425 0.945230984375 0.3746677421875 0.8599668312500001 0.33170805937500003 0.8150348421875 0.361439246875 0.83758175625 0.42988491875 0.9028859875 0.452611821875 0.9476461765625 0.409453425
0 0.5198180125 0.5387669296875 0.508831634375 0.603968015625 0.5602189015625 0.6168286828125 0.579629059375 0.5940943765625 0.672457984375 0.6123847687499999 0.709550315625 0.585839328125 0.7166684015625 0.5262592796875001 0.5802575078125 0.4892370265625 0.5198180125 0.5387669296875
0 0.23571055937500002 0.35255921562500003 0.3804421578125 0.42399191406250003 0.41677855937499997 0.33836673125 0.175281028125 0.24889379531250003 0.14550297968749998 0.3851671609375 0.20676712656250001 0.40008789218749996 0.23571055937500002 0.35255921562500003
0 0.44617315 0.788020215625 0.4451423390625 0.707456925 0.34060546875000003 0.6979733218749999 0.2957078421875 0.73038995625 0.3084122359375 0.7994610046874999 0.359146653125 0.7612982640625 0.44617315 0.788020215625
0 0.9752983468749999 0.568954 0.9087815390625 0.605431909375 0.9250793343750001 0.6473983875 0.991699225 0.6189768015625 0.9752983468749999 0.568954
0 0.9158652640625 0.543166425 0.8533198265624999 0.5820796234375 0.8559068156249999 0.630292521875 0.9343377281249999 0.6011204734375 0.9158652640625 0.543166425
0 0.9933288656249999 0.5060239671875 0.9334787203125 0.5339844031250001 0.9381029328125001 0.5874431125 0.9926267984375 0.560949746875 0.9933288656249999 0.5060239671875
0 0.9651709796875 0.70129115625 0.904456603125 0.7293375156249999 0.91695483125 0.7822959093749999 0.9756319875000001 0.7490037421875 0.9651709796875 0.70129115625
0 0.8431237359375 0.7090458984375 0.7843435046875 0.7342817359375 0.7968073734375001 0.7845546875 0.84992261875 0.7784921875 0.8431237359375 0.7090458984375
0 0.6693456265625 0.67708554375 0.6763949921875 0.6121346125 0.593511665625 0.6012751671875 0.54854531875 0.6283209140625 0.5687801218749999 0.67003723125 0.640058590625 0.6977597906249999 0.6693456265625 0.67708554375
0 0.8000870625 0.2710097265625 0.6747999796874999 0.1795281609375 0.6637105234375 0.236672925 0.79473131875 0.31435204375 0.8000870625 0.2710097265625
0 0.2949175515625 0.6686247734374999 0.1017980046875 0.6647696078124999 0.10279445625000001 0.7426474515625 0.2959140046875 0.7465026124999999 0.2949175515625 0.6686247734374999
0 0.9268760390624999 0.6338460968749999 0.848616925 0.6764453546875 0.867055028125 0.7317139671875 0.9433799953124999 0.6919252265625 0.9268760390624999 0.6338460968749999
0 0.2864381109375 0.9753791015625 0.3581463265625 0.9941059140625 0.40468220937500005 0.9933664515625 0.4468162484375 0.96935826875 0.44601668437499997 0.9068680046875001 0.34331438593749997 0.8821230531250001 0.28263803906249996 0.9172488921875 0.2864381109375 0.9753791015625
0 0.7507043578125 0.8333062265625 0.7323282171875001 0.8303044187499999 0.7342282484375 0.8593695265625 0.76023890625 0.861886246875 0.7507043578125 0.8333062265625
0 0.8233104796875 0.6556626234375 0.7591805468749999 0.6597373703125 0.77034860625 0.696552403125 0.8237369140625 0.6889907640625 0.8233104796875 0.6556626234375