0 0.777700803125 0.93021630625 0.7488439640625 0.9229534859375 0.655153728125 0.8849747593749999 0.5981646390625001 0.8780276593749999 0.5927381109375001 0.944903040625 0.594461925 0.946147346875 0.777700803125 0.93021630625
0 0.7519014421875 0.825685359375 0.6883791890625 0.78421280625 0.6476657968749999 0.7921777734375001 0.5977959109375 0.8070723671875 0.5876557640625 0.8666047000000001 0.6279653390625 0.8774048999999999 0.679477271875 0.8789792671875001 0.7949862999999999 0.9287134796875 0.815062253125 0.926968046875 0.8244864968750001 0.86968119375 0.7519014421875 0.825685359375
0 0.714952246875 0.7232251 0.6994215921875 0.7130096328125 0.6699245578124999 0.7215850328125 0.626411175 0.7262579671875 0.6174699640625 0.7882566062499999 0.6893490671875 0.7917471203125 0.701702221875 0.798783953125 0.8059522828125001 0.85560090625 0.833875228125 0.8574286531249999 0.8883962828125 0.8687509671875 0.898667653125 0.8032594468750001 0.8346876828124999 0.7654820859375 0.778759096875 0.738017053125 0.714952246875 0.7232251
0 0.774876378125 0.59514420625 0.7158848250000001 0.558548253125 0.6796902031250001 0.5670905796875 0.639597496875 0.586960753125 0.6327405921875 0.6533239796875 0.706493096875 0.631963940625 0.7455868140625 0.664571540625 0.8197467218750001 0.7038390531250001 0.8622904671875 0.70947760625 0.8979377859375001 0.720359946875 0.9072865921875 0.6522132796875 0.8772215031249999 0.643810759375 0.821042746875 0.62351440625 0.774876378125 0.59514420625
0 0.6957621031250001 0.497438946875 0.7288253171875 0.4942313328125 0.8489383500000001 0.5571547531250001 0.9155446328125001 0.5729203203125001 0.9259810328125001 0.51107219375 0.8616747390624999 0.483118640625 0.7964203609375 0.45719212656249997 0.7387704828125 0.4101082265625 0.688740053125 0.43662494062499996 0.6799756 0.486837046875 0.6957621031250001 0.497438946875
0 0.659622275 0.5708130859375 0.71801475 0.5482797671874999 0.7543172421875 0.570800346875 0.8470665140625 0.6198074796874999 0.8533152109375 0.5626758 0.8055939249999999 0.5400792531249999 0.769313003125 0.523771246875 0.731029103125 0.49759570625 0.6989889609375 0.5119496734375 0.6640090671875 0.5301400796875 0.659622275 0.5708130859375
0 0.5848301421875 0.689637246875 0.614656571875 0.7181129671875001 0.657562078125 0.7145423859375 0.6963131078125 0.7051601734374999 0.7603959078125 0.7338637734375 0.8126334328124999 0.7530628140625 0.820939878125 0.7072745406250001 0.7568355078125 0.672358353125 0.6881933250000001 0.6346271 0.636681828125 0.65442130625 0.60342695 0.6591272 0.5848301421875 0.689637246875
0 0.825388646875 0.734935859375 0.8213041421874999 0.7554769328125001 0.8390620468750001 0.7711197734375 0.8492907328125 0.7799634 0.8954912890625 0.8036189796875 0.946230771875 0.8081938203125001 0.9557295281249999 0.73394150625 0.9286948531249999 0.726414446875 0.8896874328125 0.71865719375 0.8348935031250001 0.7002980328125 0.825388646875 0.734935859375
0 0.9565887828124999 0.7272246671875 0.9641629249999999 0.6680172062499999 0.9607756500000001 0.6670741203125 0.9103278640625 0.6530283203125 0.9006797359375 0.709304546875 0.9565887828124999 0.7272246671875
0 0.973971378125 0.591344 0.956553946875 0.58521320625 0.9096424859375001 0.5690487203125 0.865309003125 0.5582569203125 0.8553206890625 0.6299548671874999 0.9518916921875 0.65994569375 0.964737928125 0.6635223734375 0.973971378125 0.591344
0 0.9745583609375 0.5867555531249999 0.981580978125 0.5318593203125 0.9750644578125 0.5298528265625 0.9289412390624999 0.5139077999999999 0.9179082859375001 0.5682468140625 0.9745583609375 0.5867555531249999
0 0.8990215578124999 0.8116038859374999 0.8915249281250001 0.86382419375 0.893916646875 0.8751293 0.9367141468750001 0.8825857734375001 0.9448087171875 0.8193100734375 0.9413736328125 0.8187407140625 0.8990215578124999 0.8116038859374999
0 0.9323409 0.9167716796875001 0.9367825249999999 0.8820512671875 0.9254846499999999 0.8791334265625 0.8874571421875 0.870097353125 0.826783725 0.8594110796875001 0.8184966171875001 0.926669459375 0.9323409 0.9167716796875001
0 0.5739838578125 0.6276549203124999 0.622236996875 0.633331453125 0.6307782609375 0.5984700796875 0.6316718828125001 0.5723409328125 0.610197553125 0.5679136406249999 0.586414253125 0.5652642859375 0.5693846890625001 0.5701160468750001 0.5649240171875001 0.6000518734375 0.5641197921875001 0.631005740625 0.5739838578125 0.6276549203124999
0 0.5782055578125 0.7095158265625 0.5553973 0.7041233734375 0.5517786859375 0.7570774265625 0.5755624359375 0.768495946875 0.6039251828125 0.783587640625 0.611399071875 0.7448975859375 0.613769078125 0.7263711203125001 0.5782055578125 0.7095158265625
0 0.6560435640625 0.49951131406249993 0.662082896875 0.4424346671875 0.647750421875 0.44027287968750006 0.5921026078125 0.45173007343749993 0.589379521875 0.4690187859375 0.5883158109375 0.5028588 0.6194191921875001 0.5022088140625 0.6458486859375 0.5002702734375 0.6560435640625 0.49951131406249993
0 0.5250911781250001 0.8719598734374999 0.5206812249999999 0.9162995734375 0.5543333500000001 0.9216510937500001 0.567161128125 0.9328380671875 0.5801236921874999 0.9400445734374999 0.5853504328125 0.8961507796875001 0.5880337859375 0.8751748671874999 0.5727791328125 0.847652959375 0.5489616390625 0.848779859375 0.5310452078125001 0.848446459375 0.5250911781250001 0.8719598734374999
0 0.5702292859375 0.510236253125 0.544238721875 0.5092064671875 0.5379352500000001 0.5648622734375001 0.582438825 0.5679432 0.6226485671875001 0.5681578593750001 0.626169771875 0.5307655859375 0.6280784921875 0.510911540625 0.5702292859375 0.510236253125
0 0.550103446875 0.6271032734374999 0.524175796875 0.6277520328125 0.5221321718749999 0.662870859375 0.5227179921875 0.67344010625 0.587446278125 0.6854661859375 0.5980361640625 0.6374549140625 0.577733421875 0.6302505203125001 0.550103446875 0.6271032734374999
0 0.4690060390625 0.7846240265625 0.4862155140625 0.6947652468750001 0.471238828125 0.69059539375 0.428247025 0.669315646875 0.3875983828125 0.6424817 0.338386903125 0.6442965671875001 0.2665079390625 0.6382486328125 0.217444978125 0.626140046875 0.18235721093749999 0.6132675328125 0.172836028125 0.6494077203125 0.1606530671875 0.7127364140625 0.19007458906250002 0.7379961140625 0.22814524687499999 0.759457353125 0.2569270359375 0.7705741328125 0.3006855109375 0.7858607734375 0.3534980390625 0.8005649671875 0.40607575 0.8043422796874999 0.4690060390625 0.7846240265625
0 0.3494678390625 0.4537316734375 0.3311823109375 0.5538469203124999 0.33190452187499997 0.5663579140625 0.337257953125 0.573844159375 0.339086175 0.5743531734375 0.345362171875 0.5844945734375 0.3424632671875 0.5824883 0.3455431640625 0.5880909062499999 0.35928016406249996 0.5991104593750001 0.3892425 0.6362321468750001 0.48363686718750004 0.6876957265625 0.496968153125 0.583484353125 0.42969497187499994 0.541878240625 0.391235071875 0.49919133281250005 0.3494678390625 0.4537316734375
0 0 0.46545120625 0.020486178125 0.48751350000000004 0.064501046875 0.5199396000000001 0.084568975 0.5162171 0.166481903125 0.5204037796875001 0.26437301406249997 0.5336940671875 0.3303293390625 0.53498970625 0.344620646875 0.45517994687499996 0.3127265171875 0.3981989328125 0.289567825 0.36226978593750003 0.258845278125 0.3025116859375 0.220027021875 0.23584462031250003 0.122627121875 0.25062068593750003 0.037625928125 0.2641939 0.0095231921875 0.2556928328125 0 0.33013614687500004 0 0.46545120625
0 0.43274716093750004 0.5475154265625 0.4996675328125 0.5769398734375 0.5110900968750001 0.49258254062500006 0.4597668828125 0.44844814062499994 0.41932817499999997 0.4106741140625 0.405615178125 0.5016434328125 0.43274716093750004 0.5475154265625
0 0.1310069828125 0 0.065965778125 0.0304338328125 0.0359144328125 0.04939109375 0.0231912859375 0.14884860625000002 0.028177735937499997 0.1482213671875 0.0680346828125 0.1425304 0.1142650328125 0.131419059375 0.1834708890625 0.1183106 0.2423337390625 0.10711899375 0.260137746875 0.10608029999999999 0.3124065921875 0.21056904687500003 0.3483993859375 0.2745518 0.3662728328125 0.2973153671875 0.365234128125 0.30082359375 0.3834148890625 0.2771060265625 0.3933392890625 0.199526453125 0.3565253640625 0.16169627343749998 0.323892753125 0.1010473671875 0.2818031578125 0 0.1310069828125 0
0 0.42414755312499997 0.39283880625 0.4256288078125 0.3812597671875 0.36107442500000003 0.288939346875 0.25846637499999997 0.10927860625000001 0.241254878125 0.1056856796875 0.192159425 0.124393340625 0.10681275781249999 0.1354061265625 0.04248215 0.149871959375 0.0237283328125 0.1446504796875 0.009542964062500001 0.2555382734375 0.040251396875 0.251178246875 0.083764778125 0.2465053203125 0.146284071875 0.236331746875 0.22267158281250002 0.23121854687500001 0.2319777078125 0.23740701406250003 0.2535733828125 0.27579667343750003 0.286832303125 0.341416553125 0.3329394671875 0.4250034140625 0.349956146875 0.45971987968750005 0.3769688640625 0.4804314265625 0.40627107812499996 0.5029795671875 0.4039538859375 0.496168746875 0.41947515781250005 0.44909689375 0.42414755312499997 0.39283880625
0 0 0.8288750859375 0.0601234671875 0.8456148203125 0.221861671875 0.8738583328124999 0.2441939578125 0.8620889671875 0.262798175 0.7857268937499999 0.260788021875 0.77677319375 0.1912480859375 0.7382253796875 0.1317718078125 0.7048778140625 0.0732688078125 0.688589259375 0 0.672779653125 0 0.8288750859375
0 0 0.66929080625 0.15395597187500001 0.694266346875 0.16928050781249998 0.5942073734375 0.1074133 0.5302154734375 0.066566175 0.5140461328125 0 0.45666002656250004 0 0.66929080625
0 0.399265303125 0.202432559375 0.3908817421875 0.198899240625 0.3733015171875 0.30672419375 0.4045671859375 0.36819166718749996 0.4308899890625 0.40909660625 0.4487954171875 0.436865646875 0.4946023171875 0.47839881406250007 0.513396503125 0.49922042656250004 0.5132649218750001 0.5002087000000001 0.529068 0.41124952031250006 0.4874295359375 0.3864658265625 0.4629011421875 0.3364673265625 0.43211365781250005 0.2811287203125 0.399265303125 0.202432559375