0 0.23530547500000001 0.862806253125 0.0388483015625 0.8452614390625 0.0392972609375 0.90566531875 0.2332148859375 0.9384821531249999 0.23530547500000001 0.862806253125
0 0.49249244843750006 1 0.49990148124999995 0.9609937140625 0.3035245078125 0.872650971875 0.28947779375 0.9408964390625 0.429961003125 1 0.49249244843750006 1
0 0.5795255484374999 0.6083690765624999 0.412192 0.572542571875 0.41372532343749996 0.6462580765625 0.5846827875 0.68012418125 0.5795255484374999 0.6083690765624999
0 0.1691270109375 0.5359891765625 0.0224786546875 0.5091883734375 0.0206526390625 0.5796672468749999 0.170792621875 0.607106159375 0.1691270109375 0.5359891765625
0 0.3616435953125 0.49249199375 0.221713915625 0.47216445 0.22620970625 0.5569121046875 0.371509121875 0.5755983078125 0.3616435953125 0.49249199375
0 0.5976471953125 0.42547004375 0.428303253125 0.3945215 0.4236470625 0.45136969843749997 0.604947121875 0.4897486640625 0.5976471953125 0.42547004375
0 0.25364373906250004 0.2603166640625 0.038405525 0.2655663953125 0.0420815375 0.3318054171875 0.2574520375 0.32395717031250004 0.25364373906250004 0.2603166640625
0 0.5897920625 0.3374857578125 0.362148771875 0.27490118125 0.35749258125 0.3317493796875 0.5842098421874999 0.4125235390625 0.5897920625 0.3374857578125
0 0.379659003125 0.3462911703125 0.2303387984375 0.3373608953125 0.23266586406249998 0.3954853234375 0.381853775 0.40701410937500004 0.379659003125 0.3462911703125
0 0.248510478125 0.3957583296875 0.023617165625 0.41760235156250003 0.030255646874999997 0.4948735328125 0.26453947499999997 0.4616322359375 0.248510478125 0.3957583296875
0 0.177170646875 0.3433802578125 0.0364472203125 0.338643775 0.040255521875 0.40228428593750004 0.194257959375 0.38846606562499997 0.177170646875 0.3433802578125
0 0.552885253125 0.8893734500000001 0.3871391875 0.8223648078125001 0.380208021875 0.88928799375 0.5478321953124999 0.9540171875000001 0.552885253125 0.8893734500000001
0 0.3531489375 0.7977940828125 0.202744371875 0.7755521984375 0.20454227500000002 0.8440706703125 0.35481455156249997 0.8689110718749999 0.3531489375 0.7977940828125
0 0.5514842171875001 0.8130594453125 0.42388147500000006 0.7582670765625 0.4087504 0.8132009281249999 0.5480446796875 0.8806207468749999 0.5514842171875001 0.8130594453125
0 0.59516385625 0.1627473625 0.33464073125 0.123003384375 0.3312011953125 0.1905646921875 0.599924228125 0.24229799375 0.59516385625 0.1627473625
0 0.2778486546875 0.1309831421875 0.055601143750000005 0.1008569390625 0.04478148125 0.1749375390625 0.28083716875000003 0.17611501093749998 0.2778486546875 0.1309831421875
0 0.3751111171875 0.19334409375 0.2208180515625 0.1782596265625 0.2158972828125 0.2403048515625 0.37825796718750004 0.2699771640625 0.3751111171875 0.19334409375
0 0.24742198906250001 0.72864081875 0.0555147609375 0.6909460281250001 0.0449596796875 0.759829615625 0.24840010625 0.7786506531249999 0.24742198906250001 0.72864081875
0 0.63898945625 0.5825188015625 0.641899834375 0.52535154375 0.5815900921875 0.498593478125 0.323580475 0.40947777968750004 0.3245585953125 0.45948762031249996 0.5859535921875 0.5859396484375 0.63898945625 0.5825188015625
0 0.6965190515625 0.8369426703125 0.640679059375 0.8608325546875 0.6470269125 0.9092010500000001 0.7028669078124999 0.8853111703125001 0.6965190515625 0.8369426703125
0 0.7180021 0.4841831984375 0.6768963125 0.4609347578125 0.65531114375 0.504198340625 0.6894336796875 0.5261705546875 0.7180021 0.4841831984375
0 0.8035490375000001 0.3267199453125 0.7406997421875 0.31523389062499996 0.720331228125 0.369210571875 0.7849263421875 0.38101568750000003 0.8035490375000001 0.3267199453125
0 0.7393529484375 1 0.7625672906250001 0.9932612093750001 0.765213084375 0.9412909781250001 0.7223875296875 0.9518231875 0.7096061984375 1 0.7393529484375 1
0 0.760268334375 0.7961394390625001 0.7261718421875 0.8082669390625 0.721647940625 0.8625166203125 0.7663516031250001 0.8497049562500001 0.760268334375 0.7961394390625001
0 0.7866680296874999 0.7275288515625 0.7332352984375 0.73874523125 0.7238708234375 0.7842422203125 0.7825409999999999 0.77398300625 0.7866680296874999 0.7275288515625
0 0.7015721171875 0.772298934375 0.6518955875 0.7789564062500001 0.65274141875 0.8315647578125 0.700672128125 0.8245882312499999 0.7015721171875 0.772298934375
0 0.84393923125 0.4678585828125 0.7950564453125 0.45892498281250005 0.7874377828125 0.5047410218749999 0.8398121984375001 0.5143127359374999 0.84393923125 0.4678585828125
0 0.7845294671875 0.388811225 0.7297477906250001 0.39191301093750003 0.72522389375 0.4461626984375 0.7855075874999999 0.4388210609375 0.7845294671875 0.388811225
0 0.67451715 0.3346109234375 0.676210875 0.2667305546875 0.62021254375 0.259119246875 0.4222741359375 0.236058340625 0.4196283375 0.2880285765625 0.6095251765625 0.3306013359375 0.67451715 0.3346109234375
0 0.773805809375 0.4405152796875 0.7245385 0.4537657421875 0.7218257390625 0.507051290625 0.7760309750000001 0.4947032578125 0.773805809375 0.4405152796875
0 0.8488809046875 0.7769235765625 0.815755396875 0.7912695171874999 0.8161664078124999 0.832144246875 0.8489177359375001 0.8251480390625 0.8488809046875 0.7769235765625
0 0.712322603125 0.620295290625 0.6685360625000001 0.5993113578125 0.6624004859375 0.6464077796875001 0.700295246875 0.6607513734375 0.712322603125 0.620295290625
0 0.7628626875 0.5330963015625 0.72221833125 0.523813790625 0.713800875 0.56678413125 0.761945665625 0.5755828578125 0.7628626875 0.5330963015625
0 0.7780094296875 0.8474251875000001 0.6876484671875 0.8846925390625 0.72984476875 0.9369128234374999 0.7831712796875 0.892877225 0.7780094296875 0.8474251875000001
0 0.7894896796875 0.30529432343749996 0.7980825515625 0.26475394531249996 0.7534546578125 0.2436407859375 0.7121589296875 0.24257234687499998 0.7072250140625 0.29673858750000004 0.733590309375 0.291839115625 0.7894896796875 0.30529432343749996