0 0.539755340625 0.2802571203125 0.665102790625 0.23285242187500002 0.6605709578125001 0.15100712031250002 0.5231547640625 0.205028234375 0.539755340625 0.2802571203125
0 0.35095514375 0.931442578125 0.469264209375 0.9889068953125 0.41741636406250004 0.8977868703125 0.3553277359375 0.8734433640624999 0.35095514375 0.931442578125
0 0.335969096875 0.8602529640625001 0.43446292656249996 0.8997790421875 0.4453656546875 0.8381334109375 0.3504506046875 0.8193580828125 0.335969096875 0.8602529640625001
0 0.2581900890625 0.5230438640624999 0.3110502359375 0.5306896765625 0.3166379140625 0.46715226093749995 0.265804728125 0.46435744218749997 0.2581900890625 0.5230438640624999
0 0.17532314375 0.679958015625 0.2495167671875 0.6850760421875 0.2479719890625 0.6342358328125 0.175060596875 0.6383895578125001 0.17532314375 0.679958015625
0 0.166406759375 0.64993475 0.234595728125 0.6220730515625 0.234170578125 0.5751529843750001 0.16083064375 0.5981308640624999 0.166406759375 0.64993475
0 0.233332271875 0.330769875 0.3045556046875 0.4021125828125 0.30968027187499997 0.3739234375 0.25338354218750003 0.31066026562500004 0.233332271875 0.330769875
0 0.1927860265625 0.392176734375 0.1863477515625 0.35923849531249996 0.10221839531250002 0.3642108953125 0.0838922125 0.4053047703125 0.19657958125 0.4275505 0.1927860265625 0.392176734375
0 0.0903567640625 0.501022640625 0.1520828796875 0.4807648859375 0.1496696125 0.44079816093749996 0.08103858593749999 0.4705458796875 0.0903567640625 0.501022640625
0 0.8356890187499999 0.1263586875 0.8106375343750001 0.10951145312499999 0.7763873453125 0.1264349171875 0.7321906546875 0.1525181296875 0.7040579265625 0.1688679375 0.6825412015625 0.2010513953125 0.6633959921875 0.24398184375 0.6746719265625 0.27857490625 0.7253184453125 0.26285624531249996 0.7658522796875 0.2508282234375 0.8083421703125 0.2358744375 0.8452581515625001 0.172081171875 0.8356890187499999 0.1263586875
0 0.7321248171875 0.6214648078125 0.7024514765625 0.654413140625 0.689091371875 0.6858317234375 0.7259623375 0.687858890625 0.7559680421875 0.6658487656250001 0.784516209375 0.6631717078125 0.810859046875 0.655216765625 0.8541798375 0.667608484375 0.8612562953125 0.631294453125 0.81385719375 0.619285171875 0.7608391625 0.6242568484375 0.7321248171875 0.6214648078125
0 0.7430614609374999 0.7794950828125 0.71592580625 0.8286595046875 0.7428502640625 0.8398464171875 0.787296228125 0.821966859375 0.825458546875 0.7991918546875 0.862329515625 0.8012190265625 0.8815578140625 0.7610231359374999 0.8599199296875 0.7219170578125 0.8109802125 0.7265063015625 0.779101534375 0.75417675 0.7430614609374999 0.7794950828125
0 0.7140597671875 0.6999444109375 0.700367309375 0.7204247921875 0.707149484375 0.7417275359375 0.7702802015625 0.73306521875 0.8232151390625001 0.7253589890625001 0.86195908125 0.7217258390625 0.872947678125 0.6795602703125 0.843734790625 0.6603609265625 0.8133136437499999 0.6686982968749999 0.7788972796875 0.6801526671875 0.7140597671875 0.6999444109375
0 0.8686512328125 0.874669453125 0.8819282515625 0.8405163171875 0.875146065625 0.8192135671875 0.8564613171875 0.8099963328124999 0.826123259375 0.8210682609375001 0.7934967875 0.8241277546875001 0.763324903125 0.84066878125 0.7391873999999999 0.853901609375 0.7232896046875 0.869104109375 0.722164434375 0.8993753796874999 0.7386438531249999 0.9033147343750001 0.7728940390625 0.8863912703124999 0.7992368765625 0.878436328125 0.8256628015624999 0.8732159421875 0.8484258609375 0.8820507390625 0.8686512328125 0.874669453125
0 0.7342401234375 0.7583835515625 0.6928753999999999 0.7430660671875 0.681931821875 0.7194112031250001 0.6732766703124999 0.7037687765625 0.6509290546875001 0.7086067234375 0.6186349296875 0.7226044265625 0.5983264687500001 0.72725115625 0.5888785000000001 0.752818203125 0.57127390625 0.7791501296875001 0.5578307125 0.8078341609375 0.596574659375 0.8042010109375 0.6249566515625 0.7960548546874999 0.6676958140625 0.7893047140625 0.698200046875 0.783701890625 0.7342401234375 0.7583835515625
0 0.5527172593749999 0.7068470109375 0.573690434375 0.7240766828125 0.6364057015625 0.7017416046875 0.6792279531250001 0.6977260203125 0.6879281234375 0.647548015625 0.648685646875 0.6347738640625 0.61198085625 0.6382157921875 0.5675348921875 0.6560953546875 0.5431481203125 0.6611245265625 0.5527172593749999 0.7068470109375
0 0.48109062812500003 0.8397114171875 0.462821325 0.8441669328125 0.4473389734375 0.8730421828124999 0.4419693140625 0.898226796875 0.48038090312500004 0.8836554421875 0.4990656515625 0.8928726765624999 0.5259901124999999 0.9040595937499999 0.5669393921875 0.9057043281249999 0.5777618015625 0.85806965625 0.5306119734375 0.8542640265625 0.5057266671875 0.8428858953124999 0.48109062812500003 0.8397114171875
0 0.73947474375 0.9306602390625001 0.7326925656250001 0.9093574890625 0.7136754578125 0.8892020515624999 0.6865017328125 0.8698114890624999 0.6514206515625001 0.8593894484375 0.614383503125 0.8518931765625 0.5817570234375 0.854952671875 0.5868324031250001 0.8873848390625 0.5735553921875 0.9215379796875001 0.576259259375 0.9432231609375 0.6352285703125 0.9322087234374999 0.6579085421875 0.9383089796874999 0.689077496875 0.9545825515624999 0.7383495734375 0.960931515625 0.73947474375 0.9306602390625001
0 0.5711908171875 0.7764155781250001 0.5660323484374999 0.741248859375 0.5635358874999999 0.732508015625 0.53282424375 0.7251664953125 0.5103935421875 0.7272699015625 0.48567441093749997 0.7213608703125 0.4591654 0.7238467078124999 0.4369839609375 0.7341537609375 0.435443340625 0.7507522859375 0.4502990546875 0.768555609375 0.48513086093749996 0.7707740000000001 0.5157181859375 0.7679057234375 0.554628309375 0.7697416718750001 0.5711908171875 0.7764155781250001
0 0.37914675937500003 0.5805215046875001 0.3549261703125 0.59101978125 0.33070558125 0.6015180515624999 0.32125760468750003 0.6270850984375 0.3158879421875 0.6522697078124999 0.36466148125000003 0.6422113703125001 0.39337582968749996 0.6450034109375 0.41826113906250006 0.6563815421875 0.43366039531249995 0.624771734375 0.416433175 0.5962214328125001 0.4036166203125 0.5782268859374999 0.37914675937500003 0.5805215046875001
0 0.85869440625 0.27777255156249997 0.8436725234375 0.2545001296875 0.8250708609374999 0.24801744218750002 0.7886153375 0.2596630265625 0.76015025625 0.26507463593749997 0.727773046875 0.27633778124999997 0.7204473171875 0.30444815625 0.7052142359375 0.3415270625 0.6914386859375 0.3592728953125 0.7027977125 0.39660051093750004 0.761019225 0.3609751203125 0.7872789734375 0.3502856296875 0.82797898125 0.3437267140625 0.8520333953125 0.3277593390625 0.85869440625 0.27777255156249997
0 0.6705486046875 0.3447777765625 0.68636330625 0.32684072343750004 0.6834101703125001 0.296951890625 0.6704274421875 0.2734882453125 0.6514103328124999 0.2533328015625 0.6292288953125 0.263639859375 0.596934771875 0.2776375578125 0.5748364265625 0.2906791609375 0.5570656515625 0.31154197968749997 0.5432901046875 0.3292878078125 0.5298469109374999 0.35797184375 0.5246434296875 0.3886255578125 0.5657588875 0.395739390625 0.6139507984375 0.3665391921875 0.6443719453125001 0.3582018171875 0.6705486046875 0.3447777765625
0 0.5905610968749999 0.40438297343749996 0.5685458453125001 0.42015912968749997 0.55680945 0.4377137453125 0.5307158796875 0.4538723328125 0.537913503125 0.4888478390625 0.6071616828125 0.479611859375 0.6677547046875 0.45473345312499996 0.6811979 0.426049421875 0.677912403125 0.3852223796875 0.6350901546875 0.3892379640625 0.615114046875 0.4048229015625 0.5905610968749999 0.40438297343749996
0 0.45717819375 0.523842078125 0.4392412484375 0.539235796875 0.43191551875 0.5673461765625001 0.42841883750000004 0.5868704640625 0.4854320890625 0.5787818015624999 0.5385332046875 0.576544671875 0.53508153125 0.53024853125 0.5261771078125 0.506402453125 0.49787820937499994 0.5172831609374999 0.4753644140625 0.5166520109375 0.45717819375 0.523842078125
0 0.5333055234375 0.2698925734375 0.518532903125 0.254823796875 0.50367719375 0.23702047343750002 0.48940310781249996 0.23835900468750001 0.45873269843750003 0.2384927296875 0.43525990625000005 0.273601953125 0.41723986875 0.286261125 0.412036384375 0.3169148328125 0.4288481625 0.331792390625 0.47720625625 0.3080612921875 0.5038814453125 0.3110445578125 0.522815465625 0.3284654484375 0.5564009375000001 0.2896655734375 0.5333055234375 0.2698925734375
0 0.467079690625 0.5805027703125 0.44269291875 0.5855319375 0.43316185625000003 0.6083644375 0.4257530421875 0.633740265625 0.4603355859375 0.627755 0.48913301875000004 0.63328159375 0.5220918609375 0.6411603078125 0.5528453609375 0.6437611249999999 0.5577164890625 0.6021692140625 0.5267137171875 0.591364734375 0.50199459375 0.5854557078125 0.467079690625 0.5805027703125
0 0.49497008593749997 0.42157389062500006 0.46463202656249997 0.4326458171875 0.4404945265625 0.445878640625 0.42721750781249995 0.48003178125 0.40944674374999995 0.50089459375 0.420307228125 0.52181490625 0.46271403906249997 0.5041265671875 0.5012087171874999 0.492289765625 0.5335028328125 0.47829207343749996 0.5264713921874999 0.4487856671875 0.51756696875 0.4249395890625 0.49497008593749997 0.42157389062500006
0 0.317601678125 0.5067648703125001 0.316227240625 0.5288325 0.37527964375 0.5205526140625001 0.40137321249999997 0.5043940203124999 0.42035224375 0.4559944734375 0.39163789531250004 0.4532024328125 0.36292355 0.450410390625 0.34065901875 0.4579828953125 0.3290057125 0.4782720578125 0.317601678125 0.5067648703125001
0 0.4267501125 0.6665548703125 0.42154663125 0.6972085828125001 0.41617696562499995 0.7223931921875 0.46087220156250003 0.7127172859375001 0.49944996562500005 0.7036150359375 0.52620824375 0.7093328484375 0.5416905937500001 0.68045759375 0.51630675625 0.6526721609374999 0.48938229062499994 0.64148525 0.45276059375 0.6476617296875 0.4267501125 0.6665548703125
0 0.833923325 0.4720593703125 0.8725010937500001 0.46295712031249997 0.85868746875 0.41214796875 0.8573580421875 0.3683951609375 0.85082513125 0.3552960625 0.8081690578125 0.36478075 0.774001953125 0.384438765625 0.7392532328125 0.38495493281250004 0.701007825 0.4049953796875 0.7016725390625 0.4268717859375 0.6800727249999999 0.4563206984375 0.664507290625 0.48246140156250006 0.7035005 0.48703190156250004 0.7585576828125 0.481869 0.7991746046875 0.47257553124999996 0.833923325 0.4720593703125
0 0.7561792328125 0.6054974375 0.807490465625 0.6116551765625 0.8362879031249999 0.6171817703125 0.8611732046875 0.6285599015625001 0.880816953125 0.6020367609374999 0.8771991 0.5502715203124999 0.8677961468750001 0.5100181359375 0.8509012828125 0.49240603125 0.8242260859374999 0.489422765625 0.7978001625 0.49464315625 0.7588900421875 0.49280720312500004 0.7323810265625 0.49529304218750003 0.7079942515625001 0.5003222140625 0.6842722015625 0.5272277921875 0.6744087828125 0.5391220828125001 0.6647115421875001 0.5564854796875001 0.6674985 0.58090521875 0.710985465625 0.5987660359375 0.7561792328125 0.6054974375
0 0.7506585859375 0.9756828437499999 0.7812549109375 0.9596504796875 0.803685615625 0.9575470781250001 0.8343560312499999 0.9574133484375 0.8732661546875 0.9592493078125001 0.8865431671874999 0.9250961671875 0.8773894765625 0.8930464375 0.8549587750000001 0.8951498390625 0.8160486515625 0.8933138859374999 0.7892903687499999 0.8875960734375001 0.756913159375 0.89885921875 0.75383191875 0.9320562656250001 0.734603615625 0.97225215625 0.7396471515624999 0.9767154218749999 0.7506585859375 0.9756828437499999
0 0.44654616249999995 0.9142516609375001 0.47201308906249995 0.9447716515625 0.53401863125 0.9663805984374999 0.560361465625 0.9584256609375 0.5595305734375 0.93108015625 0.5262393765625 0.91226325 0.4994811 0.9065454328125 0.47068366250000004 0.9010188390625 0.4581163765625 0.8912279484375001 0.44654616249999995 0.9142516609375001
0 0.6761536546875 0.5965476515625 0.6591757046875 0.5762009953125 0.6325005078125 0.5732177296875001 0.5957957171875 0.5766596609375 0.5800641046874999 0.5973312609375 0.5684938875000001 0.6203549796875001 0.54885014375 0.6468781140625001 0.5469771671875 0.6525384328125 0.5940439109375 0.6536095109375 0.6384067796874999 0.6329954015625 0.663042821875 0.6361698859375 0.6877619453125 0.6420789109375 0.7051172671875 0.60754334375 0.6761536546875 0.5965476515625
0 0.6217681203125001 0.48921153124999994 0.6013765734375001 0.49112371406250005 0.5673756546875001 0.5162508390625 0.5497710625 0.5425827546875001 0.5529734687500001 0.5806752453125 0.610235984375 0.580790234375 0.65459885625 0.560176125 0.6601346984375 0.5404606140625 0.6755339578124999 0.5088508125 0.66662953125 0.4850047296875 0.6482771390625001 0.48672569218749995 0.6217681203125001 0.48921153124999994
0 0.52298164375 0.333934546875 0.50862446875 0.33253852031250003 0.45365037656249996 0.34043596875 0.4322998296875 0.37808853125 0.414944503125 0.4126241046875 0.433795434375 0.4273104421875 0.47457853437499997 0.423486078125 0.5112833218749999 0.4200441453125 0.5434112671875 0.40057734375000004 0.5102862515625 0.3872295359375 0.515489740625 0.3565758234375 0.52298164375 0.333934546875
0 0.3144893015625 0.337031515625 0.305373690625 0.3735367703125 0.354147228125 0.3634784265625 0.41540496875 0.3604764265625 0.42493602656249996 0.3376439328125 0.403796675 0.31494515624999997 0.3990536546875 0.2934511875 0.374417615625 0.2902767140625 0.336089115625 0.307582609375 0.3144893015625 0.337031515625
0 0.39289117500000004 0.3598452765625 0.37046046875 0.3619486765625 0.3507336359375 0.385737265625 0.32464006562500003 0.401895859375 0.313568384375 0.441326875 0.33241931406249997 0.4560132140625 0.3709139921875 0.44417641718749995 0.39538384843749996 0.441881796875 0.415193771875 0.4208277546875 0.42822152343750003 0.37847096874999997 0.419732546875 0.368297640625 0.39289117500000004 0.3598452765625
0 0.2945923765625 0.5833444796875 0.3092306 0.5733849531249999 0.3212201390625 0.54650009375 0.2965274 0.5416599015625 0.27417980937499997 0.5437555046875 0.248269321875 0.5690834953125 0.24755204687500001 0.5805999015625 0.2661199296875 0.5946012859375001 0.2945923765625 0.5833444796875
0 0.2588228171875 0.8758921296875 0.28854751093750003 0.8801088015625 0.3165361828125 0.8844882609375 0.332726340625 0.9016475359375 0.3473602671875 0.8675896765625 0.3296462953125 0.8575773484375 0.3151921625 0.8402552859375 0.2822076234375 0.8433483546874999 0.2599222046875 0.854776875 0.2588228171875 0.8758921296875
0 0.275443309375 0.7926196046875 0.31363593437500004 0.78903815625 0.335921353125 0.7776096406249999 0.32292029843750003 0.7508125734375 0.3015220625 0.7341416765625 0.27895368593750003 0.7362579890625 0.2565975390625 0.7453584578125 0.25549814375 0.7664737140625 0.275443309375 0.7926196046875
0 0.2620237359375 0.6374541296875 0.25745229062499997 0.6588949687500001 0.246290421875 0.6926272390625 0.267264240625 0.695329828125 0.31240098125000004 0.691097203125 0.3296905265625 0.6871412234375 0.34113534843750004 0.6627211515625 0.3197371046875 0.6460502609375001 0.307019003125 0.6285654015625 0.291536225 0.6346866453125 0.2620237359375 0.6374541296875
0 0.2597483171875 0.7917566921875 0.21071509375000003 0.7823465984375 0.196968340625 0.7883050421875 0.190873078125 0.8168928328125 0.2101816078125 0.8220862656250001 0.238170271875 0.8264657234375001 0.26442291406249996 0.8310079796875 0.2597483171875 0.7917566921875
0 0.2318687125 0.7336692546875 0.251035759375 0.7342065828125001 0.260320128125 0.695981 0.2342089609375 0.6960948484375 0.208168534375 0.6985367453125 0.187336190625 0.7004902656249999 0.18804357031250002 0.7237707765625 0.1970774 0.7345970671875001 0.2318687125 0.7336692546875
0 0.19108529531250001 0.8238769890625001 0.16975779062500002 0.8095341453125 0.1437173640625 0.8119760421875 0.12469179062499999 0.8160948234375001 0.13581533750000002 0.8383985734375001 0.16720532187499998 0.8401244015625 0.1779044453125 0.84845984375 0.19108529531250001 0.8238769890625001
0 0.1802948328125 0.5260491984375 0.20778833749999998 0.5141323078125 0.22521936406249998 0.514832421875 0.24250890625000002 0.5108764421875 0.2550531203125 0.46534112031249997 0.22019107343750002 0.46394087500000003 0.1942921203125 0.47103887968749997 0.1670108328125 0.4899399328125 0.1698079265625 0.5246979109375001 0.1802948328125 0.5260491984375
0 0.33745575625 1 0.33644302656249997 0.9666701828125 0.334141096875 0.9482085625 0.319899178125 0.9378706515624999 0.293717275 0.9356564484375 0.26427553125 0.9407519843750001 0.2544252640625 0.9603531562500001 0.239225434375 0.9757865984375 0.24652323593749997 0.9867756875 0.25909986093750004 0.9996044421875 0.26095100000000004 1 0.33745575625 1
0 0.238942484375 0.9664743953125001 0.247268934375 0.954020171875 0.2569069921875 0.9274348484375 0.22704081718750002 0.9185620734375 0.2007881828125 0.9140198171874999 0.185588353125 0.9294532656250001 0.16886470468749998 0.9520336609375001 0.1953295578125 0.9635600734375 0.238942484375 0.9664743953125001
0 0 0.7537971828125001 0.023616034375 0.7555324953125 0.0440946859375 0.74193871875 0.073536434375 0.7368431828124999 0.10804478749999999 0.7266031609375 0.08122624375000001 0.7034364953125001 0.0547613953125 0.6919100828125 0.024612275 0.6737251046875 0.00016639999999999998 0.671348109375 0 0.672202015625 0 0.7537971828125001
0 0 0.8154691046875 0.001363034375 0.8253250890625001 0.0121328921875 0.8359885828125 0.0410087328125 0.812268640625 0.0684315 0.7980236875 0.0873863375 0.791576859375 0.102656903125 0.7784714640625 0.0931279140625 0.7513488125000001 0.057095740625 0.76873578125 0.02758325625 0.771503265625 0 0.790880640625 0 0.8154691046875
0 0.0063913171874999996 0.8762166296875 0.0020320859375 0.9046416296875 0.0144672359375 0.91281428125 0.040295453125000005 0.9033882296875 0.0588966 0.885301140625 0.0829887828125 0.8760378859375001 0.10644432968749999 0.8458221609375001 0.0872065421875 0.8429567859375 0.0526274453125 0.8508687546875 0.0320780546875 0.8621344734375 0.0063913171874999996 0.8762166296875
0 0.043018078125 0.9047667234375 0.025930329687499996 0.9250222609375 0.003593384375 0.9389870578125 0.010463162500000001 0.9569960156249999 0.049346228125 0.9465668546874999 0.0663312171875 0.9229294734375 0.0860949453125 0.9075102296875001 0.102230034375 0.8975184796875 0.10750707343749999 0.8631088015625 0.08784610468750001 0.8819098953125 0.06677008125 0.895756453125 0.043018078125 0.9047667234375
0 0.1285638453125 0.7237791671875 0.1476318140625 0.727078328125 0.16533610468749999 0.7271138796875001 0.1802616515625 0.7189312921875 0.18816329062499998 0.6876669796875 0.16147841406250002 0.6833863484375 0.1413550390625 0.686969125 0.1300067359375 0.6880332921875 0.12557959375 0.7087973390625 0.1285638453125 0.7237791671875
0 0.11089168281249999 0.5999514687499999 0.131967709375 0.5861049109375001 0.14931234843750002 0.5743039953125 0.1552059296875 0.5601854015625001 0.1595303171875 0.5360395046875001 0.13431187656250002 0.5384043234375 0.11308171250000001 0.5471781140624999 0.10093490000000001 0.5635788390625 0.1002905234375 0.5839881609375001 0.11089168281249999 0.5999514687499999
0 0.3630204375 0.6577041046875001 0.3365410734375 0.6601871671875 0.3283311625 0.6813059375 0.3215876859375 0.7090701562499999 0.3245205625 0.7223610625 0.349739003125 0.7199962453125 0.378945728125 0.7240404015624999 0.3943336859375 0.7310761296875 0.4103660234375 0.7177025359375 0.4110617828125 0.6989841296875 0.41391973281250005 0.6681927812499999 0.38718347343750004 0.6622212234375 0.3630204375 0.6577041046875001
0 0.25843453437499997 0.7946920984375 0.253647740625 0.8036196828125 0.260774403125 0.8300832546875 0.29991437187500003 0.8281087078124999 0.31939336875 0.8449352546875 0.3421413453125 0.8444978437499999 0.328710065625 0.8186254734375 0.32376913125 0.8224802812500001 0.33233869375 0.8131979796875 0.3078160109375 0.7968443953125 0.2887480421875 0.7935452390625 0.25843453437499997 0.7946920984375