0 0.6064453249999999 0.5315211203125 0.5473874234375 0.5354583140625 0.5482688828125 0.5925476203125 0.6055638625 0.5886104265625 0.6064453249999999 0.5315211203125
0 0.6055638625 0.639793940625 0.5544391140625 0.6456997328125 0.55355765 0.6968832468749999 0.6064453249999999 0.7067262328125 0.6055638625 0.639793940625
0 0.71045775 0.5374269140625 0.6751993015625 0.5453013 0.669910534375 0.5945162203125001 0.7148650562500001 0.5846732328125 0.71045775 0.5374269140625
0 0.712220671875 0.6260137671875 0.6681476125 0.639793940625 0.6646217671875 0.6870402671875 0.71398359375 0.6752286796875 0.712220671875 0.6260137671875
0 0.703406059375 0.72247500625 0.661095921875 0.7342865859375001 0.6637403046875 0.7657841328125 0.7051689828125001 0.757909746875 0.703406059375 0.72247500625
0 0.5420986562500001 0.759878340625 0.48656659687500003 0.7657841328125 0.48656659687500003 0.8248420328125 0.5429801171874999 0.818936246875 0.5420986562500001 0.759878340625
0 0.6073267875 0.79137589375 0.5570834953125 0.8031874734375 0.5544391140625 0.85240239375 0.6082082484375 0.8366536140624999 0.6073267875 0.79137589375
0 0.5465059609375 0.818936246875 0.48832951874999997 0.8346850203124999 0.48921098281250003 0.881931340625 0.5482688828125 0.8661825671875001 0.5465059609375 0.818936246875
0 0.6029194812500001 0.694914653125 0.55355765 0.7047576328125 0.551794728125 0.750035359375 0.6011565578125 0.7460981671875 0.6029194812500001 0.694914653125
0 0.6029194812500001 0.7382237796875 0.551794728125 0.748066759375 0.55355765 0.7933444859375001 0.6011565578125 0.7795643140624999 0.6029194812500001 0.7382237796875
0 0.6549256921875 0.5846732328125 0.614378478125 0.5925476203125 0.6134970156249999 0.639793940625 0.657570078125 0.627982359375 0.6549256921875 0.5846732328125
0 0.6522813109375 0.6850716671875 0.6090897109375 0.689008859375 0.6073267875 0.73034939375 0.6522813109375 0.72247500625 0.6522813109375 0.6850716671875
0 0.6584515375 0.7677527328125 0.6099711703125 0.7775957140624999 0.6108526328125 0.8346850203124999 0.6619773828125 0.818936246875 0.6584515375 0.7677527328125
0 0.798603875 0.5256153328125001 0.7624639640625 0.5295525265625 0.7607010421875 0.572861653125 0.798603875 0.570893053125 0.798603875 0.5256153328125001
0 0.75805665625 0.6161707796875 0.7968409515625 0.6181393796875 0.7959594890624999 0.5748302468750001 0.7624639640625 0.578767440625 0.7607010421875 0.580736040625 0.75805665625 0.6161707796875
0 0.7941965671875 0.6496369265624999 0.75893811875 0.6516055203125 0.755412271875 0.702789040625 0.790670721875 0.6968832468749999 0.7941965671875 0.6496369265624999
0 0.75805665625 0.5295525265625 0.7175094390625001 0.53939550625 0.7157465171874999 0.572861653125 0.755412271875 0.572861653125 0.75805665625 0.5295525265625
0 0.755412271875 0.66735429375 0.7166279796875 0.6752286796875 0.71045775 0.7086948265624999 0.7545308125 0.7086948265624999 0.755412271875 0.66735429375
0 0.755412271875 0.7086948265624999 0.7113392125 0.7165692140625 0.712220671875 0.753972553125 0.7501235046875 0.757909746875 0.755412271875 0.7086948265624999
0 0.7113392125 0.763815540625 0.6663846890625 0.7756271203125 0.661095921875 0.814999053125 0.712220671875 0.7992502796875 0.7113392125 0.763815540625
0 0.7941965671875 0.698851846875 0.7615825015625 0.702789040625 0.75717519375 0.7460981671875 0.790670721875 0.7421609734375 0.7941965671875 0.698851846875
0 0.660214459375 0.7264122000000001 0.6082082484375 0.7342865859375001 0.604682403125 0.7775957140624999 0.660214459375 0.7736585203125 0.660214459375 0.7264122000000001
0 0.661095921875 0.6358567468749999 0.6117340921875 0.6358567468749999 0.6090897109375 0.6831030734375 0.660214459375 0.6831030734375 0.661095921875 0.6358567468749999
0 0.660214459375 0.53939550625 0.614378478125 0.5433327 0.6134970156249999 0.5945162203125001 0.656688615625 0.5964848140625 0.660214459375 0.53939550625
0 0.71398359375 0.6358567468749999 0.71398359375 0.5866418265625 0.6715167515625 0.5961260937499999 0.66726615 0.639793940625 0.71398359375 0.6358567468749999
0 0.55091326875 0.6456997328125 0.6055638625 0.6476683265625 0.604682403125 0.5925476203125 0.55355765 0.5945162203125001 0.552676190625 0.60239060625 0.55091326875 0.6456997328125
0 0.8003667968749999 0.48821199374999996 0.765108346875 0.49411777968750004 0.7633454234375 0.5334897203125 0.8003667968749999 0.5295525265625 0.8003667968749999 0.48821199374999996
0 0.7545308125 0.570893053125 0.7201538234375 0.5827046328125001 0.7183909015625 0.6220765734375 0.756293734375 0.6240451671875 0.7545308125 0.570893053125
0 0.75717519375 0.627982359375 0.7183909015625 0.627982359375 0.7175094390625001 0.6712914859375 0.755412271875 0.6653857000000001 0.75717519375 0.627982359375
0 0.8331221281250001 0.6834643406249999 0.801653871875 0.68697829375 0.8000804562500001 0.73441669375 0.8323354203125 0.7291457593749999 0.8331221281250001 0.6834643406249999
0 0.8315487171875 0.6395398937500001 0.8000804562500001 0.6395398937500001 0.7961469250000001 0.68697829375 0.8315487171875 0.6887352734375 0.8315487171875 0.6395398937500001
0 0.8323354203125 0.59912940625 0.8032272828125 0.6008863859375 0.8008671640625 0.6395398937500001 0.8339088359375 0.6412968734375 0.8323354203125 0.59912940625
0 0.8346955406250001 0.5183084328125 0.8008671640625 0.5218223859375 0.801653871875 0.56750380625 0.8315487171875 0.56750380625 0.8346955406250001 0.5183084328125
0 0.32726988281249997 0.11771750624999999 0.2627599515625 0.0685221328125 0.2517460625 0.1159605328125 0.316255990625 0.15988497343750002 0.32726988281249997 0.11771750624999999
0 0.31232245937499997 0.15988497343750002 0.23837205312499998 0.13001635312499998 0.2312916953125 0.193267553125 0.31232245937499997 0.2196222203125 0.31232245937499997 0.15988497343750002
0 0.30838892812499996 0.2828734140625 0.2328651078125 0.25827572656250003 0.22893157656250002 0.3373397265625 0.3068155140625 0.34788159375 0.30838892812499996 0.2828734140625
0 0.31232245937499997 0.2266501265625 0.23443852187499997 0.200295459375 0.2297182828125 0.263546659375 0.3091756328125 0.2828734140625 0.31232245937499997 0.2266501265625
0 0.3028819828125 0.5303613 0.22657145625 0.5409031671875 0.2249980453125 0.5988834328125 0.306028809375 0.5936125 0.3028819828125 0.5303613
0 0.39413993125 0.226404153125 0.3170426984375 0.2211332203125 0.3146825796875 0.289655346875 0.3917798125 0.2914123265625 0.39413993125 0.226404153125
0 0.387846278125 0.30195419375 0.32018952500000003 0.2914123265625 0.3154692859375 0.344121659375 0.384699453125 0.352906546875 0.387846278125 0.30195419375
0 0.3870595734375 0.3581774796875 0.31310916718750004 0.3511495734375 0.31310916718750004 0.40561587968749996 0.384699453125 0.41791472656249995 0.3870595734375 0.3581774796875
0 0.383912746875 0.4108868140625 0.31782940625 0.4196717 0.3146825796875 0.4758949859375 0.3854861578125 0.4758949859375 0.383912746875 0.4108868140625
0 0.3831260421875 0.47765196718749997 0.3115357515625 0.47765196718749997 0.313895871875 0.5321182796875 0.383912746875 0.5321182796875 0.3831260421875 0.47765196718749997
0 0.3870595734375 0.5321182796875 0.313895871875 0.5391461859375 0.3154692859375 0.5988834328125 0.382339334375 0.590098540625 0.3870595734375 0.5321182796875
0 0.380765921875 0.5918555203125 0.3146825796875 0.6041543671875 0.3146825796875 0.6463218265624999 0.3831260421875 0.644564853125 0.380765921875 0.5918555203125
0 0.380765921875 0.64105089375 0.3170426984375 0.65686369375 0.316255990625 0.71133000625 0.3815526265625 0.70430209375 0.380765921875 0.64105089375
0 0.3815526265625 0.699031159375 0.313895871875 0.714843959375 0.316255990625 0.762282359375 0.3815526265625 0.7499835140625 0.3815526265625 0.699031159375
0 0.37525897656249996 0.7517404937500001 0.3091756328125 0.764039340625 0.313895871875 0.8167486671875 0.3736855640625 0.8062068 0.37525897656249996 0.7517404937500001
0 0.37447226875 0.8079637796875 0.3107490484375 0.818505646875 0.309962340625 0.8624300937499999 0.37525897656249996 0.8589161328125 0.37447226875 0.8079637796875
0 0.38627286562499996 0.159639 0.3186161109375 0.1526110859375 0.3154692859375 0.2053204203125 0.387846278125 0.2123483265625 0.38627286562499996 0.159639
0 0.39650005 0.10692966718750001 0.3414306 0.0823319734375 0.331990121875 0.1385552671875 0.39571334375 0.1613959734375 0.39650005 0.10692966718750001
0 0.511359190625 0.06500817343750001 0.460223271875 0.0491953734375 0.45628974062500005 0.0948768 0.5082123640625 0.11068960000000001 0.511359190625 0.06500817343750001
0 0.462583390625 0.35842345937500003 0.3988601703125 0.3531525265625 0.39728675468749997 0.41816069999999994 0.4594365671875 0.4251886140625 0.462583390625 0.35842345937500003
0 0.46179668593749995 0.41991767968750005 0.39650005 0.42343163281249996 0.399646875 0.4726270140625 0.46179668593749995 0.4761409671875 0.46179668593749995 0.41991767968750005
0 0.4578631515625 0.532364253125 0.39650005 0.5393921671874999 0.39571334375 0.586830559375 0.4578631515625 0.58331660625 0.4578631515625 0.532364253125
0 0.45392962031249995 0.5815596328125 0.3933532234375 0.5903445203125 0.39099310468750004 0.64656780625 0.45392962031249995 0.6377829203125 0.45392962031249995 0.5815596328125
0 0.45314291406249996 0.643053853125 0.3933532234375 0.643053853125 0.3925665171875 0.699277140625 0.4515695015625 0.6922492265625 0.45314291406249996 0.643053853125
0 0.45471632812499996 0.7432015796875 0.3917798125 0.7432015796875 0.3894196921875 0.8029388265625 0.45392962031249995 0.801181846875 0.45471632812499996 0.7432015796875
0 0.5609216984375001 0.23543501406249998 0.5207996687499999 0.202052440625 0.5097857796875 0.2459768796875 0.5569881640625 0.2740885265625 0.5609216984375001 0.23543501406249998
0 0.5491211015624999 0.3180129671875 0.5074256593750001 0.30395714687500003 0.5042788328125 0.3461246140625 0.5451875703125 0.3566664796875 0.5491211015624999 0.3180129671875
0 0.5719355875 0.13001635312499998 0.5294534390625001 0.10190470625 0.5207996687499999 0.145829153125 0.5656419374999999 0.17569777343749998 0.5719355875 0.13001635312499998
0 0.56721535 0.186239640625 0.52237308125 0.152857059375 0.5160794296875 0.1950245265625 0.560134990625 0.2266501265625 0.56721535 0.186239640625
0 0.6136310296875 0.0685221328125 0.5742957078125001 0.0368965328125 0.5687887609375 0.0843349328125 0.6120576171875001 0.10893262031249999 0.6136310296875 0.0685221328125
0 0.6222848 0.1265024 0.579015946875 0.107175640625 0.5750824156250001 0.154614040625 0.6159911499999999 0.17218382031249999 0.6222848 0.1265024
0 0.6152044421875 0.177454753125 0.5742957078125001 0.16515590625 0.56957546875 0.209080353125 0.608910790625 0.22489315312499997 0.6152044421875 0.177454753125
0 0.6057639640625 0.2266501265625 0.56721535 0.2196222203125 0.5648552296875 0.26003270624999997 0.6041905515625 0.26881759375000003 0.6057639640625 0.2266501265625
0 0.5963234859375001 0.3180129671875 0.5569881640625 0.312742040625 0.556201459375 0.36369439375 0.5955367828125 0.3707223 0.5963234859375001 0.3180129671875
0 0.64745940625 0.310985059375 0.608910790625 0.31625599375 0.6057639640625 0.36369439375 0.64745940625 0.3724792796875 0.64745940625 0.310985059375
0 0.6498195250000001 0.25827572656250003 0.6081240828125 0.25827572656250003 0.608910790625 0.312742040625 0.6490328203125 0.312742040625 0.6498195250000001 0.25827572656250003
0 0.655326471875 0.2073233734375 0.6136310296875 0.209080353125 0.610484203125 0.256518746875 0.653753059375 0.25827572656250003 0.655326471875 0.2073233734375
0 0.653753059375 0.16164195312500002 0.6222848 0.154614040625 0.6214980953125 0.209080353125 0.6545397640624999 0.2073233734375 0.653753059375 0.16164195312500002
0 0.6018304328124999 0.2670606140625 0.5624951109375 0.265303640625 0.5593482828125 0.3092280796875 0.601043725 0.31625599375 0.6018304328124999 0.2670606140625
0 0.5569881640625 0.26881759375000003 0.511359190625 0.256518746875 0.5105724828125 0.30571412656249997 0.552267925 0.31625599375 0.5569881640625 0.26881759375000003
0 0.73714394375 0.07027910625 0.6993820328125 0.0685221328125 0.69623520625 0.122988440625 0.7379306484375 0.13001635312499998 0.73714394375 0.07027910625
0 0.6906676421875 0.28906525312500003 0.65586234375 0.2866361328125 0.6515116812499999 0.3352185328125 0.6917553078124999 0.337647653125 0.6906676421875 0.28906525312500003
0 0.7567807578125 0.247021 0.7243472984375 0.24330639999999998 0.7264263671875 0.2897389203125 0.75553331875 0.2925248734375 0.7567807578125 0.247021
0 0.76136474375 0.170265146875 0.7329025109375 0.1589141328125 0.7278199671875 0.20658837968750002 0.7552656921875001 0.2156691859375 0.76136474375 0.170265146875
0 0.6891926500000001 0.34280049375 0.6495488265625 0.33826009375 0.6495488265625 0.3836641265625 0.6891926500000001 0.38139392656250004 0.6891926500000001 0.34280049375
0 0.723753934375 0.3655025140625 0.6922421765625 0.37231312031249997 0.6932586828125 0.41090655312499996 0.7227374265625001 0.413176753125 0.723753934375 0.3655025140625
0 0.76043400625 0.33718325937500004 0.7290060171875 0.335807 0.72777355 0.379847259375 0.7610502390625 0.3812235203125 0.76043400625 0.33718325937500004
0 0.6599876984375 0.061931620312500005 0.624246065625 0.039911485937500005 0.6180837171875 0.08670426718749999 0.6593714625 0.10597187968749999 0.6599876984375 0.061931620312500005
0 0.6932643875 0.1568934328125 0.65813899375 0.15414092031249998 0.656906521875 0.192676146875 0.6907994484375 0.19405240625 0.6932643875 0.1568934328125
0 0.7246225609375 0.26626607343750003 0.6946381828125 0.25829403281249996 0.6910686125 0.304531853125 0.7217669078125 0.3172871140625 0.7246225609375 0.26626607343750003
0 0.6882129546875 0.2359723265625 0.6560868328125 0.2343779203125 0.6525172625 0.28539895937500004 0.686071215625 0.2885877796875 0.6882129546875 0.2359723265625
0 0.7603182562499999 0.2901821859375 0.723194734375 0.2885877796875 0.7274782171874999 0.3348256 0.7581765140625001 0.3412032265625 0.7603182562499999 0.2901821859375
0 0.13134328281250002 0.264 0.1802985078125 0.2693333328125 0.220895521875 0.264 0.2232835828125 0.2133333328125 0.17791044843749998 0.20800000000000002 0.1349253734375 0.2 0.13134328281250002 0.264
0 0.1325373140625 0.33599999999999997 0.183880596875 0.344 0.22208955156250001 0.344 0.2197014921875 0.288 0.17791044843749998 0.27999999999999997 0.1373134328125 0.2746666671875 0.1325373140625 0.33599999999999997
0 0.13373134375 0.40533333281250006 0.1802985078125 0.40800000000000003 0.21492537343749998 0.40533333281250006 0.21253731406249998 0.352 0.1719402984375 0.3413333328125 0.1325373140625 0.3493333328125 0.13373134375 0.40533333281250006
0 0.1349253734375 0.4773333328125 0.1743283578125 0.4773333328125 0.2173134328125 0.47466666718750006 0.2173134328125 0.4186666671875 0.1695522390625 0.41600000000000004 0.130149253125 0.4186666671875 0.1349253734375 0.4773333328125
0 0.15522388125 0.48 0.12895522343750002 0.4773333328125 0.1265671640625 0.5386666671875 0.15402985 0.5386666671875 0.1826865671875 0.5386666671875 0.21492537343749998 0.5306666671875 0.21492537343749998 0.4773333328125 0.183880596875 0.48266666718750006 0.15522388125 0.48
0 0.16597014999999998 0.5466666671875 0.1373134328125 0.5493333328125 0.1325373140625 0.6133333328125 0.15402985 0.616 0.1850746265625 0.608 0.2185074625 0.5946666671874999 0.216119403125 0.5413333328125 0.1958208953125 0.544 0.16597014999999998 0.5466666671875
0 0.15880597031250002 0.616 0.130149253125 0.6213333328124999 0.13373134375 0.6639999999999999 0.16 0.6666666671875 0.18626865625 0.6693333328125 0.21253731406249998 0.6559999999999999 0.21253731406249998 0.6053333328125 0.183880596875 0.6186666671875 0.15880597031250002 0.616
0 0.130149253125 0.6799999999999999 0.130149253125 0.736 0.1802985078125 0.728 0.21373134375 0.7173333328125 0.21253731406249998 0.6639999999999999 0.18626865625 0.6719999999999999 0.15880597031250002 0.6719999999999999 0.130149253125 0.6799999999999999
0 0.15880597031250002 0.7386666671875 0.130149253125 0.744 0.13373134375 0.792 0.14805970156249998 0.7973333328125001 0.1814925375 0.792 0.21373134375 0.7786666671875 0.21253731406249998 0.728 0.194626865625 0.7333333328125 0.15880597031250002 0.7386666671875
0 0.16 0.8026666671875 0.1265671640625 0.8026666671875 0.13134328281250002 0.8640000000000001 0.1456716421875 0.8666666671875 0.1814925375 0.8533333328125 0.21373134375 0.8480000000000001 0.21253731406249998 0.784 0.1886567171875 0.7946666671875 0.16 0.8026666671875
0 0.23044776093750002 0.6586666671875 0.2614925375 0.6559999999999999 0.2997014921875 0.648 0.3032835828125 0.5893333328125 0.2602985078125 0.6 0.22925373124999998 0.6 0.23044776093750002 0.6586666671875
0 0.23044776093750002 0.72 0.2686567171875 0.7146666671874999 0.3020895515625 0.7066666671874999 0.3020895515625 0.6533333328125 0.2614925375 0.6586666671875 0.23044776093750002 0.6613333328125 0.23044776093750002 0.72
0 0.23522388125 0.7813333328125001 0.269850746875 0.7733333328125 0.300895521875 0.768 0.2973134328125 0.712 0.263880596875 0.7173333328125 0.23402984999999998 0.7253333328125 0.23522388125 0.7813333328125001
0 0.22567164218750002 0.8453333328125 0.2614925375 0.8453333328125 0.29611940312499996 0.8240000000000001 0.2913432828125 0.768 0.253134328125 0.776 0.22805970156250002 0.7893333328125001 0.22567164218750002 0.8453333328125
0 0.22567164218750002 0.5386666671875 0.2650746265625 0.5386666671875 0.3032835828125 0.5306666671875 0.2973134328125 0.472 0.2555223875 0.4773333328125 0.2232835828125 0.4693333328125 0.22567164218750002 0.5386666671875
0 0.220895521875 0.41333333281250006 0.2602985078125 0.41600000000000004 0.3020895515625 0.4186666671875 0.3056716421875 0.3573333328125 0.2674626859375 0.3573333328125 0.22925373124999998 0.3466666671875 0.220895521875 0.41333333281250006
0 0.22567164218750002 0.47466666718750006 0.2602985078125 0.47466666718750006 0.2997014921875 0.48 0.2949253734375 0.41333333281250006 0.259104478125 0.42133333281249996 0.22925373124999998 0.41600000000000004 0.22567164218750002 0.47466666718750006
0 0.4656716421875 0.10933333281249999 0.41074626875 0.10933333281249999 0.4071641796875 0.1546666671875 0.46925373125 0.1573333328125 0.4656716421875 0.10933333281249999
0 0.43582089531249996 0.1786666671875 0.41074626875 0.17333333281250002 0.40835820937499995 0.1813333328125 0.4071641796875 0.2186666671875 0.423880596875 0.2266666671875 0.4549253734375 0.23733333281250002 0.46925373125 0.2186666671875 0.4573134328125 0.1813333328125 0.43582089531249996 0.1786666671875
0 0.40238805937500005 0.2906666671875 0.4011940296875 0.352 0.42865671718750004 0.3546666671875 0.45850746249999996 0.36 0.4620895515625 0.304 0.44537313437500003 0.30133333281249997 0.4214925375 0.29333333281249996 0.40238805937500005 0.2906666671875
0 0.4573134328125 0.4773333328125 0.39522388125 0.4773333328125 0.397611940625 0.5333333328125 0.45611940312500004 0.5306666671875 0.4573134328125 0.4773333328125
0 0.4597014921875 0.568 0.48716417968750003 0.6026666671875 0.5456716421875 0.5946666671874999 0.5444776124999999 0.5413333328125 0.49910447812500003 0.4853333328125 0.4632835828125 0.4933333328125 0.4597014921875 0.568
0 0.45611940312500004 0.624 0.493134328125 0.6693333328125 0.5504477609375 0.6506666671875 0.5480597015625001 0.6026666671875 0.4955223875 0.608 0.4632835828125 0.5813333328125 0.45611940312500004 0.624
0 0.45611940312500004 0.6426666671875 0.46089552187500005 0.688 0.49074626875 0.72 0.546865671875 0.704 0.5456716421875 0.6559999999999999 0.49074626875 0.6693333328125 0.47522388125 0.6559999999999999 0.45611940312500004 0.6426666671875
0 0.546865671875 0.40800000000000003 0.4955223875 0.40533333281250006 0.4967164171875 0.44266666718750003 0.5444776124999999 0.4453333328125 0.546865671875 0.40800000000000003
0 0.5982089546875 0.3653333328125 0.55522388125 0.36 0.54925373125 0.41600000000000004 0.5958208953125 0.41600000000000004 0.5982089546875 0.3653333328125
0 0.5671641796875 0.0773333328125 0.5265671640625 0.048 0.517014925 0.088 0.56477611875 0.10933333281249999 0.5671641796875 0.0773333328125
0 0.6471641796875 0.37066666718749997 0.60776119375 0.37066666718749997 0.60776119375 0.41333333281250006 0.6447761187500001 0.4106666671875 0.6471641796875 0.37066666718749997
0 0.5611940296875 0.48 0.6137313437499999 0.536 0.6650746265625 0.5333333328125 0.6650746265625 0.49066666718749996 0.6065671640625 0.4453333328125 0.5611940296875 0.44266666718750003 0.5611940296875 0.48
0 0.67223880625 0.504 0.67223880625 0.5413333328125 0.72 0.528 0.7188059703125 0.49066666718749996 0.66626865625 0.44800000000000006 0.6364179109375 0.45866666718750004 0.67223880625 0.504
0 0.7211940296875 0.496 0.72477611875 0.528 0.7605970156249999 0.5253333328124999 0.7617910453125 0.4853333328125 0.7104477609375001 0.44000000000000006 0.6841791046875 0.45066666718750004 0.7211940296875 0.496
0 0.8453731343750001 0.48 0.8417910453124999 0.4373333328125 0.7749253734375 0.3973333328125 0.739104478125 0.4186666671875 0.8011940296875 0.4853333328125 0.8453731343750001 0.48
0 0.406168 0.232953940625 0.405114384375 0.283544946875 0.4256598484375 0.29295723281249997 0.45252699375 0.2941337671875 0.4514733796875 0.240013153125 0.44304447187499996 0.240013153125 0.4246062359375 0.232953940625 0.406168 0.232953940625
0 0.45621463906250004 0.3058991140625 0.4751796828125 0.3129583265625 0.49941279375000003 0.31884100000000004 0.500993215625 0.2658969265625 0.47886733125000003 0.2611907859375 0.46200951406249996 0.2517785 0.45621463906250004 0.3058991140625