0 0.780332959375 0.26838789687500003 0.92521579375 0.3006337515625 0.9956371546874999 0.27993920625 0.9961292593750001 0.2518528125 0.9416720406250001 0.2234413328125 0.780332959375 0.26838789687500003
0 0.9972604140625 0.18729266093750002 0.95241529375 0.17522086718750002 0.8027531953124999 0.2110392640625 0.8383764890625001 0.22760875625 0.9456781609375 0.21877802656249998 0.996510534375 0.230091534375 0.9972604140625 0.18729266093750002
0 0.9980497640625 0.1422405875 0.9519936203125001 0.128835984375 0.808978253125 0.1747747015625 0.840936815625 0.1911457671875 0.9374149421875 0.17928888125 0.9971082234375 0.1959785375 0.9980497640625 0.1422405875
0 0.9992194375000001 0.0754822859375 0.9674257468749999 0.066228759375 0.8219404484374999 0.09495298125 0.8668510984375001 0.1364264234375 0.953017753125 0.1142507859375 0.99808879375 0.14001321718749998 0.9992194375000001 0.0754822859375
0 0.7353819015624999 0.6466108515625 0.741094896875 0.6176388890625 0.59816993125 0.6099001296875 0.5037400578125 0.59258661875 0.5010090453125 0.6314804765625001 0.5952682296875 0.651224846875 0.7353819015624999 0.6466108515625
0 0.732148925 0.587873209375 0.7382033046875 0.554039515625 0.5917842765625 0.54367145 0.5120133796874999 0.5271516640625 0.5207886609375 0.5593482171875 0.5857299078125 0.5775051484375 0.732148925 0.587873209375
0 0.7294280234375 0.521842965625 0.7434946375 0.47868266718749997 0.6075577765625 0.4762024921875 0.512786528125 0.4637507171875 0.499744040625 0.492325825 0.5938325343749999 0.5145010609375 0.7294280234375 0.521842965625
0 0.7596897984375001 0.4575985921875 0.762762184375 0.41384300312500005 0.61216635625 0.4105691109375 0.52105985 0.3983157671875 0.51534685 0.42728772968750006 0.587617575 0.44584151875 0.7596897984375001 0.4575985921875
0 0.38977550625 0.5664695578125001 0.2807321546875 0.5382489421875001 0.28571829375 0.5630669578124999 0.3859142015625 0.5975034421875 0.38977550625 0.5664695578125001
0 0.38845323593750003 0.537386653125 0.2746165625 0.5055590375000001 0.27952465000000004 0.5314886453125001 0.3782008453125 0.5636112015625 0.38845323593750003 0.537386653125
0 0.3976955578125 0.477632809375 0.28787167187499996 0.4605281328125 0.2859984078125 0.48720638125000004 0.395041759375 0.515426996875 0.3976955578125 0.477632809375
0 0.39356800000000003 0.44058727500000006 0.2852638390625 0.425796515625 0.283546678125 0.4502515765625 0.39578556875 0.4808768546875 0.39356800000000003 0.44058727500000006
0 0.41321419531250003 0.4003656953125 0.289905671875 0.3836466953125 0.2862785234375 0.41134579843749997 0.40257154531249995 0.43214821406250004 0.41321419531250003 0.4003656953125
0 0.5491305578125 0.21357233281250002 0.49203314374999996 0.2361446109375 0.5516190062499999 0.2739613359375 0.5968295453125 0.252977071875 0.5491305578125 0.21357233281250002
0 0.5440709890625001 0.1418859078125 0.4753989015625 0.1615998328125 0.510471828125 0.1891627328125 0.56063179375 0.169562278125 0.5440709890625001 0.1418859078125
0 0.6610711031250001 0.10470398125 0.5722110796875 0.1244406375 0.6216639421875 0.1628245265625 0.68491829375 0.148396359375 0.6610711031250001 0.10470398125
0 0.5556502765625 0.09676426406250001 0.471661615625 0.1189963203125 0.5067345343749999 0.14655922187499998 0.580356040625 0.12822910625 0.5556502765625 0.09676426406250001
0 0.663176178125 0.0239962140625 0.653092246875 0.023450209375 0.5898738625 0.0405946953125 0.6128257406250001 0.0730803890625 0.677833965625 0.0576313703125 0.663176178125 0.0239962140625
0 0.5375743734375 0.01879396875 0.46819981562499996 0.048512229687500005 0.5014408109375 0.0782075796875 0.5738548046874999 0.0531171671875 0.5375743734375 0.01879396875
0 0.6645834765624999 0.0546822703125 0.561536328125 0.08480895000000001 0.584332115625 0.11951783593750001 0.67775129375 0.10672296249999999 0.6645834765624999 0.0546822703125
0 0.992459 0.46133093125 0.8378921500000001 0.44842875937500004 0.8408997703125 0.48607598125000007 0.9918169484374999 0.4979756109375 0.992459 0.46133093125
0 0.7865257015625 0.455643328125 0.7881400515625 0.459479171875 0.8975925921875 0.4566591953125 0.9055821500000001 0.42335586249999996 0.7546704015625 0.4264299578125 0.7865257015625 0.455643328125
0 0.27268640781250003 0.5302784421875 0.155599103125 0.507695446875 0.161095103125 0.5367310453125 0.268712184375 0.5600507515625 0.27268640781250003 0.5302784421875
0 0.2614322015625 0.47594148125 0.15892039062500002 0.4603950796875 0.1611002765625 0.4830037328125 0.25780758593750003 0.5007348015625 0.2614322015625 0.47594148125
0 0.2785886546875 0.419394396875 0.16385603437500001 0.41693056093749997 0.162195396875 0.44058074375 0.26872253437500004 0.45259611875 0.2785886546875 0.419394396875
0 0.27021355156250004 0.3777081109375 0.1666529140625 0.37709866718749996 0.1779534140625 0.40394959999999996 0.271956425 0.40654049687500005 0.27021355156250004 0.3777081109375
0 0.30190956875 0.24822901874999997 0.213145528125 0.2246806484375 0.18486337343749998 0.251887309375 0.26594635625 0.27751874375 0.30190956875 0.24822901874999997
0 0.19922813281250001 0.18144479375 0.214334115625 0.20043695781249998 0.22515042031250002 0.187846290625 0.347343 0.2182025875 0.3568595109375 0.189979846875 0.2363686890625 0.16221465625 0.19922813281250001 0.18144479375
0 0.3778102125 0.1598772671875 0.39985085625 0.1410790078125 0.22921721874999998 0.10310192031250001 0.1901126953125 0.1234752015625 0.19587089687499998 0.148776565625 0.2383789421875 0.13358548125 0.3778102125 0.1598772671875
0 0.3553840171875 0.1036859078125 0.383840971875 0.0739897515625 0.2523529765625 0.041880671875 0.201377253125 0.07035753125000001 0.20168056875 0.0928645765625 0.2410473046875 0.068757053125 0.3553840171875 0.1036859078125
0 0.9870390984374999 0.5951024312500001 0.9889590171875 0.5677598390624999 0.8515932296875001 0.5642906875 0.834998828125 0.6196000578125 0.9767910687500001 0.6216567015625001 0.9870390984374999 0.5951024312500001
0 0.812674534375 0.5453210421875 0.989958034375 0.5535322093749999 0.991137971875 0.536728140625 0.9913546265625 0.5243625 0.776456034375 0.5180664203124999 0.812674534375 0.5453210421875