0 0 0.4213010546875 0.0212381953125 0.4150330828125 0.1103397875 0.3803715828125 0.17922066875 0.3532161921875 0.23604404375 0.3155811484375 0.222757709375 0.25729214218749996 0.17297986406250002 0.25582944531249996 0.1115541171875 0.25982354375 0.029255190625 0.27949690625 0 0.3006946203125 0 0.4213010546875
0 0.1272775625 0.4912356203125 0.1872871953125 0.47689046093750004 0.2646853046875 0.43433707187500004 0.3132899046875 0.4013391046875 0.347004775 0.3371593578125 0.32561082343750003 0.310204796875 0.261873621875 0.3361305984375 0.22817929375 0.3228059890625 0.17443101875 0.35703354374999996 0.11654555468750001 0.386905296875 0.0513922390625 0.40248003906249996 0.0478314078125 0.45410674687499997 0.0802207828125 0.4837776640625 0.1272775625 0.4912356203125
0 0 0.576430703125 0.0686079234375 0.58008750625 0.13588540468750002 0.5800393515625 0.2172889890625 0.5926487578125 0.24632536093750002 0.5589837359375001 0.3087020296875 0.5360555546875 0.31906551875 0.4694407140625 0.3004482171875 0.44983958749999997 0.251676871875 0.44279149375 0.20378033125 0.48096499374999996 0.1509273890625 0.48290979062500006 0.0792142796875 0.48936306093750004 0.0151230484375 0.5127011046875001 0 0.5615773015625 0 0.576430703125
0 0.2203991171875 0.6800943078125 0.293847334375 0.59572681875 0.29120239375 0.5375664125 0.21864952187500003 0.5896511265625 0.17714603281250002 0.59690005 0.09266735312499999 0.5876981265625 0.010666878125 0.596610571875 0.0096893234375 0.6658254390625 0.0130424265625 0.6903348953124999 0.0745502796875 0.6882351875 0.1236200703125 0.684522346875 0.2203991171875 0.6800943078125
0 0.1054474125 0.7717107140625 0.1734329515625 0.77683809375 0.2236204125 0.7942372421874999 0.2656096328125 0.7387691046875 0.3066479375 0.7022350546875 0.34733220625 0.66311323125 0.3839348828125 0.632984290625 0.37473014375 0.5657024015625 0.3011151875 0.6100238234375001 0.257654271875 0.6417922140625001 0.2053221 0.6863708296875 0.1682542359375 0.68721463125 0.11847638906249999 0.685751934375 0.10528066875 0.731664659375 0.1054474125 0.7717107140625
0 0.4581322390625 0.39878361562500003 0.4441934296875 0.34866776875 0.4225566140625 0.34582280781249997 0.3752569625 0.3624744671875 0.3434439453125 0.3887860609375 0.30104511093749997 0.428317746875 0.30913218750000004 0.4744876484375 0.3144426109375 0.5133041265625 0.3989974078125 0.4583503734375 0.42602077187500004 0.43585613125 0.4581322390625 0.39878361562500003
0 0.40684161406249997 0.528629890625 0.44445079062500004 0.49291555468750003 0.4315184859375 0.4372143125 0.377117728125 0.47961502187500005 0.3236678859375 0.5030816640625 0.296755684375 0.552273275 0.298824275 0.5544511765625 0.302718584375 0.5829165875 0.31211060625 0.6127401875 0.3736680625 0.5579391046875 0.40684161406249997 0.528629890625
0 0.34268875312499997 0.78448099375 0.390175684375 0.7303710390625 0.41956608749999996 0.6992937859375 0.451025084375 0.670394428125 0.4762783046875 0.6349613625 0.46304755468750003 0.59002104375 0.4424172390625 0.5815906984375 0.4013789375 0.618124753125 0.359632584375 0.6494832796875001 0.33342843437499997 0.7038504171875 0.3351429921875 0.7034405546875 0.33430323125 0.7490720109375 0.34268875312499997 0.78448099375
0 0.0346447875 0.8482369999999999 0.1051284234375 0.8599759890625001 0.1662557203125 0.8667428125000001 0.2397389703125 0.8732283687500001 0.2971036625 0.8007227968749999 0.3374894890625 0.7723619015625001 0.3224330109375 0.7011340609375 0.26844186406250004 0.7594712203125 0.22119779374999998 0.7894715718749999 0.17757013593749998 0.781193890625 0.12229457343750001 0.778373021875 0.054309032812500005 0.7732456421875 0.0482700109375 0.806758 0.030282915625 0.8163539671875 0.0346447875 0.8482369999999999
0 0.22333645937500002 0.9733555609375 0.2738223640625 0.9799937859375 0.3045177125 0.9325702140625 0.3414188375 0.8916803515625 0.3892042203125 0.8268094781249999 0.415519525 0.7991397140625 0.399754996875 0.722736346875 0.33855157343750003 0.7801251875 0.29277920156250004 0.8338252859375 0.2432236765625 0.8857573296875 0.1463334625 0.863488 0.1339013859375 0.9279249343749999 0.186511459375 0.9500897531250001 0.22333645937500002 0.9733555609375
0 0.4808045515625 0.7327579828124999 0.42741029375000006 0.7695733015624999 0.41244443750000004 0.8025471984375001 0.36808817656250004 0.8665983515625 0.3569610484375 0.914688971875 0.370136225 0.9462806046875001 0.4421683234375 0.8515620546875 0.4722667875 0.8256603359374999 0.4950973890625 0.7854616046875 0.4808045515625 0.7327579828124999
0 0.32637525 1 0.34553547500000004 0.9735405171875 0.370434665625 0.93551968125 0.3506441171875 0.881457890625 0.321010853125 0.936644753125 0.2580928671875 0.9944434609374999 0.193779315625 0.9643867578125 0.111313646875 0.9440140609375 0.127917940625 0.974785971875 0.18259660625000002 0.9991286921875 0.18298476875 1 0.32637525 1
0 0.3491494859375 0.2751815875 0.3337945625 0.21471467031249997 0.1494617421875 0.213348290625 0.10978397499999999 0.24688471406249998 0.23759186406250002 0.275125225 0.2765966109375 0.3272663125 0.3491494859375 0.2751815875
0 0.42906083125 0.3415956046875 0.41925919843750004 0.29583555 0.357666709375 0.25978359375000004 0.345421915625 0.2867622421875 0.344880603125 0.32163276406249997 0.350899084375 0.36562476875 0.42906083125 0.3415956046875
0 0.3836014 0.5528921765625 0.3920980765625 0.614998528125 0.44377777187499995 0.5785930718750001 0.46288080468750004 0.5499749828125 0.4417297203125 0.49891081249999997 0.3836014 0.5528921765625
0 0.5128109000000001 0.423126340625 0.45993741874999994 0.5025754890624999 0.45501606250000004 0.55719981875 0.4672403125 0.6077255390625 0.501642690625 0.62622568125 0.55794529375 0.5459568078125 0.5955544749999999 0.510242471875 0.5929095375 0.452082065625 0.5128109000000001 0.423126340625
0 0.5802140484375 0.6181329609375 0.5917507796875 0.585978790625 0.5774579453124999 0.5332751703125 0.5528016109375 0.5471863953125 0.5074944265625 0.6301716203125001 0.4779928640625 0.63455150625 0.47834689375000006 0.637139275 0.476500628125 0.688356115625 0.5276390109375 0.6868211875 0.55289223125 0.6513881203125 0.5802140484375 0.6181329609375
0 0.613665503125 0.6555671765625 0.62373054375 0.5997132578125 0.5996155296875 0.5787539500000001 0.5607569812500001 0.6441632796875 0.5318317687499999 0.70452568125 0.4930493421875 0.705779340625 0.48984254375 0.7599938078124999 0.5475407203125 0.7675803578125 0.57173185625 0.72438399375 0.591487371875 0.687592753125 0.613665503125 0.6555671765625
0 0.79150015 0.415299021875 0.705306915625 0.4065069671875 0.6623873125 0.40340482343749995 0.642277771875 0.4376083015625 0.6575771140625 0.48472652812500006 0.6887932390625 0.4799367859375 0.7354959921875001 0.4848069671875 0.774334 0.49690199375 0.797817084375 0.4485301046875 0.79150015 0.415299021875
0 0.640229728125 0.35792604375 0.61002010625 0.3571304015625 0.569280253125 0.382903528125 0.5419584375000001 0.4161586984375 0.5695025765625 0.4362982796875 0.59113939375 0.43914323125 0.6329969078125 0.4344820828125 0.6689471109375 0.41252630156250003 0.6801298203125 0.3777843625 0.640229728125 0.35792604375
0 0.5200110765625 0.9157981640624999 0.5317701359375 0.9370387421874999 0.5859280328125 0.9187476374999999 0.6260915296875 0.8369920000000001 0.611444665625 0.781700609375 0.5713367390624999 0.8768049390625 0.5213160296875 0.8994518578124999 0.5200110765625 0.9157981640624999
0 0.6375379 0.6764713687499999 0.658074959375 0.6529146265625 0.6705193828125 0.6327268234375001 0.683314021875 0.6081520609375 0.6835747390625 0.582270253125 0.6745021437500001 0.571529290625 0.647813565625 0.5779091375000001 0.6241355703125 0.5993478796875 0.6231744156250001 0.6340036203125 0.6084088234375 0.6719592796875 0.6077680546875001 0.6950631046875 0.60823760625 0.719335934375 0.6375379 0.6764713687499999
0 0.40381312812500003 1 0.41010934218750006 0.9885216874999999 0.4322393203125 0.9512710109375 0.44750254062500006 0.9080521640624999 0.42532095625000005 0.8859598578125001 0.37823832031250004 0.9398289234374999 0.338129103125 0.97833363125 0.3255125546875 1 0.40381312812500003 1
0 0.45450177187499996 1 0.45491910625000004 0.9991170546875001 0.473949790625 0.9686949828125 0.494391809375 0.9485890609375 0.5094850625 0.9114985609374999 0.5070339749999999 0.886211659375 0.49347041562499994 0.86814695625 0.462754059375 0.9089721203125001 0.42644395937499996 0.9678756921874999 0.41310498124999995 1 0.45450177187499996 1
0 0.6915419890625001 0.7386141312500001 0.6800063265625 0.691147978125 0.651614440625 0.72685168125 0.6150394234375 0.7690773359375 0.6200482609375 0.798318609375 0.6332718828125 0.8286400281249999 0.6513261171875 0.79845136875 0.6598491875 0.779672709375 0.67325448125 0.75972695625 0.6915419890625001 0.7386141312500001
0 0.7772977359375 0.34828513125 0.7844094703125 0.31919031875 0.7780209515625 0.28723499375 0.7420941437499999 0.2973451421875 0.7147537093749999 0.30388080781250004 0.6770439781250001 0.3083294390625 0.6706437609375 0.3205129125 0.6658565000000001 0.34448626875 0.6851087578125 0.3672788234375 0.711472746875 0.360976571875 0.7423157125000001 0.35055976875 0.7772977359375 0.34828513125
0 0.787082128125 0.3976918578125 0.7997125953124999 0.3794532578125 0.8049030921875 0.3584273734375 0.817161975 0.34484340625 0.8125880375 0.3261516875 0.7855875328125 0.3204306375 0.7733919593749999 0.349218796875 0.7300251796875 0.35654165937500004 0.715240209375 0.373773346875 0.721628725 0.40572868125 0.753108209375 0.4073351703125 0.787082128125 0.3976918578125
0 0.161038603125 1 0.13436301875 0.9882190328125 0.06519241249999999 0.9446819890624999 0.050701934375 0.9656064671875001 0.0554072609375 1 0.161038603125 1
0 0.766459559375 0.23396258749999999 0.79885651875 0.229097071875 0.812000225 0.218278028125 0.8213027421874999 0.20261940625000002 0.814263375 0.1697553234375 0.801782646875 0.162182840625 0.7538864125 0.17459195624999999 0.7229351625 0.1714348015625 0.7056487125 0.19380013125 0.7005887359375 0.22187946093750002 0.7027026249999999 0.2559209671875 0.7420864515625001 0.2417081875 0.766459559375 0.23396258749999999
0 0.7676119078125 0.23542690156249999 0.7609962171875 0.24368890625 0.763540625 0.262287225 0.7703537796875 0.27568976875 0.78622283125 0.2744015171875 0.8081891765625 0.2691505109375 0.8289733609375001 0.2633470390625 0.83952591875 0.24746339062499997 0.8468465249999999 0.228177 0.8597633968749999 0.2133983078125 0.851494728125 0.185312478125 0.842957228125 0.195704021875 0.8241122203125 0.203549159375 0.8183815375 0.2182801375 0.796653815625 0.229319571875 0.7676119078125 0.23542690156249999
0 0.6249814046875 0.4455549171875 0.59474125 0.438635796875 0.60286760625 0.4809056046875 0.5835284234375 0.5279724890625 0.5826280734375 0.5299562140625 0.5925551328124999 0.5682585828125 0.631651684375 0.52000573125 0.6565033234375 0.487537565625 0.644973059375 0.44608145 0.6249814046875 0.4455549171875
0 0.643630084375 0.52530913125 0.6692332796875 0.5514302140625 0.6910153421875 0.5301025328125 0.7232239890625001 0.5264333125 0.743922753125 0.5557418843749999 0.7559203640625001 0.5360881640625 0.7608535 0.5087127203125 0.7509608046875 0.4949568125 0.7324186109374999 0.4862911875 0.7048684 0.48985436250000003 0.6787026 0.48401868124999997 0.6591764234374999 0.48767882343749996 0.65146125 0.4995985765625 0.6418487125000001 0.522047346875 0.643630084375 0.52530913125
0 0.58790448125 0.3717201765625 0.615925728125 0.35696139531250004 0.6110499890625001 0.3359609171875 0.6077131 0.31156995 0.5836619562500001 0.31631176875 0.5653867124999999 0.30959742343749996 0.547975190625 0.3238350609375 0.5317439921875 0.3418207359375 0.5430839625 0.36127594531249996 0.548606121875 0.38212190156250003 0.5649630515624999 0.39433254375 0.58790448125 0.3717201765625
0 0.7153400875 0.6737470984375 0.7300114890625 0.6541192031249999 0.7345861109375 0.6338822796875 0.747339190625 0.61975068125 0.7559677390624999 0.60962768125 0.7552584484375 0.59468405 0.7496237640625 0.57789518125 0.7339970874999999 0.585660890625 0.71885465 0.6164843906249999 0.7081037015625 0.6452505656249999 0.6966434625 0.659073109375 0.70214466875 0.674886340625 0.7153400875 0.6737470984375
0 0.55821365 0.8642836375 0.586355775 0.8149210609375 0.596518146875 0.7798883234375 0.6024656625 0.73833926875 0.61040664375 0.7113614234375001 0.6041461625 0.6777465765625 0.5874953890625 0.7017905546875001 0.570564525 0.7359333296874999 0.534324940625 0.7746918015625 0.5069709078125 0.7812307203125 0.5097331796875 0.82571363125 0.5351980734375 0.8296581421875 0.55821365 0.8642836375
0 0.8037278265625 0.32205874687499997 0.8127733312500001 0.3346366265625 0.8308522578125 0.3284723734375 0.8425323562499999 0.320152709375 0.8510967687500001 0.30244395625 0.858742290625 0.2914036921875 0.857746771875 0.27966526875 0.8545927578124999 0.26107273124999997 0.8380620921874999 0.269630653125 0.831148834375 0.2860234453125 0.8170015921875 0.29861792343750004 0.790037521875 0.3022998359375 0.7895231 0.32084803906250003 0.8037278265625 0.32205874687499997
0 0.695276 0.63705123125 0.681566121875 0.623606846875 0.660525253125 0.654913571875 0.64712265 0.6784223578125 0.65274441875 0.7021610328125 0.656942121875 0.715490471875 0.6680954703124999 0.7044634390625 0.6911684890625 0.6822261875 0.6964581390625 0.6630455984375 0.695276 0.63705123125
0 0.7569658125000001 0.5797488734375 0.768239625 0.59059790625 0.7839364484375 0.5622201484375 0.795270940625 0.5496604828125 0.7847102718750001 0.520171890625 0.76329498125 0.5425289828125 0.7483625109375 0.564567653125 0.7569658125000001 0.5797488734375
0 0.6832676796875 0.2378345 0.69455095625 0.212974346875 0.7056967281250001 0.19307215312499998 0.7081529078125001 0.17524718749999998 0.671789003125 0.177783521875 0.64604645625 0.1863997640625 0.6358281546875 0.201155159375 0.6261248046875 0.2256376375 0.6374754453125 0.2549373953125 0.6570870078125 0.255174384375 0.675118646875 0.2557890609375 0.6832676796875 0.2378345
0 0.629277978125 0.14731368125 0.6092026765624999 0.1496500828125 0.5994481109375001 0.16183207187499998 0.58606995625 0.17734281875 0.608755084375 0.19408290625 0.6244424484375 0.20141434062500002 0.6412810703125 0.1813825546875 0.6510356390625 0.16920056562500002 0.6474471281249999 0.142970390625 0.629277978125 0.14731368125
0 0.674005246875 0.14031555 0.6520750078125 0.1529455609375 0.6544098203125001 0.1819379828125 0.67557570625 0.1756470546875 0.70624675 0.1732403015625 0.7321524187499999 0.165816346875 0.7382065703125 0.13851237968750002 0.7035601 0.1357130765625 0.674005246875 0.14031555
0 0.69749214375 0.5307059671875 0.6799801546875 0.56584759375 0.6745385546875 0.5789842968750001 0.6819857093749999 0.5981445062499999 0.6930512640625001 0.6437533515625 0.710816415625 0.64132754375 0.7408433828125001 0.5786119937499999 0.7305842499999999 0.53007900625 0.69749214375 0.5307059671875
0 0.8004576734375 0.516107296875 0.8051685875000001 0.5240856984375 0.8196961171874999 0.502403846875 0.827353625 0.48782699375 0.81684626875 0.46393558749999997 0.8055822984375001 0.48301638437500005 0.7960896546875 0.5062260109375 0.8004576734375 0.516107296875