0 0.78475705 0.20482186093750002 0.54385609375 0.245264165625 0.5339262421875001 0.3306027046875 0.7721641203125 0.2867337953125 0.78475705 0.20482186093750002
0 0.7341525843750001 0.2938898828125 0.52321273125 0.3343381171875 0.5229678875 0.404105490625 0.7285203796874999 0.37424588281250004 0.7341525843750001 0.2938898828125
0 0.7049751375 0.3754870671875 0.49191706718750006 0.40970565625 0.48689093281250007 0.4698167671875 0.6988592859375 0.44120427656250005 0.7049751375 0.3754870671875
0 0.314568684375 0.48286402187500005 0.3298246875 0.404378696875 0.15145384374999998 0.311527778125 0.13038805 0.368521096875 0.314568684375 0.48286402187500005
0 0.5091016109375001 0.5439490499999999 0.3298246875 0.404378696875 0.309242534375 0.47601080937500007 0.46921065625 0.6292816515624999 0.5091016109375001 0.5439490499999999
0 0.286542165625 0.541413271875 0.27401045 0.6058833609375001 0.47937326718750006 0.7825228171874999 0.5214436484375 0.685978028125 0.286542165625 0.541413271875
0 0.3076079609375 0.4844199546875 0.0961905078125 0.35605585781250004 0.0713719234375 0.41522866093750005 0.270986153125 0.55293426875 0.3076079609375 0.4844199546875
0 0.7827431203125 0.6262291390625 0.780380059375 0.68976685625 0.96359945 0.6206586515625 0.953069571875 0.572068540625 0.7827431203125 0.6262291390625
0 0.76124884375 0.8053153562500001 0.973525540625 0.684343815625 0.9822268171875 0.6395796218750001 0.773296915625 0.7262064734375 0.76124884375 0.8053153562500001
0 0.7553778343750001 0.8012651921874999 0.759314259375 0.7467601734375 0.4982535890625 0.8909152312499999 0.49425595468749994 0.9628620890624999 0.7553778343750001 0.8012651921874999
0 0.229032146875 0.76876891875 0.24797972812500002 0.7055459468749999 0.0564159328125 0.560678309375 0.0262712 0.6129979062500001 0.229032146875 0.76876891875
0 0 0.5705151796875 0.038619278125 0.6008533484374999 0.054389295312499995 0.5197236390625 0 0.48275739375000004 0 0.5705151796875