0 0.23937640624999998 0.928771440625 0.3169583734375 0.9222615718749999 0.3060419453125 0.8345606312499999 0.2485557359375 0.8172151718749999 0.193429984375 0.820295440625 0.1316209609375 0.8106231609375 0.077280153125 0.80246386875 0.027138315625 0.7829094828125001 0.030616603125000003 0.883254078125 0.0328090703125 0.8869228390625 0.23937640624999998 0.928771440625
0 0.18841753125 0.8107310296874999 0.1969622203125 0.7697174109375 0.16069761093749999 0.7196258578125 0.104192578125 0.688230940625 0.049263067187499995 0.688501321875 0.0235320625 0.6788732734375 0.026591090625 0.7671226421874999 0.044850590625 0.778796071875 0.11933652343750001 0.79673586875 0.18841753125 0.8107310296874999
0 0.057908696875 0.6731549640625001 0.1257113546875 0.6783422140625001 0.178577575 0.6805034765625 0.2612157328125 0.663049434375 0.29865211875000003 0.6421372375 0.267495259375 0.573132946875 0.2048003578125 0.5490329578125 0.1394534640625 0.5357942921875 0.07381503125 0.553842671875 0.0186475625 0.5379609578125 0.02308933125 0.6661008921875 0.057908696875 0.6731549640625001
0 0.1262775078125 0.453334875 0.06427224375 0.4464724875 0.01631039375 0.4255995 0.0152694140625 0.44050524375 0.018038725 0.5203966671875 0.0245819765625 0.5267706421875 0.0938592171875 0.5379559171875 0.1389600546875 0.5157468093750001 0.1262775078125 0.453334875
0 0.28243169687499997 0.576158928125 0.33481015 0.61241711875 0.37971474843749997 0.5930179046874999 0.4717891140625 0.60312236875 0.544307059375 0.5950166609374999 0.5385040203125 0.5425473875 0.43777838906250005 0.49364486249999995 0.3616216421875 0.47251693437500003 0.29892673593749997 0.448416946875 0.2275862046875 0.439663321875 0.15428331875 0.45900858906249997 0.20165496093750002 0.5398467921875 0.28243169687499997 0.576158928125
0 0.31199611875 0.451064678125 0.391298271875 0.4813787734375 0.47620158593750006 0.512827625 0.5212071265625 0.519095678125 0.5228723078125 0.4681393984375 0.555688709375 0.432043 0.5040951921875 0.38454523749999997 0.44307110625 0.3636334046875 0.3920719375 0.36185038125 0.3175860046875 0.3439105953125 0.313459425 0.348773875 0.294009578125 0.41037538125 0.31199611875 0.451064678125
0 0.2215310984375 0.7974920062499999 0.3043711296875 0.83137249375 0.361167696875 0.8314803625 0.44547666875 0.8172144578125 0.51593131875 0.8115403875 0.5077678234375 0.7386453875 0.545103271875 0.692065921875 0.463149121875 0.6726131421875 0.3831629640625 0.6792058625 0.3043542171875 0.6689392437499999 0.22328594062499998 0.6639141546875 0.184178740625 0.6816382203125 0.1792728578125 0.7518854828125 0.2215310984375 0.7974920062499999
0 0.65468768125 0.8852454578125 0.7262244453125 0.891189190625 0.7576671921875 0.8747620296875 0.7599210828125 0.815376078125 0.7541180468750001 0.762906809375 0.6800245828125 0.7393472328125 0.6016083078125 0.7234608328125 0.554147015625 0.725244203125 0.5147426375 0.7201108984375 0.5072800546875 0.772742328125 0.5189814296875 0.8492037031249999 0.5812838578124999 0.8789234640625001 0.65468768125 0.8852454578125
0 0.5863634249999999 0.5892886484375001 0.560622775 0.6325178218749999 0.5749761375 0.6981178875 0.6242091921874999 0.7251899171875 0.7093087437500001 0.75382886875 0.7826172671875 0.78862800625 0.8302747984375 0.78403475 0.9137988343749999 0.7810084046875 0.938266771875 0.7831157375 0.956141103125 0.689848946875 0.898851121875 0.6696935890625 0.8222009640625 0.628518178125 0.7394618703125 0.6203049578125001 0.6849248265625001 0.6149555531249999 0.6290141421875 0.6292753921875 0.5863634249999999 0.5892886484375001
0 0.5971732796875 0.5971779109375001 0.6643872328125 0.610794828125 0.7280633109375 0.6208453578124999 0.779454953125 0.6170085953125 0.8019549015624999 0.5930704171875 0.7879940078125001 0.521850559375 0.699457515625 0.5153124828125 0.6282122875 0.478081703125 0.5815359296875 0.46862551249999995 0.5442957796875 0.486727828125 0.53565015 0.502074178125 0.5445985906249999 0.5637296125 0.5971732796875 0.5971779109375001
0 0.538974878125 0.346017203125 0.5686571500000001 0.40902347656250004 0.5798651109375 0.46543736874999997 0.668698771875 0.49483282187500005 0.7693234640625 0.5180680828125 0.828379559375 0.512934421875 0.9455105671874999 0.5167165359375 0.9413783499999999 0.46743541093749996 0.918278421875 0.391514428125 0.83878003125 0.3640102140625 0.7668507906250001 0.36368626718749997 0.6818521765625001 0.360714571875 0.6206318578125 0.34261261875 0.561671059375 0.31926913125 0.538974878125 0.346017203125
0 0.178341878125 0.3043024578125 0.2867319609375 0.35190808281249997 0.348243815625 0.3387229875 0.458203775 0.3638494875 0.53779746875 0.36287654687500004 0.540247590625 0.3006807078125 0.5234384609375 0.243132065625 0.4390285515625 0.231730696875 0.353340290625 0.2115214171875 0.2874046890625 0.206712421875 0.2024060703125 0.2037407328125 0.1121987640625 0.1940145234375 0.10139454375000001 0.24026966718749998 0.178341878125 0.3043024578125
0 0.5238309328125 0.2375122796875 0.5559633234375 0.2383227078125 0.5547746375 0.14689322656249998 0.492668440625 0.11436356562500001 0.428011184375 0.1183624875 0.3497911453125 0.09966620312499999 0.31991827968750003 0.0936142375 0.30370912968749997 0.13592474999999998 0.30803758281250004 0.18239599374999999 0.36660590625 0.21135926249999998 0.4580915671875 0.2298933984375 0.5238309328125 0.2375122796875
0 0.20504679062500003 0.08459058281250001 0.140978240625 0.0801598390625 0.0954849328125 0.1079887203125 0.03928660625 0.0966034640625 0.033500606249999995 0.1794530953125 0.0888129375 0.203525 0.1772484875 0.18439581562500001 0.2896642125 0.2014708921875 0.2912284609375 0.1248473515625 0.20504679062500003 0.08459058281250001
0 0.1850251578125 0.3170550125 0.1265577671875 0.313759 0.08931761875000001 0.331861315625 0.0236564640625 0.32041125 0.0168134796875 0.418395815625 0.0964999375 0.41880576718749996 0.1511379171875 0.44982242812499995 0.28683853593749997 0.43171975625 0.27720045312499997 0.3528267328125 0.1850251578125 0.3170550125
0 0.1256937796875 0 0.1383206140625 0.0368767328125 0.1774334484375 0.0732970890625 0.3110764171875 0.11177048281249999 0.3798602515625 0.10290826718749999 0.44707420156250005 0.116525184375 0.507604878125 0.117389546875 0.5616485124999999 0.1026914640625 0.5478838546875 0.0286617203125 0.48332189375 0.00418349375 0.4529917171875 0 0.1256937796875 0
0 0.7603135546875001 0.809756296875 0.76690153125 0.85098600625 0.7734895078124999 0.8922157140625 0.8680252671875 0.9484131671875 0.93956203125 0.9543569046875 0.9892265390625001 0.9562721968749999 0.9990967953125001 0.8149401421875 0.9738417406250001 0.8159697078124999 0.8960141687500001 0.79165363125 0.8093447328125001 0.785493809375 0.7603135546875001 0.809756296875
0 1 0.542039553125 0.9142640546875 0.5303338156249999 0.8321136656249999 0.5136909171874999 0.80391161875 0.5108270890625 0.80185396875 0.5674031484375 0.8759530671875 0.6451071374999999 0.9565335703125 0.6842291609375 1 0.685585178125 1 0.542039553125
0 0.5522348546875 0.29171063125 0.6050057796874999 0.3223490421875 0.6850928781250001 0.34142358906250003 0.7674394999999999 0.3552565890625 0.8040909453125 0.345583946875 0.807426940625 0.29781580937499996 0.8016239015625001 0.24534654687500002 0.7327391343749999 0.22854148749999997 0.661791075 0.214168078125 0.6128551921875001 0.20995342187500002 0.5686345984375001 0.192445809375 0.559501196875 0.2418890890625 0.5522348546875 0.29171063125
0 1 0.255065446875 0.95805835 0.22859471406249998 0.8818062984375 0.235943921875 0.807813775 0.2380516125 0.8114525828125 0.2672852625 0.8260974796875 0.30159828593750004 0.8228567796874999 0.3208892796875 0.875431471875 0.354337578125 0.9567969171874999 0.3822200359375 1 0.381691921875 1 0.255065446875
0 0.5789397671875001 0.07199875624999999 0.6070521578125 0.1574841609375 0.6318172718749999 0.1824488578125 0.7210433968750001 0.20622452343750003 0.8084024796874999 0.22962194687499998 0.8614649406250001 0.228973309375 0.9246476109374999 0.2189763625 0.9852735859375 0.191363571875 0.970331515625 0.13419316718750002 0.8832696109375 0.13365311875000002 0.814188603125 0.1196579578125 0.737639378125 0.104149803125 0.6685583703125 0.0901546421875 0.5976046734375 0.021636815625 0.5789397671875001 0.07199875624999999
0 0.586190196875 0 0.585712709375 0.0021297375 0.6415337328125 0.0704314828125 0.7064881656249999 0.089289928125 0.7834298578125 0.099178296875 0.8255177359375001 0.042163046875 0.6173982515625001 0 0.586190196875 0
0 1 0.0775115125 0.8378624015625 0.0446639640625 0.8270561109375001 0.070971171875 0.8607640203125 0.1034468921875 0.9619774171875 0.1182524828125 1 0.118795434375 1 0.0775115125
0 0.8385448703125 0.936741421875 0.764451409375 0.9131818515625 0.6893767671875 0.9036717265625 0.623637396875 0.8960528390625001 0.5484618234374999 0.860875446875 0.5195757671875 0.894918453125 0.5725485703125 0.9768913921875001 0.5807100859375 0.98078463125 0.9093950546875 0.9692182140625001 0.9107712749999999 0.9599227499999999 0.8385448703125 0.936741421875
0 0.46108583437500006 0.6750447796875 0.5313442515625 0.6721806015625 0.5554197203125 0.6799077140625001 0.544996696875 0.61225425 0.486333075 0.6117681312500001 0.43179603593750004 0.6064187375000001 0.36438585 0.595611703125 0.336873440625 0.6099854703124999 0.3376640203125 0.6528903328125 0.35348633125 0.6703440125 0.40576384687499994 0.680934946875 0.46108583437500006 0.6750447796875
0 0.517804015625 0.866063053125 0.46994460625 0.8193217921875 0.42543247968750003 0.8331012140625 0.36342721718750004 0.826238828125 0.3211746140625 0.8347767203125 0.304965471875 0.8770872328125 0.3283569328125 0.921721171875 0.3837798578125 0.9414982734375 0.441165134375 0.9331764703125 0.525771275 0.9417679343750001 0.517804015625 0.866063053125
0 1 0.387886703125 0.9827394375 0.3903253921875 0.9437275359375 0.379572303125 0.9364611921874999 0.42939383906249995 0.943935046875 0.48505125 0.9884528109374999 0.5254162328125 1 0.5271889828125 1 0.387886703125
0 1 0.13755100625 0.9888058234375 0.1407855421875 0.9788874796875 0.20146838749999998 0.9873425125 0.2430763390625 1 0.24794189218749998 1 0.13755100625