0 0.8261075124999999 0.3804676453125 0.8931950625 0.36642805625 0.8943975125 0.3255745734375 0.8249090625 0.335249309375 0.6743568484375 0.39725337031249996 0.70321626875 0.43766880312499995 0.8261075124999999 0.3804676453125
0 0.8135280625 0.330052859375 0.8795588859375 0.320978478125 0.8821541015625 0.2774922984375 0.8143944624999999 0.286866859375 0.6503963953125 0.3416421234375 0.6571659078125001 0.3763296734375 0.8135280625 0.330052859375
0 0.7832838609375 0.1201264828125 0.8477762015625 0.14957307343749998 0.8500353609375001 0.1037543765625 0.78659974375 0.069342584375 0.6141965203125 0.1518767859375 0.622694840625 0.1862641515625 0.7832838609375 0.1201264828125
0 0.41892616406250005 0.4200872359375 0.48630118125 0.42034290937499996 0.48783966875000007 0.38182194375 0.4046178953125 0.3699726234375 0.33743319375 0.40793772968750003 0.3418017984375 0.4382604328125 0.41892616406250005 0.4200872359375
0 0.64688620625 0.44027706718750004 0.6359869875 0.4015248546875 0.5194360375 0.42893473593750003 0.5278857765625 0.475284859375 0.64688620625 0.44027706718750004
0 0.6168769125 0.34268055 0.6059776890624999 0.30392833124999996 0.48107015937500003 0.3471343984375 0.4974918609375 0.38731857812500003 0.6168769125 0.34268055
0 0.5996899578125 0.235685021875 0.5918637312499999 0.205962690625 0.45759147968749997 0.25796738750000003 0.4730050421875 0.291154028125 0.5996899578125 0.235685021875
0 0.5865841390625001 0.1447169375 0.575636340625 0.117927471875 0.44688656718750003 0.1713641453125 0.45504884062500006 0.20341899375 0.5865841390625001 0.1447169375
0 0.3007515421875 0.2517281515625 0.2956622640625 0.2287031796875 0.204322803125 0.25890806718750004 0.214885975 0.2953277578125 0.3007515421875 0.2517281515625
0 0.19490152031250002 0.45181310156250004 0.1860671515625 0.4150932140625 0.10586979375000001 0.42423653437500003 0.1205626890625 0.46472089843750003 0.19490152031250002 0.45181310156250004
0 0.3258578828125 0.450592303125 0.3170235203125 0.413872421875 0.23360743281250002 0.449874134375 0.239368803125 0.477564134375 0.3258578828125 0.450592303125
0 0.31409625625 0.3689542703125 0.30281240781249996 0.3398322984375 0.22184579843750002 0.36823610156250003 0.238603546875 0.410752803125 0.31409625625 0.3689542703125
0 0.785247575 0.23215615781249999 0.8602584999999999 0.22391338125 0.8565619874999999 0.1982557140625 0.8023939375 0.1789707921875 0.6342175796875 0.2416441515625 0.647133084375 0.2943914546875 0.785247575 0.23215615781249999
0 0.614775453125 0.09439551093750001 0.7639348953125 0.0350241453125 0.7630667265625 0.011872034375 0.7352696140625 0.01143955625 0.6024834625000001 0.058275999999999994 0.614775453125 0.09439551093750001
0 0.4024152859375 0.23168492187499998 0.3932448734375 0.192632528125 0.3121811171875 0.24496184843750002 0.32135152968749997 0.2840142421875 0.4024152859375 0.23168492187499998
0 0.3123714375 0.283182634375 0.3066100625 0.255492634375 0.206241925 0.29682866875 0.219926671875 0.33031549375 0.3123714375 0.283182634375
0 0.235380828125 0.5236830171875 0.21996726875 0.49049637031250004 0.13309356249999998 0.52709844375 0.1661798484375 0.5476530281249999 0.235380828125 0.5236830171875
0 0.159167453125 0.5727792640625 0.136502609375 0.5384608421875 0.06936648281249999 0.564463196875 0.10619785781249999 0.5987126859375 0.159167453125 0.5727792640625
0 0.11215752500000001 0.4924798375 0.10327458437499999 0.4677227140625 0.042381604687500005 0.48785930312500003 0.0464141640625 0.5158494890624999 0.11215752500000001 0.4924798375
0 0.3588470171875 0.4950724046875 0.34208926875 0.4525557015625 0.24897242031250003 0.495023534375 0.3044846546875 0.5236385171875 0.3588470171875 0.4950724046875
0 0.1624467359375 0.27574266875000003 0.16187179375 0.24715211875 0.0864762390625 0.2650251296875 0.0980961390625 0.29647961875 0.1624467359375 0.27574266875000003
0 0.079747328125 0.390518471875 0.07672290781249999 0.3695258265625 0.015260159374999999 0.38933217343750004 0.0159525203125 0.40699637656250004 0.017797634375 0.41562027031250004 0.079747328125 0.390518471875
0 0.175313659375 0.3404527296875 0.17128109687499998 0.3124625390625 0.0979989796875 0.32040513437499996 0.10303968125 0.355392865625 0.175313659375 0.3404527296875
0 0.7913489828125 0.1761068546875 0.778769525 0.12569205625 0.6136661640625001 0.1973952984375 0.6256221046875 0.231182303125 0.7913489828125 0.1761068546875
0 0.8483391640625 0.436379078125 0.916195953125 0.40307900625000004 0.9073615875 0.36635911875 0.8422903234374999 0.3943937984375 0.6941390171874999 0.46076271406249997 0.7223263453125 0.4965131125 0.8483391640625 0.436379078125
0 0.5123750671875 0.4660237359375 0.44168815937500006 0.4304801453125 0.36201716875 0.4801767640625 0.4133511140625 0.5166898375 0.5123750671875 0.4660237359375
0 0.41435925156250003 0.52368738125 0.3868440203125 0.49260201718749996 0.30443607968749997 0.5356012703124999 0.33853049999999996 0.5631533937500001 0.41435925156250003 0.52368738125
0 0.412784159375 0.3159556515625 0.3929048359375 0.27637183125 0.32293460937499996 0.31960233125 0.3345545046875 0.3510568203125 0.412784159375 0.3159556515625
0 0.486635025 0.3872418375 0.4720244796875 0.3476917984375 0.414783803125 0.321556246875 0.31213346249999996 0.351404746875 0.3323591390625 0.3989984375 0.41761940312499995 0.37216946093750003 0.486635025 0.3872418375
0 0.9772990374999999 0.344132465625 0.9203587359375 0.35101306718749997 0.921504184375 0.3898949046875 0.9784444828125001 0.383014303125 0.9772990374999999 0.344132465625
0 0.95387630625 0.22795106718749997 0.8940393359375 0.19926011875 0.877372171875 0.23822863437500003 0.9445754953125001 0.27165295 0.95387630625 0.22795106718749997
0 0.93255120625 0.4511071734375 0.8557466890625 0.428368578125 0.734194340625 0.512604696875 0.7914350203125 0.538740246875 0.93255120625 0.4511071734375
0 0.685792290625 0.477224140625 0.6672545875 0.44031175312500004 0.5461040671874999 0.49404716249999997 0.5678962359375 0.5229627531250001 0.685792290625 0.477224140625
0 0.9362532984374999 0.1587626015625 0.8729055078125001 0.101390359375 0.870365890625 0.1449351734375 0.9294750468749999 0.18817999375 0.9362532984374999 0.1587626015625
0 0.9647583609374999 0.2801519890625 0.991838975 0.288852196875 0.9846459796874999 0.23892529218749997 0.9668801546875001 0.23370704999999997 0.9647583609374999 0.2801519890625
0 0.9373607359375 0.09763039375 0.9685498984375001 0.12720165156250002 0.961560803125 0.0786900171875 0.9482291015625 0.066016478125 0.9373607359375 0.09763039375
0 0.94795483125 0.1864576015625 0.9798049625 0.205323584375 0.9736883734375 0.1628680171875 0.9549721890624999 0.15105333125 0.94795483125 0.1864576015625
0 0.931747840625 0.10455034218749999 0.8908516343749999 0.0194982984375 0.8504866046874999 0.0681245734375 0.9155660875 0.1222234546875 0.931747840625 0.10455034218749999
0 0.44010562656249996 0.20180722499999998 0.4348828359375 0.1655555953125 0.3846385625 0.160902690625 0.302179290625 0.20791995000000002 0.313880828125 0.23561494375 0.38472667656250004 0.19210052187499999 0.44010562656249996 0.20180722499999998
0 0.6008384875 0.2392973546875 0.4738661546875 0.29850264531250004 0.4874478953125 0.3392482296875 0.6114048609375 0.2820528484375 0.6008384875 0.2392973546875
0 0.6231945125 0.3409456734375 0.49861080625 0.393790859375 0.517984146875 0.4365035 0.6410450796875 0.38838173593750003 0.6231945125 0.3409456734375
0 0.812057209375 0.22194485937500003 0.6371386343750001 0.29244796093750003 0.653078803125 0.33427038124999997 0.82471270625 0.27920100625 0.812057209375 0.22194485937500003
0 0.9655336015625 0.300826134375 0.9038848234374999 0.30112612968749997 0.908211571875 0.3464513765625 0.9670841015624999 0.342174415625 0.9655336015625 0.300826134375
0 0.9771974921875 0.496484028125 0.930477 0.470410521875 0.8271493187500001 0.525510275 0.8889466171875 0.5415342359374999 0.9771974921875 0.496484028125
0 1 0.43200508437499996 0.9716776765624999 0.42758450625 0.96528705 0.46733896562500005 1 0.47228147812500004 1 0.43200508437499996
0 1 0.38959061250000004 0.9374364406250001 0.3963714828125 0.9439429031250001 0.4338865625 1 0.42685483125 1 0.38959061250000004