0 0.6597333890625 1 0.69060655 0.98455305 0.7039161765624999 0.944546221875 0.5779147328125 0.9743818328125 0.320922253125 0.9124069796875001 0.32434575312499997 0.9764083640625 0.401223459375 0.9991910859375001 0.40596366718750004 1 0.6597333890625 1
0 0.6970030953124999 0.9494062328125 0.6909143734375001 0.9000493640625 0.5853938890625 0.9001615203125001 0.33185794999999996 0.8357566609375 0.32651097500000004 0.8982613687500001 0.57977213125 0.9807385249999999 0.6970030953124999 0.9494062328125
0 0.661679459375 0.8950604343749999 0.66356989375 0.8349857374999999 0.613595753125 0.8445768578124999 0.36165894375 0.7713852984375 0.35392152499999996 0.8304622078125 0.5872512984375 0.9065182171874999 0.661679459375 0.8950604343749999
0 0.6287958125 0.7444953328125 0.3936086515625 0.66208263125 0.38188164687500004 0.7265184546875 0.621866221875 0.7825710453125 0.6287958125 0.7444953328125
0 0.9491381359375 0.62400945 0.5914060609375 0.5690023531249999 0.588174753125 0.653007146875 0.93766939375 0.7035886671875 0.9491381359375 0.62400945
0 0.9396093890625 0.5438668843750001 0.6164261671875 0.4977753984375 0.5948625953125 0.56657234375 0.9299980453125001 0.6298027921875 0.9396093890625 0.5438668843750001
0 0.9606399140624999 0.47799884375 0.6151348578125 0.42205840937500005 0.6087217828125 0.49042091406250005 0.940400696875 0.556081378125 0.9606399140624999 0.47799884375
0 0.9437746421875 0.719729853125 0.588174753125 0.653007146875 0.5650120453125 0.7305907984375 0.9259258734375001 0.8012401812500001 0.9437746421875 0.719729853125
0 0.635659328125 0.8392824093750001 0.9223993578125 0.9083982078125 0.933082525 0.8496979093749999 0.6439297984375 0.777276590625 0.635659328125 0.8392824093750001
0 0.979554778125 0.39063070781250003 0.6143765812499999 0.343412525 0.617267040625 0.4103428078125 0.95931555625 0.468713246875 0.979554778125 0.39063070781250003
0 0.9875669796875 0.31348149062499997 0.6359401515625 0.27461558125 0.6220809640625 0.350767 0.9726417015625 0.395490721875 0.9875669796875 0.31348149062499997
0 0.9891991515624999 0.2382633984375 0.62986794375 0.1920430046875 0.6282357671875001 0.2672611015625 0.975873009375 0.311485925 0.9891991515624999 0.2382633984375
0 0.9965642328125 0.159250621875 0.6357479703125 0.12660939375 0.64501845 0.191608565625 0.9948218890625 0.2341087875 0.9965642328125 0.159250621875
0 0.6333905609375 0.056750207812499995 0.6392045046875 0.12417938906249999 0.9964377375 0.1646854296875 0.99830184375 0.0845957125 0.9021687875 0.0681906421875 0.6333905609375 0.056750207812499995
0 0.5754122328125 0.64085013125 0.37079555625 0.6003062124999999 0.367552621875 0.648981746875 0.560899803125 0.6974483234375 0.5754122328125 0.64085013125
0 0.5744499140625 0.5844242625 0.38927265625 0.537351884375 0.3774835359375 0.5944148078125 0.56873194375 0.63127089375 0.5744499140625 0.5844242625
0 0.5815372375 0.522339353125 0.399700115625 0.4800565953125 0.3902657421875 0.5318951875 0.5732162421875 0.575774484375 0.5815372375 0.522339353125
0 0.5919723890624999 0.44957341875 0.40134081874999994 0.41704222187499995 0.3899202578125 0.4797942078125 0.5732470203125 0.513891925 0.5919723890624999 0.44957341875
0 0.598442878125 0.38316363125 0.425512803125 0.35365318125 0.40567405 0.416375146875 0.5862775046875 0.45000813125 0.598442878125 0.38316363125
0 0.6077569546875 0.3242717984375 0.42380566093749994 0.3013198390625 0.41300964218749997 0.352926065625 0.5998045296875001 0.3833959953125 0.6077569546875 0.3242717984375
0 0.6126175093749999 0.25899381250000003 0.42346018750000003 0.2492188578125 0.4104373984375 0.2976320046875 0.6103599749999999 0.3176832984375 0.6126175093749999 0.25899381250000003
0 0.6153715953125001 0.19757598437499999 0.4305475046875 0.18713395 0.42234680312500006 0.24762231875000001 0.6103907468750001 0.2558007375 0.6153715953125001 0.19757598437499999
0 0.6113174140625001 0.1349963234375 0.439365040625 0.13097046406249999 0.4402070703125 0.1803431015625 0.613024540625 0.187329671875 0.6113174140625001 0.1349963234375
0 0.6130784046875 0.0790351921875 0.4433527921875 0.0782024046875 0.4389964796875 0.1252814046875 0.6180053890625 0.12910491875000002 0.6130784046875 0.0790351921875
0 0.094029409375 0.2619221515625 0.025321651562500002 0.2626032984375 0.0155839703125 0.3161084640625 0.090538196875 0.31196186406250004 0.094029409375 0.2619221515625
0 0.109783196875 0.198503090625 0.0379395296875 0.1932724296875 0.027689065625 0.24959515625 0.1030721359375 0.25080641406250004 0.109783196875 0.198503090625
0 0.11674253593749999 0.1448355859375 0.0481262578125 0.13729989375 0.040066217187499996 0.18158702499999999 0.10854952968750001 0.18985331875 0.11674253593749999 0.1448355859375
0 0.1329851765625 0.09415882343750001 0.059931484374999996 0.0724342421875 0.0497106671875 0.12859408125 0.11674253593749999 0.1448355859375 0.1329851765625 0.09415882343750001
0 0.37815422656250003 0.49044521249999995 0.24582550468750003 0.469269909375 0.2422140046875 0.512256384375 0.372812509375 0.5275102625 0.37815422656250003 0.49044521249999995
0 0.3914252875 0.440667884375 0.24906844375 0.42059437343750006 0.23592536874999998 0.46195429218750006 0.38211889375 0.484089075 0.3914252875 0.440667884375
0 0.3999945453125 0.38586858125 0.260481303125 0.3733130296875 0.249564990625 0.41786602500000003 0.393283490625 0.4381719046875 0.3999945453125 0.38586858125
0 0.4074504296875 0.3294727328125 0.2579090609375 0.3180189703125 0.24971605000000002 0.363036696875 0.3961578640625 0.383807303125 0.4074504296875 0.3294727328125
0 0.41999975312500004 0.23737599999999998 0.28147960156249996 0.2193637625 0.268088246875 0.262087853125 0.4121753078125 0.2880827921875 0.41999975312500004 0.23737599999999998
0 0.41279215156250004 0.2924076765625 0.26932192499999996 0.2707376265625 0.266078984375 0.3194131609375 0.411287115625 0.3315339953125 0.41279215156250004 0.2924076765625
0 0.42076765624999996 0.186871565625 0.27803455625 0.17657963125 0.2697212578125 0.21454412656250002 0.4126949390625 0.238942525 0.42076765624999996 0.186871565625
0 0.1044667421875 0.00121558125 0.1140255859375 0.061736610937500006 0.20173032812499997 0.0767033890625 0.2841211421875 0.0877434796875 0.29213334375 0.0105942734375 0.291244484375 0.0033889343750000004 0.1044667421875 0.00121558125
0 0 0.4388495 0.020808667187499998 0.441431490625 0.0933629140625 0.45683270781249996 0.12127347031249999 0.45253604062499997 0.19117900937500001 0.44936606562500003 0.20741212187500002 0.40985813125000004 0.1430953078125 0.3988824953125 0.09418725781250001 0.4026158125 0.039173959375 0.3902079546875 0.0038932734375 0.38034480312499996 0 0.40173697500000005 0 0.4388495
0 0.0928628984375 0.3933302171875 0.134857878125 0.39445691875 0.1901459546875 0.38879247499999997 0.20025730312499998 0.36635905625 0.1500248984375 0.3608067828125 0.0756132578125 0.33904886875 0.036283509375 0.3232776671875 0.014255332812499999 0.32340886874999997 0.005347196875 0.3723559703125 0.014994717187500001 0.37400231875 0.05831404999999999 0.38441460625 0.0928628984375 0.3933302171875
0 0.2018894796875 0.291140959375 0.20696167187499998 0.24670855625 0.15513013125 0.24994297968749998 0.112602115625 0.25174518749999997 0.11337690468749999 0.297175378125 0.159361459375 0.2929431609375 0.2018894796875 0.291140959375
0 0.20218078281250002 0.2398529640625 0.2154904046875 0.1998461359375 0.170313671875 0.18307715156249998 0.125928253125 0.1785226671875 0.12218041406249999 0.2322406671875 0.1625762578125 0.2421540609375 0.20218078281250002 0.2398529640625