0 1 0.2022953859375 0.8491899609375 0.17759760468750002 0.85003508125 0.2217917390625 1 0.24863129687500002 1 0.2022953859375
0 0.6492155046875 0.21037656718750003 0.8244262499999999 0.230586265625 0.8264438546875 0.17593956718749998 0.6434424375 0.1487156609375 0.6492155046875 0.21037656718750003
0 1 0.2701295984375 0.8588583546875 0.2427656140625 0.8586867453125 0.30052209375 1 0.3168218859375 1 0.2701295984375
0 0.638187140625 0.274283859375 0.8236445968749999 0.2964801515625 0.829354190625 0.2480530359375 0.637952059375 0.22195231718750003 0.638187140625 0.274283859375
0 1 0.3269608953125 0.8476266484374999 0.309385375 0.8460316046875 0.38612914531250003 1 0.3992861359375 1 0.3269608953125
0 1 0.4104761296875 0.8402902765625001 0.3795122453125 0.8427780500000001 0.42952864531249996 1 0.4600102078125 1 0.4104761296875
0 0.6431468171875 0.34679464531250004 0.8163082218750001 0.3666070265625 0.816683184375 0.3061380734375 0.6361378015625 0.27388654218749997 0.6431468171875 0.34679464531250004
0 0.6382664796874999 0.41189389062500004 0.8175759093750001 0.43289823437499997 0.821846203125 0.3759363859375 0.6390481328125001 0.3460000109375 0.6382664796874999 0.41189389062500004
0 0.6337928359375 0.4715682078125 0.819656984375 0.48833955781249994 0.8149165234375 0.4406383171875 0.63335440625 0.42194913593749994 0.6337928359375 0.4715682078125
0 1 0.4680696203125 0.8403220109375 0.43455626562500005 0.8327664171875 0.47987359375 1 0.5201570265625 1 0.4680696203125
0 0.62623725 0.5168855359375 0.8106779656249999 0.5526441765625 0.7987568796875 0.4897913171875 0.6212934406249999 0.4718967703125 0.62623725 0.5168855359375
0 0.62320290625 0.5850945828125 0.7994462578125 0.6192639375 0.7992111765625001 0.5669323953125 0.616616453125 0.5342835515625 0.62320290625 0.5850945828125
0 0.6134104921875 0.6602490671875 0.7931266171875 0.67582846875 0.79473753125 0.6266067078125 0.6096867734375 0.598985484375 0.6134104921875 0.6602490671875
0 0.6154915671875 0.7156904015625 0.796036953125 0.7479419328125 0.79825790625 0.6905827703125 0.6134104921875 0.6602490671875 0.6154915671875 0.7156904015625
0 0.607357671875 0.8241891453125 0.7928151296875 0.8463854484375 0.7944260421875 0.7971636875 0.60712259375 0.7718576046875001 0.607357671875 0.8241891453125
0 1 0.7216834265625 0.9959955390624999 0.6876409578125 0.8146367734375 0.6662393125 0.8214265703124999 0.7143378640625 1 0.7516562703125 1 0.7216834265625
0 1 0.7626010156249999 0.8452052765625 0.7299555578125 0.8456437078124999 0.7795746296875 1 0.8148288546875 1 0.7626010156249999
0 0.4322362734375 0.2481143859375 0.6082762765624999 0.28499621875000003 0.609464628125 0.21367739531250002 0.43772665312500003 0.174877734375 0.4322362734375 0.2481143859375
0 0.22772470312499998 0.23047964062499998 0.4035454921875 0.2425519328125 0.411914471875 0.18638471875 0.22544028124999999 0.1777507765625 0.22772470312499998 0.23047964062499998
0 0.2228443671875 0.295578890625 0.40543909375 0.3282277390625 0.40561070312499997 0.2704712609375 0.22896065625 0.24172682812500002 0.2228443671875 0.295578890625
0 0.42674589375 0.3213510421875 0.59724791875 0.3489035203125 0.611764921875 0.293928265625 0.42937354687499996 0.2585669421875 0.42674589375 0.3213510421875
0 0.22656809375 0.3568424796875 0.4001520625 0.3987519265625 0.3982743328125 0.3405981296875 0.2209983796875 0.2924690984375 0.22656809375 0.3568424796875
0 0.223940440625 0.41962657812500004 0.39833779687500004 0.45068615625 0.40364069843749995 0.40768396874999996 0.22390870624999998 0.3645825625 0.223940440625 0.41962657812500004
0 0.424963371875 0.42832928125 0.5987506875 0.467526265625 0.6073230125 0.4086465890625 0.42432158906249995 0.3814226765625 0.424963371875 0.42832928125
0 0.4119173984375 0.5468832765625 0.601066846875 0.575299140625 0.600002503125 0.5062954687500001 0.4182370390625 0.49031874531249997 0.4119173984375 0.5468832765625
0 0.41113574531249997 0.6127771609375 0.5916811296875 0.6450286921874999 0.5871440156250001 0.5946149843749999 0.395945234375 0.565801796875 0.41113574531249997 0.6127771609375
0 0.1933272625 0.633842859375 0.38699795 0.6851504265624999 0.384916871875 0.6297090937500001 0.19903685625 0.5854157343749999 0.1933272625 0.633842859375
0 0.19073134687499999 0.75167096875 0.38030335625 0.8021839015625 0.377815578125 0.7521675109375 0.200539625 0.7040384890625 0.19073134687499999 0.75167096875
0 0.1897463484375 0.820277328125 0.3737803703125 0.8614608953125 0.37088590312499997 0.8168694484374999 0.1919673 0.7629181609375 0.1897463484375 0.820277328125
0 0.40606792968749994 0.7081108859375 0.5773992078125 0.7523354953125 0.5859715343749999 0.6934558125 0.4103382265625 0.651149046875 0.40606792968749994 0.7081108859375
0 0.3967139484375 0.8328844578125001 0.5727539562499999 0.8697662859375 0.5710795734375 0.808900015625 0.4005775515625 0.781347546875 0.3967139484375 0.8328844578125001
0 0.0466966640625 0.085411609375 0.0456131015625 0.0998653390625 0.04674089375 0.14860903125 0.21438018749999999 0.1866140625 0.2327925265625 0.1351459171875 0.0466966640625 0.085411609375
0 0.1994564875 0.2470142546875 0.0375265703125 0.20773226562499997 0.033655417187499995 0.2593699421875 0.18903816874999999 0.302784140625 0.1994564875 0.2470142546875
0 0.177978075 0.3116474265625 0.032246156250000005 0.278168203125 0.028569328124999998 0.32721375468749997 0.18620717656250002 0.3682807078125 0.177978075 0.3116474265625
0 0.19792491406249998 0.4338460421875 0.023116101562499998 0.39995480156249996 0.0198274609375 0.4438222921875 0.191808628125 0.4876980984375 0.19792491406249998 0.4338460421875
0 0.0227919953125 0.5217646453125 0.1760715390625 0.5589481671875001 0.192434534375 0.507082703125 0.0203479640625 0.46581473906250004 0.0227919953125 0.5217646453125
0 0.0270425828125 0.61907096875 0.17510240625 0.65507653125 0.18736671875 0.602416421875 0.024712534375 0.5657304734374999 0.0270425828125 0.61907096875
0 0.2108944765625 0.5381805671875 0.3984012734375 0.5607741828125 0.39222151250000004 0.5045382140625 0.21413216875000002 0.4672590625 0.2108944765625 0.5381805671875
0 0.033006643749999995 0.755602921875 0.144848315625 0.7813018484375001 0.1540306828125 0.7142847609375 0.029964207812499997 0.6859540890625 0.033006643749999995 0.755602921875
0 0.0296909296875 0.6796981093750001 0.1587394109375 0.706942 0.1746957109375 0.6605014687499999 0.027606676562499998 0.6319844328124999 0.0296909296875 0.6796981093750001
0 0.602680684375 0.8865759328125 0.7895774375 0.9173069484375 0.7961004218750001 0.8580299531250001 0.6098137109375 0.81916153125 0.602680684375 0.8865759328125
0 0.8227259921875 0.8356730890625 0.9905686328125001 0.8709656453125 0.9940255390624999 0.8248536718749999 0.8243369062499999 0.7864513328125 0.8227259921875 0.8356730890625
0 0.82196020625 0.929088984375 0.9770842343749999 0.9399005578124999 0.9772558468750001 0.8821440828125 0.82150590625 0.8519479015625 0.82196020625 0.929088984375
0 1 0.5751027453125 0.83279815625 0.534917609375 0.8315939421874999 0.5787144265624999 1 0.62428596875 1 0.5751027453125
0 0.8345042734374999 0.650827890625 0.9916935109375 0.6895587921875 0.9992490984375 0.6442414640624999 0.834065840625 0.6012088171875 0.8345042734374999 0.650827890625
0 0.2154950546875 0.6986823078125 0.377815578125 0.7521675109375 0.3878272078125 0.7018225578124999 0.23021540625 0.640994578125 0.2154950546875 0.6986823078125
0 0.1799539375 0.8954318171875 0.34901665937500004 0.9144495625 0.3563688984375 0.8718446984374999 0.17807621093749998 0.837278015625 0.1799539375 0.8954318171875
0 0.390816875 0.9115460515624999 0.5701263046875 0.9325503906250001 0.578088590625 0.8818081140625 0.3909884875 0.8537895671875001 0.390816875 0.9115460515624999
0 0.038797125 0.8881611765624999 0.14184570624999998 0.9045548953125 0.1426273640625 0.8386610109375001 0.035895242187499996 0.8217300156249999 0.038797125 0.8881611765624999