0 0.28496923281250003 0.2265343171875 0.291853321875 0.334740834375 0.614303240625 0.24219533124999998 0.6051992359375 0.1342221375 0.28496923281250003 0.2265343171875
0 0.622789603125 0.2161656734375 0.9002605078125001 0.122761496875 0.893769715625 0.039651353125 0.6104072 0.1197093671875 0.622789603125 0.2161656734375
0 0.9165020281249999 0.21322603906249998 0.9080816796875 0.1331117765625 0.7714209640624999 0.178199259375 0.782351584375 0.260842759375 0.9165020281249999 0.21322603906249998
0 0.4796934828125 0.3708596078125 0.7696128078125 0.2677678171875 0.7606117453125 0.1821284328125 0.46789179374999995 0.279928425 0.4796934828125 0.3708596078125
0 0.30674599687500004 0.4337263796875 0.48027419687500006 0.37638473125 0.46538152187500004 0.277399184375 0.29436359375 0.337270071875 0.30674599687500004 0.4337263796875
0 0.310708053125 0.4500684203125 0.31748919999999997 0.5359411296875 0.63462821875 0.4355745890625 0.619735540625 0.3365890453125 0.310708053125 0.4500684203125
0 0.6550852265625 0.416666003125 0.9232831750000001 0.29909874687500004 0.915443540625 0.224509603125 0.6136565125 0.342814134375 0.6550852265625 0.416666003125
0 0 0.2370960265625 0.147727803125 0.2660966796875 0.143456928125 0.182753209375 0 0.1522987453125 0 0.2370960265625
0 0 0.3455963984375 0.0549031375 0.365231459375 0.050341903125 0.2791254296875 0 0.256645678125 0 0.3455963984375
0 0 0.424102209375 0.172117778125 0.49815178906249996 0.16282635781250002 0.40974984374999995 0 0.3297046703125 0 0.424102209375
0 0 0.50306901875 0.09095493437499999 0.5374062109375 0.083986371875 0.471104753125 0 0.43678307656250004 0 0.50306901875
0 0 0.52620389375 0.008177778125 0.6040102593750001 0.203832690625 0.6931269953125 0.194831628125 0.6074876078125 0 0.5187458625 0 0.52620389375
0 0.10449876875 0.6449127625 0.008216745312499999 0.604381003125 0.016125096875 0.6796239203125001 0.1084792890625 0.7254936703125 0.10449876875 0.6449127625
0 0.10916294062500001 0.7533526015625001 0.21129749062499997 0.8068586328125 0.2075228515625 0.77094534375 0.016734253125 0.6854196640625 0.025552803125000002 0.7693225796875 0.0540583625 0.78428203125 0.10916294062500001 0.7533526015625001
0 0.928425121875 0.3907298984375 0.918365571875 0.3163740765625 0.7814145 0.358699003125 0.793796903125 0.4551553078125 0.928425121875 0.3907298984375
0 0.496618659375 0.4891830796875 0.5044582937500001 0.563772221875 0.783755815625 0.44503835625 0.7689660796875 0.3683866171875 0.496618659375 0.4891830796875
0 0.3155596421875 0.5389370125 0.3385638484375 0.65103539375 0.505619721875 0.5748224640624999 0.491598115625 0.484124603125 0.3155596421875 0.5389370125
0 0.935496628125 0.479365165625 0.9267859203125 0.396488340625 0.647300978125 0.53479345625 0.672899934375 0.6075160187499999 0.935496628125 0.479365165625
0 0.346984196875 0.731149659375 0.6459705984374999 0.6075533265625 0.6381309640625 0.532964184375 0.345411009375 0.630764178125 0.346984196875 0.731149659375
0 0.34334942343749997 0.846047909375 0.8074621390625 0.649234534375 0.7918013296875 0.564295115625 0.3359875625 0.7546500796875 0.34334942343749997 0.846047909375
0 0.9495182312500001 0.570063028125 0.9427370843749999 0.484190321875 0.7975900046875 0.5553074640625 0.8095791125 0.6266674015625 0.9495182312500001 0.570063028125
0 0.6768144375 0.7942408515625 0.9562993796875 0.6559357375 0.9459494734374999 0.57881735625 0.676112321875 0.7021430546875 0.6768144375 0.7942408515625
0 0.33552825 0.8356976328125001 0.3562096015625 0.9256955281250001 0.666585934375 0.8036951468750001 0.65536495625 0.718289084375 0.33552825 0.8356976328125001