0 0.9068906921875 0 0.8996205296875001 0.007626759375 0.9059744578125001 0.0525733515625 0.927442825 0.066094 0.969070478125 0.05633845 0.9651697484374999 0 0.9068906921875 0
0 0.9691189703124999 0.0570388203125 0.9168097859375001 0.0685984875 0.9049993468749999 0.085313271875 0.8953068796875 0.11701024062500001 0.8989013937499999 0.1533181484375 0.919306465625 0.167089240625 0.931644234375 0.15799079062500002 0.9753083421875001 0.146432215625 0.9691189703124999 0.0570388203125
0 0.9140695078125001 0.21631404999999998 0.9161874828125001 0.23129625312500002 0.9310737343750001 0.22778995625 0.947339684375 0.22860300625000002 0.972428465625 0.231982265625 0.981241965625 0.2321318453125 0.9753594109374999 0.1471698578125 0.9369607515625 0.1567385375 0.92324326875 0.1615176484375 0.9133485046875001 0.174685 0.9074873890624999 0.1992871171875 0.9140695078125001 0.21631404999999998
0 0.913182603125 0.2815434203125 0.91136376875 0.302097209375 0.911882465625 0.3251966359375 0.9225068671875001 0.338175234375 0.9336672390625 0.3432870734375 0.9443002734375 0.34078257968750003 0.9756720390625 0.325652765625 0.9875238375000001 0.32286120937499996 0.9812021453125 0.231556721875 0.9799770562499999 0.2317523890625 0.9500990937499999 0.23724170312499998 0.9271282859375001 0.24884464843749998 0.913182603125 0.2815434203125
0 0.931717034375 0.4087668953125 0.9444680390625001 0.4212445984375 0.9617972984375 0.42180720312500003 0.9923707953124999 0.41460595624999996 0.992654965625 0.3969703890625 0.9874301328125 0.32150790156250003 0.9851363078125001 0.3218754625 0.9270764828125 0.341743234375 0.9251435421875 0.37625685781249996 0.931717034375 0.4087668953125
0 0.93539110625 0.49304736406250005 0.9462178078125 0.5245555984375 0.9604539875 0.5428759078125001 0.9904384531250001 0.5345256609375 0.9922984015624999 0.419098728125 0.9494595171875 0.43090566093750005 0.93539110625 0.49304736406250005
0 0.990414846875 0.5359906109375 0.9807820296875001 0.5398351906250001 0.9558497906250001 0.55722849375 0.9534550218750001 0.5952351421875 0.9643112437499999 0.63588105 0.984788428125 0.6267375796875 0.9889820171875 0.6249108953125 0.990414846875 0.5359906109375
0 0.9879049609375 0.6917520671874999 0.9889918203124999 0.62430253125 0.9663875890625 0.6368320796875 0.9549025640625001 0.6596986421875 0.9609193296875 0.6885235375 0.9879049609375 0.6917520671874999
0 0.968200859375 0.7646533265625 0.9866493890625 0.7696720125 0.9878260390625 0.69664999375 0.9876229406249999 0.6967143140625 0.968200859375 0.7646533265625
0 0.7353644953125 0.450750475 0.72871089375 0.49984093281249997 0.7482890296875 0.506750309375 0.795570546875 0.492733475 0.8463099656249999 0.4851026671875 0.9030822140625 0.47749098125 0.9328458765625 0.4863215671875 0.9423607015625001 0.4495180796875 0.9427604875 0.42658274062499996 0.9106428937500001 0.397944796875 0.8734568156250001 0.39806296875 0.774544871875 0.4213605796875 0.7353644953125 0.450750475
0 0.9077838328125001 0.16826655 0.8949615390625001 0.1424205375 0.8581759312499999 0.133803790625 0.8063492859375 0.1402505859375 0.696655128125 0.1675279328125 0.6119913203125 0.17882895625 0.5707185390625 0.23607357968749998 0.566345534375 0.2745461734375 0.5777163937500001 0.2790683828125 0.6341943078125001 0.267205734375 0.707274978125 0.277354271875 0.738738615625 0.2526621671875 0.7846385812500001 0.2332103515625 0.8400292734375 0.22016368593750002 0.8878994406249999 0.214648790625 0.8997769015625 0.197450196875 0.9077838328125001 0.16826655
0 0.89125208125 0.04528799375 0.8939251109375 0.0403380984375 0.8524882343750001 0.037137209375 0.7783042734375 0.0546104203125 0.7155892781250001 0.07802282656250001 0.6874854406249999 0.10768396875 0.686374115625 0.1497085984375 0.6993227484375 0.16249978437499998 0.7629207171875 0.151840284375 0.8161369531249999 0.1364255859375 0.8604430765625001 0.13751055625 0.8851630343749999 0.1460890375 0.887942209375 0.128153253125 0.9011191796875 0.0861668828125 0.9072661796875 0.058797246875 0.89125208125 0.04528799375
0 0.6507577859375 0.1724986234375 0.6861698671875 0.16127750624999998 0.6851968125 0.132704709375 0.687066071875 0.094316278125 0.6295599828125 0.0550831109375 0.575460765625 0.0577448953125 0.5262010125 0.0722276796875 0.5072034921874999 0.0882231296875 0.4890889578125 0.11697149375 0.48264763281249995 0.14009016093749999 0.48718473125 0.1620630796875 0.5048827390625 0.1708554015625 0.56382944375 0.165611753125 0.592808234375 0.16310641406249998 0.611201034375 0.167414790625 0.6248444578125001 0.175722025 0.6507577859375 0.1724986234375
0 0.89076326875 0.2124546234375 0.8590133375000001 0.21849287031250003 0.8021429828125 0.2246875625 0.737253534375 0.2457319375 0.7120109109375 0.28768004999999996 0.713368371875 0.3363236796875 0.7482818796874999 0.332420475 0.8347357437499999 0.30341664218750003 0.8650960859374999 0.306346284375 0.8997072390625 0.31259500625 0.9095984312500001 0.310265240625 0.92377255625 0.25364301875 0.9137012046875 0.22433303124999998 0.890052525 0.2171088578125 0.89076326875 0.2124546234375
0 0.8919423078125 0.4037100921875 0.9159755046875 0.4023696296875 0.929929315625 0.3861220734375 0.9300434875000001 0.358733296875 0.9216480171875 0.339109271875 0.9029573078125 0.3163685921875 0.8831945640625 0.306403690625 0.8419539015625 0.306036778125 0.735423325 0.3354491671875 0.6872507984375 0.351115975 0.624241478125 0.3702774203125 0.596832428125 0.3954546109375 0.5828705890625 0.42610504374999997 0.586917140625 0.44099301874999997 0.6352778546875 0.4425630734375 0.7050968375 0.4491595734375 0.7273480125 0.45111904375 0.7569315171875 0.4283098890625 0.7993655515625 0.4168749265625 0.8568325859374999 0.40477929687499997 0.8919423078125 0.4037100921875
0 0.5909940890625001 0.22401788281249999 0.623961478125 0.1629691046875 0.587470196875 0.1586033390625 0.5300031625 0.1706989625 0.4640264875 0.19055933281249998 0.40536607656249996 0.2144568328125 0.3916084828125 0.2335383765625 0.4226475640625 0.2607898390625 0.43588248281249997 0.29223487656249997 0.47603591874999995 0.29141777812499997 0.509657953125 0.29789946875 0.5411135515625001 0.287610253125 0.565586396875 0.2791249140625 0.5679339531250001 0.2539311234375 0.5909940890625001 0.22401788281249999
0 0.5184619109375 0.294385696875 0.4993662859375 0.3089641484375 0.4956800421875 0.35735567343749997 0.503781184375 0.372728728125 0.541269615625 0.3624586484375 0.5957692953125 0.35106194375 0.6198925640625 0.3655413640625 0.6714248890625 0.3548435921875 0.714749928125 0.34175866093749996 0.7113241453125 0.2777611109375 0.673451315625 0.26796035156250003 0.62152655625 0.2729901546875 0.5184619109375 0.294385696875
0 0.3399441921875 0.1261791046875 0.2886901328125 0.1699336171875 0.2802545125 0.22232400000000002 0.31139972656250003 0.2365895734375 0.370746896875 0.22261100625000002 0.39190280781250003 0.2377893453125 0.4297997390625 0.20438145625 0.4875691328125 0.1821339265625 0.484920196875 0.14387518593749998 0.4834801203125 0.10971470937500001 0.4767450390625 0.0838764875 0.4267985171875 0.0884403453125 0.3399441921875 0.1261791046875
0 0.1662596328125 0.15844799375000002 0.124021825 0.1727169375 0.083059428125 0.20540675937500003 0.0655335421875 0.2426570671875 0.10260544375 0.2699276671875 0.243354734375 0.24109603124999998 0.2791592515625 0.2355428640625 0.2805488375 0.22657496875 0.2822407828125 0.2074551671875 0.2834477734375 0.168356796875 0.25586903906249997 0.14598207968750002 0.2096827828125 0.14678004375 0.1662596328125 0.15844799375000002
0 0.40165573906249996 0.30605700625 0.4361768125 0.2964858453125 0.4374763203125 0.27169807968750004 0.4032736703125 0.2423115625 0.38488889375 0.223600309375 0.32554172656249997 0.23757887656249999 0.2868756796875 0.23238698750000003 0.28875612031250003 0.22896213593749998 0.235441778125 0.2429598390625 0.164225175 0.2597341234375 0.10715057187499999 0.277497709375 0.08627292812500001 0.2953760984375 0.0797254578125 0.3314806609375 0.0932547140625 0.36717666718749997 0.1437979140625 0.35671187656250003 0.2189709921875 0.33900569062499997 0.22628726562499998 0.3430428203125 0.2672335984375 0.339158759375 0.2998665125 0.3458734265625 0.32727555937499997 0.320696240625 0.35744772187499996 0.30638903125 0.40165573906249996 0.30605700625
0 0.4146124015625 0.30444530937500003 0.34606882968749997 0.316269690625 0.30451778281249997 0.3404575671875 0.2906460171875 0.3869278890625 0.2896408328125 0.4159666234375 0.349478546875 0.40907301250000005 0.3979454015625 0.39765717343749996 0.43741206874999994 0.38692114843750003 0.4818243375 0.375020221875 0.49903983749999997 0.362324709375 0.5023175859375 0.33707098750000003 0.49989565 0.30324266093749996 0.4812758421875 0.2945038640625 0.4146124015625 0.30444530937500003
0 0.49828882500000005 0.46762883281249995 0.5278642984374999 0.45922256250000004 0.5795027609375001 0.4355388953125 0.585355428125 0.403918284375 0.6128625890625 0.3801580859375 0.61900958125 0.35278845 0.5907255859375 0.35080983906249996 0.52406215 0.360751271875 0.449878184375 0.3782244875 0.4220767046875 0.397733709375 0.4394803890625 0.40227506249999995 0.44350284999999995 0.46037167968750003 0.49828882500000005 0.46762883281249995
0 0.42859204687499997 0.4192406796875 0.40864243125 0.408304796875 0.4105997046875 0.40619738906249997 0.3557075890625 0.4119261234375 0.2730220171875 0.422761203125 0.2047727734375 0.43883656249999997 0.09914124375 0.4521961046875 0.10412873125 0.5532683828125 0.1614976578125 0.539755771875 0.2271800125 0.5156444265625 0.271976684375 0.5238143515625 0.2974895421875 0.5293258703125 0.3390405890625 0.50513799375 0.3964095171875 0.4916253765625 0.42697411562500004 0.48298612343749997 0.43688137187500004 0.45185059843750003 0.42859204687499997 0.4192406796875
0 0.513125615625 0.464134190625 0.513289709375 0.524579696875 0.5381077734375 0.5345751671875 0.6257389359375 0.522575209375 0.6431345890625 0.54151944375 0.7262206234375 0.52194944375 0.7346401921875 0.4983648203125 0.7277084015625 0.4570641859375 0.728631453125 0.45513704375 0.6208415296875 0.437322803125 0.55813456875 0.4463323265625 0.513125615625 0.464134190625
0 0.41020900468750005 0.5747810062500001 0.4270320640625 0.556417525 0.490932396875 0.5356061171875 0.515570303125 0.5139618390625 0.5160769109375 0.49224103125 0.5066303203125 0.473115796875 0.430341940625 0.473552278125 0.357343315625 0.49362649375 0.29551130312499996 0.5297918265625 0.302002546875 0.5945074375 0.41020900468750005 0.5747810062500001
0 0.08323501718750001 0.59995255 0.1140618203125 0.653175790625 0.1707439828125 0.629744240625 0.239786128125 0.6106019265625 0.24186247500000002 0.61155296875 0.2993295171875 0.5994573453125 0.3043892828125 0.5709036859375 0.2895765859375 0.5311896859374999 0.238648978125 0.5215836296874999 0.23765985937499998 0.5218166046875 0.176334453125 0.5362611234375 0.16396644062500002 0.5463747718749999 0.11549958906249999 0.5577906046875001 0.086184034375 0.600963975 0.08323501718750001 0.59995255
0 0.9170093671874999 0.49028154375 0.9169164406249999 0.48855394375000005 0.8533264921875 0.48481056718750004 0.71999158125 0.5190963328125 0.639276221875 0.5438683328125 0.6056381281250001 0.5661924078125 0.59295973125 0.6008608453125001 0.629639196875 0.622463475 0.6849237484375 0.622402709375 0.7453501109375 0.62401103125 0.781759346875 0.5981540562500001 0.86217235 0.5835339625 0.920816696875 0.588442215625 0.9384246328125 0.5814146671875 0.9667327218749999 0.5401846359375 0.9170093671874999 0.49028154375
0 0.9005437609375001 0.586016790625 0.83724815 0.5865243828125 0.7754241671875 0.6082868265625 0.7498952484375 0.6315810734375 0.753026696875 0.6913276546875 0.8063410390625 0.67732995625 0.86410240625 0.669485296875 0.9150300124999999 0.6790913453125 0.9384665218749999 0.6836518265625 0.9704367609375 0.6372389203125 0.9675835718749999 0.6105490734375 0.944949209375 0.5888816109375 0.9441550937500001 0.591585709375 0.9005437609375001 0.586016790625
0 0.8451628328125 0.7589121484375 0.8964909109375 0.759783284375 0.9248730171874999 0.7631788828125 0.9605874609375 0.7418058453125 0.9631704140625 0.7210360734375 0.9357960296875 0.6890143390625 0.9044520515625001 0.6715021734375 0.8668735421875 0.6659523828125 0.8183085765625 0.675951228125 0.7589614140625 0.689929796875 0.715734478125 0.704431721875 0.651539825 0.7209921609375 0.6227492171875 0.7407343640625 0.5906889015625 0.7713274078125 0.587607371875 0.7994151046875 0.626575465625 0.79599699375 0.671968825 0.7982659812499999 0.711729815625 0.7917809203124999 0.745850428125 0.7909446796874999 0.7544581703125 0.7845969265625 0.8451628328125 0.7589121484375
0 0.7485136875 0.6261460859375 0.7139025421875 0.6198973703124999 0.6704874234375 0.6171624328124999 0.6311268937500001 0.6149125734374999 0.6045268078125 0.6082170375 0.587711778125 0.6121776359375 0.5404222265625 0.6405973515625 0.53919673125 0.710010765625 0.6247515515625001 0.697059759375 0.6514417171875 0.7195751734375 0.7088106453125 0.70606255625 0.741157265625 0.6941233703125 0.7543262046875 0.6665398890625001 0.7487833625 0.630763790625 0.7485136875 0.6261460859375
0 0.42673144374999994 0.74082101875 0.4323477390625 0.7783808265625 0.4788042265625 0.82504248125 0.522816034375 0.8218764875 0.58543291875 0.7970470796875 0.60365359375 0.7553128203125 0.6338257515625 0.7410056109375 0.6442235515625 0.7169550375 0.6316753937499999 0.6954289265625 0.6118513375 0.7004783390625 0.60981665 0.6991374203125 0.495675475 0.720261709375 0.42673144374999994 0.74082101875
0 0.6085073796875 0.56407649375 0.6412624921875001 0.5289995000000001 0.604673103125 0.5232167343749999 0.5430533718749999 0.533410284375 0.526638803125 0.52863596875 0.4404872984375 0.5474878953125 0.40427428593750003 0.5761788640625001 0.4472809015625 0.6020516046875 0.47169047500000005 0.6351848703125 0.5352804140625 0.638928253125 0.5352266375 0.6392804937500001 0.5787115890625001 0.6128574328124999 0.6079927390625001 0.6002001859375 0.6085073796875 0.56407649375
0 0.33843760624999997 0.6996933890625 0.3244516703125 0.773552475 0.41652985937500003 0.7677055734375 0.4402847859375 0.7333083828125 0.518327115625 0.7134862656250001 0.5444446921874999 0.69869396875 0.5409047390625 0.662085190625 0.5325533671875 0.6442326609375 0.5325092734375 0.6424611671875 0.4709956796875 0.6396688203124999 0.42143356875000004 0.6643035187499999 0.33843760624999997 0.6996933890625
0 0.1889904921875 0.7190529203125 0.263272559375 0.702996696875 0.3098512515625 0.7078666859375 0.3299199359375 0.7218610187500001 0.3536668328125 0.7018667093750001 0.41697851249999995 0.6725533515625 0.46258414531250003 0.6488505625000001 0.47476397031250006 0.62150005625 0.45272508125 0.593568796875 0.40605631249999996 0.5728789328125 0.307839153125 0.5916925921875 0.165798384375 0.6309091234374999 0.10396637187499999 0.6670744562500001 0.1149207015625 0.7091373515625 0.1296344109375 0.734813259375 0.1889904921875 0.7190529203125
0 0.0980655125 0.7851123578125 0.12168217968749999 0.8213125859374999 0.31416000781250003 0.7846171546875 0.32840815 0.7726205734375 0.32811382031249997 0.7683696046875 0.33546222187499997 0.714795196875 0.30876402187499996 0.7066826796875 0.2581307484375 0.7013275984375 0.2085766625 0.7115594140625 0.133305475 0.7278486109375 0.0980655125 0.7851123578125
0 0.325678896875 0.8783906484375 0.38066912343750003 0.8740789015624999 0.4803437953125 0.8394606546875 0.4807744359375 0.8389794140625 0.452318315625 0.7909581734375 0.416235534375 0.7634545984375001 0.339484684375 0.7728918140625 0.29002870937499997 0.7845406234375 0.1948770171875 0.8040723515625 0.120693059375 0.8215455625000001 0.12106943125 0.856019296875 0.141114021875 0.913222271875 0.18008212031249998 0.9098041671875 0.221036478125 0.8915172218749999 0.26267761093750003 0.883149215625 0.325678896875 0.8783906484375
0 0.273168315625 0.3377609015625 0.22994941875000002 0.3378599375 0.16259118749999998 0.3522853265625 0.10522225156250001 0.36579794374999997 0.082660696875 0.388393259375 0.0757207953125 0.4188298578125 0.0966724578125 0.4455771046875 0.10546839687500001 0.456466215625 0.16431698749999998 0.44980556250000003 0.23227190156250002 0.429479240625 0.28420865 0.411678759375 0.2988613296875 0.3749121671875 0.2971934828125 0.3508233265625 0.273168315625 0.3377609015625
0 0 0.34259326562500003 0.026713478125000002 0.33532645625 0.078033521875 0.3506004625 0.08606064531249999 0.3213478828125 0.093801475 0.27344144375 0.06958812812500001 0.24314216093750002 0 0.2320766359375 0 0.34259326562500003
0 0 0.42412859843749995 0.0582109703125 0.4272744015625 0.0896585421875 0.4313880671875 0.090867978125 0.3907804265625 0.08990295312499999 0.34780475312500003 0.06211752968749999 0.338508215625 0.018898628125 0.338607253125 0 0.3414291046875 0 0.42412859843749995
0 0 0.520322196875 0.05944623125 0.5177096859375 0.0902971234375 0.527724296875 0.1020104921875 0.45008017968749997 0.0949965765625 0.4358911484375 0.0633527859375 0.42894350000000003 0.028046842187499997 0.427178728125 0.0007173625 0.4265819203125 0 0.47452151875000004 0 0.520322196875
0 0.0341295890625 0.5150321484375 0.0020532953125 0.518480728125 0.0066803890625 0.612223746875 0.0794747609375 0.6037184265625 0.091352221875 0.5865198265625 0.1080771796875 0.5667393640625 0.10689987187500001 0.54973548125 0.0796210515625 0.5187181296875 0.0341295890625 0.5150321484375
0 0.004015384375 0.602770765625 0.004351603125 0.7092589015625 0.061720529687500005 0.695746290625 0.0842660296875 0.701956728125 0.09464776875 0.7067119265625 0.10226639687500001 0.7005971421875 0.10761245781249999 0.6906973453125 0.1174216109375 0.6581448265625001 0.1100152609375 0.6382878265625 0.098448184375 0.6309316296875 0.085409475 0.6023205734375 0.07492962343750001 0.5961483953125 0.034179512499999995 0.6028664328125 0.00517140625 0.6070780859375 0.004015384375 0.602770765625
0 0.11361775625 0.721295784375 0.0812986703125 0.7026556609375 0.05677493125000001 0.6969111671875 0.006926525 0.7028920125 0.0111291453125 0.7926283703125 0.057119184375 0.7889964203125001 0.10301111562500001 0.783947475 0.11687484687500001 0.75188005 0.11361775625 0.721295784375
0 0.12046471406249999 0.8763231109375 0.119703940625 0.8217785375 0.105774221875 0.79481745 0.06522835 0.7899665921875 0.008152620312500001 0.7885671796875 0.0151547140625 0.889698734375 0.095532478125 0.8937164203125001 0.12046471406249999 0.8763231109375
0 0.0176043296875 0.886149753125 0.0184771796875 0.9376852343750001 0.021579410937499998 0.98249096875 0.057701539062499994 0.9861528265624999 0.106855153125 0.9846559328125 0.1212014015625 0.9740763328125001 0.128247440625 0.9306538390625001 0.12014629531250001 0.915280784375 0.1024563203125 0.8920855859374999 0.0176043296875 0.886149753125
0 0.25862302187499997 0.8826641234375 0.1991777484375 0.8952257031249999 0.193929790625 0.9065424999999999 0.163070871875 0.9109307718749999 0.13369161093749998 0.9221710312500001 0.11576526093749999 0.968156265625 0.1227791703125 0.982345303125 0.329407034375 0.932236296875 0.3338620859375 0.92398645625 0.341202453125 0.88481494375 0.3409081234375 0.88056396875 0.2669284140625 0.886468278125 0.25862302187499997 0.8826641234375
0 0.3292108125 0.9294023093750001 0.5504792484375 0.8729646796875 0.550094846875 0.8528938390624999 0.5213757343750001 0.8312923578125 0.5192519828125 0.8284763515625 0.49106609843750004 0.8279147281249999 0.4683083203125 0.8476760625 0.36553800000000003 0.8733225671874999 0.33190794375 0.881243759375 0.3292108125 0.9294023093750001
0 0.5339987015625 0.8091618390624999 0.5333939875 0.8294656546875 0.5518608078125 0.8783996609375 0.7492922656250001 0.82613646875 0.75059176875 0.801348703125 0.7372207484375 0.797742475 0.72270824375 0.7906351734375 0.6818600125 0.795936228125 0.64744508125 0.79252149375 0.5941387687499999 0.792116309375 0.5339987015625 0.8091618390624999
0 0.77236043125 0.7818203453125 0.7500809921875 0.7947133890625 0.733102103125 0.8394775125 0.94044626875 0.7906398890624999 0.9505820890625 0.7715243890625 0.9255678078124999 0.7586949328125 0.87265393125 0.763957721875 0.8205329578124999 0.7661535374999999 0.77236043125 0.7818203453125