0 0.9419357453125 0.489898703125 0.9943882296875 0.4929943265625 0.99563175 0.38569270312500004 0.8824906562500001 0.3607293640625 0.9419357453125 0.489898703125
0 0.9053553640625 0.325577809375 0.9960105531250001 0.35300640156249996 0.9967219593750001 0.2916201609375 0.9187937249999999 0.2725493953125 0.9053553640625 0.325577809375
0 0.879465025 0.212570696875 0.99732614375 0.239485796875 0.9978446062499999 0.1947485859375 0.880636275 0.1618406859375 0.879465025 0.212570696875
0 0.670684446875 0.28162054375 0.7667922015624999 0.27764427187499996 0.7477271890625 0.1727121609375 0.6359396640625 0.1749493453125 0.670684446875 0.28162054375
0 0.5716897125 0.2636886046875 0.546896975 0.1570235125 0.458472409375 0.2053939078125 0.5137668359374999 0.2792180796875 0.5716897125 0.2636886046875
0 0.7305729390625 0.6903856796875 0.79317216875 0.7123306421875 0.8104290078125 0.6604575500000001 0.735562671875 0.6408109875 0.7305729390625 0.6903856796875
0 0.6795028203125 0.6148346546875 0.7369000078125 0.6171759015625 0.75293938125 0.5739493453125 0.679456603125 0.5727511734374999 0.6795028203125 0.6148346546875
0 0.8274461140625 0.6385615625 0.9103552546874999 0.6576365859375 0.9146532125 0.598837703125 0.84169611875 0.579768796875 0.8274461140625 0.6385615625
0 0.5450440984375 0.580162809375 0.59740533125 0.589995271875 0.6028008890625001 0.5375384015625 0.5432085 0.5225131234375 0.5450440984375 0.580162809375
0 0.712679171875 0.53472355625 0.7669496515625001 0.5451336796875 0.7753520484374999 0.49959649375000004 0.7088144671875 0.491484765625 0.712679171875 0.53472355625
0 0.7693383640625 0.48575713593750003 0.8293365734375 0.49790024062500005 0.849314303125 0.44084045625 0.76490175 0.4183055859375 0.7693383640625 0.48575713593750003
0 0.5769445046875 0.499498271875 0.6338651843750001 0.507496271875 0.6389092828125 0.464440259375 0.5802427046874999 0.454376696875 0.5769445046875 0.499498271875
0 0.765066475 0.5810134328125 0.8190192125 0.6173224562499999 0.838091775 0.5831228265624999 0.780085725 0.5394381734375 0.765066475 0.5810134328125
0 0.688836775 0.391919296875 0.7468191765625 0.4140743765625 0.7582853234375 0.37603604375 0.6954191515625 0.3524033265625 0.688836775 0.391919296875
0 0.760271315625 0.152188803125 0.784383553125 0.1979170984375 0.8570313031250001 0.1737778890625 0.8509893234374999 0.1011853390625 0.8456335859375 0.0995649140625 0.760271315625 0.152188803125
0 0.57195134375 0.1444049140625 0.6474916765625001 0.1503498828125 0.64729809375 0.101097203125 0.5722579624999999 0.106064778125 0.57195134375 0.1444049140625
0 0.583314065625 0.26621612968749997 0.6485253359375001 0.2659613140625 0.632717721875 0.1612530375 0.5426110453125 0.164736715625 0.583314065625 0.26621612968749997
0 0.5812615578125 0.30249069687499996 0.638267209375 0.324350253125 0.6626151265625 0.2671496859375 0.6029717984375 0.25679060468750003 0.5812615578125 0.30249069687499996
0 0.7523161843749999 0.338871759375 0.8011538937499999 0.3536480671875 0.831862540625 0.309133209375 0.7714500734375 0.2970041046875 0.7523161843749999 0.338871759375
0 0.6147785906250001 0.5924230796875001 0.6658387453125 0.5986479203124999 0.672836353125 0.55618295 0.607478790625 0.550244240625 0.6147785906250001 0.5924230796875001
0 0.6465016640625 0.5190061421875 0.693593484375 0.5317169015625 0.7177574265625 0.49752040781250007 0.6483465578125001 0.48420606718750003 0.6465016640625 0.5190061421875
0 0.588471971875 0.4537919203125 0.6391782218750001 0.45529773437500004 0.647652778125 0.4240408390625 0.58682508125 0.41486073437500004 0.588471971875 0.4537919203125
0 0.8491050124999999 0.5772310859374999 0.9210309140625 0.59438100625 0.9340353312499999 0.5598827281250001 0.8515727500000001 0.53800751875 0.8491050124999999 0.5772310859374999
0 0.3892089265625 0.19826386406250002 0.458803765625 0.1885741359375 0.3827536234375 0.0994598515625 0.3237331390625 0.084677278125 0.3242193078125 0.146317 0.3892089265625 0.19826386406250002
0 0.3171043765625 0.0027786796874999997 0.3383608109375 0.0675805921875 0.399542409375 0.081479728125 0.45881779843750004 0.13784695625 0.4769749296875 0.095683778125 0.39668750468749997 0.022197943749999997 0.33679299218750003 0.0029512031250000003 0.3171043765625 0.0027786796874999997
0 0.2854040484375 0.1760806046875 0.33827141875 0.17670296875 0.30881288906250004 0.0893869015625 0.220220840625 0.0748810625 0.2854040484375 0.1760806046875
0 0.1379663859375 0.0012089499999999999 0.070861146875 0.0006209328125 0.0937053234375 0.076572790625 0.220121840625 0.111746690625 0.162191146875 0.0096668328125 0.1379663859375 0.0012089499999999999
0 0.6585722046875 0.6502554078125 0.6521028640625001 0.6021785796875 0.561996184375 0.605662253125 0.58702385625 0.6593540859375 0.6585722046875 0.6502554078125
0 0.4912206265625 0.1753224265625 0.551085603125 0.1334798328125 0.545385396875 0.08717301875 0.4703925578125 0.135199746875 0.4912206265625 0.1753224265625
0 0.574872765625 0.3912593390625 0.628631921875 0.378315690625 0.5943369140625 0.3325811421875 0.537916434375 0.33549569687499997 0.574872765625 0.3912593390625
0 0.1725630859375 0.181909696875 0.22906853749999997 0.192856703125 0.1908192171875 0.1028808953125 0.13005284374999998 0.086032765625 0.1261081515625 0.11404826562499999 0.1725630859375 0.181909696875
0 0.7910376359375 0.54121446875 0.8414749468749999 0.551862809375 0.862354725 0.512060709375 0.7927362421875 0.5002208640625 0.7910376359375 0.54121446875
0 0.8434424875 0.5017266796875 0.9355263203125 0.5203636296874999 0.9478229265625 0.476427296875 0.8514781640625 0.45188921562499995 0.8434424875 0.5017266796875
0 0.745125775 0.6503086546875 0.8054532703125 0.648576209375 0.8082749140625 0.6140716671875001 0.7424407984375 0.61874996875 0.745125775 0.6503086546875
0 0.7736111921875 0.29612065468750004 0.8403607375 0.2994058953125 0.84816515625 0.2295133515625 0.8802044671875 0.1900130375 0.7772773359375 0.2049909265625 0.7736111921875 0.29612065468750004
0 0.8249226109375 0.785138690625 0.8841647421875001 0.7477195921875001 0.8256584921875 0.6931223828124999 0.7890279953125 0.7435321171875 0.8249226109375 0.785138690625
0 0.8101530703125001 0.6730579140625 0.877756725 0.691974734375 0.8843390984375 0.6524587656249999 0.8155510734375 0.6347209203124999 0.8101530703125001 0.6730579140625
0 0.619194646875 0.35854987656250004 0.6651257375 0.39396918593749997 0.68802034375 0.3470901171875 0.6432736265625 0.31049183281250003 0.619194646875 0.35854987656250004
0 0.6667157296874999 0.31758446875 0.7372496390625 0.33738785781249997 0.7529530656250001 0.2837210734375 0.6801967015625 0.2724691546875 0.6667157296874999 0.31758446875