0 0.99824720625 0.0778452890625 0.895049440625 0.0965231453125 0.8905312765625 0.1705002671875 0.9957664765625 0.1573144125 0.99824720625 0.0778452890625
0 0.9952984359375 0.172307978125 0.866444153125 0.21118251250000003 0.8824998000000001 0.27252663125 0.9928462828125 0.2508618640625 0.9952984359375 0.172307978125
0 0.992395759375 0.2652941625 0.8477498640625001 0.3035737375 0.8644642640625 0.3596586234375 0.990238140625 0.33441259687499997 0.992395759375 0.2652941625
0 0.9895617937500001 0.35607900937500003 0.83404270625 0.3751019875 0.8532655765625 0.44906554375 0.9869435 0.4399552015625 0.9895617937500001 0.35607900937500003
0 0.9865170640625 0.45361588125 0.8127766937500001 0.4690723421875 0.8232497296875 0.5370808640625 0.9840376234375 0.5330437671875 0.9865170640625 0.45361588125
0 0.8042427999999999 0.5940626484375 0.9748007171875 0.608042284375 0.9828805468749999 0.5435353593750001 0.8106106765625001 0.5432234203124999 0.8042427999999999 0.5940626484375
0 0.7853921875000001 0.6687491484375 0.9628104359374999 0.70376905625 0.972971946875 0.6226426359375 0.8038036359375 0.5975688031249999 0.7853921875000001 0.6687491484375
0 0.7742567593749999 0.7386982765625 0.9519304296875 0.7906316796875 0.9604842703124999 0.7223404171875 0.7939224359375 0.6764572624999999 0.7742567593749999 0.7386982765625
0 0.753712746875 0.8079516015625 0.941447546875 0.8743238640625 0.9507357359374999 0.800169784375 0.777863140625 0.7478115609375 0.753712746875 0.8079516015625
0 0.7338274874999999 0.8719456937500001 0.9314912468750001 0.9538119390625001 0.9393332640625 0.89120363125 0.7566603828125 0.8223241140625 0.7338274874999999 0.8719456937500001
0 0.9257059468750001 1 0.929441740625 0.9701745390625 0.7478771 0.8924471890625 0.71585520625 0.939619890625 0.8395269875 1 0.9257059468750001 1
0 0.8094934640625 1 0.7299048124999999 0.9601213859375 0.70160750625 1 0.8094934640625 1
0 0.6654139531250001 0.2051621234375 0.8597338171875 0.1699919953125 0.8785211703125 0.11476328437500001 0.6724405828125 0.1490636578125 0.6654139531250001 0.2051621234375
0 0.648632646875 0.30123344687500003 0.8455242359374999 0.26448419375 0.8485685828125 0.18332080625 0.648007353125 0.2304145703125 0.648632646875 0.30123344687500003
0 0.6327929234375 0.370834675 0.8099890359374999 0.3397061234375 0.8082658296874999 0.27765263125 0.63019139375 0.3157934875 0.6327929234375 0.370834675
0 0.6300314234375 0.4307871890625 0.8167924359375001 0.4180591578125 0.7958129125 0.35812021875 0.632949246875 0.38853938593750004 0.6300314234375 0.4307871890625
0 0.6159483640625 0.48636379375 0.7880940765625 0.4955560125 0.7863708828125 0.43350252187500005 0.62335089375 0.446216978125 0.6159483640625 0.48636379375
0 0.6047496765625 0.575770715625 0.7802821828125001 0.5958292984375 0.7980348875 0.529908175 0.6222827875 0.511602675 0.6047496765625 0.575770715625
0 0.604999059375 0.6306379468750001 0.7573860406249999 0.6649086671875 0.7900666765625 0.612476740625 0.6214342703125 0.57523529375 0.604999059375 0.6306379468750001
0 0.569683440625 0.7041067984375 0.7470656828125 0.74730328125 0.7560052875000001 0.6948849296875 0.5912621062500001 0.645545890625 0.569683440625 0.7041067984375
0 0.572504553125 0.7573949078125 0.7177718359374999 0.810601575 0.7525850359375 0.7600966703125 0.590633159375 0.7074254343749999 0.572504553125 0.7573949078125
0 0.5579190703125 0.835935465625 0.7064168234375 0.882303771875 0.739317040625 0.8281187718749999 0.5897846359375001 0.7710580484375 0.5579190703125 0.835935465625
0 0.55098550625 0.9291964437500001 0.6660508125 0.9960933984375 0.6985118640625 0.9454145437499999 0.57999650625 0.8871090265625 0.55098550625 0.9291964437500001
0 0.6792996875 1 0.5558461171875 0.9472490609375 0.5428609703125 0.9940602843749999 0.5551223937499999 1 0.6792996875 1
0 0.4948983703125 0.22086087656250003 0.6491052640625 0.2216491890625 0.65274509375 0.15468436875 0.49825536406250004 0.1751069296875 0.4948983703125 0.22086087656250003
0 0.50706480625 0.2943025828125 0.6231982234375 0.2958138375 0.6311031765624999 0.232703075 0.504902440625 0.23575524531249997 0.50706480625 0.2943025828125
0 0.46196469999999995 0.351123990625 0.6072021765625 0.347710346875 0.6129113125 0.3021303421875 0.4648825296875 0.30887619375 0.46196469999999995 0.351123990625
0 0.476922446875 0.421233490625 0.6099600359374999 0.4204562453125 0.617206246875 0.36260471562499996 0.4884337828125 0.367236009375 0.476922446875 0.421233490625
0 0.45261572968749997 0.4636688109375 0.5714772 0.48130566249999995 0.593651346875 0.43694331562500005 0.4593595234375 0.42878121875 0.45261572968749997 0.4636688109375
0 0.26952435937499997 0.466052325 0.2588281 0.5324952984375 0.4115909765625 0.5827176625 0.6034954359375 0.56683138125 0.5992005125000001 0.5063570125 0.4171139828125 0.46281263125 0.26952435937499997 0.466052325
0 0.2627173125 0.5203977109375 0.23775186406249998 0.568092259375 0.4150075765625 0.6502043328125 0.6163206171875 0.6350138515625 0.602177946875 0.5773498421875 0.43188194687500003 0.591295521875 0.2627173125 0.5203977109375
0 0.22790412343750002 0.5709026140625 0.20074284062499997 0.6361279296875 0.3729183640625 0.701940465625 0.5690879468750001 0.689908240625 0.5750166703125 0.6425751578125001 0.43125301250000003 0.6531750656249999 0.22790412343750002 0.5709026140625
0 0.2272751765625 0.632782153125 0.202466040625 0.6981814203125001 0.3703131875 0.77959769375 0.5759546062500001 0.7488034781249999 0.5590206359375001 0.6944716671875 0.405189640625 0.7096349953125001 0.2272751765625 0.632782153125
0 0.22407451250000002 0.6962408250000001 0.199109053125 0.74393536875 0.3756427703125 0.8507644734375001 0.5708409640625 0.8085820390625 0.5609634125 0.7547720828125 0.4002323171875 0.7871182812499999 0.22407451250000002 0.6962408250000001
0 0.22219133593749998 0.74918103125 0.1886323765625 0.8086252671875 0.3518682875 0.926856153125 0.5677966171875 0.8897454296875 0.5476321640624999 0.8422519734374999 0.3826992 0.851286325 0.22219133593749998 0.74918103125
0 0.21384721718750002 0.815797946875 0.1841774703125 0.863144596875 0.33411558750000003 0.9927772718749999 0.5410745 0.9514645921874999 0.53972720625 0.905362740625 0.36598115937500003 0.9278998546875 0.21384721718750002 0.815797946875
0 0.5452749171875 1 0.556754246875 0.996857065625 0.5294700999999999 0.9682995562500001 0.36389970625 1 0.5452749171875 1
0 0.3459723828125 1 0.183079553125 0.8719099828125 0.15472730625 0.9087381703125 0.2638924234375 0.9969188250000001 0.3055558703125 1 0.3459723828125 1
0 0.36013028281250004 0.4249814609375 0.455753140625 0.41966793906250005 0.4655078296875 0.3796950703125 0.35687000625 0.375199509375 0.36013028281250004 0.4249814609375
0 0.049085170312499996 0.311743346875 0.035284946875 0.3461090828125 0.1054101234375 0.35483375 0.26529269375000003 0.3861201671875 0.27225606406249997 0.3494795 0.1194299171875 0.3187149296875 0.049085170312499996 0.311743346875
0 0.355835359375 0.3645070921875 0.45440584062499995 0.37356609218750003 0.44879342343750006 0.323610184375 0.363677053125 0.3208541265625 0.355835359375 0.3645070921875
0 0.37352479375000003 0.318043771875 0.4862714125 0.30868867031249997 0.48661751249999996 0.2680200046875 0.37666220625 0.27404289843749996 0.37352479375000003 0.318043771875
0 0.05369639375 0.27492873281249997 0.050402664062500005 0.3012248859375 0.140160059375 0.323786640625 0.2829821359375 0.33965684218750003 0.286119540625 0.29565596875 0.14734301249999998 0.2853928984375 0.05369639375 0.27492873281249997
0 0.27059246406250004 0.40066663125 0.3409372234375 0.40763821875 0.3419420703125 0.361710315625 0.2796884 0.3659529953125 0.27059246406250004 0.40066663125
0 0.0983500359375 0.48701031562499997 0.20899389375 0.532348490625 0.22793757656250002 0.4948245046875 0.1166349640625 0.45474555624999996 0.0983500359375 0.48701031562499997
0 0.08514530000000001 0.5355746140625001 0.18998696406249999 0.58933028125 0.21987629375 0.540230553125 0.0979108703125 0.49051646875 0.08514530000000001 0.5355746140625001
0 0.08134915312499999 0.5848347234375 0.1889821234375 0.6352581796875 0.201088940625 0.595459259375 0.09602770000000001 0.5434566703125 0.08134915312499999 0.5848347234375
0 0.079685559375 0.6360218515625 0.161225359375 0.6862849343749999 0.18744504687500002 0.647529715625 0.099507559375 0.591485553125 0.079685559375 0.6360218515625
0 0.0639091 0.6861652765625 0.1697854125 0.7506133515625 0.1998943234375 0.6997605484375 0.0897528828125 0.6314584203125 0.0639091 0.6861652765625
0 0.0838539765625 0.735411803125 0.16746307031250002 0.8070597109375001 0.18236120625000002 0.7639285921875001 0.10044550000000001 0.69771386875 0.0838539765625 0.735411803125
0 0.1224073640625 0.3897077625 0.101487446875 0.44300944375 0.2010293296875 0.48221863593750003 0.37537086406250003 0.4738800921875 0.3743994765625 0.44372988593749996 0.2426793765625 0.4339886671875 0.1224073640625 0.3897077625
0 0.038690046875 0.8108770265624999 0.1317939875 0.8776306453125 0.1709192171875 0.8521654828124999 0.08035711718750001 0.765118609375 0.038690046875 0.8108770265624999
0 0 0.5791410531250001 0.051248800000000004 0.6203912593750001 0.0754694234375 0.597842521875 0.00978819375 0.546823175 0 0.56552275 0 0.5791410531250001
0 0.0096397234375 0.4758465 0.08281474062500001 0.502903009375 0.1062544 0.46331432968749997 0.0283359875 0.4319715796875 0.0096397234375 0.4758465
0 0 0.4081344734375 0.0145941875 0.41521355312499997 0.0349295234375 0.3793307375 0 0.36734883281249997 0 0.4081344734375
0 0 0.5405845968749999 0.061361882812500004 0.589863925 0.0743379125 0.5495014171875 0.0237995828125 0.5103449296875 0 0.534404825 0 0.5405845968749999
0 0 0.7118036890624999 0.055811459375000004 0.7606451625 0.0687874828125 0.7202826484375 0 0.665660759375 0 0.7118036890624999
0 0 0.49978078437500006 0.0113574765625 0.4826086140625 0 0.47460369375000006 0 0.49978078437500006
0 0.4921319765625 0.26023096093750003 0.4784374640625 0.2122120609375 0.4038655234375 0.2096350609375 0.39839640625 0.2532988515625 0.4328180296875 0.261720228125 0.4921319765625 0.26023096093750003