0 0.544037821875 0.2980901078125 0.786390728125 0.32735809531250004 0.84889670625 0.2584554625 0.6056850171875 0.24142131249999998 0.544037821875 0.2980901078125
0 0.53011925625 0.37900612031250003 0.8078334171874999 0.41309904218750004 0.8095393828124999 0.3496765703125 0.5301076390625 0.34005132968749996 0.53011925625 0.37900612031250003
0 0.22351956718750002 0.3651988578125 0.4707621609375 0.40305135 0.4805183109375 0.3423107671875 0.2407533828125 0.3152960546875 0.22351956718750002 0.3651988578125
0 0.5234849890625 0.7864762046875 0.8422972828124999 0.7827899296874999 0.8108005671875 0.7229127203125 0.5246184281249999 0.731209625 0.5234849890625 0.7864762046875
0 0.5255506671875 0.4832080546875 0.78601940625 0.5282489874999999 0.78700970625 0.4750213796875 0.52869955625 0.4383506453125 0.5255506671875 0.4832080546875
0 0.4722050828125 0.4216164078125 0.47536558281249996 0.41571379531249997 0.21173635000000002 0.3765754796875 0.21419280624999998 0.4198225203125 0.45352833906249995 0.45295414999999994 0.4722050828125 0.4216164078125
0 0.24399234375 0.5888129828124999 0.47753584375 0.6015822875 0.48569769375 0.5383241078125 0.2250842828125 0.5400998921875 0.24399234375 0.5888129828124999
0 0.4995471828125 0.6060876703125 0.8158835171875 0.6586919828125 0.8127487609375 0.5973255828124999 0.5338091609375 0.542099325 0.4995471828125 0.6060876703125
0 0.22648917812499997 0.679120175 0.4851630390625 0.7049742078125 0.475014428125 0.6375010453125001 0.2311441 0.6128086125000001 0.22648917812499997 0.679120175
0 0.22223791093749998 0.7926928203125 0.5109067328125 0.8153441046875001 0.48576063906250005 0.7494723171875 0.2239677671875 0.7150389374999999 0.22223791093749998 0.7926928203125
0 0.19190735 0.32357508749999997 0.036770221874999995 0.2805999828125 0.0322996609375 0.3442852125 0.16543504375 0.3826182796875 0.19190735 0.32357508749999997
0 0.19505783906250002 0.4377285421875 0.203041478125 0.4300203953125 0.03142745625 0.3832157671875 0.0285102671875 0.3982669546875 0.0252341109375 0.4449373296875 0.18767181718749998 0.4899347875 0.19505783906250002 0.4377285421875
0 0.0251943609375 0.5411040625 0.1812713 0.5811131828125 0.199759971875 0.5297781374999999 0.0226132671875 0.4856693671875 0.0251943609375 0.5411040625
0 0.03015599375 0.6476660171875 0.185585521875 0.6786887453125 0.18927066718750002 0.6261920921875 0.027898871874999998 0.5991894296875 0.03015599375 0.6476660171875
0 1 0.25365434531250003 0.8752502 0.2409793375 0.87440189375 0.2686048875 1 0.28292578281249997 1 0.25365434531250003
0 1 0.28619818750000003 0.87200450625 0.2716746625 0.8752686437499999 0.3028808 1 0.31564569531250003 1 0.28619818750000003
0 1 0.3228735671875 0.8986831609375001 0.3112338828125 0.8998342171875 0.34145974218749997 1 0.353646925 1 0.3228735671875
0 1 0.3789104578125 0.92279845625 0.3717682828125 0.9232057171875001 0.39704893281250003 1 0.40358979218749996 1 0.3789104578125
0 1 0.41328091718750004 0.935713628125 0.4053606703125 0.9339509390625 0.43047104531249997 1 0.4391027 1 0.41328091718750004
0 1 0.46162674218750005 0.9472072890625001 0.4592033578125 0.9509263171875 0.4839293953125 1 0.4853960875 1 0.46162674218750005
0 0.24833295625 0.29370883281250004 0.506077178125 0.3252666046875 0.506753428125 0.2615711078125 0.262622671875 0.2523310828125 0.24833295625 0.29370883281250004