0 0.273722628125 0.6413043484375 0.46532846718750004 0.5353260875 0.4470802921875 0.4945652171875 0.34306569374999996 0.5 0.2007299265625 0.45652173906250004 0.051094890625 0.5461956515625 0.273722628125 0.6413043484375
0 0.0218978109375 0.6059782609375 0.17153284687499998 0.7282608703125 0.40693430625 0.698369565625 0.3996350359375 0.6413043484375 0.346715328125 0.61141304375 0.26642335781250004 0.627717390625 0.0766423359375 0.5625 0.0218978109375 0.6059782609375
0 0.0091240875 0.676630434375 0.012773721875 0.6793478265624999 0 0.7445652171875 0.16423357656249998 0.8152173906250001 0.383211678125 0.7690217390625 0.3686131390625 0.6956521734375001 0.162408759375 0.7309782609375 0.0091240875 0.676630434375
0 0.43430656875 0.3913043484375 0.27554744531250003 0.364130434375 0.17153284687499998 0.4103260875 0.1697080296875 0.40489130468749995 0.16605839375 0.4592391296875 0.385036496875 0.5054347828125 0.5821167890625001 0.45652173906250004 0.57481751875 0.4157608703125 0.4835766421875 0.3940217390625 0.43430656875 0.3913043484375
0 0.67518248125 0.448369565625 0.5 0.4918478265625 0.512773721875 0.551630434375 0.6861313874999999 0.5054347828125 0.67518248125 0.448369565625
0 0.6259124093749999 0.5679347828125 0.45985401406250004 0.5815217390625 0.46532846718750004 0.6440217390625 0.63868613125 0.6331521734375001 0.6259124093749999 0.5679347828125
0 0.6368613140625 0.6467391296875 0.44343065625 0.649456521875 0.44343065625 0.7146739125 0.633211678125 0.711956521875 0.6368613140625 0.6467391296875
0 0.5802919703125 0.70108695625 0.412408759375 0.7445652171875 0.412408759375 0.7961956515625 0.58394160625 0.76358695625 0.5802919703125 0.70108695625
0 0.0018248171875 0.8179347828125 0.16605839375 0.8777173906250001 0.3813868609375 0.8505434781250001 0.3777372265625 0.7853260875 0.1514598546875 0.8179347828125 0.014598540625 0.7663043484375 0.0018248171875 0.8179347828125
0 0.6003649640625001 0.76358695625 0.3996350359375 0.8070652171875 0.41788321093749997 0.8559782609375001 0.6040145984375 0.8152173906250001 0.6003649640625001 0.76358695625
0 0.0200729921875 0.9103260875 0.1970802921875 0.9429347828125 0.394160584375 0.9157608703125 0.394160584375 0.86141304375 0.180656934375 0.8831521734375001 0.0200729921875 0.8559782609375001 0.0200729921875 0.9103260875
0 0.6259124093749999 0.8070652171875 0.44160583906250006 0.8505434781250001 0.4507299265625 0.926630434375 0.633211678125 0.875 0.6259124093749999 0.8070652171875
0 0.7718978109375 0.6576086953125 0.6040145984375 0.7146739125 0.61131386875 0.7717391296875 0.7846715328125 0.725543478125 0.7718978109375 0.6576086953125
0 0.7883211671875 0.7336956515625 0.616788321875 0.7717391296875 0.62956204375 0.82608695625 0.7901459859375 0.7907608703125 0.7883211671875 0.7336956515625
0 0.8010948906250001 0.788043478125 0.6459854015625 0.8559782609375001 0.662408759375 0.9076086953125 0.80656934375 0.8478260875 0.8010948906250001 0.788043478125
0 0.7901459859375 0.5679347828125 0.6459854015625 0.5788043484375 0.64781021875 0.627717390625 0.7901459859375 0.625 0.7901459859375 0.5679347828125
0 0.9288321171874999 0.5081521734375001 0.8029197078125 0.51358695625 0.8102189781250001 0.5679347828125 0.9324817515625 0.5543478265624999 0.9288321171874999 0.5081521734375001
0 0.9324817515625 0.6521739125 0.7992700734375 0.684782609375 0.804744525 0.75 0.9507299265625001 0.7092391296875 0.9324817515625 0.6521739125
0 0.9489051093749999 0.711956521875 0.804744525 0.7554347828125 0.8138686125 0.8152173906250001 0.9507299265625001 0.7798913046875 0.9489051093749999 0.711956521875
0 0.253649634375 0.315217390625 0.4470802921875 0.3804347828125 0.6313868609375 0.30434782656250003 0.616788321875 0.2445652171875 0.45437956249999994 0.2173913046875 0.26642335781250004 0.3125 0.253649634375 0.315217390625
0 0.695255475 0.3913043484375 0.57481751875 0.3478260875 0.5346715328125 0.399456521875 0.671532846875 0.448369565625 0.695255475 0.3913043484375
0 0.8594890515625 0.448369565625 0.7098540140625 0.39673912968749997 0.6989051093749999 0.48369565156250005 0.8485401453125 0.5190217390625 0.8594890515625 0.448369565625
0 0.4142335765625 0.2201086953125 0.10218978125 0.2336956515625 0.11131386875 0.301630434375 0.3905109484375 0.2690217390625 0.4142335765625 0.2201086953125
0 0.28102189843750003 0.30434782656250003 0.069343065625 0.33423912968749997 0.0729927 0.3804347828125 0.26642335781250004 0.3478260875 0.28102189843750003 0.30434782656250003
0 0.04744525625 0.39673912968749997 0 0.4592391296875 0.0675182484375 0.5 0.20985401406249998 0.372282609375 0.04744525625 0.39673912968749997