0 0.65462654375 0.14464216875 0.697870428125 0.246927578125 0.7764648546874999 0.212421971875 0.8222616734375 0.1755587078125 0.8714711124999999 0.155037521875 0.91171916875 0.124871809375 0.9074989796875 0.07472040468749999 0.8847410437500001 0.05022757343749999 0.82597106875 0.0468911453125 0.7948304640625 0.0674866515625 0.7358260234375 0.092669309375 0.65462654375 0.14464216875
0 0.9133603515625 0.144375134375 0.8774887859374999 0.15391234843749999 0.8372407265625 0.1840780625 0.7840195078125001 0.205349365625 0.7297302171875 0.238140478125 0.692790571875 0.2591975109375 0.7145948671875 0.300401021875 0.7315537625 0.3566606578125 0.780763196875 0.33613946562499997 0.8392987265625 0.3053844265625 0.8900451453124999 0.278915809375 0.9332369109374999 0.2595197984375 0.956500028125 0.22120978593750001 0.9447251890624999 0.1781309828125 0.9133603515625 0.144375134375
0 0.791496015625 0.342622753125 0.7307201453125 0.3709666578125 0.750049640625 0.4069728546875 0.7641690328124999 0.4779135390625 0.8189272296875 0.450694809375 0.88124008125 0.416403465625 0.952279859375 0.3889704609375 0.9723387625000001 0.38521989375 0.962326153125 0.26623321875 0.9357117140625 0.26471711875000004 0.88496529375 0.29118573593749997 0.830910459375 0.3267630453125 0.791496015625 0.342622753125
0 0.960537875 0.39025642656250004 0.9097914515625 0.4167250453125 0.8612853796875 0.4456047984375 0.8263516296875 0.46628677500000004 0.7711245203125 0.48793312968749997 0.79139183125 0.5350840781249999 0.8088196375000001 0.596916084375 0.87561318125 0.5674470109375 0.9535042453125 0.5245828375 0.9807119515625 0.5181665734374999 0.9816459640625 0.49582377031249997 0.9723174468750001 0.3849666015625 0.960537875 0.39025642656250004
0 0.81270116875 0.6188305453125 0.8196306124999999 0.6769654609375 0.8338802546874999 0.725241584375 0.9127091374999999 0.6935221625 0.9677017906250001 0.66908961875 0.9744422937499999 0.66814505625 0.9799331812500001 0.536795803125 0.9593916609375001 0.5461222296875 0.8995536124999999 0.58561089375 0.8420861578125001 0.60484611875 0.81270116875 0.6188305453125
0 0.48196368125 0.2476769890625 0.5420361859375 0.2109745109375 0.6384491734375 0.170307196875 0.6397777453125 0.1134582421875 0.599816234375 0.050179482812499995 0.5364353140625 0.095990634375 0.473653553125 0.1247096015625 0.3688522984375 0.186755521875 0.39607510156250003 0.2439260625 0.4091524671875 0.2782712359375 0.48196368125 0.2476769890625
0 0.4995477828125 0.2387290953125 0.4528131453125 0.2644476015625 0.410559196875 0.29498837031249997 0.41855670937499995 0.341603478125 0.4453106046875 0.3932016296875 0.505018403125 0.37637753906250004 0.5849153593749999 0.33313830312500003 0.64746266875 0.30163315156250003 0.680651028125 0.23599709062500002 0.6765350437500001 0.21129644375 0.6562677296875 0.16414549375 0.599738096875 0.194525478125 0.5445109875 0.21617183125 0.4995477828125 0.2387290953125
0 0.44447698750000003 0.40750763437500004 0.45565266875 0.4676786296875 0.48818977812500003 0.515365421875 0.5556866859375 0.49425490937500005 0.6210734953125 0.44806870156249995 0.7068578703124999 0.42636886562500004 0.7289487140625 0.3741279046875 0.721420109375 0.3330851796875 0.698912446875 0.2835230953125 0.6365996015625 0.3178144375 0.5788976859375 0.334263478125 0.5270832015625 0.37225190937499997 0.44447698750000003 0.40750763437500004
0 0.48511581875000004 0.5272602984375 0.4965259515625 0.590217478125 0.5170277171875 0.64015461875 0.579809484375 0.6114356453124999 0.6390483671875 0.5890391796875 0.700058696875 0.5634814609375 0.7539832828125 0.5505687296875 0.7780800125 0.49795271406249997 0.7376495890625 0.42910157812499994 0.6629627421875 0.437406309375 0.6064331046875 0.46778629218749995 0.5579270328125 0.49666604531249997 0.48511581875000004 0.5272602984375
0 0.519033609375 0.6397795562499999 0.5230193421875 0.6871447703125 0.5206227015625 0.7555135453124999 0.6106533109375001 0.7358497859375001 0.675909875 0.712328140625 0.7494244515624999 0.690092465625 0.8040523984375 0.6855382984375 0.810695278125 0.6192056015625 0.7785228703125 0.5516404265625 0.717043640625 0.5716257640625 0.6279508515625001 0.602434275 0.5626942859375 0.6259559218749999 0.519033609375 0.6397795562499999
0 0.5461001125 0.76772999375 0.531225265625 0.7846613984374999 0.53518495625 0.88014195 0.6078659156249999 0.8722122703125 0.6898729640625 0.8540487359375 0.7603135812499999 0.8437079265625 0.8318222703125 0.821847303125 0.8268987171875001 0.76333733125 0.8130137828124999 0.6951828265625 0.7510656375 0.7095957859375 0.708473028125 0.71189960625 0.639908053125 0.7445299328125 0.5461001125 0.76772999375
0 0.831223109375 0.8389394937500001 0.8878569515624999 0.834010275 0.939072278125 0.813114034375 0.96861295625 0.807590584375 0.9736209359375 0.6877930625 0.9352428390625 0.694968915625 0.8842619671874999 0.7186513421875 0.82455416875 0.7354754375 0.8352609359375001 0.7900740500000001 0.831223109375 0.8389394937500001
0 0.5229933140624999 0.953172196875 0.5476371171875 0.9796946453125001 0.62115169375 0.9574589609374999 0.6635098421875 0.9523689546874999 0.7276983343750001 0.9403671296875 0.8364853218749999 0.9256864218749999 0.8178852421875 0.849923465625 0.7803724875 0.8399573546875001 0.6963595437500001 0.85849595 0.6163583874999999 0.8762844218750001 0.537295053125 0.9052176515625 0.5229933140624999 0.953172196875
0 0.17495825468749998 0.279609965625 0.23041981875 0.260749803125 0.2956763796875 0.2372281578125 0.359995125 0.2025617578125 0.370519528125 0.1581435171875 0.3514244921875 0.12492351718750001 0.32099747968750003 0.102312421875 0.2370887421875 0.146301775 0.1682893109375 0.1761459046875 0.0843805765625 0.22013525781249998 0.1119420359375 0.3055427421875 0.17495825468749998 0.279609965625
0 0.17954314843750002 0.3098829890625 0.12408158437500001 0.3287431578125 0.1301774109375 0.401184078125 0.15198170625000001 0.442387590625 0.217707178125 0.42443833125 0.2885125 0.394219134375 0.3581455484375 0.35006899375 0.4015717703125 0.3334591734375 0.3988885609375 0.27736033125000004 0.38982297187500003 0.2422650453125 0.3606984875 0.2109203265625 0.301094890625 0.2531951796875 0.22982066093750003 0.27784199374999996 0.17954314843750002 0.3098829890625
0 0.1594061046875 0.45797955625000003 0.1591456046875 0.5033087015625 0.17008683125 0.56069350625 0.2295601734375 0.54108321875 0.2990629765625 0.5195976578125 0.3714052734375 0.483431021875 0.43642738281250004 0.457123196875 0.4455450609375 0.3959878203125 0.4105331484375 0.3431037015625 0.3354815921875 0.37128682031250004 0.26668216093749997 0.40113095468750004 0.2264341015625 0.43129666875000006 0.1594061046875 0.45797955625000003
0 0.1873062296875 0.5716239890625 0.1866810203125 0.6368315171875001 0.21744669375 0.68767955625 0.2749141484375 0.66844433125 0.3579892703125 0.6387609890625 0.4305660234375 0.6053805453125001 0.48000991875 0.58764555625 0.4813384921875 0.5307966015625001 0.4436173265625 0.46992896562500003 0.38461289062500004 0.4951116296875 0.3309227625 0.51081055 0.2634258546875 0.5319210625 0.1873062296875 0.5716239890625
0 0.30877983124999997 0.6592821734375 0.250009846875 0.687251021875 0.215310553125 0.7107191859374999 0.21775930625 0.7640318374999999 0.23047196718750002 0.81825539375 0.3135470890625 0.78857205 0.3837532453125 0.77544505 0.43791228593750003 0.7653185109375 0.49608310468749994 0.7544418546875 0.5159336015625 0.6997897578125001 0.49910495624999995 0.62086555625 0.4410643875 0.6090776453125 0.363772484375 0.6348496296875 0.30877983124999997 0.6592821734375
0 0.289580609375 0.8185234937500001 0.21937444374999998 0.83165049375 0.22012991875000001 0.9616904890625 0.284917571875 0.9325964656249999 0.37518263749999997 0.9157188984375001 0.43759969375 0.9068783140625 0.515126053125 0.8838925171875 0.526718528125 0.827954465625 0.5065814671875 0.75813894375 0.44015263281249994 0.767729640625 0.3704153796875 0.7864290171875 0.330766484375 0.7995025390625 0.289580609375 0.8185234937500001
0 0.355365125 1 0.3616884765625 0.9974827640624999 0.41454498749999996 0.9960898484375 0.5146050484375 0.9745508031250001 0.5069722375 0.9080573140625001 0.4473946890625 0.9022168421875 0.3957104515625 0.9175407015625 0.32998497968749996 0.935489965625 0.256235946875 0.9549394546875 0.22012991875000001 0.9616904890625 0.219602321875 1 0.355365125 1
0 0.37453131093750003 0.15739340468750002 0.42150040312500003 0.134461090625 0.486288053125 0.1053670671875 0.559099265625 0.0747728203125 0.605599446875 0.046268123437499996 0.605550765625 0.0343776796875 0.4686028515625 0.026603021875 0.365554290625 0.0458708203125 0.3360025765625 0.06271645 0.35757241562500003 0.1011337703125 0.37453131093750003 0.15739340468750002
0 0 0.268173365625 0.0102668390625 0.25946312968749996 0.0503846453125 0.2519619890625 0.0931075 0.22699359531250002 0.0762528109375 0.196184725 0.0525728796875 0.132691696875 0.00536933125 0.1528378265625 0 0.1550603703125 0 0.268173365625
0 0 0.397604803125 0.0543182859375 0.395557865625 0.10707059687500001 0.368714190625 0.11913198437500001 0.3183485171875 0.09164867812500001 0.3065071234375 0.0811763671875 0.25469470156249996 0.035509798437500004 0.2688933875 0 0.28722986562499997 0 0.397604803125
0 0 0.526185 0.009771898437499999 0.5199181734375 0.07573182656250001 0.5047550953125 0.1460682375 0.46896352812500003 0.1302816171875 0.4266348375 0.1117857421875 0.376322640625 0.05879897656250001 0.40038013437500003 0 0.43061427500000005 0 0.526185
0 0 0.6915469328125 0.029856867187500004 0.6859643546874999 0.09003358125000001 0.6747126406249999 0.172040625 0.65654910625 0.1858734515625 0.6030221859375 0.149350609375 0.5079701734375 0.0954260234375 0.5208829046875 0.023083721874999998 0.557049534375 0 0.5664678703125 0 0.6915469328125
0 0 0.8165093484374999 0.007844185937500001 0.8117714046875 0.0669528265625 0.81203950625 0.11863706874999999 0.796715640625 0.19038020625000002 0.7776412078125 0.1974919921875 0.7168808875 0.1812364640625 0.6689798265625 0.08602179843749999 0.6754627531249999 0.03363419375 0.6824280500000001 0 0.69997116875 0 0.8165093484374999
0 0.22135429062499998 0.8793907703125001 0.22231815781250003 0.8424201968749999 0.1907188671875 0.8058781578125 0.140337153125 0.81246839375 0.060101540625000005 0.8274706796875 0.0001592859375 0.8415085843749999 0.0100532828125 0.9590857703125 0.028528314062499997 0.9607253984374999 0.0686461203125 0.953224253125 0.1589111859375 0.9363466796875001 0.21330468125 0.9290063312499999 0.22135429062499998 0.8793907703125001
0 0.2089900046875 1 0.194418053125 0.9466878484375 0.1266866890625 0.9650121687500001 0.0707562171875 0.9782999546875001 0.02368291875 0.9757815171875001 0.011569428125 0.9771031234375 0.013496178125 1 0.2089900046875 1
0 0.6453265078125 0.106760690625 0.68828381875 0.0845784890625 0.741973946875 0.0688795734375 0.7850638828125 0.044568809375000004 0.6298734796875001 0.03575850625 0.6295398875 0.06443201093749999 0.6453265078125 0.106760690625
0 0.083338553125 0.1835397359375 0.1575564953125 0.1696626234375 0.248186265625 0.1329066734375 0.3187571328125 0.0999012859375 0.327041196875 0.053071921875000004 0.0759037265625 0.1000290734375 0.050697237500000006 0.1104021859375 0.083338553125 0.1835397359375