0 0.056362246875 0.9992374609375 0.13554804843749998 0.996452378125 0.1681155703125 0.9855120390625001 0.2240907875 0.9817524390625 0.27602926875 0.970476778125 0.29952201093749997 0.9544842671874999 0.298611025 0.890756671875 0.266861540625 0.889078378125 0.215289565625 0.90563135625 0.18390658437500002 0.9092303718749999 0.1261878609375 0.9131899062500001 0.0649821390625 0.9175493390625 0.049290650000000005 0.9193488437499999 0.056362246875 0.9992374609375
0 0.14288985625 0.9006358328124999 0.189414584375 0.88732135 0.232635565625 0.87704540625 0.27760004843749997 0.8665695281250001 0.295035040625 0.864570071875 0.2855898125 0.80448085 0.2214468421875 0.8171561390625 0.1408793828125 0.8210763109375 0.0972919 0.8260749437499999 0.0426936796875 0.824357278125 0.05066764687500001 0.91387159375 0.102789375 0.9052345781250001 0.14288985625 0.9006358328124999
0 0.0437094453125 0.76306839375 0.0452644296875 0.8107641171875001 0.073710165625 0.8154809609375 0.115737396875 0.813320921875 0.154094375 0.8089221328124999 0.201535353125 0.8088009171874999 0.2555838265625 0.8026026171874999 0.294307309375 0.803481128125 0.304590315625 0.749108471875 0.29174708125 0.7160056328125 0.25063610000000003 0.73135894375 0.214849871875 0.7221645718749999 0.155387646875 0.72632405625 0.10115592656250001 0.7298837109375 0.0467409515625 0.73080470625 0.0437094453125 0.76306839375
0 0.092899184375 0.71221290625 0.1401569125 0.7094530390625 0.1903518890625 0.6983773171875 0.24513336093750002 0.7027336328125 0.29551158437499997 0.6942965609375 0.3145068265625 0.6894585109375 0.302951603125 0.6242919328125 0.248170128125 0.6199356109374999 0.1606286765625 0.624655571875 0.1048367015625 0.6310538171875 0.0411544859375 0.625058578125 0.032892478125 0.6579221000000001 0.042704209375 0.7232886281249999 0.092899184375 0.71221290625
0 0.2081639078125 0.6005865218750001 0.30038611406250004 0.5873507671875 0.2985588859375 0.5104299 0.2544216578125 0.5075125671875 0.18605869531250002 0.510033121875 0.124486478125 0.50911524375 0.052819764062499996 0.51467434375 0.018133025 0.52131190625 0.031703996875 0.6155036890625001 0.0822654703125 0.609705271875 0.14677493749999998 0.60230729375 0.2081639078125 0.6005865218750001
0 0.29608239375 0.5000752281249999 0.2972814078125 0.44142498906250005 0.2361699453125 0.4218365828125 0.13192649218750002 0.43911061093750003 0.091737021875 0.41712286093750006 0.0330077984375 0.4318369609375 0.026667271875 0.517673521875 0.0983339921875 0.512114421875 0.164586959375 0.50451650625 0.2329499265625 0.50199594375 0.29608239375 0.5000752281249999
0 0.2352536984375 0.4086433109375 0.30223966562500004 0.41160001093750004 0.29628143749999997 0.3511109 0.246363959375 0.3408774390625 0.18543575 0.32392768906249997 0.130837525 0.3222100328125 0.0717418046875 0.331646828125 0.02099708125 0.334806578125 0.0206200515625 0.430597928125 0.10495201875 0.40496867812500004 0.1682677359375 0.4056866171875 0.2352536984375 0.4086433109375
0 0.13671202968750001 0.305578328125 0.2104887421875 0.30509658281249996 0.27141695625 0.3220463328125 0.29600919531250003 0.32188575625000004 0.28491472500000004 0.23804864375 0.22893949687499998 0.24180823906249999 0.17360828281250001 0.2295359671875 0.1214865546875 0.238172978125 0.06688833749999999 0.23645532187499999 0.013117367187500001 0.22134443906249998 0.0121905921875 0.309219821875 0.07798280468749999 0.32029242812500003 0.13671202968750001 0.305578328125
0 0.16426784218749999 0.04443025625 0.09324513281249999 0.0339574890625 0.046483212499999996 0.03373485625 0.025540315624999997 0.036136600000000005 0.0033806984375000003 0.0974781109375 0.006671043749999999 0.192351 0.053767595312500006 0.2246616609375 0.11377956250000001 0.22841813906250003 0.1678280375 0.22221983281250002 0.2224262609375 0.22393749999999998 0.27546423125 0.22849375625 0.305564475 0.20642415625 0.33878521250000004 0.1786773609375 0.3513614703125 0.13202072812500001 0.3506337421875 0.0709317828125 0.3028262640625 0.0657756890625 0.20913806250000003 0.0579022109375 0.16426784218749999 0.04443025625
0 0.8359647421874999 0.9355194828125001 0.9870994234375001 0.9102082781249999 0.967564959375 0.8060617171875 0.8747930109375 0.81138150625 0.7645860625 0.81870075 0.6587823609375 0.838813378125 0.6051003859375 0.8502889890625 0.49370494843749996 0.8151898171875 0.5101189125000001 0.925013578125 0.6080549265624999 0.9746886671875 0.6116461546874999 0.974276821875 0.7350250375 0.9497549671875 0.8359647421874999 0.9355194828125001
0 0.5049931984375 0.8005969281249999 0.6139121359375 0.825341428125 0.7250353265625 0.8312154609375 0.816341290625 0.804786428125 0.911317496875 0.7805961671875 0.988214709375 0.774437228125 0.973821753125 0.6431043390625 0.87884554375 0.66729460625 0.8017650875 0.6708148890625 0.7337686171875 0.67861275625 0.6556776546875 0.6928875999999999 0.585110434375 0.714278628125 0.5212449703125001 0.7056447328125001 0.49490923125 0.70600525625 0.5049931984375 0.8005969281249999
0 0.62512191875 0.68309339375 0.721014378125 0.67209640625 0.8099328343750001 0.66189919375 0.8855473015624999 0.637269678125 0.9732720109375 0.635188378125 0.9623660484375 0.5034556 0.8691333374999999 0.5274459171875 0.7916863828125 0.5256888890625 0.7048779234375 0.5409634609375 0.6510126984375 0.549800421875 0.6029277171875 0.56595350625 0.5126322578125 0.5816279718749999 0.51051173125 0.6776192609375 0.62512191875 0.68309339375
0 0.7398421625 0.5130167218749999 0.826833871875 0.50038080625 0.9469520625 0.483945921875 0.9386115953124999 0.38915430624999997 0.8511644 0.369926428125 0.774633684375 0.381362671875 0.6892022203125 0.3911599890625 0.619645503125 0.40179646093750004 0.5717437750000001 0.42058819375 0.4730973203125 0.44253969375 0.4926317796875 0.5466862609375001 0.6108232203124999 0.527812671875 0.7398421625 0.5130167218749999
0 0.92678939375 0.24422825625 0.8205302015625 0.232477078125 0.75914123125 0.2341978609375 0.6330595437500001 0.24067795625000002 0.5578115765625 0.2705847828125 0.4658616109375 0.3130456828125 0.4759455765625 0.40763735624999997 0.5733982828124999 0.3938017609375 0.7838119296875 0.361692421875 0.9420095999999999 0.362167928125 0.92678939375 0.24422825625
0 0.8070429625 0.2154061109375 0.9298209 0.2119645609375 0.930475434375 0.0948640390625 0.838253228125 0.10809979375 0.7337375374999999 0.09614867187500001 0.6186665875 0.1093450609375 0.547183125 0.11754282187500001 0.45834839374999997 0.20486084375 0.4799038609375 0.2874982828125 0.5695605765625 0.2373213671875 0.692982521875 0.21784793906250002 0.8070429625 0.2154061109375
0 0.5295119749999999 0 0.448452940625 0.062373500000000005 0.45890340468749996 0.1622424828125 0.4678041546875 0.1638814171875 0.5676496249999999 0.083279678125 0.685013815625 0.07779930625 0.7825555109375 0.09055020625 0.9281821875 0.08714802187500001 0.9266849453124999 0 0.5295119749999999 0
0 0.4859036984375 0.8293828171875001 0.3984565 0.8101549328125 0.4060639703125 0.894391928125 0.4983699078125 0.95827699375 0.4859036984375 0.8293828171875001
0 0.4807779890625 0.7049661609375 0.3876395375 0.70500864375 0.399467003125 0.799400371875 0.4902179484375 0.8155897062499999 0.4807779890625 0.7049661609375
0 0.398011540625 0.6772224828125 0.43416426875 0.6916941609375 0.49307674218750003 0.6796187109375 0.48143252187499996 0.5878656390625 0.43628479374999996 0.595702878125 0.3855400703125 0.598862628125 0.39278104375 0.6778223171875 0.398011540625 0.6772224828125
0 0.47960002968750004 0.5614790890625 0.47144281250000003 0.46932613281249996 0.4348293265625 0.4735249890625 0.383074103125 0.4874393 0.3922418203125 0.56883770625 0.44335304375 0.57095525625 0.47960002968750004 0.5614790890625
0 0.4655735734375 0.43542351718749994 0.4522801109375 0.31992255625 0.419059371875 0.34766935 0.3734508890625 0.37417710625 0.393629353125 0.46229180000000003 0.431803084375 0.45525434374999996 0.4655735734375 0.43542351718749994
0 0.4531073671875 0.3065293328125 0.44898689375 0.22189244375 0.41062991562500006 0.22629124374999998 0.37658191875 0.26743125624999997 0.3970378859375 0.3342367609375 0.41933687812500003 0.3263601671875 0.4531073671875 0.3065293328125
0 0.3621521109375 0.48983865 0.31085237499999996 0.5356167671875001 0.3281878453125 0.608099478125 0.3860008234375 0.58019210625 0.3621521109375 0.48983865
0 0.379482315625 0.6128556828125 0.3203865953125 0.622292478125 0.330198315625 0.68765900625 0.39406378750000004 0.69629290625 0.379482315625 0.6128556828125
0 0.394969503125 0.810554821875 0.3359680375 0.7960437828125 0.33201501875 0.8656485281249999 0.4104672171875 0.907185321875 0.394969503125 0.810554821875
0 0.376016378125 0.41111826718750005 0.3130671578125 0.41567764374999994 0.3181981359375 0.4895599671875 0.38234110625 0.47688468906250003 0.376016378125 0.41111826718750005
0 0.3688696625 0.30821074375 0.308946684375 0.3310407609375 0.3187584125 0.3964072890625 0.3762938828125 0.38980909375 0.3688696625 0.30821074375
0 0.3559426984375 0.1979870890625 0.29610871250000004 0.2474035890625 0.318124934375 0.31137050624999996 0.370707415625 0.2840629609375 0.3559426984375 0.1979870890625
0 0.440007684375 0.092598378125 0.3638382015625 0.15984625624999999 0.3841109265625 0.2240131109375 0.45357865 0.18679015625 0.440007684375 0.092598378125
0 0.41423585625000003 0 0.3553144890625 0.06241598281250001 0.38100095624999997 0.12862165625 0.447719940625 0.0518188828125 0.42988484531250004 0 0.41423585625000003 0
0 0.31586276875 0.8861185609375 0.321543496875 0.9679168499999999 0.36990385 0.9882097328125001 0.4002037203125 0.9871440390625 0.39569197031250003 0.92217809375 0.31586276875 0.8861185609375
0 1 0.547013771875 0.9865865250000001 0.5485520328125 0.9977699890625 0.658975628125 1 0.65822650625 1 0.547013771875
0 1 0.4007319390625 0.9677903265625 0.40442576093750005 0.9837435296875 0.5329200562499999 1 0.5289709218749999 1 0.4007319390625
0 1 0.2052289171875 0.9960045843750001 0.1476978890625 0.9500151625000001 0.148476271875 0.966062621875 0.25302272812500004 1 0.25879832187499996 1 0.2052289171875