0 0.117748915625 0.627114234375 0.031168832812500002 0.6479313062500001 0.0536796546875 0.7338017156250001 0.18528138593750001 0.7233931796874999 0.117748915625 0.627114234375
0 0.1696969703125 0.7598230546875 0.039826840625 0.7598230546875 0.024242425 0.81707 0.1645021640625 0.8092635953125 0.1696969703125 0.7598230546875
0 0.20606060781250002 0.8508977375000001 0.0969696984375 0.8587041359375001 0.0865800875 0.8977361421875001 0.2112554109375 0.8951340109375 0.20606060781250002 0.8508977375000001
0 0.379220778125 0.736403853125 0.29610389531250003 0.765027321875 0.3255411265625 0.8508977375000001 0.422510821875 0.8196721312499999 0.379220778125 0.736403853125
0 0.46753246875 0.7259953171875 0.5021645015625 0.8118657328125 0.573160175 0.7468123875 0.516017315625 0.697371846875 0.46753246875 0.7259953171875
0 0.2770562765625 0.3981264640625 0.21991341874999998 0.395524328125 0.2112554109375 0.44496486874999996 0.27878787968749996 0.4423627375 0.2770562765625 0.3981264640625
0 0.33073593125 0.4501691359375 0.2805194796875 0.463179809375 0.2718614734375 0.5048139453125 0.335930734375 0.48659901093749997 0.33073593125 0.4501691359375
0 0.19913419999999998 0.4683840765625 0.12467532343750001 0.47358834375000003 0.1281385265625 0.5256310156249999 0.1939393921875 0.5230288859375001 0.19913419999999998 0.4683840765625
0 0.4519480515625 0.44496486874999996 0.405194803125 0.4501691359375 0.4069264078125 0.49700754687500004 0.46060606249999997 0.494405409375 0.4519480515625 0.44496486874999996
0 0.3116883125 0.528233153125 0.26320346250000004 0.5334374203125 0.2614718625 0.5750715578125 0.3203463203125 0.5646630218750001 0.3116883125 0.528233153125
0 0.26839826875 0.5854800921875001 0.2147186140625 0.5906843609375 0.20432900312500002 0.64532916875 0.2805194796875 0.6427270375 0.26839826875 0.5854800921875001
0 0.4340781671875 0.5231738359375 0.383583359375 0.5311612234374999 0.3844692328125 0.5697669234375 0.4367357890625 0.5631107703125 0.4340781671875 0.5231738359375
0 0.2604468984375 0.5018741359375001 0.20906621875 0.48456813125 0.1966639859375 0.5191801421875 0.2524740359375 0.5418110703125001 0.2604468984375 0.5018741359375001
0 0.34992015625 0.6456470984375 0.2967677265625 0.6416534046875 0.29145248437500004 0.6775966453125 0.3490342796875 0.6815903390625 0.34992015625 0.6456470984375
0 0.29056661093749997 0.8386756125 0.2303271890625 0.8786125468750001 0.24538704375 0.943842875 0.317142825 0.87195639375 0.29056661093749997 0.8386756125
0 0.48191535312499995 0.8293569953125 0.41547481875000003 0.844000540625 0.42167593437499995 0.886599934375 0.48634472031250003 0.8626377765625 0.48191535312499995 0.8293569953125
0 0.4571108875 0.726852196875 0.4004149640625 0.7441582015625 0.42699117500000006 0.8306882296874999 0.5049480734375 0.8040636062500001 0.4571108875 0.726852196875
0 0.45445326562500005 0.6949026500000001 0.402186709375 0.69090895625 0.3880127265625 0.7468206671875001 0.44116515625 0.7401645078125 0.45445326562500005 0.6949026500000001
0 0.3011970953125 0.7082149624999999 0.25690340312500004 0.7082149624999999 0.23564243281250002 0.7548080546875 0.28968073437499997 0.74948313125 0.3011970953125 0.7082149624999999
0 0.3897844765625 0.452618584375 0.3446049125 0.4606059734375 0.34371903593750003 0.499211678125 0.4013008359375 0.4872305953125 0.3897844765625 0.452618584375
0 0.3711811265625 0.524505065625 0.32865918125000004 0.5258363 0.31182758125 0.561779540625 0.3738387484375 0.5551233828125001 0.3711811265625 0.524505065625
0 0.429648796875 0.5657732296875 0.3853551046875 0.5777543109375001 0.3818116109375 0.6070413984374999 0.4358499125 0.5990540109375 0.429648796875 0.5657732296875
0 0.187805246875 0.5271675296875 0.1231364578125 0.5311612234374999 0.11604946875 0.564442 0.19046286875000001 0.561779540625 0.187805246875 0.5271675296875
0 0.705155553125 0.8160446828125 0.6971826875 0.7627954421875 0.634285646875 0.734839584375 0.5749321015625 0.7614642078125 0.6520031234375 0.818707146875 0.705155553125 0.8160446828125
0 0.570502734375 0.846663 0.6493455015625 0.8892623984375 0.7237589015625 0.890593628125 0.6945250656249999 0.8346819234374999 0.6396008906249999 0.8386756125 0.58113321875 0.8053948359374999 0.570502734375 0.846663
0 0.727302396875 0.726852196875 0.681236959375 0.7401645078125 0.7175577859375 0.8080573 0.79640055625 0.7974074484375 0.727302396875 0.726852196875
0 0.9062489046875 0.7627954421875 0.7919711859375 0.7654579015625 0.854868225 0.8386756125 0.94522735625 0.84266930625 0.9062489046875 0.7627954421875
0 0.3446049125 0.4140128859375 0.3561212734375 0.45394981406249996 0.4340781671875 0.42732519687500004 0.40573020312499997 0.38738826249999997 0.3446049125 0.4140128859375
0 0.5483558875 0.7814326781250001 0.501404575 0.8333506890625 0.5120350625000001 0.87195639375 0.5713886078125 0.810719759375 0.5483558875 0.7814326781250001
0 0.44913802187499996 0.616360015625 0.4039584578125 0.6416534046875 0.43939341093750006 0.672271721875 0.48811646875000003 0.6549657156250001 0.44913802187499996 0.616360015625
0 0.873471575 0.7641266718749999 0.873471575 0.738833278125 0.8247485156250001 0.692240190625 0.774253709375 0.6975651140625 0.8185473999999999 0.7654579015625 0.873471575 0.7641266718749999
0 0.242729425 0.5431423 0.1975498578125 0.5471359953125 0.18426175312499998 0.5870729296875 0.24627292031249998 0.5790855406250001 0.242729425 0.5431423
0 0.20197922968749998 0.5910666234375 0.1195929640625 0.5990540109375 0.11427772031250001 0.640322175 0.20109335625 0.63632848125 0.20197922968749998 0.5910666234375
0 0.2693056359375 0.4366438140625 0.217039084375 0.45394981406249996 0.21881083281249997 0.48456813125 0.27550675625 0.4632684375 0.2693056359375 0.4366438140625
0 0.20818034531250001 0.8706251640625 0.2958818515625 0.8306882296874999 0.2879089890625 0.7508143609375 0.229441315625 0.7654579015625 0.231213065625 0.8280257656250001 0.20818034531250001 0.8706251640625
0 0.1833758796875 0.34079516875000004 0.1364245671875 0.3887194921875 0.1940063640625 0.4206690375 0.21969670468750002 0.3674197921875 0.1833758796875 0.34079516875000004
0 0.20995209531249998 0.43398135 0.14882679999999998 0.43531257968750003 0.1479409265625 0.4712558203125 0.20995209531249998 0.4685933609375 0.20995209531249998 0.43398135
0 0.41458894218750003 0.6562969515625 0.3702952515625 0.637659715625 0.3561212734375 0.6842528031249999 0.3995290875 0.7042212671875 0.41458894218750003 0.6562969515625
0 0.37826811562499996 0.7042212671875 0.314485203125 0.7055525031250001 0.3073982109375 0.756139284375 0.37206700000000004 0.7468206671875001 0.37826811562499996 0.7042212671875