0 0.186052975 0.39697438125 0.197761040625 0.3866277046875 0.178735434375 0.3331698796875 0.1845894671875 0.3090276328125 0.0484832171875 0.3314454296875 0.041165676562499996 0.36765879687499997 0.06611049218750001 0.40919025624999994 0.186052975 0.39697438125
0 0.198602209375 0.37763850312499997 0.30459713125 0.3607610140625 0.3031336234375 0.29178316875 0.3405660703125 0.25257738125 0.27971749218749997 0.26591647812499997 0.1889799921875 0.3142009703125 0.1845894671875 0.3521387828125 0.198602209375 0.37763850312499997
0 0.5694920906250001 0.32109875312499997 0.693890275 0.35386323124999997 0.7216969296875 0.3573121203125 0.75828463125 0.3021298453125 0.7436495484375001 0.25729425156249996 0.5753461234375 0.167623053125 0.44070338124999997 0.1848675125 0.367527975 0.22280532812499998 0.3368950328125 0.252185425 0.3060606390625 0.28660983125 0.3016701140625 0.345241 0.30459713125 0.37283213593750003 0.3324037828125 0.3797299234375 0.41436023437499997 0.35903657031249997 0.43631285625 0.34179210625 0.5329043890625 0.322823203125 0.5694920906250001 0.32109875312499997
0 0.7496585 0.25046009687500004 0.7524305984375 0.3107520765625 0.8051168890625 0.33661876875 0.8460951140624999 0.34696544375 0.8519491468749999 0.30385429531249997 0.8460951140624999 0.272814265625 0.783164265625 0.246947575 0.74950358125 0.246947575 0.7496585 0.25046009687500004
0 0.8651207218750001 0.317649859375 0.875365275 0.34868989375 0.9631757578125001 0.38835215 0.9719568078125 0.3090276328125 0.9134164874999999 0.26591647812499997 0.8651207218750001 0.2538453578125 0.8755367218749999 0.25908673437499996 0.8651207218750001 0.317649859375
0 0.9587852375000001 0.48837002343749997 0.98951890625 0.45560555 0.9836648734375 0.4055966140625 0.9221975328124999 0.369383246875 0.8897259515625 0.358670125 0.875365275 0.429738859375 0.875365275 0.4659522265625 0.9587852375000001 0.48837002343749997
0 0.7787737421875 0.4504322125 0.8506538156250001 0.46440074375 0.8578031796875001 0.4625033328125 0.878292290625 0.44698331874999997 0.8768287828125001 0.3762810296875 0.837314065625 0.345241 0.7465765656250001 0.33661876875 0.7480400734375 0.43491219843750006 0.7787737421875 0.4504322125
0 0.701207815625 0.4866455796875 0.742186040625 0.45560555 0.737795515625 0.36765879687499997 0.7233118968750001 0.36605705781250003 0.5548570078124999 0.3142009703125 0.43192233125 0.34351655625 0.3206957171875 0.3780054734375 0.2899620484375 0.44180998125000004 0.329476765625 0.4987167 0.41875075781250004 0.48837002343749997 0.538758421875 0.464227778125 0.701207815625 0.4866455796875
0 0.17580841875 0.4142188453125 0.1845894671875 0.4745744546875 0.3031336234375 0.476298903125 0.30752414375 0.3986988265625 0.29591142656249997 0.3574304203125 0.19337051562500002 0.3866277046875 0.17580841875 0.4142188453125
0 0.0631182984375 0.41076995156249996 0.055800757812500004 0.4504322125 0.0777533765625 0.48147224218750007 0.187516484375 0.48837002343749997 0.1728814015625 0.42456552187499996 0.174344909375 0.40042327499999997 0.1744243078125 0.3953876328125 0.0631182984375 0.41076995156249996
0 0.0777533765625 0.48147224218750007 0.051410234374999995 0.4987167 0.058727775 0.5487256375 0.06897233124999999 0.5556234203125 0.187516484375 0.565970096875 0.174344909375 0.5159611640625 0.177351709375 0.48855533281249997 0.0777533765625 0.48147224218750007
0 0.17141789375 0.521134503125 0.1816624515625 0.5642456515625 0.3031336234375 0.569418990625 0.31191466874999996 0.5056144875 0.26654591875 0.4625033328125 0.1845894671875 0.4745744546875 0.1875976109375 0.48683000468750004 0.17141789375 0.521134503125
0 0.693890275 0.49181891718750004 0.5914447093749999 0.464227778125 0.46265599999999996 0.472850009375 0.3967981390625 0.49009446875 0.330940275 0.49354336249999997 0.3324037828125 0.49354336249999997 0.332503934375 0.49890730000000005 0.31191466874999996 0.521134503125 0.3031336234375 0.5590723140625 0.319232209375 0.60735680625 0.538758421875 0.598734575 0.71730640625 0.6177034828125 0.739259025 0.5970101296875 0.7407225328125 0.514236715625 0.693890275 0.49181891718750004
0 0.7290144671875 0.48492112968749995 0.7436495484375001 0.5504500828125 0.8431680984375 0.5642456515625 0.8724382578125001 0.55217453125 0.875365275 0.48147224218750007 0.8504856390625 0.4659522265625 0.7496585 0.4402461546875 0.7290144671875 0.48492112968749995
0 0.87846411875 0.4609500875 0.8739017656250001 0.5090633765625 0.87097475 0.5573478703125 0.9602487453125 0.5711434343749999 0.9719568078125 0.5245833906249999 0.9456136640624999 0.49009446875 0.9426866468749999 0.4866455796875 0.919270515625 0.476298903125 0.87846411875 0.4609500875
0 0.8755367218749999 0.5506671359374999 0.875365275 0.5556234203125 0.856339671875 0.5676945453125 0.8578031796875001 0.65391685 0.9456136640624999 0.6487435125000001 0.9704932984375001 0.626325709375 0.9631757578125001 0.569418990625 0.8755367218749999 0.5506671359374999
0 0.9734203156250001 0.5573478703125 0.9587852375000001 0.5780412218750001 0.9661027750000001 0.6366723859375 0.9997634625 0.6366723859375 0.9953729390625 0.55217453125 0.9779957375 0.5558431203125 0.9734203156250001 0.5573478703125
0 0.9631757578125001 0.724619140625 0.9909824140625 0.724619140625 0.9955601390625001 0.6421095078125 0.964639265625 0.6366723859375 0.9573217296875001 0.679783540625 0.9631757578125001 0.724619140625
0 0.9543947125000001 0.752210275 0.9631757578125001 0.797045875 0.992445921875 0.7918725359375001 0.996836446875 0.7211702468750001 0.9970238406249999 0.7197492609375 0.96171225 0.7211702468750001 0.9543947125000001 0.752210275
0 0.9704932984375001 0.883268178125 0.9997634625 0.8711970578124999 0.9926327374999999 0.78703704375 0.9661027750000001 0.797045875 0.955858221875 0.8246370093750001 0.9704932984375001 0.883268178125
0 0.9631757578125001 0.9556949124999999 0.9997634625 0.9470726859375 0.9955601390625001 0.8698527828125 0.96171225 0.8936148546875 0.9529312046875 0.933277115625 0.9631757578125001 0.9556949124999999
0 0.85341265625 0.7401391546875 0.8607301968750001 0.7591080578125 0.9573217296875001 0.7401391546875 0.9734203156250001 0.6884057734375 0.95164913125 0.6541868015625 0.8592666890625 0.65391685 0.85341265625 0.7401391546875
0 0.8636572125 0.81084144375 0.8665842296875 0.8332592421875 0.9339055984375 0.826361459375 0.969029790625 0.7866991984375 0.9428669296875001 0.742178521875 0.8621937046875001 0.7539347203125 0.8636572125 0.81084144375
0 0.8665842296875 0.929828221875 0.9529312046875 0.9074104249999999 0.9675662828125 0.86085038125 0.947077171875 0.8194636718750001 0.9412231390624999 0.822912565625 0.8460951140624999 0.8436059171875 0.8665842296875 0.929828221875
0 0.868047734375 0.9418993484374999 0.85341265625 0.9936327296874999 0.9031719296875 0.99708161875 0.9602487453125 0.9729393765625 0.9487217343750001 0.911260646875 0.8900003562500001 0.929828221875 0.868047734375 0.9418993484374999
0 0.7511222015625 0.547216478125 0.739259025 0.598734575 0.7334049921875 0.6677124156249999 0.75389410625 0.671161309375 0.8504856390625 0.6659879703125 0.8607301968750001 0.6314990484375 0.85341265625 0.5625212078125 0.75389410625 0.5418278546875 0.7511222015625 0.547216478125
0 0.7187699140625 0.6884057734375 0.7260874546875 0.776352521875 0.7904818078125 0.7694547390625 0.8548761640625001 0.7332413671875 0.8477264140624999 0.6610881156249999 0.7451130578125 0.671161309375 0.7187699140625 0.6884057734375
0 0.8316257125 0.7577064734375 0.7231604390624999 0.7780769656250001 0.7187699140625 0.80739255 0.724623946875 0.8763703968750001 0.79487233125 0.8729215031249999 0.84024108125 0.85222815 0.8607301968750001 0.8384325796875001 0.85341265625 0.767730290625 0.8316257125 0.7577064734375
0 0.7407225328125 0.883268178125 0.7231604390624999 0.9143082078125 0.730477975 0.99708161875 0.783164265625 0.9815616031250001 0.8651207218750001 0.9470726859375 0.8665842296875 0.8970637484375 0.8418716140625 0.852599503125 0.7407225328125 0.883268178125
0 0.8592666890625 0.9988060671874999 0.8404079140625 0.9612951546874999 0.7260874546875 0.99708161875 0.8592666890625 0.9988060671874999
0 0.7334049921875 0.6935791109375 0.7363320078125 0.6435701734375 0.71730640625 0.619427928125 0.686572734375 0.6125301453125 0.56802858125 0.6021834687500001 0.5168057984375001 0.6021834687500001 0.4114332171875 0.6021834687500001 0.319232209375 0.6021834687500001 0.2870350328125 0.624601265625 0.27971749218749997 0.6659879703125 0.297279590625 0.69875245 0.31776870156250003 0.7108235703125 0.5124152750000001 0.726343584375 0.701207815625 0.7125480140625 0.7334049921875 0.6935791109375
0 0.720233421875 0.79877031875 0.7231604390624999 0.7573836140625 0.71291588125 0.717721353125 0.682182209375 0.70565023125 0.5636380578125 0.7280680296875001 0.5168057984375001 0.724619140625 0.42899531562500004 0.722894690625 0.31786692968749997 0.7093972953125001 0.2870350328125 0.7142724640625 0.2709364421875 0.75048583125 0.2753269671875 0.7780769656250001 0.30459713125 0.8004947687499999 0.32654974999999997 0.8091169953125 0.546075959375 0.8591259328125 0.6953537828125 0.8194636718750001 0.720233421875 0.79877031875
0 0.730477975 0.8867170718749999 0.7216969296875 0.8349836859374999 0.6924267656249999 0.8142903328125 0.5402219265625 0.86085038125 0.42899531562500004 0.8418814734375 0.31786692968749997 0.8077409812499999 0.281181 0.826361459375 0.273863459375 0.8711970578124999 0.30898765156249997 0.9091348703125 0.333867290625 0.9125837640625001 0.5416854343749999 0.976388265625 0.594371725 0.976388265625 0.7143793890625 0.924654884375 0.730477975 0.8867170718749999
0 0.7260874546875 1 0.7260874546875 0.9747590484374999 0.727550959375 0.9523412468749999 0.727550959375 0.9437190187500001 0.71013859375 0.9250632703124999 0.5621745484375 0.9833812796875 0.4421668890625 0.9523412468749999 0.3133781765625 0.9023323140624999 0.3031336234375 0.9040567578125 0.292889065625 0.9281990046875 0.2899620484375 0.9971768453125 0.42606829843750005 1 0.610470315625 1 0.7260874546875 1
0 0.31191466874999996 0.5883878984375001 0.2973751265625 0.5610191015625 0.2372757578125 0.565970096875 0.19044350000000002 0.565970096875 0.16410035625 0.5832145609375 0.16263684843749998 0.6366723859375 0.19922454843749998 0.6521924015625 0.2899620484375 0.65391685 0.292889065625 0.6108056953125 0.31191466874999996 0.5883878984375001
0 0.2768833234375 0.6559121296875 0.202151565625 0.65391685 0.1772719265625 0.6659879703125 0.16263684843749998 0.70565023125 0.174344909375 0.7315169234375001 0.19044350000000002 0.7315169234375001 0.276790475 0.7418635984375 0.30752414375 0.709099125 0.2768833234375 0.6559121296875
0 0.186052975 0.7332413671875 0.16263684843749998 0.7608325078125 0.17141789375 0.80739255 0.1919070078125 0.8177392265625001 0.278253984375 0.8349836859374999 0.3031336234375 0.8022192125000001 0.26810112343750003 0.7439038499999999 0.186052975 0.7332413671875
0 0.1845894671875 0.8160147828125 0.16263684843749998 0.8418814734375 0.17580841875 0.8884415171875 0.186052975 0.8953393000000001 0.2870350328125 0.921205990625 0.2914255578125 0.8918904109374999 0.27249222500000003 0.8301702421874999 0.1845894671875 0.8160147828125
0 0.17580841875 0.95397046875 0.20068805781250001 0.971214928125 0.2606918859375 0.9901838359375 0.30020660625 0.9936327296874999 0.29005662656250003 0.9147113046875001 0.1728814015625 0.8867170718749999 0.17580841875 0.95397046875
0 0.066045315625 0.5573478703125 0.038238659375 0.5883878984375001 0.051410234374999995 0.615979034375 0.055800757812500004 0.619427928125 0.1728814015625 0.6383968359375001 0.1684908765625 0.60735680625 0.170033209375 0.5592937734375 0.066045315625 0.5573478703125
0 0.052873742187499996 0.6556412953125 0.0631182984375 0.6866813234375 0.16702736875 0.7108235703125 0.18019894218750002 0.6642635265625 0.1685695078125 0.6334828703125 0.060191282812500004 0.6177034828125 0.052873742187499996 0.6556412953125
0 0.055800757812500004 0.74358804375 0.0645818078125 0.7608325078125 0.1655638640625 0.7832503046875 0.1728814015625 0.74358804375 0.1597873078125 0.70249598125 0.060191282812500004 0.683232434375 0.055800757812500004 0.74358804375
0 0.0675088234375 0.7539347203125 0.047019709375 0.7918725359375001 0.0631182984375 0.8177392265625001 0.07628986875 0.822912565625 0.1728814015625 0.8556770437500001 0.186052975 0.8211881203125 0.1627147046875 0.7801357343750001 0.0675088234375 0.7539347203125
0 0.0675088234375 0.869472609375 0.08507091875 0.9022370875 0.183125959375 0.924654884375 0.18019894218750002 0.878094840625 0.1597873078125 0.8491488453124999 0.070435840625 0.8246370093750001 0.0675088234375 0.869472609375
0 0.070435840625 0.9125837640625001 0.07628986875 0.95914380625 0.187516484375 0.9901838359375 0.1962975328125 0.95397046875 0.1758880078125 0.9216126140625001 0.08507091875 0.8953393000000001 0.070435840625 0.9125837640625001