0 0.37951871875 0 0.37041358281250003 0.0041773687499999995 0.382914984375 0.10261453125 0.5796730812499999 0.10845508749999999 0.6443514687499999 0 0.37951871875 0
0 0.6878286328125001 0 0.597604078125 0.14363377500000002 0.39830471875 0.16686253125 0.41423371875 0.27736879375 0.625052765625 0.2643567875 0.7610155984375 0.006654212499999999 0.759954328125 0 0.6878286328125001 0
0 0.43933970312500004 0.33095829375 0.45884973437500004 0.43982160625000005 0.660440109375 0.39693948749999997 0.8015113125 0.12449172500000001 0.768967171875 0.040210631250000003 0.625842284375 0.3011991 0.43933970312500004 0.33095829375
0 0.48905116406250004 0.45696920625 0.5006225421875 0.553972825 0.691219578125 0.5254355 0.825366046875 0.2251609625 0.8045918484374999 0.1416806625 0.6530407265625 0.43133805625 0.48905116406250004 0.45696920625
0 0.5221216484375 0.5658118375 0.53753723125 0.673453275 0.7340063046874999 0.6236196374999999 0.8530520625 0.31477130625 0.8345947140625001 0.25503106875000003 0.7155231171875001 0.52048596875 0.5221216484375 0.5658118375
0 0.531414934375 0.7041655437500001 0.5573104328125 0.7945973625 0.7376907234375001 0.795550425 0.879737078125 0.44204543125000006 0.849747125 0.35039174375000004 0.71945778125 0.68300081875 0.531414934375 0.7041655437500001
0 0.7761718390625 0.8597455625 0.9079494374999999 0.556217325 0.8754182234375 0.49363294375000005 0.704973878125 0.85086559375 0.53966845625 0.81509288125 0.5540571953125 0.9170046749999999 0.62319496875 0.929930225 0.7761718390625 0.8597455625
0 0.2601589640625 0.19613861875 0.389352140625 0.1709699125 0.3688411125 0.0997703875 0.2514178671875 0.12573989375 0.2601589640625 0.19613861875
0 0.28759472656249996 0.2951649125 0.3950514796875 0.28926984375 0.38962823750000003 0.20494739375 0.27219207500000003 0.20922019375 0.28759472656249996 0.2951649125
0 0.3273267734375 0.41955354375000004 0.43170298906250004 0.39646953125 0.42832051250000003 0.3019096625 0.31114752343749996 0.318463225 0.3273267734375 0.41955354375000004
0 0.329445078125 0.53949643125 0.45505722656250003 0.51597066875 0.44477585937499997 0.43697746875 0.304063 0.45192943750000003 0.329445078125 0.53949643125
0 0.3579076875 0.6442523625 0.4935121765625 0.64404559375 0.4926838875 0.542113125 0.3409647609375 0.549713175 0.3579076875 0.6442523625
0 0.37972165625 0.7551590312500001 0.5171166609375 0.7541307875000001 0.5188554796875 0.66652243125 0.3694402921875 0.67616583125 0.37972165625 0.7551590312500001
0 0.5381540359375 0.84989185625 0.5351407703125 0.770409775 0.3917418390625 0.7465438875 0.3992058390625 0.8206289124999999 0.5381540359375 0.84989185625
0 0.41666218749999995 0.91803293125 0.54717123125 0.95426806875 0.5394440546875 0.867902275 0.4214686171875 0.8259168062500001 0.41666218749999995 0.91803293125
0 0.519252109375 0.9592060124999999 0.4381612890625 0.92987194375 0.43939073906250004 0.9659025874999999 0.519252109375 0.9592060124999999
0 0.0617008171875 0.3429965625 0.0975498875 0.3916572125 0.147857015625 0.22905965625000002 0.1247918015625 0.165232725 0.0617008171875 0.3429965625
0 0.1385331796875 0.4689661125 0.1909198390625 0.36122128125 0.1522404890625 0.28595573750000003 0.10318460468749999 0.4014735625 0.1385331796875 0.4689661125
0 0.2252803390625 0.48807433749999996 0.3140424171875 0.45355171250000004 0.3047878984375 0.38028815625 0.210904528125 0.40785926874999995 0.2252803390625 0.48807433749999996
0 0.1714309484375 0.7174050125 0.245092315625 0.67430858125 0.234034359375 0.5801697875 0.14783938593749998 0.62901653125 0.1714309484375 0.7174050125
0 0.2013950546875 0.7656652625 0.26840778125 0.7287195625 0.255321984375 0.66651490625 0.1860053203125 0.70141725625 0.2013950546875 0.7656652625
0 0.2137301015625 0.8561177624999999 0.287654640625 0.8253021 0.27558276249999997 0.7471303812500001 0.1965369328125 0.7709945125 0.2137301015625 0.8561177624999999
0 0.2260780734375 0.9682669687500001 0.3151033328125 0.9460251124999999 0.285363625 0.8449554750000001 0.196601546875 0.8794781 0.2260780734375 0.9682669687500001
0 0.400771953125 0.8726168187500001 0.38966102343750003 0.80066771875 0.30579711718749997 0.7859746875 0.316591903125 0.8678327124999999 0.400771953125 0.8726168187500001
0 0.18423243281249999 0.30228185625 0.2560903625 0.23831018125 0.24196479375000002 0.1486791625 0.151174875 0.2151359375 0.18423243281249999 0.30228185625
0 0.1537114296875 0.6077202125000001 0.222752 0.53884038125 0.195592328125 0.473791575 0.130909390625 0.5561740562499999 0.1537114296875 0.6077202125000001
0 0.1131593203125 0.8247494375000001 0.062359031249999995 0.831060525 0.0743380984375 0.897902075 0.1114075703125 0.8906610625000001 0.1131593203125 0.8247494375000001
0 0.10808971875 0.9045847874999999 0.0762447578125 0.9085409875 0.091554278125 0.99396599375 0.11991134375000001 0.99217245625 0.10808971875 0.9045847874999999
0 0.4345362375 0.96630965 0.4343300109375 0.9409308375000001 0.3501499609375 0.93614673125 0.35567257812499997 0.9729225625 0.4345362375 0.96630965
0 0.8003185437500001 0 0.791717528125 0.00496990625 0.8232348203125 0.08352135625 0.9569075734375 0.0098244 0.9558411015624999 0.0038736187499999997 0.9548860937500001 0 0.8003185437500001 0
0 0.8678249875 0.2025807375 0.9743257156249999 0.1070152375 0.9589937546874999 0.021465 0.8283690343749999 0.11216959374999999 0.8678249875 0.2025807375
0 0.9034625734375 0.32574748750000004 0.9914939734375 0.20281176875 0.97798354375 0.12742543125 0.85913558125 0.218968875 0.9034625734375 0.32574748750000004
0 1 0.25027423125000003 0.9927350734375 0.20973693125 0.8842803359375001 0.3376485375 0.9260402187500001 0.43010303125 1 0.3177076375 1 0.25027423125000003
0 1 0.34053896250000004 0.9084111640625 0.47229526875000005 0.9486307859374999 0.5561552937500001 1 0.4551085375 1 0.34053896250000004
0 1 0.47494154375 0.9619280625 0.54385384375 1 0.59349165625 1 0.47494154375
0 0.8941645859375 0.6090473875 0.7910469015625 0.85292099375 0.84609135625 0.8276670062499999 0.9136487687500001 0.6745172562499999 0.8941645859375 0.6090473875
0 0.2768210859375 0.6783539249999999 0.3487048625 0.6577756875 0.337133484375 0.560772075 0.2642357890625 0.59731738125 0.2768210859375 0.6783539249999999
0 0.0715592234375 0.57100196875 0.11679674531249999 0.48823975624999993 0.089887328125 0.41377501250000004 0.0467034875 0.50799651875 0.0715592234375 0.57100196875
0 0.09770496875 0.6520178375000001 0.0946256484375 0.6649405125000001 0.03681453125 0.658251275 0.037551414062499996 0.692637425 0.040335304687500004 0.70817114375 0.0933990359375 0.72530206875 0.09770496875 0.6520178375000001
0 0.2185926640625 0.07383168749999999 0.1480806171875 0.10618209375000001 0.12706989062500001 0.12388264375 0.152188796875 0.19916886875 0.2411752765625 0.11183684375 0.2185926640625 0.07383168749999999
0 0.0128623359375 0.3926847875 0.050918953125 0.28283525625 0.0173608953125 0.21452123125 0.0079721203125 0.24338744375000002 0.0128623359375 0.3926847875
0 0.023586340625 0.61471421875 0.027282981249999998 0.63534096875 0.040921909374999996 0.68116986875 0.10102282343749999 0.6380941124999999 0.07515317187500001 0.5910557375 0.023586340625 0.61471421875
0 0.144939784375 0.91558165 0.20530387499999997 0.8847866812499999 0.1924683234375 0.813166075 0.1298003 0.8419177 0.144939784375 0.91558165