0 0.1505050765625 0.5432210234375 0.11707948125 0.607540021875 0.3123609734375 0.6703334546875 0.3358660859375 0.6007392890625 0.1505050765625 0.5432210234375
0 0.5277809921875 0.71235320625 0.5144939203125001 0.7558985390624999 0.7048390171875 0.806901353125 0.7153546109375 0.7495285218750001 0.5277809921875 0.71235320625
0 0.711940334375 0.8166550765625 0.901072309375 0.8359291125 0.8901885765625 0.7859072359375 0.7218016828125 0.7617239203125 0.711940334375 0.8166550765625
0 0.3365203296875 0.5982976171875001 0.305414159375 0.684173925 0.501552084375 0.749813809375 0.5237487062499999 0.6851029875 0.3365203296875 0.5982976171875001
0 0.310398240625 0.6776584734375 0.281706865625 0.74847995625 0.478701221875 0.8169662984375 0.5000414109375 0.7494090265625 0.310398240625 0.6776584734375
0 0.08662755 0.690974659375 0.2795419421875 0.750516846875 0.3037012984375 0.6784810046875001 0.11748385624999999 0.6181162890625 0.08662755 0.690974659375
0 0.071021059375 0.7129626828125 0.0354305453125 0.779318575 0.2441059328125 0.8404669281249999 0.280398378125 0.7533633 0.071021059375 0.7129626828125
0 0.45056871562499995 0.9219582359375 0.48510061093749995 0.8474677546875 0.295255259375 0.770429075 0.2449623625 0.8433133828124999 0.45056871562499995 0.9219582359375
0 0.461547815625 0.9353679828124999 0.677669759375 0.9566400078124999 0.695584228125 0.8776968984375 0.4967816421875 0.8401297734375 0.461547815625 0.9353679828124999
0 0.8933281953125001 0.9071294453125001 0.8989073937500001 0.837965996875 0.711488278125 0.8243848828125 0.6925151953124999 0.8951934015624999 0.8933281953125001 0.9071294453125001
0 0.8836634953125 1 0.9005717453125 0.9368975484375 0.9041051109374999 0.9152510625 0.7053025234375 0.877683934375 0.6825584765625 0.986736678125 0.8111748203125 1 0.8836634953125 1
0 0.67684466875 1 0.6847710796875 0.9663937312499999 0.6748505984375 0.9611185671875001 0.46260643281249997 0.943502571875 0.44746799218750005 1 0.67684466875 1
0 0.4346438265625 1 0.45530292812499995 0.9284607156250001 0.24320181718749997 0.85592653125 0.2119518578125 0.9404558218749999 0.434173746875 1 0.4346438265625 1
0 0 0.8836634921875 0.20262274531250002 0.9379560937500001 0.2378133578125 0.8518657234375 0.030244273437500004 0.7805458921875 0 0.8366442015625 0 0.8836634921875
0 0.4864090984375 0.8425844109374999 0.6930149328125 0.8691575265625 0.7078603671875 0.8077109203124999 0.51016408125 0.759972315625 0.4864090984375 0.8425844109374999