0 0.3220779234375 0.052042678125 0.022510821875 0.057246940625 0.019047618750000002 0.1587301578125 0.3116883125 0.1561280265625 0.3220779234375 0.052042678125
0 0.19913419999999998 0.1665365578125 0.0069264078125 0.1795472296875 0.0086580078125 0.257611240625 0.19913419999999998 0.2341920375 0.19913419999999998 0.1665365578125
0 0.7012987015625 0.0936768140625 0.3722943703125 0.0442362734375 0.38441558593749997 0.16393442656249999 0.692640690625 0.189955765625 0.7012987015625 0.0936768140625
0 0.4571428578125 0.1769450921875 0.24242424375 0.16913869374999999 0.2372294359375 0.2654176453125 0.45541125468750004 0.26281550781249996 0.4571428578125 0.1769450921875
0 0.7012987015625 0.23158990156249998 0.4952380953125 0.1795472296875 0.49004329062499996 0.2654176453125 0.6874458875 0.3018475140625 0.7012987015625 0.23158990156249998
0 0.690909090625 0.356492321875 0.35670995625 0.3122560484375 0.3497835484375 0.41373926718750004 0.6787878796875 0.460577671875 0.690909090625 0.356492321875
0 0.4380952359375 0.43715847031250005 0.2147186140625 0.43976060156249996 0.221645021875 0.5386416890625 0.4380952359375 0.5412438203125001 0.4380952359375 0.43715847031250005
0 0.6943722953125 0.489201146875 0.48138527968749995 0.4475670046875 0.47445887343750004 0.5386416890625 0.6805194796875 0.595888628125 0.6943722953125 0.489201146875
0 0.6857142875 0.6219099671875 0.335930734375 0.5880822296875 0.3393939375 0.6791569078124999 0.6787878796875 0.7103825140625 0.6857142875 0.6219099671875
0 0.20606060781250002 0.8066614640624999 0.41385281406249996 0.81707 0.422510821875 0.7129846453125 0.20606060781250002 0.699973978125 0.2077922078125 0.7051782453125 0.20606060781250002 0.8066614640624999
0 0.6857142875 0.7468123875 0.46233766249999997 0.6895654421875 0.45367965468750004 0.798855059375 0.6683982687500001 0.8508977375000001 0.6857142875 0.7468123875
0 0.316883115625 0.31485818593750003 0.0069264078125 0.320062453125 0.0103896109375 0.4215456671875 0.30822510937500003 0.408535 0.316883115625 0.31485818593750003
0 0.195670996875 0.424147803125 0.003463203125 0.4475670046875 0.003463203125 0.5542544859375 0.1922077921875 0.528233153125 0.195670996875 0.424147803125
0 0.290909090625 0.580275825 0.0138528140625 0.5906843609375 0.017316018750000002 0.6895654421875 0.2874458875 0.6765547765625 0.290909090625 0.580275825
0 0.6805194796875 0.8639084046875001 0.33766233749999996 0.8482956015625 0.33766233749999996 0.9523809515625 0.6718614734374999 0.95758521875 0.6805194796875 0.8639084046875001
0 0.9471861453124999 0.11189174843750001 0.735930734375 0.122300284375 0.7463203453125 0.20296643125 0.9489177484375 0.1795472296875 0.9471861453124999 0.11189174843750001
0 0.9437229453124999 0.21857923437500001 0.7480519484375 0.2341920375 0.7601731593750001 0.31485818593750003 0.9471861453124999 0.28623471093749997 0.9437229453124999 0.21857923437500001
0 0.9489177484375 0.3356752515625 0.753246753125 0.361696590625 0.7705627703125 0.4475670046875 0.961038959375 0.424147803125 0.9489177484375 0.3356752515625
0 0.9471861453124999 0.44496486874999996 0.7428571421875 0.47879261250000005 0.7636363640625 0.5880822296875 0.954112553125 0.54384595625 0.9471861453124999 0.44496486874999996
0 0.9593073593750001 0.5828779625 0.7393939375 0.629716365625 0.753246753125 0.7155867812500001 0.9662337671874999 0.668748371875 0.9593073593750001 0.5828779625
0 0.9593073593750001 0.6869633109375 0.7619047640625001 0.739005984375 0.774025975 0.8404892015625001 0.961038959375 0.8014571968749999 0.9593073593750001 0.6869633109375
0 0.9870129859375 0.8456934703125001 0.751515153125 0.8743169406250001 0.758441559375 0.9497788203124999 0.9887445890625 0.9133489453125 0.9870129859375 0.8456934703125001