0 0.0189346765625 0.489701284375 0.11066461718750001 0.4712724234375 0.0856798359375 0.39437053125 0.01604983125 0.41509150625 0.0189346765625 0.489701284375
0 0.098683853125 0.26784417656250004 0.028177196874999998 0.308629309375 0.0168185421875 0.40721269062500004 0.1274167765625 0.3402255703125 0.098683853125 0.26784417656250004
0 0.03987695 0.20708554375000002 0.0282667859375 0.307851771875 0.12734111406249998 0.23351828437500002 0.10467116875 0.18170649375 0.0851722140625 0.180156740625 0.03987695 0.20708554375000002
0 0.1399174203125 0.395013759375 0.168098659375 0.3963536765625 0.26142620625 0.32495485468749996 0.2407896890625 0.2714400828125 0.1212868828125 0.344938778125 0.1399174203125 0.395013759375
0 0.2473542359375 0.1866783859375 0.12600819375 0.262973771875 0.15277468125 0.331243309375 0.2698682609375 0.244036196875 0.2473542359375 0.1866783859375
0 0.10830183125 0.08188190468749999 0.0499602765625 0.11957096874999999 0.0381870296875 0.2217526265625 0.139224975 0.14823207656249998 0.10830183125 0.08188190468749999
0 0.13501440781250001 0.0047336328125 0.1552555375 0.07744555625 0.28223416874999996 0.0137464046875 0.28083975625 0.009846296875 0.13501440781250001 0.0047336328125
0 0.0494859625 0.1236876203125 0.13818526874999998 0.0547855 0.115497903125 0.0040493796875 0.08564717187500001 0.003002803125 0.0617224453125 0.0174854625 0.0494859625 0.1236876203125
0 0.24665090312500002 0.1108064625 0.1209076546875 0.1842776515625 0.1441433359375 0.2558661390625 0.2682659203125 0.1759668921875 0.24665090312500002 0.1108064625
0 0.08580146250000001 0.40016156406250003 0.1083949921875 0.4773233484375 0.2277167609375 0.4595851265625 0.215315209375 0.3825725953125 0.21207271875 0.369927228125 0.08580146250000001 0.40016156406250003
0 0.3249467234375 0.4331291640625 0.330364034375 0.415774271875 0.31914877656249996 0.36966355 0.22240626093750002 0.4168680703125 0.22678513906250003 0.4813335 0.33095825156249997 0.43111998125 0.3249467234375 0.4331291640625
0 0.3562579203125 0.211531709375 0.2503030921875 0.2703775828125 0.27116383593750004 0.3352530890625 0.365905803125 0.25657955 0.3562579203125 0.211531709375
0 0.2706378484375 0.2373478671875 0.277136828125 0.256087240625 0.3713338484375 0.19157477812499998 0.3621024796875 0.13348052500000002 0.25160571875 0.197589746875 0.2706378484375 0.2373478671875
0 0.3577399078125 0.062042215624999994 0.2544331890625 0.1183988734375 0.2727742515625 0.1846489296875 0.373623584375 0.1205591703125 0.3577399078125 0.062042215624999994
0 0.2818927640625 0.1055081140625 0.3939139453125 0.052538025 0.387206878125 0.01357555 0.33693688593750004 0.0118130765625 0.266087684375 0.030910620312499998 0.2818927640625 0.1055081140625
0 0.2493662515625 0.025757373437499998 0.1227729125 0.08611254375 0.14889725625 0.1599553796875 0.275250046875 0.0948566515625 0.2493662515625 0.025757373437499998
0 0.35138918124999996 0.4109048484375 0.3707230546875 0.40993301875 0.44602992500000005 0.3477851453125 0.4281373484375 0.30496796875 0.3335292234375 0.3541419109375 0.35138918124999996 0.4109048484375
0 0.35293526875 0.288190759375 0.368035 0.3415846828125 0.42536170625 0.3085703859375 0.458193340625 0.2752385125 0.44454172343750004 0.230905690625 0.35293526875 0.288190759375
0 0.44757802968749993 0.17040268281249998 0.363145671875 0.2269058296875 0.37837383125 0.2791850953125 0.460304075 0.21707994375 0.44757802968749993 0.17040268281249998
0 0.4530721546875 0.10352254375 0.3723419453125 0.1675724875 0.38845280625 0.21902201875 0.46779604687500004 0.1438589234375 0.4530721546875 0.10352254375
0 0.516580853125 0.3092976703125 0.4408621390625 0.3516489046875 0.44678218125 0.40273842968749995 0.5194933984375 0.3556699359375 0.516580853125 0.3092976703125
0 0.5244466015625 0.24132844375 0.4627904375 0.2953850765625 0.448808353125 0.3034780765625 0.4582918109375 0.3373028921875 0.471868709375 0.34243149375000004 0.5369059828125 0.288607284375 0.5244466015625 0.24132844375
0 0.5232314078125 0.17911823437500002 0.46203291249999995 0.2419143671875 0.46990113906250003 0.2817066265625 0.5372777390625 0.22533535468750002 0.5232314078125 0.17911823437500002
0 0.4815727359375 0.052968620312500006 0.466038803125 0.023837303125 0.4536989453125 0.0260280375 0.38020877343750004 0.08563250624999999 0.397538709375 0.1538269625 0.478127109375 0.07821238593749999 0.4815727359375 0.052968620312500006
0 0.59455671875 0.1365119296875 0.5426983062499999 0.17828950625 0.5494372515625 0.22788298125 0.60905475625 0.1788085640625 0.59455671875 0.1365119296875
0 0.5233481296875 0.1300688921875 0.4563867734375 0.18305039218750002 0.474899171875 0.22631892968749998 0.5420790921875 0.1596455640625 0.5233481296875 0.1300688921875
0 0.5383346421875 0.060044246875 0.48182078125 0.1061999296875 0.493215184375 0.151415296875 0.5559363281249999 0.0994221390625 0.5383346421875 0.060044246875
0 0.25063542499999997 0.39728897500000004 0.2674363484375 0.4056915703125 0.35055699218749997 0.33276636718749997 0.338216571875 0.286138809375 0.23852017656250002 0.35898049374999996 0.25063542499999997 0.39728897500000004
0 0.5684740296874999 0.3148508546875 0.5204260125 0.3355666265625 0.524287171875 0.38611859531250003 0.5834237859375 0.353227 0.5684740296874999 0.3148508546875
0 0.643354684375 0.2654053234375 0.5981552640625 0.2974249296875 0.5842889453125 0.3162763359375 0.5947835375 0.34815676562500003 0.606220171875 0.347519284375 0.6487968484375 0.30223558906250003 0.643354684375 0.2654053234375
0 0.6092797859375 0.22917312656250002 0.61996826875 0.240206753125 0.6636450468749999 0.1973841703125 0.6511213609375 0.16197001875 0.6132001421875 0.2028756203125 0.6092797859375 0.22917312656250002
0 0.5948625296875 0.1939031265625 0.5383778453125 0.22779647500000003 0.549968925 0.28331394374999996 0.6038600421875 0.2238941703125 0.5948625296875 0.1939031265625
0 0.70957281875 0.23109761406249998 0.7048082234375 0.1883866078125 0.6671420421875001 0.2150696265625 0.657441084375 0.24154992343749998 0.665962328125 0.25640050625 0.6803261093749999 0.24786825937499998 0.6841137765624999 0.24232 0.70957281875 0.23109761406249998
0 0.6092590171875 0.092972203125 0.54659623125 0.120440690625 0.548483046875 0.1641101828125 0.6147011765625 0.12980246875 0.6092590171875 0.092972203125
0 0.553936315625 0.024944278125 0.5378189578125 0.0188560375 0.50773481875 0.017801284375 0.48168218124999995 0.0254700765625 0.488681059375 0.0775164875 0.48985406718749996 0.083448765625 0.5611740078125 0.044519303125 0.553936315625 0.024944278125
0 0.4147500671875 0.38016993593750004 0.3292095078125 0.42579006406250003 0.3391414578125 0.483047753125 0.42566053750000005 0.4494289875 0.4147500671875 0.38016993593750004
0 0.4928906171875 0.3782814109375 0.418969925 0.4050274171875 0.424103075 0.469777778125 0.49356487031249996 0.43352144375 0.4928906171875 0.3782814109375
0 0.6380649828125 0.329002278125 0.582640621875 0.3549811078125 0.586265671875 0.4073450828125 0.640622121875 0.3666843609375 0.6380649828125 0.329002278125
0 0.6253250375 0.051910962500000005 0.6045626765625001 0.0440680953125 0.5625811546875 0.052463284374999995 0.57486368125 0.1043443296875 0.6333207359374999 0.07243598125 0.6253250375 0.051910962500000005
0 0.5816475796875 0.24356949375 0.5306358109375 0.2901006078125 0.544036075 0.332280709375 0.5925120078125 0.27804294375 0.5816475796875 0.24356949375
0 0.71653319375 0.2068761515625 0.7304160546875 0.210344740625 0.7669757734375 0.1802879625 0.7595786265625 0.1454370765625 0.7162947015625 0.1645178546875 0.71653319375 0.2068761515625
0 0.5616246968749999 0.37773013906249997 0.505751621875 0.397117025 0.501070340625 0.4476516703125 0.5558497515624999 0.4278516578125 0.5616246968749999 0.37773013906249997
0 0.6777447015625 0.15295644375 0.726824425 0.12146428437500001 0.7366970125 0.10499112031249999 0.7139569921875 0.0947176703125 0.6963037515625 0.08973279687499999 0.6724012187499999 0.1093239234375 0.6687071171875 0.1314980640625 0.6777447015625 0.15295644375
0 0.68266918125 0.079531790625 0.641184209375 0.0638610828125 0.6309634453124999 0.07346856406249999 0.6159804796875 0.094745475 0.613587571875 0.1056263484375 0.6196664796875 0.14280852500000002 0.632819378125 0.1364606140625 0.6599970421875 0.1181066390625 0.6871747015625 0.0997526703125 0.68266918125 0.079531790625
0 0.6661991296875 0.113715284375 0.6616464078125001 0.11367905 0.626431403125 0.142465290625 0.611843803125 0.15042322187499998 0.6104954078125 0.1819011328125 0.6127852140625001 0.20253199375 0.6381835203125 0.1788918359375 0.6658952390625 0.165790228125 0.6714009921875 0.14766751250000001 0.6661991296875 0.113715284375
0 0.6514670046875 0.2613524296875 0.65536124375 0.2977816765625 0.6984341265625 0.268992753125 0.7083539156249999 0.23233494375000002 0.6994343484375001 0.2306491640625 0.6514670046875 0.2613524296875
0 0.6457045625 0.3113654359375 0.64666823125 0.3534519625 0.6954127609375 0.31499056406250003 0.699826803125 0.2964554625 0.6958789328125 0.2713946265625 0.6457045625 0.3113654359375
0 0.6255168109375 0.3778153796875 0.6360015203125 0.3965858859375 0.6902079796875 0.3601636078125 0.6862837140625 0.3250104359375 0.6346694625 0.3577031828125 0.6255168109375 0.3778153796875
0 0.6548749703125 0.43941145 0.662820828125 0.390223221875 0.6146743359375 0.403689271875 0.6082560203125 0.438636803125 0.6548749703125 0.43941145
0 0.661867803125 0.4083821515625 0.65957824375 0.43917987968750005 0.699496390625 0.43774800625 0.7099738359375001 0.39625022187500003 0.7041907234375 0.377230278125 0.68193755 0.3923938296875 0.6615432359375 0.3914241578125 0.661867803125 0.4083821515625
0 0.674505071875 0.377801475 0.6764481421874999 0.3916515640625 0.6770130546875001 0.395584253125 0.7085575546875 0.3788798296875 0.7228205875 0.3539638921875 0.717223353125 0.3333306390625 0.6898834078125 0.3432055953125 0.674505071875 0.377801475
0 0.7355520125 0.3238018671875 0.7413313484375 0.273642190625 0.69202081875 0.3088121765625 0.6955534328125 0.3388808484375 0.7355520125 0.3238018671875
0 0.667089034375 0.2092484296875 0.7260088828125 0.16753055 0.7262305671875 0.1399889359375 0.7223394328125 0.12252545625 0.6693977015625 0.16359358906250002 0.6683373734375 0.207859240625 0.667089034375 0.2092484296875
0 0.70943531875 0.2601396828125 0.7538507234375 0.23329837343749998 0.760893975 0.180708196875 0.7128269796875 0.22216377812500002 0.7057251015625 0.23256677812499998 0.7089624406249999 0.25666345 0.70943531875 0.2601396828125
0 0.3858930875 0.013529487500000001 0.399648209375 0.054333323437500004 0.39947783124999997 0.0556576390625 0.43716085312499997 0.0291811265625 0.4809575546875 0.02478796875 0.481867046875 0.016894354687499998 0.3858930875 0.013529487500000001
0 0.727828815625 0.1296739234375 0.7313643734374999 0.1610169296875 0.7701964921875 0.1445148921875 0.7764080125 0.12476098124999999 0.7702617093749999 0.1166233734375 0.739705534375 0.10857047500000001 0.732772353125 0.114093715625 0.727828815625 0.1296739234375
0 0.777916559375 0.1253308234375 0.768800071875 0.149803265625 0.7717315375 0.17277409531250001 0.809916059375 0.1618450828125 0.8187756890625 0.13960195625 0.777916559375 0.1253308234375
0 0.75839928125 0.18542230937499998 0.7609256390625 0.218734240625 0.7617201296875 0.2180824109375 0.771782525 0.21955708281250003 0.8054536296875 0.18691239843750002 0.8040103109375 0.15845104999999998 0.773019925 0.174660753125 0.75839928125 0.18542230937499998
0 0.8043140671875 0.18997145625 0.7550275 0.228349215625 0.7499912390625 0.26580961406250003 0.78553475625 0.257320753125 0.80078124375 0.24795877812499997 0.8043140671875 0.18997145625
0 0.7350760078125 0.3127033171875 0.7835757015625 0.2879863921875 0.7891939921875 0.2528871390625 0.755940790625 0.2682420890625 0.7443698453125001 0.2661975765625 0.7401967015625 0.309824259375 0.7350760078125 0.3127033171875
0 0.72692173125 0.35615000625 0.76701230625 0.322440721875 0.7742675718750001 0.2867966515625 0.736841415625 0.31104384218750003 0.7240819921874999 0.33297701874999996 0.72549045 0.3554748359375 0.72692173125 0.35615000625
0 0.723278803125 0.353610734375 0.7181416140625 0.39819711406249997 0.7251869203125 0.39853208281249997 0.7626293859375 0.36731202500000004 0.7684882359375 0.3369563296875 0.7657443109375001 0.3266144359375 0.73157579375 0.3567448734375 0.723278803125 0.353610734375
0 0.71027680625 0.425468721875 0.7391001890625 0.42123534218750003 0.7494683656250001 0.39956205 0.7529196640625 0.37643913281249997 0.7104704625 0.39646254375 0.7073148234375 0.4312366015625 0.71027680625 0.425468721875
0 0.8087112734374999 0.1927956515625 0.8419481687499999 0.1844135890625 0.853969621875 0.1552226078125 0.8148758984375 0.13929200625 0.8066095000000001 0.17688047499999998 0.8107018484375 0.18982244375 0.8087112734374999 0.1927956515625
0 0.8265080296875 0.22278174062499997 0.8440336390625 0.2073016515625 0.8419644749999999 0.177440709375 0.82837126875 0.1792849875 0.803912475 0.2002883234375 0.8030419328124999 0.23580720312499998 0.8265080296875 0.22278174062499997
0 0.8239068187499999 0.2590206765625 0.8375163359375 0.25020351875 0.8407596890625 0.208391271875 0.7955176421875 0.23899144374999998 0.7907025421875 0.2534569875 0.79098428125 0.27896696875 0.8239068187499999 0.2590206765625
0 0.7956929703125 0.27162651250000003 0.78335145 0.2762699625 0.7776748734375001 0.3193263609375 0.8156404203125 0.29660914531250004 0.823778390625 0.2601353359375 0.7956929703125 0.27162651250000003
0 0.7691303828125 0.331383025 0.7697073062500001 0.353701246875 0.7698357359375 0.3525865828125 0.7962841843749999 0.341640221875 0.8106642734375 0.3261351140625 0.8133776046875001 0.2957543734375 0.77506874375 0.32083130937500004 0.7691303828125 0.331383025
0 0.7590496640625 0.3915496078125 0.7945819875 0.37007655 0.7983064453125001 0.3377514296875 0.7661765046875 0.357020190625 0.7564504703125 0.37312018281250003 0.759130365625 0.391457475 0.7590496640625 0.3915496078125
0 0.7435932140625 0.4368906265625 0.7797676890624999 0.409844278125 0.781855171875 0.378063975 0.749982084375 0.3951034171875 0.743016290625 0.4145724109375 0.7416636171875 0.43373775312499996 0.7435932140625 0.4368906265625
0 0.872200584375 0.16094607656249998 0.85496445 0.16025108906250002 0.8470996421875 0.187522696875 0.8506835296874999 0.204925303125 0.8528443484375 0.20597715156250002 0.8735154796875 0.1905220890625 0.8839957765625 0.174707025 0.8865317609375 0.1663595953125 0.872200584375 0.16094607656249998
0 0.59231479375 0.273944309375 0.5959088109375 0.297402215625 0.5970235500000001 0.2953095125 0.6025688312499999 0.3010811703125 0.6436705296875 0.26542750000000004 0.6561730921875 0.2457236390625 0.6450363609374999 0.2194165125 0.59363170625 0.2488519625 0.59231479375 0.273944309375
0 0.7483553484375001 0.265423715625 0.74463195 0.2440011203125 0.728006303125 0.2507579359375 0.7058429375 0.258670278125 0.69762545 0.2753401078125 0.7015721390625 0.309399790625 0.7355959249999999 0.2873568921875 0.7483553484375001 0.265423715625
0 0.5519470171874999 0.42619251875 0.5561460671875 0.44512329062499995 0.5578201546875 0.443532309375 0.606784646875 0.43527538593750004 0.6103011640625 0.38426095 0.5899990203125001 0.4033449046875 0.5591696765624999 0.40449420937499997 0.5519470171874999 0.42619251875