0 0.1147947375 0.3848110421875 0.2340612890625 0.367143703125 0.2388206828125 0.3262473171875 0.1864270578125 0.3106560734375 0.028830578125 0.3545071453125 0.0664633640625 0.379956546875 0.1147947375 0.3848110421875
0 0.22175387500000002 0.3335521203125 0.22566864843749998 0.2829863171875 0.17485701874999998 0.2616603484375 0.026993848437500002 0.27386576093750004 0.047372128125 0.3163940578125 0.181694471875 0.30416803593749997 0.22175387500000002 0.3335521203125
0 0.46527435156249997 0.9276097234374999 0.345458121875 0.9509071203125 0.3513839140625 0.9949008234375001 0.483467328125 0.9689660109375 0.46527435156249997 0.9276097234374999
0 0.465609515625 0.8718325515625001 0.33207816874999996 0.8811912187500001 0.33945189062500003 0.9417610625 0.46721832812499997 0.9260190359375 0.465609515625 0.8718325515625001
0 0.451854171875 0.8216648281250001 0.316687203125 0.8242214375 0.321084621875 0.8864866453125 0.4515860421875 0.8662865625 0.451854171875 0.8216648281250001
0 0.44520441406250005 0.7693830625 0.31258473124999997 0.7772556984375 0.32057515937500003 0.8210400578125 0.456895109375 0.8197601296875 0.44520441406250005 0.7693830625
0 0.45142514843750003 0.7213706046875 0.314863875 0.71988784375 0.3153197109375 0.7727976515625 0.45540695624999994 0.7669549890625 0.45142514843750003 0.7213706046875
0 0.43805859375 0.6279624890625 0.31047985625 0.6339304265625 0.31810830156250003 0.67357075 0.4425900859375 0.6679168234375 0.43805859375 0.6279624890625
0 0.43402316875 0.6771469484375 0.31962326874999997 0.6789914640625 0.3222107765625 0.7205364890625 0.4404986328125 0.71551059375 0.43402316875 0.6771469484375
0 0.43650340625000006 0.5863127921875 0.29878915156249997 0.5835533640625 0.3056266015625 0.6260610468750001 0.43568559687499997 0.636564578125 0.43650340625000006 0.5863127921875
0 0.29492799999999997 0.5393503171875 0.302866890625 0.5763414890624999 0.4315295 0.5770620625 0.42821802656249996 0.5272289640625 0.29492799999999997 0.5393503171875
0 0.421983878125 0.4916280046875 0.2884525359375 0.5009866671875 0.2975423171875 0.533510921875 0.42591205781249997 0.524675609375 0.421983878125 0.4916280046875
0 0.41970472187499996 0.44169023437500005 0.2864147 0.4538115828125 0.291857846875 0.49227990625 0.42514787187499997 0.4801585515625 0.41970472187499996 0.44169023437500005
0 0.41099032031249993 0.3896178015625 0.2838271921875 0.4122665578125 0.2887877 0.4452094953125 0.41989241875000005 0.431916140625 0.41099032031249993 0.3896178015625
0 0.41113779375000004 0.3436147234375 0.284645 0.36201477031249996 0.294096765625 0.3986830578125 0.41912822656250004 0.3873990828125 0.41113779375000004 0.3436147234375
0 0.4129342921875 0.2807214890625 0.2779282078125 0.3208884265625 0.286227 0.356280046875 0.422198371875 0.32716385937500003 0.4129342921875 0.2807214890625
0 0.5980146765625001 0.7065071671875 0.594461878125 0.6539113796875 0.446102659375 0.6842836250000001 0.47747448437499995 0.7215164890625 0.5980146765625001 0.7065071671875
0 0.5895147781250001 0.5972762234375 0.44213424999999995 0.6150070203125 0.44599540312499997 0.6592100734375 0.5962315734375 0.6384025624999999 0.5895147781250001 0.5972762234375
0 0.5732657765625 0.5543292390625 0.4435553625 0.5716619578125 0.44923983593749994 0.6128929734375 0.5781592546875001 0.5984276140625 0.5732657765625 0.5543292390625
0 0.5765102140625 0.5080121453124999 0.4417588546875 0.5272495671875 0.442281721875 0.5690039421875001 0.5866859453125 0.5529685046874999 0.5765102140625 0.5080121453124999
0 0.5804786140625 0.4699831203125 0.42963914062499997 0.4838839015625 0.4364765859375 0.5263915828125 0.5859217578125 0.5084514421875 0.5804786140625 0.4699831203125
0 0.5737618203125 0.4288567859375 0.427654934375 0.4492455984375 0.4306714609375 0.4837792296875 0.574713703125 0.46359975468750003 0.5737618203125 0.4288567859375
0 0.56668304375 0.3835864109375 0.427440421875 0.399098484375 0.43197190625 0.4390528234375 0.5701822109375 0.4236454171875 0.56668304375 0.3835864109375
0 0.5583842578125 0.3481947921875 0.43128815625000005 0.3596881140625 0.4314490390625 0.397298453125 0.5685063671874999 0.3806143703125 0.5583842578125 0.3481947921875
0 0.5616957218749999 0.29072226562500003 0.42809734375 0.3112363640625 0.4264349140625 0.351818734375 0.573265765625 0.3397179890625 0.5616957218749999 0.29072226562500003
0 0.7524605671875 0.6504333234375 0.602479125 0.6503113125 0.6119845234375 0.6995163796874999 0.7509187921875 0.6923970421875 0.7524605671875 0.6504333234375
0 0.7479290734374999 0.6104789890625 0.6050532140625 0.608242921875 0.6040611203124999 0.6445765828125001 0.7500339421875 0.6464986296874999 0.7479290734374999 0.6104789890625
0 0.7427406515625 0.551081140625 0.593174825 0.5676399484375 0.5954003484375 0.6050409328125 0.746843125 0.5980468796875 0.7427406515625 0.551081140625
0 0.7407564484375 0.5164428437499999 0.5949579218750001 0.5284389171874999 0.5971834453125 0.5658399109375 0.7420703171875 0.5553298546875001 0.7407564484375 0.5164428437499999
0 0.584420203125 0.4793385203125 0.597802425 0.525323953125 0.7410648046875 0.5080500984375 0.7328330515625 0.461503046875 0.584420203125 0.4793385203125
0 0.734736809375 0.423683375 0.5867529734375 0.43450744218750004 0.5966873875 0.4767011140625 0.74164129375 0.455035625 0.734736809375 0.423683375
0 0.7347636203125 0.3762989484375 0.57852121875 0.387960390625 0.5873026484375 0.4288773953125 0.74068940625 0.4202926515625 0.7347636203125 0.3762989484375
0 0.728958484375 0.33368659375 0.5800629921875 0.3459966765625 0.5834414953125 0.38467434843750004 0.7368952859375 0.364934171875 0.728958484375 0.33368659375
0 0.7256470109375 0.2838534890625 0.5744991828125 0.306147015625 0.5829186296875 0.3429199734375 0.729508159375 0.3280565421875 0.7256470109375 0.2838534890625
0 0.7281674765624999 0.229248328125 0.5723406875 0.2575905890625 0.5843397421875001 0.2995749109375 0.731478953125 0.279081421875 0.7281674765624999 0.229248328125
0 0.9258368203125 0.8349228953125 0.7557586484375001 0.831264265625 0.766242734375 0.8678278859375 0.9279416906250001 0.8709425468750001 0.9258368203125 0.8349228953125
0 0.9303012734375 0.7787270421875 0.749296578125 0.76920840625 0.7562546953125 0.8130974375 0.9319771203125 0.8217580890624999 0.9303012734375 0.7787270421875
0 0.9303280781250001 0.7313426203125 0.7542436718750001 0.7185379265625 0.7600488046875 0.7611502812500001 0.9193747578125 0.7728670359375001 0.9303280781250001 0.7313426203125
0 0.9190261718749999 0.6377251562499999 0.7621268390625 0.6299431046875 0.7761235046875 0.6828735203125 0.925260315625 0.6733261140625 0.9190261718749999 0.6377251562499999
0 0.9033268515625 0.589148125 0.75917734375 0.5842540421875 0.756053578125 0.6319524796875 0.9070673390625 0.6319698234375 0.9033268515625 0.589148125
0 0.9113977109375 0.49077920781250006 0.7533990265625 0.49425726093750005 0.755865875 0.5344209375 0.911920578125 0.532533578125 0.9113977109375 0.49077920781250006
0 0.9147091843749999 0.5406123078125 0.7551955359375 0.5386696453125001 0.753291778125 0.576489328125 0.9201523312500001 0.579080625 0.9147091843749999 0.5406123078125
0 0.9052305984375 0.4440228125 0.7503288718750001 0.4471868484375 0.7577160000000001 0.48406447343750003 0.9041714640625 0.4915119109375 0.9052305984375 0.4440228125
0 0.8976691796875 0.3932270578125 0.7411854578125 0.4021258171875 0.7506372296875 0.4387941046875 0.8984869968750001 0.4502809015625 0.8976691796875 0.3932270578125
0 0.9025492375 0.35371202031250004 0.7446712109375 0.35857141718749996 0.7440410984375 0.39904910937500004 0.9022811046875001 0.39833375000000004 0.9025492375 0.35371202031250004
0 0.898165215625 0.2677546046875 0.74180215625 0.278034703125 0.7479692734375 0.32479109375 0.9093732734375 0.3126062859375 0.898165215625 0.2677546046875
0 0.896248046875 0.2219608640625 0.736479671875 0.2409477296875 0.7472721171875001 0.2691185984375 0.89974721875 0.262019875 0.896248046875 0.2219608640625
0 0.2531525234375 0.43070618749999995 0.245832425 0.3826731203125 0.08733768750000001 0.40431800000000007 0.0975711375 0.44526954218750003 0.098787075 0.4519323796875 0.2531525234375 0.43070618749999995
0 0.0991356484375 0.4797686296875 0.1030772375 0.48912403125 0.26861052343749997 0.47652053125 0.2713723125 0.42467806250000006 0.0869488984375 0.44755839531249997 0.0991356484375 0.4797686296875
0 0.27660096093750003 0.5203048906250001 0.27972472656249997 0.47260645312499994 0.23454394218750002 0.47997470781249996 0.089657065625 0.49048476562500004 0.1073003671875 0.5374711140625 0.23129950781250003 0.5262918078125 0.27660096093750003 0.5203048906250001
0 0.28629404687500004 0.5597358703124999 0.2893507890625 0.523192859375 0.244840340625 0.5263124109375 0.10134777343750001 0.5408618328125 0.12022847656249999 0.5762350984375 0.12009042968750001 0.576588078125 0.11874975000000002 0.5850854890625 0.2451218828125 0.56530409375 0.28629404687500004 0.5597358703124999
0 0.3243961296875 0.9938383328124999 0.334504421875 0.9679933125 0.2994304921875 0.9439717546875 0.23790519062499998 0.9474523171874999 0.20559048125 0.93142434375 0.16966756249999998 0.9212778125 0.15918783593750002 0.9664650046875 0.20086797656250002 0.9953323078125 0.2506135265625 0.9985617234375 0.2855813359375 0.9977739578125 0.3243961296875 0.9938383328124999
0 0.186249409375 0.9223542859375 0.2137620234375 0.930595796875 0.238276625 0.9281101359375 0.25737891875 0.9344466296875 0.2778077578125 0.93237525 0.30208358281250003 0.927156015625 0.31542865937500003 0.9147717390624999 0.32073484375 0.8811402656249999 0.28059350312500003 0.8934837609375 0.2328908359375 0.8900472031250001 0.199488359375 0.8851606828125 0.16284910156250001 0.8668134171874999 0.152369378125 0.9120006093749999 0.186249409375 0.9223542859375
0 0.18784126875 0.8697949062499999 0.209702778125 0.8841249890625 0.23901949218750002 0.8894257859374999 0.259448328125 0.8873544062500001 0.27963838750000003 0.882549453125 0.2959814609375 0.8808923484375001 0.3094591828125 0.8464323171875 0.285793565625 0.8350429531250001 0.25178087968749996 0.8467650359375 0.2206600625 0.8444049484375 0.19471278125 0.830489140625 0.166483840625 0.8140469015624999 0.149159121875 0.85165478125 0.18784126875 0.8697949062499999
0 0.1779186796875 0.7797940109375 0.1478856328125 0.766292484375 0.1476203234375 0.8104439890625 0.17765337187500002 0.8239455203125001 0.1985597703125 0.8273412859375 0.2192273875 0.8280034890625 0.244935890625 0.8391857140625 0.2653647265625 0.8371143328124999 0.28783645 0.8348358125 0.29781209375 0.831066546875 0.3058775046875 0.8054286671875 0.30396726875 0.7835600515625 0.2769322234375 0.7807856875 0.2483318515625 0.783685625 0.215645703125 0.7869998328125 0.198586296875 0.7804562078124999 0.1779186796875 0.7797940109375
0 0.17515945625 0.771800421875 0.2085619375 0.7766869375 0.2269478953125 0.7748226984375 0.2417256375 0.7788398859375001 0.2680443484375 0.7734135109375 0.29027729375 0.7684014171875 0.30532034375 0.72826709375 0.276242409375 0.7256998796875 0.243795046875 0.7317476671875001 0.20426391718749998 0.7274825578125 0.1644940078125 0.720483875 0.133611971875 0.7208573640625 0.1428447453125 0.755772453125 0.17515945625 0.771800421875
0 0.1399794015625 0.72296953125 0.1647327890625 0.7232174484375 0.1992230359375 0.7169625265625 0.23034385156249998 0.7193226046875 0.2643565390625 0.70760053125 0.290675253125 0.70217415625 0.3154286359375 0.702422078125 0.31641028125 0.6664713015625 0.2745974890625 0.6596797546875 0.2456256796875 0.6819218640625 0.2172640828125 0.687555375 0.1770166171875 0.6750895359375 0.153457128125 0.6885095 0.128464965625 0.6855280046875001 0.1399794015625 0.72296953125
0 0.1366630234375 0.6378143703125 0.168871609375 0.6290330046875 0.19879853125 0.617725203125 0.23243978906249999 0.6253453078125 0.258280940625 0.6144517765625 0.2859262 0.6006175359375 0.303834596875 0.593286140625 0.30073046875 0.557749640625 0.2792138671875 0.57096246875 0.2574584796875 0.5814417187500001 0.2166008 0.5855844796875 0.1688981375 0.5821479218750001 0.143905971875 0.5791664265625001 0.111219828125 0.5824806359375 0.1366630234375 0.6378143703125