0 0.6524247796875 0.3342503078125 0.707720790625 0.2240608953125 0.6930795265625 0.1163221453125 0.4138882953125 0.1372079890625 0.423314578125 0.214596925 0.41174363124999996 0.351011040625 0.6524247796875 0.3342503078125
0 0.6196622484375001 0.5990885984375 0.635556484375 0.548569284375 0.6419969890624999 0.45674592968749994 0.40912350000000003 0.44547620937500004 0.41682132968749996 0.561785325 0.404189615625 0.60386325625 0.6196622484375001 0.5990885984375
0 0.9003008296875 0.350545703125 0.665865809375 0.3448820703125 0.6572784734375 0.46731320312499997 0.8891757328125 0.45918733125 0.9003008296875 0.350545703125
0 0.863439 0.60720058125 0.8999966234375 0.56428425625 0.9044572125 0.4697545984375 0.6668991234375 0.47530315156249997 0.674484953125 0.5527565703125 0.6556071125 0.617258865625 0.863439 0.60720058125
0 0.9078888296875001 0.6111943953125001 0.665506690625 0.6307904062499999 0.6631654765625 0.7307971859375 0.88204009375 0.7203519421875 0.9078888296875001 0.6111943953125001
0 0.6404650937499999 0.6094624015625 0.4279760625 0.6002540703125 0.42306963125 0.7225562265625001 0.6419442484375 0.7121109828125001 0.6404650937499999 0.6094624015625
0 0.37596351875 0.11633141250000001 0.0861479421875 0.1459166109375 0.0969413796875 0.2870984296875 0.3714754734375 0.246945965625 0.37596351875 0.11633141250000001
0 0.4029344609375 0.5789260515625 0.15162897343749998 0.604386134375 0.157067965625 0.7124473375 0.39122406249999997 0.712569371875 0.4029344609375 0.5789260515625
0 0.8943379765625 0.7449021984375 0.6872033875 0.76881449375 0.6922239968749999 0.8685632968749999 0.8959565968750001 0.8503215875000001 0.8943379765625 0.7449021984375
0 0.360713840625 0.4360697796875 0.09764085624999999 0.48414769843750005 0.108740675 0.5947862328125 0.3791754734375 0.54645034375 0.360713840625 0.4360697796875
0 0.36849186875 0.26092894843750003 0.0953523921875 0.32878941875 0.11339563906250001 0.43085758749999997 0.38226890625 0.38812779062499997 0.36849186875 0.26092894843750003
0 0.4046650859375 0.723201134375 0.17488720156249998 0.736804121875 0.1824455703125 0.8503424359375 0.4067020890625 0.83693291875 0.4046650859375 0.723201134375
0 0.39805766249999996 0.84833858125 0.176338903125 0.8755375984375 0.1874387203125 0.9861761343750001 0.41071901093749996 0.9533710171875001 0.39805766249999996 0.84833858125
0 0.6440636234375 0.7175880875 0.44345408906249995 0.724617621875 0.445212175 0.8328078078125 0.6471043171875 0.8146305937499999 0.6440636234375 0.7175880875
0 0.1460252328125 0.712834284375 0.0115732171875 0.715578365625 0.017682840624999998 0.836963621875 0.1462217828125 0.8266305703124999 0.1460252328125 0.712834284375
0 0.4096495421875 0.1262537734375 0.6725556046875 0.1114899421875 0.6703011359375 0.04682966875 0.488359740625 0.03411858125 0.4012080421875 0.037172453125 0.4096495421875 0.1262537734375
0 0.6613821125 0.8418871515624999 0.449869309375 0.8520744296875 0.44766756562500004 0.954852 0.6580372125 0.9585832156249999 0.6613821125 0.8418871515624999
0 0.002002790625 0.5163761796874999 0.040419853125 0.5194610171875 0.0507081828125 0.3941945875 0.0015712125 0.405102615625 0.002002790625 0.5163761796874999
0 0.0865432171875 0.5567044296875 0.00432455 0.5715627203125 0.009953046875 0.6833890109375 0.123967240625 0.677523284375 0.0865432171875 0.5567044296875
0 0.8246455703125 1 0.9063316468749999 0.98319100625 0.8911325390625 0.8643690640624999 0.6855320234375 0.91876015625 0.7192134968749999 1 0.8246455703125 1
0 0.141397728125 0.840678034375 0.0187905859375 0.8589721156250001 0.02415669375 0.965585296875 0.153919615625 0.9429396796875 0.141397728125 0.840678034375
0 0.8984032875000001 0.23958472031250003 0.7197672046875 0.20698465625 0.6941973875 0.3216838140625 0.881477903125 0.342878209375 0.8786612203124999 0.3235471046875 0.8984032875000001 0.23958472031250003
0 1 0.6690469765625 0.9194619421875 0.657975534375 0.9135792828125 0.76088208125 1 0.771231959375 1 0.6690469765625
0 1 0.5516350578125 0.9239499921875 0.5273609828125 0.92004724375 0.63297384375 1 0.6511704421875 1 0.5516350578125
0 1 0.5071618890625 0.9955432046875 0.41861486093750006 0.9366366234375001 0.4131132671875 0.9396773093749999 0.5101557609375 1 0.515373384375 1 0.5071618890625
0 0.9021138296875 0.3865661046875 0.9943027046875 0.39396874375 0.9895412328125 0.29936841875 0.89737214375 0.2923589015625 0.9021138296875 0.3865661046875
0 0.9058771078125 0.2781824421875 0.988462403125 0.27793434375000003 0.9837201125 0.183715075 0.90849724375 0.1837172796875 0.9058771078125 0.2781824421875
0 0.7107502015625 0.049655581250000004 0.72587386875 0.18178949375 0.9198463484375001 0.15278703437500002 0.9722550265625 0.06792525625 0.7107502015625 0.049655581250000004
0 0.0014781 0.38109567499999997 0.04278851875 0.3833693484375 0.0353970703125 0.23651694218750002 0.0009326828125 0.24047122031249998 0.0014781 0.38109567499999997
0 0.0009327953125 0.240500284375 0.0428983484375 0.23902977343749998 0.03520051875 0.1227206625 0.0004840578125 0.12480365625 0.0009327953125 0.240500284375
0 0.36296832968750004 0.07792715624999999 0.3567499609375 0.0387303015625 0.0684882359375 0.0488312328125 0.082467034375 0.14604559374999998 0.36296832968750004 0.07792715624999999