0 0.40392144218750003 0.8094948453124999 0.45288288125 0.8360406890625001 0.605039571875 0.7989080171875 0.6360918515625 0.7162738390625 0.5393685796875001 0.7169782812500001 0.40392144218750003 0.8094948453124999
0 0.5955013859375 0.6745150859375 0.6234118390625001 0.60473656875 0.5214594124999999 0.6077982640624999 0.4037762984375 0.732344684375 0.4189311453125 0.751251540625 0.5430322328125 0.7067472234375 0.5955013859375 0.6745150859375
0 0.5805456828125 0.58974220625 0.5882280843750001 0.5519610109374999 0.5112110375000001 0.518043528125 0.35204973281249996 0.644128925 0.414078675 0.6790832359375 0.5247679765625 0.6148863046875 0.5805456828125 0.58974220625
0 0.5502467984375 0.523325240625 0.575725621875 0.43176418437499997 0.49259168750000004 0.44350169531250005 0.333774675 0.5808712359375 0.3886646609375 0.5990248734375 0.5075473890625 0.528274575 0.5502467984375 0.523325240625
0 0.5309388671875 0.42621512656249994 0.5527432359375 0.3734883625 0.4363245421875 0.3802114828125 0.32334875625000004 0.49977604062500003 0.3742307984375 0.5168765859375 0.4694101609375 0.451091884375 0.5309388671875 0.42621512656249994
0 0.5128413546874999 0.354297890625 0.5396973359375 0.3078734203125 0.4478589421875 0.2949364484375 0.30195348125 0.392167540625 0.341844565625 0.43996123593750003 0.45828485937499996 0.37603164375000003 0.5128413546874999 0.354297890625
0 0.5097319390624999 0.2813438328125 0.533279359375 0.22783131562499997 0.42925039375 0.19179137968749999 0.29744530468749997 0.3312833734375 0.3406557515625 0.3575618734375 0.44839157656250006 0.26895780468749997 0.5097319390624999 0.2813438328125
0 0.494776240625 0.196570959375 0.510996359375 0.163520534375 0.41080858750000004 0.10859000625 0.28022471718749997 0.24467164375 0.3410324421875 0.2830363109375 0.43587831250000003 0.1773642234375 0.494776240625 0.196570959375
0 0.4697065109375 0.1277967296875 0.4946526984375 0.062214315625 0.402825103125 0.020674109375 0.282699553125 0.1520412296875 0.3091680453125 0.2087455578125 0.41028675156250005 0.1059654015625 0.4697065109375 0.1277967296875
0 0.6131094625 0.6579980109375 0.637479809375 0.732807184375 0.676171278125 0.7268047640625 0.7222116484375001 0.6431337593750001 0.6497243859374999 0.612893965625 0.6131094625 0.6579980109375
0 0.597142496875 0.48216622343750004 0.5932796984375 0.55826329375 0.6544533171875 0.5507056328125 0.6710285234375 0.5003361265625 0.597142496875 0.48216622343750004
0 0.592467571875 0.4013383734375 0.5666336609375 0.5102185171875 0.643150465625 0.4843049375 0.652054084375 0.44311339062500005 0.592467571875 0.4013383734375
0 0.5454591328125 0.2795375109375 0.5344465765625 0.36743715 0.5917897937500001 0.35016684531250003 0.6104523515625 0.3102957234375 0.5454591328125 0.2795375109375
0 0.6205987828125 0.20848735000000002 0.5966962703124999 0.279318971875 0.6562935765625 0.292490746875 0.6749561296875 0.2526196328125 0.6205987828125 0.20848735000000002
0 0.6045886109375 0.1470685171875 0.5824291484375 0.2171143734375 0.649176221875 0.21848359843749998 0.6680163171875 0.16995293125 0.6045886109375 0.1470685171875
0 0.7461357640624999 0.5150956718749999 0.724331396875 0.5678224375 0.7837511562499999 0.5896537640624999 0.8029355499999999 0.552407240625 0.7461357640624999 0.5150956718749999
0 0.6447699765625 0.34916254062499996 0.6313257906249999 0.4152796375 0.688313915625 0.41532843125 0.7064546296875001 0.37283271875 0.6447699765625 0.34916254062499996
0 0.7422250312500001 0.2566134484375 0.722341259375 0.2998949203125 0.7735675953125 0.328279609375 0.7943174890625 0.29890687968749996 0.7422250312500001 0.2566134484375
0 0.7172464421875 0.40800557968750006 0.699982653125 0.43580679843750003 0.7472010421874999 0.463138390625 0.7689946109375 0.4390148671875 0.7172464421875 0.40800557968750006
0 0.5037230609375001 0.040966459375 0.492366209375 0.1175819421875 0.5615449078125 0.1407336953125 0.58369356875 0.09929107499999999 0.5037230609375001 0.040966459375
0 0.6680487171875 0.08414321875 0.6415370265625 0.1418518453125 0.697648225 0.15659512656250002 0.722061775 0.11699135624999998 0.6680487171875 0.08414321875
0 0.7377384578124999 0.13852281093750002 0.715934084375 0.191249575 0.7586226953125 0.21490348906249998 0.7818150265625 0.1787100578125 0.770490584375 0.1695158328125 0.7377384578124999 0.13852281093750002
0 0.496151415625 0 0.4850713046875 0.0522343390625 0.5566924421875 0.068565390625 0.5716913390625 0.038925328125000005 0.510211240625 0 0.496151415625 0
0 0.7550933859375 0.3308879421875 0.7402612328125 0.38047169531249997 0.7819061671875 0.3988764078125 0.802656065625 0.36950367812499996 0.7550933859375 0.3308879421875
0 0.5089198171875 0.12441891406250001 0.490601553125 0.175574171875 0.561345759375 0.20659971875 0.5845380953125 0.17040629375 0.5089198171875 0.12441891406250001
0 0.624052484375 0.2927255578125 0.6114852171875 0.3441481609375 0.6789316671875001 0.33948243125 0.6777212484375 0.3142895453125 0.624052484375 0.2927255578125
0 0.7141551796875001 0.184425259375 0.6676720234375 0.15866878125 0.6601563734375 0.216393671875 0.7066861828125 0.22115698906249998 0.7141551796875001 0.184425259375
0 0.8028444125 0.332240890625 0.7873128734375 0.387859603125 0.8275698468750001 0.3897309765625 0.8453554734375001 0.36455435 0.8028444125 0.332240890625
0 0.82414855 0.21968305781250003 0.8119363734375 0.25378656875 0.8450327859375 0.2960637359375 0.8640396265625 0.267476759375 0.82414855 0.21968305781250003
0 0.5878898593749999 0.06308138437500001 0.5758336296875 0.145731821875 0.6282919765625 0.1421029203125 0.6441678093750001 0.0977683625 0.5878898593749999 0.06308138437500001
0 0.7775323328125 0.44374564375 0.7640881375 0.509862740625 0.8113173281250001 0.5085910984375 0.828936209375 0.46347078750000004 0.7775323328125 0.44374564375
0 0.6813201 0.47567791406250004 0.6567182015624999 0.5525444765625 0.7145724625 0.5665020109375 0.73150275625 0.49881340781250005 0.6813201 0.47567791406250004
0 0.8181660031250001 0.37109144843749997 0.802290171875 0.4154260109375 0.8402714546875 0.4440617765625 0.8599776828125 0.40943984999999994 0.8181660031250001 0.37109144843749997
0 0.8060618359375 0.1191625921875 0.79663638125 0.157729540625 0.8273011640625001 0.178224171875 0.8508377906250001 0.15331488437500002 0.8060618359375 0.1191625921875
0 0.8111931453125001 0.554133390625 0.792950565625 0.591304815625 0.832721015625 0.6409215859375 0.8888101031250001 0.557741471875 0.8111931453125001 0.554133390625
0 0.6734502984375 0.2227061609375 0.6541488171875 0.2766071375 0.7094762984375 0.279179075 0.72768715625 0.259178465625 0.6734502984375 0.2227061609375