0 0.2602396328125 0.8721463703125 0.297532778125 0.8685346781250001 0.372119071875 0.8613112796875001 0.4340532171875 0.85769565625 0.4370380328125 0.8252434624999999 0.4329386046875 0.7953965484375 0.32544236249999997 0.80322615625 0.2758287171875 0.8068398171875 0.21434416875 0.77580015 0.2078531328125 0.8314899359375 0.2602396328125 0.8721463703125
0 0.21040883125 0.63998435 0.29212724218749997 0.6594022734375 0.3299178546875 0.6503818765625 0.3937478625 0.6708042421875 0.3964010328125 0.6419578546875 0.39687456875 0.6219258609375 0.359557484375 0.6109142578125 0.3030014796875 0.6007070046874999 0.26603997968750004 0.600712903125 0.2137013546875 0.5893030640625 0.21040883125 0.63998435
0 0.44163493593750003 0.8496816718750001 0.45649065312500003 0.8518828125000001 0.5094686296875001 0.8414577578125 0.5621149640625 0.8346385 0.5738901203125 0.810798634375 0.5745294796875 0.7889637359375 0.5446522218750001 0.7863643546875 0.5136142015625 0.7963852640625 0.482054778125 0.7971915859375 0.44644380312500004 0.7973975859375 0.44163493593750003 0.8496816718750001
0 0.44305552812500004 0.789585678125 0.48271807187500004 0.789979984375 0.486697821875 0.746710403125 0.43942963281249997 0.7397067734375 0.4023023140625 0.7415155703125 0.39393935468749997 0.7877906390625 0.44305552812500004 0.789585678125
0 0.5334446093749999 0.744499425 0.5029040609375001 0.7491116453125 0.49925595625 0.7887754296875 0.5410981328125 0.7803553437499999 0.569956515625 0.7791488281250001 0.571472859375 0.7775460265625 0.5695530609375 0.7388847265625 0.5334446093749999 0.744499425
0 0.4534892703125 0.7348056078125 0.4841097578125 0.7320659890625001 0.5310513140625 0.72966561875 0.572143778125 0.7315961609375 0.57815429375 0.708577946875 0.5833966015625001 0.6854459187499999 0.5564148984374999 0.6824876125 0.52435231875 0.6839740328125 0.495834196875 0.6807880749999999 0.4568577171875 0.6812500859374999 0.4534892703125 0.7348056078125
0 0.49972872968750004 0.655377321875 0.5007526859375 0.6357783171875 0.483852053125 0.6332741875 0.45005078281250005 0.62826591875 0.411451596875 0.6246257796875 0.40288070937500003 0.6670153546875001 0.45118365312500003 0.6752118125 0.4951603109375 0.6796487156250001 0.49972872968750004 0.655377321875
0 0.5802829078125 0.660036290625 0.5810102734375 0.6351957734375 0.559406053125 0.6330342359375 0.5335834796875 0.634405709375 0.5073699953124999 0.6315612265625 0.5008207625 0.6773688765625 0.546805459375 0.676905753125 0.577628209375 0.6804331828125 0.5802829078125 0.660036290625
0 0.46743566875000003 0.5747081609375 0.4618967734375 0.5925986875 0.460306875 0.61835091875 0.520415959375 0.6251781296875001 0.5487454234375 0.6304151609375 0.5814818953125 0.630068090625 0.5856730125 0.60989884375 0.5901471046875 0.5866529890625001 0.56518706875 0.5871127640625 0.539162234375 0.5822172046875 0.5012369390625 0.579716425 0.46743566875000003 0.5747081609375
0 0.29977852031249996 0.593239515625 0.35918604374999996 0.6002495109375 0.40595256874999996 0.608218328125 0.4540668671875 0.6184658546875 0.4598283703125 0.5559705703125 0.4099324875 0.5485776015625 0.358031803125 0.5452435265625 0.2972643625 0.5318838015625 0.2401397859375 0.5321316609375 0.2351991046875 0.5858488875 0.29977852031249996 0.593239515625
0 0.22795845625000002 0.8602738499999999 0.21903775468750003 0.9071510046875 0.258021625 0.9426669296875 0.28869490781249996 0.93490561875 0.3335814640625 0.9313012734375 0.3694667296875 0.9253377203125 0.3732157453125 0.901280984375 0.3733749875 0.88284541875 0.3561302625 0.878239284375 0.31390293593749996 0.8863396781249999 0.2630331015625 0.8798279093750001 0.22795845625000002 0.8602738499999999
0 0.3793985640625 0.9175797156250001 0.41027138281250003 0.9160010218749999 0.43772710468750003 0.9098139890624999 0.471817484375 0.906661021875 0.475101234375 0.8876628921874999 0.47534009218750006 0.8600095375000001 0.43964094375 0.86394965625 0.41445880625 0.8704735593749999 0.38528781875 0.8702533875 0.3838920078125 0.8854292156250001 0.3793985640625 0.9175797156250001
0 0.507821696875 0.857643709375 0.4822539109375 0.8600084359375 0.478345653125 0.9025007421875 0.5245483953125001 0.8929383546875 0.5484009109375 0.8841664249999999 0.5476027546875 0.8594359515625 0.536886196875 0.8506695375 0.507821696875 0.857643709375
0 0.3778972421875 0.9840153609375 0.41670746718749996 0.9713066234375001 0.419977778125 0.9441024296875 0.41965832656249996 0.9225194140624999 0.38785496406250003 0.9342153218749999 0.35509420937499997 0.9396163171874999 0.29070276562499997 0.9464837156250001 0.2552962015625 0.9555947203124999 0.2317621734375 0.927495521875 0.191661653125 0.9041202531250001 0.1824483546875 0.945826521875 0.196935946875 0.9636733765625 0.35977646406249997 0.98780111875 0.3778972421875 0.9840153609375
0 0.42830083906249994 0.9371315703124999 0.43166518125 0.967369821875 0.5088203671875 0.9470109624999999 0.5534143312500001 0.9382357265625 0.5564985359375 0.913054978125 0.55902441875 0.893944559375 0.5199350328125 0.9096884562499999 0.49351633437500003 0.91295261875 0.465674959375 0.9149804781249999 0.4303614515625 0.9230797640624999 0.42830083906249994 0.9371315703124999
0 0.4489290078125 0.5207548125 0.4181358140625 0.5131157156249999 0.413748846875 0.5524605593749999 0.46594830624999994 0.5612203609375 0.4974993625 0.5689717359375 0.5023918875 0.5491864734374999 0.5040668593750001 0.5309754890625 0.4489290078125 0.5207548125
0 0.552065459375 0.5770566828125 0.5801994234375 0.5801997265625001 0.5859294312500001 0.5513089671875 0.544340053125 0.5441212421875 0.511366321875 0.535133559375 0.5050779875 0.5700946499999999 0.552065459375 0.5770566828125
0 0.19084618125 0.6373670812500001 0.1664881015625 0.626579425 0.1625798390625 0.6690717312500001 0.190754096875 0.6968329625 0.2165214234375 0.7006508499999999 0.2227301296875 0.6749075437500001 0.2225037296875 0.65231280625 0.19084618125 0.6373670812500001
0 0.2016672859375 0.536419515625 0.183850803125 0.52967765 0.17898514062499998 0.5658750375 0.1958576578125 0.5745280593750001 0.223712459375 0.5807062640625 0.22792674218750003 0.55159091875 0.22998736250000001 0.5375391125 0.2016672859375 0.536419515625
0 0.254237984375 0.4826782640625 0.2543185765625 0.5319146390625 0.2958945234375 0.5308962953125 0.389590303125 0.5478555328125 0.4033248828125 0.5488650484375001 0.4039628265625 0.5335769359375 0.4045873390625 0.5100827640625 0.369060859375 0.503793365625 0.3361936125 0.502000021875 0.2990449234375 0.4882917046875 0.254237984375 0.4826782640625
0 0 0.8671416671875001 0.02737818125 0.8695236234375001 0.072357790625 0.8649075640625 0.114943903125 0.8445542203124999 0.11649895625 0.8109428328125 0.0958505609375 0.8099344187499999 0.068580946875 0.8140980046875 0.037136367187500005 0.8135409734374999 0.0062635484375 0.8151196671875001 0 0.8157364359375 0 0.8671416671875001
0 0.06300920625 0.7660990437499999 0.0282540203125 0.768128 0.0245318671875 0.8085968609374999 0.0772762140625 0.8030802640625 0.11165918593749999 0.8050981875 0.1176817859375 0.781378328125 0.1168970609375 0.7648539140625 0.06300920625 0.7660990437499999
0 0 0.7576444515625 0.033638681250000003 0.7596962578124999 0.070002640625 0.75688015625 0.126536303125 0.7519250109375 0.1322797421875 0.7312403125 0.1264691375 0.7108946984375 0.10648555625 0.7110103015625 0.0650026609375 0.7110169187500001 0.028917859375 0.7107978609375001 0 0.7095887796875 0 0.7576444515625
0 0.07932145625 0.663914075 0.04484543125 0.662907865625 0.0433038109375 0.704725321875 0.101353196875 0.6999947578125 0.13128204375000002 0.7003272203125 0.1355097625 0.6794179359375 0.13435281875 0.6669404140624999 0.07932145625 0.663914075
0 0 0.7019096125 0.02189755625 0.7036046234375 0.02830580625 0.6840439296875 0.028651160937499996 0.663584925 0 0.6635894953125 0 0.7019096125
0 0 0.6527493125 0.054405048437500006 0.659196753125 0.09257733124999999 0.6617761343749999 0.1287551890625 0.6609834734375 0.1420772578125 0.64142169375 0.1419439078125 0.6178152203125 0.10377162031250001 0.6152358390625 0.0685377375 0.61411734375 0.028184915625 0.6101893765625 0 0.6052781015625001 0 0.6527493125
0 0.0912995046875 0.5754440375 0.0571026375 0.5714026671875 0.058299875 0.6084983875 0.104423 0.6081537906250001 0.13852680625 0.6132068875 0.14332628281249998 0.5944333390625001 0.14339247187499998 0.5770094890624999 0.0912995046875 0.5754440375
0 0.1129714875 0.565323515625 0.1465966015625 0.5672291453125 0.1533770640625 0.54362158125 0.14870997187499999 0.5275474296875 0.09423693125 0.51845076875 0.0411865609375 0.5105904031249999 0.0032003828125000003 0.505987575 0.0029883828125 0.550053053125 0.0554669953125 0.5557776875 0.1129714875 0.565323515625
0 0.0893568671875 0.4879879296875 0.05913541875 0.48248457499999997 0.060890984375 0.5135099624999999 0.1140344078125 0.5203586015624999 0.147859053125 0.5284468609374999 0.1501853953125 0.503153828125 0.11597510468750001 0.4909063921875 0.0893568671875 0.4879879296875
0 0 0.5019624625 0.0139965640625 0.5055362046874999 0.04298144375 0.5077798171875 0.05053320625 0.4924906015625 0.0505063390625 0.476078478125 0.019620089062500002 0.4694511125 0 0.46734558125000003 0 0.5019624625
0 0.5596028140625 0.49510724687499996 0.5823386890625 0.49847597343750005 0.592443196875 0.4804884625 0.5895575609375 0.453397671875 0.5675795531250001 0.4501412359375 0.5416126890624999 0.4401407203125 0.5158453671875 0.43632282812499995 0.51390466875 0.46577504375 0.5123227546875 0.4829743125 0.5347794640625 0.4893782046875 0.5596028140625 0.49510724687499996
0 0.45093492812499997 0.415424590625 0.42080653593750006 0.4089095109375 0.41296218125 0.419027821875 0.41624689843749996 0.4584838609375 0.4577432265625 0.46668330625000004 0.49810947656250004 0.4788173390625 0.4997182546875 0.4780301984375 0.5073630687499999 0.46172926875 0.5084662828125001 0.44138254843749997 0.49849415312499995 0.42452236093750007 0.48030545625 0.42182738124999997 0.45093492812499997 0.415424590625
0 0.565690640625 0.3955093765625 0.54171820625 0.388880909375 0.5133847015625 0.37955524218750003 0.48959837500000003 0.3709033328125 0.47872256875 0.380572478125 0.47337820625000004 0.4136224140625 0.49138079843750004 0.41834083906249997 0.5195281890625 0.42968994687500006 0.5499491734374999 0.44137591875000004 0.595713515625 0.45328427343750005 0.60117779375 0.43563474687500003 0.6026666578125 0.4194471984375 0.5952472734375001 0.3998887203125 0.565690640625 0.3955093765625
0 0.6010115890625001 0.3741101609375 0.5995193265625 0.3508753328125 0.5592386609375 0.3449070265625 0.5229781296875 0.3346893875 0.5235752578125 0.357791590625 0.5232772703124999 0.38076115 0.5727448749999999 0.3953581609375 0.602503846875 0.397344984375 0.6010115890625001 0.3741101609375
0 0.478049609375 0.3595248875 0.50904929375 0.36775179062499996 0.5163983875 0.347038215625 0.5172617859375 0.32778617187500003 0.49185266875 0.3179651078125 0.46074307656249996 0.3109331671875 0.4234775125 0.30177786093750003 0.4243261859375 0.34187480625 0.45006502812500004 0.34811097343749997 0.478049609375 0.3595248875
0 0.540016109375 0.287552678125 0.5096758671875 0.2721559953125 0.48505196718750004 0.2636625265625 0.47740488281250004 0.3073456671875 0.49028223750000005 0.315309925 0.5248782859375 0.3337596828125 0.5585633515625 0.3423844734375 0.60657043125 0.3531313328125 0.6095538031250001 0.33055964531250004 0.6088467625 0.3086524140625 0.5838931406250001 0.3037438390625 0.55815430625 0.2975076671875 0.540016109375 0.287552678125
0 0.609678428125 0.2700156875 0.5944295609375 0.24837631718750003 0.5667905609375 0.24306985 0.5280644640625 0.2300643984375 0.5284417828125 0.255556521875 0.5298241328125 0.2799863125 0.57023056875 0.2944519953125 0.6002252265625 0.30374123124999997 0.609678428125 0.2700156875
0 0.4147460640625 0.2980616390625 0.3877665125 0.28558539843749997 0.35485080625 0.2685958609375 0.315889028125 0.248288 0.2694059390625 0.28016064531249996 0.2408095046875 0.3049935375 0.24255330625 0.34522311875 0.2676950078125 0.32835708124999996 0.3094826578125 0.29821121562499997 0.3286100234375 0.2974115328125 0.36220104375 0.3169236296875 0.3995923796875 0.3345763125 0.41469961718750004 0.3380259625 0.41366285156249993 0.31970362343750003 0.4147460640625 0.2980616390625
0 0.4326938875 0.1917085640625 0.4288153875 0.2141476234375 0.429868015625 0.24216230625000001 0.46108751562499994 0.2479992796875 0.4851460125 0.2527752203125 0.5124711484375 0.2713589140625 0.521060959375 0.25688541875 0.524845415625 0.2453336671875 0.5146375765625 0.22807495625000002 0.48663712031250006 0.20696871562500002 0.46135378281249995 0.2056450375 0.4326938875 0.1917085640625
0 0.31075280625 0.1857532953125 0.27523104374999996 0.2168275640625 0.24676037499999998 0.2501578328125 0.2627004234375 0.284012090625 0.311758984375 0.25373229531249997 0.37165425 0.283198075 0.42117672187500005 0.30028513437500004 0.47689291093749997 0.3102204625 0.47599080625 0.2635311984375 0.4587477296875 0.2537088390625 0.403783596875 0.22981868749999998 0.35451993593750003 0.20313941875000002 0.31075280625 0.1857532953125
0 0.494174303125 0.1644805375 0.4868569390625 0.204578790625 0.5147474843750001 0.22688000000000003 0.5334193593750001 0.22116783281250002 0.5705908796875 0.24121044062500002 0.6094268875 0.2530209359375 0.621141696875 0.23416546718750003 0.619759346875 0.209735678125 0.5706373265625 0.20124612343749998 0.5440974078124999 0.18399002656250002 0.5150919234375 0.1639461125 0.494174303125 0.1644805375
0 0.47815608125000003 0.1512059140625 0.4964200484375 0.1696582734375 0.507365515625 0.159167559375 0.5284089078124999 0.1671305046875 0.5394484078125 0.1457524890625 0.530025790625 0.12982137031250002 0.5059514359375 0.11535309062500002 0.4772915359375 0.10141662343749999 0.44214594687500003 0.0889416875 0.44502055625 0.1366063015625 0.47815608125000003 0.1512059140625
0 0.578378459375 0.146675678125 0.542008015625 0.137653 0.5371562140624999 0.1805390640625 0.579808403125 0.20018248437500002 0.6155035328125 0.2066826078125 0.61815718125 0.1876958171875 0.6184551734375 0.1647262421875 0.578378459375 0.146675678125
0 0.2282716578125 0.6551582640625 0.22334293593750001 0.7087454671875 0.2735356296875 0.726058321875 0.31504260156249997 0.7305623390625 0.3857431890625 0.7393919140625 0.44425820937499994 0.7332481015625001 0.45501334218749995 0.710151903125 0.4566346890625 0.6791184296874999 0.40919506875 0.6720893984375 0.36038969375 0.6665039953125 0.2760099875 0.6589395812500001 0.2282716578125 0.6551582640625
0 0.19764916875 0.7065844625000001 0.1930191609375 0.7569239624999999 0.22816697968750002 0.776945596875 0.272747290625 0.8016567953125 0.3356798515625 0.801105478125 0.38568006875 0.79370004375 0.3902038421875 0.77132654375 0.39031008125 0.7433605484375 0.32432573750000004 0.736875753125 0.280236609375 0.7336351296875 0.23277543125000003 0.7134350328125 0.19764916875 0.7065844625000001
0 0.2633685765625 0.17973104374999999 0.2814652265625 0.1840583703125 0.32318467812499996 0.1326303984375 0.35225049531249997 0.15175088125 0.431509 0.18818422031249998 0.48185104843750004 0.203873215625 0.492456821875 0.18240087031250002 0.4914960203125 0.152630784375 0.40052156875 0.1095235703125 0.33052464062500003 0.0662325859375 0.2633038984375 0.1402178328125 0.2633685765625 0.17973104374999999
0 0.47319000468750005 0.3918781390625 0.4711621484375 0.3603039671875 0.4442304234375 0.3447916609375 0.39907425 0.339746946875 0.35967980312500003 0.3256800375 0.30506958125 0.30277469375 0.27030670625000003 0.3321896234375 0.2425219671875 0.35276258125000004 0.24154115781250002 0.4036427734375 0.2685791171875 0.3911890859375 0.30274457187500003 0.36826957031249996 0.34273643125 0.37584107499999997 0.401614846875 0.4059627640625 0.45908437968750004 0.41118593593749997 0.4744495234375 0.4184005046875 0.47319000468750005 0.3918781390625
0 0.012814734375000001 0.3434171015625 0.00999854375 0.3874414140625 0.048475298437499995 0.39808038125 0.0808700484375 0.40781820468749996 0.11736206093749998 0.41322515 0.153704721875 0.42025594687499995 0.1609600078125 0.39499519843750003 0.1627522703125 0.375508946875 0.11516329375 0.37010376875 0.0885518390625 0.3645148171875 0.050523153125 0.349004284375 0.012814734375000001 0.3434171015625
0 0.0788190765625 0.2692516296875 0.049305196875 0.25500270468749997 0.0211786296875 0.25248123125 0.019728196875 0.295061925 0.056988548437499995 0.30552066718750004 0.0915173875 0.31886665625 0.128628375 0.330949246875 0.162687596875 0.3359957359375 0.17480848437500002 0.311455909375 0.17416794375 0.29160918750000003 0.13616081875 0.2892697203125 0.1074152703125 0.2800726015625 0.0788190765625 0.2692516296875
0 0.0935852375 0.1891402734375 0.067421846875 0.1786797578125 0.033661346875 0.1703855640625 0.02886041875 0.20917785000000003 0.0588223671875 0.21855520468749998 0.09670170156249999 0.2356896015625 0.13396204843749998 0.24614833906250003 0.16772255625000002 0.2544425328125 0.174828484375 0.230805634375 0.1703893875 0.212042075 0.1351137703125 0.2068153609375 0.119599278125 0.20122463906250002 0.0935852375 0.1891402734375
0 0.039977382812500004 0.1285258125 0.095654653125 0.1532352421875 0.138847653125 0.16621898906250002 0.1782420921875 0.180285909375 0.1850493140625 0.1598967203125 0.18699093125 0.13878660781250002 0.1786254875 0.135901134375 0.1425815328125 0.12562261875 0.1021200484375 0.1097516234375 0.05100966875 0.089010828125 0.039977382812500004 0.1285258125
0 0.068531696875 0.35665243593749996 0.08891702812499999 0.3619319671875 0.120432265625 0.368860596875 0.14930168593749998 0.3738911453125 0.154583459375 0.3716616296875 0.1558817140625 0.3575464671875 0.15814643125 0.3390563609375 0.12071472968750001 0.328992021875 0.0880865046875 0.321898484375 0.0700736734375 0.32148863437499997 0.068531696875 0.35665243593749996
0 0 0.8101814140625001 0.012318520312500001 0.8107678609375 0.0224812578125 0.8042913328125 0.024074737500000002 0.7869663499999999 0.025067854687500002 0.763166559375 0 0.7619731562500001 0 0.8101814140625001
0 0 0.59980604375 0.037194415625 0.605317059375 0.0477708265625 0.5813407359375 0.049509165625000004 0.562440753125 0 0.55510508125 0 0.59980604375
0 0.21064413750000002 0.8161041234375 0.21103930312500002 0.7967511015625 0.2116739875 0.7672656015625 0.1796273546875 0.7468031875000001 0.1562095640625 0.73039238125 0.1493672015625 0.7746722312500001 0.1774232453125 0.80840876875 0.2024588953125 0.8222862203125001 0.21064413750000002 0.8161041234375
0 0.1742203671875 0.6249108171875 0.19584045156250002 0.6382821828125 0.2059911578125 0.6333156671875 0.20656618125 0.6195354625 0.20933408125000003 0.589441678125 0.1954080890625 0.5827564890625 0.175585721875 0.5724245640625 0.1711757546875 0.590258365625 0.1642970765625 0.612348171875 0.1742203671875 0.6249108171875
0 0.3099288796875 0.00240415 0.2654789078125 0.0705728984375 0.2856566296875 0.11609690937499999 0.3360366609375 0.032383865625 0.367032196875 0.042739865625 0.4169032578125 0.07318298437500001 0.44704694375000004 0.0834127734375 0.4849769796875 0.10286508125 0.5072136015625001 0.0913781125 0.5092568749999999 0.06916269375 0.4458706171875 0.02474261875 0.40653485937499995 0.0031535328124999997 0.3099288796875 0.00240415
0 0.8470452093749999 0.912953671875 0.8480917015625 0.8929233390625001 0.8326924765625 0.8959536124999999 0.78894655625 0.9043453171875001 0.7543189234375001 0.9087761078125001 0.7550772140625 0.952446409375 0.81314804375 0.9440524140625 0.846591040625 0.93519654375 0.8470452093749999 0.912953671875
0 0.6739756203125 0.9170571984375 0.6335490609375001 0.9153168328125 0.6021304640625 0.9021624890625001 0.5700231484375 0.8878437203124999 0.567158971875 0.9362892265625 0.595850528125 0.9617881718750001 0.6330402296875 0.964111321875 0.6641557062500001 0.9719088062499999 0.6984802218749999 0.9621211562499999 0.7476255609375 0.955591865625 0.7492504515625 0.9292728984374999 0.7476523828125 0.9120378984374999 0.7108622062500001 0.9140234953125 0.6739756203125 0.9170571984375
0 0.6533687734375 0.8555725437499999 0.6241266484375 0.853364575 0.5953526046875 0.8374149031250001 0.5680663109374999 0.831247178125 0.5584113625 0.8670002312499999 0.5801193546875 0.8819029359374999 0.611648265625 0.9025103390625 0.6420750234375 0.9091433875 0.6768129765625 0.91216565625 0.7043884671875 0.915189075 0.7151455640625 0.8934103765625 0.713037665625 0.8644135593750001 0.68006275 0.85952773125 0.6533687734375 0.8555725437499999
0 0.7561773546875 0.8453081390625 0.7561495234375 0.8283057953125 0.7560113796875 0.8038503875 0.7259841328125 0.8015260859375 0.706356209375 0.7986178609375 0.675543846875 0.7961772359375 0.6381613515625 0.795950284375 0.6090981046875 0.783144940625 0.5872112296875 0.77883961875 0.5825422734375 0.8036451609374999 0.5818952984375 0.8279842421874999 0.6106693421875 0.843933909375 0.6404073875 0.8494025265625 0.6805447499999999 0.8542872046875001 0.716164221875 0.8563776984375 0.747858096875 0.8578865484374999 0.7561773546875 0.8453081390625
0 0.7615166656250001 0.74574826875 0.7598779999999999 0.7280753921875001 0.7614500765625001 0.7050682203124999 0.7337388984375 0.6987835484375 0.701338653125 0.696161634375 0.6773185359375 0.6911501125 0.64248883125 0.6794531874999999 0.6231013984375 0.67730685 0.5999570046875 0.67460384375 0.5960308796875 0.69363095625 0.5950804359374999 0.72762404375 0.6428475484375 0.734701596875 0.658817028125 0.7385202640624999 0.6886091375000001 0.745839515625 0.7230903265624999 0.7494960109375 0.7516018109375 0.7529942468749999 0.7615166656250001 0.74574826875
0 0.719981096875 0.6439091984374999 0.68271631875 0.6372886234374999 0.6542723984375 0.6242810750000001 0.6209836484375 0.628141821875 0.60291419375 0.6276627734375 0.6015323109375 0.6516389671875 0.6053232578125 0.673084209375 0.655783859375 0.679461715625 0.6793397453125001 0.682951940625 0.710619415625 0.6919831234375 0.722090959375 0.6925837046875001 0.7260381859375 0.6854746234375 0.7320942374999999 0.664389253125 0.719981096875 0.6439091984374999
0 0.7288307015625 0.6476397796875 0.726046971875 0.6663620375 0.7233368312499999 0.6900560484375 0.750111471875 0.6933145 0.7683134796875 0.6974288390625001 0.7911554875 0.697269821875 0.7951338625 0.6886462843750001 0.795703334375 0.6766828765625 0.797173096875 0.65493115625 0.7777307062500001 0.6527591125 0.7546221859375 0.650043865625 0.7288307015625 0.6476397796875
0 0.7651149562499999 0.622331575 0.7670661734374999 0.601117096875 0.740148375 0.5960535640625 0.7101498703125 0.5894583812499999 0.6773633218749999 0.5781494031250001 0.6473648140625 0.5715542265625 0.6133099796875 0.57403465 0.5925536171875 0.5720343921875 0.589654959375 0.62106315 0.6265953828125 0.622235828125 0.6480346734375 0.6168110046875 0.67535679375 0.6262351671874999 0.7171762859374999 0.6356570109375 0.7550229234375 0.6444901984375 0.7650455609375 0.64059934375 0.7651149562499999 0.622331575
0 0.809333084375 0.7462546984375 0.8310062015625 0.742352515625 0.8344694031250001 0.717573409375 0.832614321875 0.6991197359375 0.8053153390625001 0.6998171984375 0.784882140625 0.703112715625 0.766990153125 0.6980905484375 0.7625332421875 0.7401108437499999 0.7881619921875 0.744698590625 0.809333084375 0.7462546984375
0 0.7318685406250001 0.7698842578125 0.7310056203124999 0.7529609734375 0.7014663703124999 0.7479382203125 0.669891890625 0.738738053125 0.644171721875 0.7342811671875 0.62937279375 0.7320884359375001 0.6075889359375 0.7269228390625 0.589934153125 0.729474790625 0.5876233796875 0.775642828125 0.59621630625 0.7769160265624999 0.625764015625 0.7871078546875 0.6523803390625 0.7923434953124999 0.6786951250000001 0.7955965218750001 0.70846883125 0.798070096875 0.721089915625 0.7818527468750001 0.7318685406250001 0.7698842578125
0 0.84365431875 0.7415510000000001 0.8270041406249999 0.7461253546875 0.814202234375 0.748561678125 0.7931981125 0.7519492734375001 0.791723665625 0.7679801453125 0.7902142546875 0.793213784375 0.796667903125 0.7936283656249999 0.8162254390625 0.79273465 0.8321242015625 0.7875073171875 0.8496732343750001 0.78198285 0.851849946875 0.7671393281250001 0.8510281046875001 0.754018090625 0.8498059796874999 0.74083754375 0.84365431875 0.7415510000000001
0 0.8177539671874999 0.6046591015625 0.7947465484375 0.60020811875 0.7704963031250001 0.6007831015625 0.770901803125 0.6133474515625 0.764404015625 0.6415613015625 0.8036773671875 0.6473803499999999 0.8287922343749999 0.6458914625000001 0.8567846125 0.638576784375 0.865917196875 0.6326357953125 0.867240928125 0.61824361875 0.8619177265625 0.5997405046875001 0.8415178031250001 0.6008859890625 0.8177539671874999 0.6046591015625
0 0.7818960640625 0.7561211984375 0.7607466406250001 0.755930978125 0.7438408703125 0.75754691875 0.726767140625 0.7561945265625 0.7232184671875 0.7803937203125 0.7188376937500001 0.7944618921875 0.7406435484375 0.7971041296875 0.7580912015625 0.794391096875 0.7727683109375 0.7930336296875 0.7854381375 0.7943222046875 0.7901471203125 0.78148004375 0.7910017984375 0.772187634375 0.7907038671875 0.75624885 0.7818960640625 0.7561211984375
0 0.855522696875 0.8155690812499999 0.8566056968750001 0.8037942421875 0.8496301734375 0.789907284375 0.825561946875 0.79735835 0.8066596687500001 0.80098434375 0.7870788984375 0.8045098015625 0.760284709375 0.8042121671875 0.75754758125 0.8414487203125001 0.7773069875 0.8434583328124999 0.8011373140625 0.84607111875 0.8295383984375 0.8438525531250001 0.84775016875 0.8327794468749999 0.846726428125 0.8289553546875 0.8563918515625 0.8285512640625001 0.855522696875 0.8155690812499999
0 0.7165301015625001 0.9060649671875 0.72382683125 0.9089823125000001 0.755191790625 0.9044485859375 0.7797718796875001 0.8989095640625001 0.785425640625 0.8823033703125001 0.7830921609375 0.8553327093749999 0.7554528625 0.856746059375 0.73459843125 0.8591647046875 0.7152796125 0.867319478125 0.7164107140625 0.8849309734374999 0.7165301015625001 0.9060649671875
0 0.8237661203125001 0.891656596875 0.8427517140624999 0.88712485 0.8445724515625 0.8598516125 0.84259625 0.8439511015625 0.8292884765625 0.846569821875 0.8099696578125 0.854724590625 0.7893651484374999 0.8544259734375 0.7882941734375 0.8735473921875 0.7874018421875 0.8982038812500001 0.8237661203125001 0.891656596875
0 0.7974397015625 0.6942502312500001 0.8202509640625 0.691128715625 0.8396906375000001 0.691571021875 0.8555899515625001 0.684174678125 0.8597620562499999 0.66528861875 0.8579283906249999 0.6455127046875 0.833915971875 0.648456246875 0.8176373109374999 0.6533583546874999 0.7971546093749999 0.6576375640625 0.797112803125 0.67794826875 0.7974397015625 0.6942502312500001
0 0.7355149109375 0.5534214296875 0.7338188546875 0.5718616828124999 0.732870859375 0.5887874140625 0.75997054375 0.5919900375 0.7761123703125 0.59519441875 0.792401678125 0.5967952953125 0.800282915625 0.597150365625 0.8014627781250001 0.5843223656250001 0.80157833125 0.563209909375 0.7806318953125 0.5592936390625 0.7584105609375 0.55600115625 0.7355149109375 0.5534214296875
0 0.7440227421875 0.395695559375 0.74071343125 0.3783771453125 0.7129682546875 0.3602427953125 0.6835867906249999 0.34467068749999996 0.6595995718750001 0.35420506406249996 0.629733609375 0.3591288171875 0.6119644562500001 0.36958450468750004 0.6146196046875 0.4092434296875 0.633952459375 0.40462879531249996 0.664933471875 0.39519578437499997 0.693599553125 0.3957036015625 0.7279021171875 0.4110699734375 0.7298899765625 0.412299403125 0.7414533109375 0.4084033609375 0.7440227421875 0.395695559375
0 0.7670296046875 0.472961 0.7791019234375 0.463531015625 0.7820955125 0.446211596875 0.7808588953125 0.429200290625 0.7654895125000001 0.428792828125 0.7406898265625 0.41670427343750005 0.7174538421875 0.41045676875000003 0.6822058828124999 0.39775499999999997 0.6566549640625 0.40144832187499996 0.632061678125 0.4099579953125 0.6153227421875 0.41682675781249995 0.612426234375 0.4407048171875 0.6109115078125 0.4647876078125 0.6298927937500001 0.45638130625000006 0.658122471875 0.45401978437499996 0.69041269375 0.45319480156249997 0.7184001171875 0.46108120937499997 0.7670296046875 0.472961
0 0.7834297984374999 0.37243119375 0.7849262343750001 0.3561612578125 0.78683079375 0.3354540703125 0.7488685765625 0.32083384375 0.7138221125 0.3111433546875 0.6874836171875 0.29224841874999996 0.65758844375 0.29981285 0.636692959375 0.30721149531249997 0.6164973109375 0.319211559375 0.6189278109374999 0.3660481671875 0.6413393703125 0.3543764296875 0.666666678125 0.3476344359375 0.69269381875 0.34549385 0.712384584375 0.36340380625 0.736895653125 0.36553632187499996 0.7719421203125 0.3752268125 0.7834297984374999 0.37243119375
0 0.753007265625 0.22699485468749997 0.719612915625 0.21155218750000002 0.6887065531250001 0.1934796875 0.6488594156249999 0.211563484375 0.6239598671875 0.2258650640625 0.6256905328125 0.26810025312499997 0.6608337625 0.2523179734375 0.6929448421875 0.24508187656249997 0.7151236015625 0.260361984375 0.7352224796875 0.2738346828125 0.7562736453125 0.27695379062500003 0.7839921734375 0.2930547203125 0.794332625 0.2661012578125 0.7893173671875 0.24736726406249998 0.753007265625 0.22699485468749997
0 0.8321888671875 0.4482295640625 0.8110061453125 0.44041288125 0.7900356609375 0.43028861875 0.7843499671874999 0.454006096875 0.7800591609375 0.4720826609375 0.8011357578125 0.481053134375 0.8296572734375 0.48527910781249994 0.8525685718749999 0.493351909375 0.8652900125 0.47886354375 0.8637583624999999 0.4669413984375 0.8616807859375 0.45142980625 0.8529317828125 0.45130299999999995 0.8321888671875 0.4482295640625
0 0.7811039515625 0.3845234515625 0.8140683421875 0.3975943546875 0.8388143390625 0.40476947812499997 0.8674419671875 0.4078416609375 0.8724756250000001 0.381688521875 0.8734153953125 0.361945925 0.840466321875 0.35823344687500003 0.8147499187499999 0.352084059375 0.798207 0.341446290625 0.78625904375 0.3665749515625 0.7811039515625 0.3845234515625
0 0.7920803953125 0.293757715625 0.8036498218749999 0.3013195375 0.830564196875 0.31349402187500003 0.860708165625 0.3191299140625 0.8717010328124999 0.3043854140625 0.8727622453125001 0.29284745624999997 0.8720795609374999 0.271694940625 0.8407529437499999 0.26939237656250004 0.8196763421875 0.260421903125 0.7963405609375 0.256964290625 0.7920803953125 0.293757715625
0 0.8331701656250001 0.1899110046875 0.807013959375 0.1790183703125 0.8013435765624999 0.212094284375 0.824679359375 0.215551903125 0.848470265625 0.23311119374999997 0.8705172703124999 0.24105593593750002 0.8714876859375 0.24003019375 0.8839060812499999 0.2383616390625 0.8829050359374999 0.220670515625 0.878886640625 0.207210403125 0.8559753421874999 0.199137596875 0.8331701656250001 0.1899110046875
0 0.7500651781250001 0.294700328125 0.7459166859375 0.282322478125 0.7267103953125 0.2739872359375 0.70633475 0.25920504375000003 0.6829902375 0.24476716718749997 0.6615677578125 0.2541404296875 0.6459406890625 0.2643723984375 0.62509775 0.2738315328125 0.6268569187499999 0.28663957500000004 0.6350013062500001 0.3066673984375 0.6638052375 0.29368255312499997 0.692324528125 0.28379238125 0.713645778125 0.301067321875 0.7382916890625 0.3141296015625 0.7496587703125 0.3118927734375 0.7500651781250001 0.294700328125
0 0.75349741875 0.3047915046875 0.7488298062500001 0.3242621234375 0.7886630968749999 0.33688488125 0.8077332500000001 0.340670575 0.8151644359375 0.33025037031250004 0.8187740484375 0.314463403125 0.8113922546874999 0.300888284375 0.7961311046875 0.29478665 0.773600428125 0.2895281125 0.7480573984375 0.2857434625 0.75349741875 0.3047915046875
0 0.7465834796874999 0.3809848609375 0.7449140328125 0.3991358171875 0.7440143796875 0.41572826875 0.7628696296874999 0.42186715625 0.781800765625 0.4271810109375 0.8003415281249999 0.42992815625 0.810056265625 0.41965954375000003 0.8081802828125 0.40600098906250004 0.8042116125 0.38785091875 0.7825807218749999 0.3846459140625 0.7641158421875 0.3810737265625 0.7465834796874999 0.3809848609375
0 0.861844596875 0.4254039625 0.8655939390625 0.4054841984375 0.83426916875 0.40212258125 0.81203644375 0.39370958125 0.8117216125000001 0.41797734999999997 0.8079722703125001 0.43789710781249996 0.8335066203125001 0.441680478125 0.857863015625 0.44784873125 0.861844596875 0.4254039625
0 0.9384849109375001 0.47843662968749995 0.9364731374999999 0.500309521875 0.9780647984374999 0.5064720703125001 0.9934858796875 0.5053488609375 0.9940838671875 0.4596704890625 0.988699625 0.460294940625 0.96176794375 0.461420909375 0.93877208125 0.46142458125 0.9384849109375001 0.47843662968749995
0 0.949786515625 0.421929596875 0.9517960000000001 0.44191920468749996 0.9522957734374999 0.4574042796875 0.9731642375 0.453646978125 0.9881051890625001 0.451579903125 0.9941934796874999 0.45129765 0.994668721875 0.414995484375 0.9874940890625 0.41638645625 0.9723200765625 0.4209875 0.949786515625 0.421929596875
0 0.9420377171875 0.3736922203125 0.9417606093750001 0.397623865625 0.9439254671875 0.41592416718749997 0.961319596875 0.4150767421875 0.9763382343749999 0.412165015625 0.9947218953125001 0.41093368750000003 0.9952817703125 0.3681666125 0.9806999718749999 0.371715209375 0.964882028125 0.3693715 0.9420377171875 0.3736922203125
0 0.9513835125 0.334837053125 0.9510175000000001 0.3527623609375 0.9515949562499999 0.3674027796875 0.9708095562500001 0.3676812640625 0.9855062218749999 0.36129715625 0.9953658875 0.3617413609375 0.9958884187500001 0.321826946875 0.9895572093749999 0.324225978125 0.973672790625 0.3295779296875 0.9513835125 0.334837053125
0 0.9463986484375001 0.2844407046875 0.9458772625 0.3040553171875 0.9448785328125 0.3218868765625 0.9662355609375 0.326763634375 0.9789563875 0.32094294687499997 0.9959478828125 0.31728446250000003 0.996498321875 0.27523835 0.9854493421875 0.278240409375 0.970275334375 0.2828414515625 0.9463986484375001 0.2844407046875
0 0.9926310890625001 0.2698866609375 0.996575846875 0.26931645625 0.99695594375 0.24028217812500002 0.9815969671874999 0.24342288124999997 0.9658791375 0.2539365265625 0.9534025921874999 0.2640742578125 0.95620016875 0.28246830156249997 0.9926310890625001 0.2698866609375
0 0.85440481875 0.8556887203124999 0.8884548390625 0.8615163984375 0.9110804234375 0.8640862265625 0.94411581875 0.868198446875 0.9508324109374999 0.8652808125 0.951826540625 0.8544722312499999 0.9525161296875 0.8342277687499999 0.909943540625 0.83183269375 0.8852176890625 0.826603984375 0.8573161890625001 0.8240350109374999 0.85440481875 0.8556887203124999
0 0.9566859078125001 0.8207594625000001 0.9561580921875 0.80737769375 0.9562086046875 0.7940816078124999 0.932791665625 0.7937422203125 0.9143563546875001 0.7902281343750001 0.8989546734375 0.785598409375 0.8766233671875 0.786202440625 0.8564530890625001 0.782431290625 0.8556822374999999 0.7971857734375 0.8539070125 0.8164868125 0.8897630078125 0.8217995218749999 0.9071836937500001 0.8235981390625 0.9280033062499999 0.826682946875 0.9476662703125 0.829596365625 0.9561178343750001 0.8269357953125 0.9566859078125001 0.8207594625000001
0 0.95186531875 0.7457017359375 0.9327096656249999 0.74364604375 0.9156542734374999 0.74424923125 0.8963463546874999 0.7374756078125 0.8807316453125 0.7351620046875 0.863239946875 0.7341354250000001 0.858938403125 0.7554098328125 0.8576704921875 0.7755686078124999 0.8802250718750001 0.7789104734375 0.894033803125 0.78173904375 0.9087048953125001 0.7815651390625 0.9265618828125 0.7849935375 0.9491095156249999 0.78983165625 0.9598813140625 0.786017590625 0.9599215765625001 0.7664594890624999 0.962417140625 0.7457000484375 0.95186531875 0.7457017359375
0 0.966495415625 0.7204797421875 0.9648109515625001 0.706926590625 0.9433420078125 0.7045281453125 0.924328375 0.7009283765625 0.9029304390625 0.6977578875 0.8833384765625001 0.694072425 0.8638277828125001 0.695876940625 0.8627728953125 0.7137195859375 0.8620730562500001 0.727702021875 0.8844856171875 0.7325879734375 0.9034282421875 0.736959784375 0.9193269875000001 0.7361852156250001 0.9413032453125 0.7394413921874999 0.9605299078125 0.74072504375 0.966444903125 0.733775828125 0.966495415625 0.7204797421875
0 0.9638973468750001 0.6786189625 0.96249691875 0.6619776390625 0.9462328796874999 0.6603503875000001 0.931125484375 0.658894521875 0.9114625203125 0.6559811078125 0.8889079437499999 0.6526392421875 0.8692449718749999 0.6497258171875 0.8662420921875 0.6696275218750001 0.8644668671875 0.6889285593750001 0.8754549921875 0.69055665 0.895767290625 0.6927837203125 0.9118893140625 0.6959550484375 0.93964879375 0.7000681125 0.9611177421875 0.702466559375 0.962903221875 0.68942754375 0.9638973468750001 0.6786189625
0 0.8931077265624999 0.6133508062499999 0.871060459375 0.6108666781250001 0.8675400124999999 0.6236486234374999 0.8654097374999999 0.6468098703125 0.8881773468749999 0.6478356125 0.9111682343749999 0.6528072468749999 0.9326371734375 0.6552056937499999 0.95967631875 0.66077715625 0.961958859375 0.64233384375 0.963379040625 0.6268930109374999 0.934746946875 0.619520403125 0.9139273343750001 0.6164356078125001 0.8931077265624999 0.6133508062499999
0 0.9435835640624999 0.5871795 0.9221146203125 0.5847810531250001 0.8983323875 0.5820398546875001 0.8770867171875001 0.58358730625 0.87580855625 0.597484053125 0.8740230812500001 0.6105230749999999 0.89274243125 0.6109489890625001 0.911035721875 0.6160071609375 0.9307697015624999 0.6181485375 0.960264153125 0.622518671875 0.9610555046875 0.62028823125 0.9630540078125 0.604933090625 0.96433216875 0.5910363390625 0.9435835640624999 0.5871795
0 0.9424603218750001 0.48470998906249996 0.9413201250000001 0.46695685468750003 0.911826625 0.46351235468749996 0.8883206484375 0.46280596718749994 0.8673824921875 0.46433102656249997 0.8651272171875 0.496388790625 0.9084675234375 0.5000339781250001 0.9330894437499999 0.50368215625 0.9424603218750001 0.48470998906249996
0 0.9109244921874999 0.33010907500000003 0.8930701296875 0.335792984375 0.8808552625000001 0.3404615109375 0.8790917374999999 0.359635365625 0.8774121859375 0.3778961828125 0.8976664031249999 0.376269790625 0.9212442296875001 0.3686574671875 0.941678528125 0.37261065625 0.939962609375 0.3686544734375 0.9472937828125 0.3567839515625 0.9513610640625 0.3351749953125 0.923055375 0.32635358124999997 0.9109244921874999 0.33010907500000003
0 0.8711493546875 0.4158385328125 0.8686179078125 0.435824090625 0.8691702625 0.4599685 0.9010515 0.4600648609375 0.9215697703125001 0.4631050046875 0.9406240609375001 0.4594498609375 0.9438394515624999 0.43956564531250003 0.942867209375 0.41998643593749996 0.9223489390624999 0.416946284375 0.902862640625 0.417760978125 0.8855121531249999 0.41796663437500003 0.8711493546875 0.4158385328125
0 0.8893863671875 0.330619746875 0.9107444078125001 0.3245294890625 0.9284308109375001 0.3206716671875 0.9426256453124999 0.3246258546875 0.9454090328125 0.301901171875 0.9470046046875 0.284553403125 0.9247825359374999 0.2849627421875 0.9040244515625 0.29206737656250004 0.8872860484375 0.3006930859375 0.888510221875 0.3175331609375 0.8893863671875 0.330619746875
0 0.8660397218749999 0.5316923609375 0.8658120359374999 0.54924280625 0.9052166406250001 0.5504538921875 0.9360780234374999 0.5541010703125 0.9465527265624999 0.5306650375 0.9441286296875001 0.51179619375 0.9286498796875 0.506726290625 0.9017241968749999 0.5055132203125 0.8784701531250001 0.502067715625 0.865319415625 0.5093740328125 0.8660397218749999 0.5316923609375
0 0.8013180765625 0.1888537359375 0.806290109375 0.1739613546875 0.794054015625 0.1601259953125 0.761383209375 0.14326286562499999 0.7305984359375 0.125476946875 0.6914901812500001 0.1100644734375 0.6603162828125 0.1258835109375 0.6339277265625001 0.1484227796875 0.637294903125 0.17056194687499998 0.647426790625 0.1876922359375 0.680923071875 0.1662061125 0.7137805640625 0.16145664531249998 0.7487894953125 0.18227291875 0.784905071875 0.2008486875 0.7829099640625 0.202957553125 0.8013180765625 0.1888537359375
0 0.737743334375 0.48840874687499997 0.7382269359375 0.5125251343749999 0.77376556875 0.5177908171875 0.794761484375 0.5245084515625 0.8021649875 0.5027629140625 0.8046897984375001 0.4851034671875 0.7970208750000001 0.4803604734375 0.77569769375 0.477201059375 0.7597053109374999 0.47483149999999996 0.7410475234375 0.472067015625 0.737743334375 0.48840874687499997
0 0.8021649875 0.5027629140625 0.8002013671875 0.5241122265625 0.8251875046875 0.526612134375 0.8478512546875001 0.5347791187500001 0.8531505562499999 0.516328521875 0.8542414562499999 0.5044678015625 0.8525578625 0.49339821562499997 0.8317958828125 0.49392866093750004 0.8170192296875 0.4881325328125 0.8053758343749999 0.49722748437500003 0.8021649875 0.5027629140625
0 0.671964609375 0.15006522656250001 0.651952540625 0.17121826406250001 0.633566415625 0.1877885703125 0.633462640625 0.2151071296875 0.659436959375 0.2077005375 0.686286665625 0.19077638125000002 0.7093219765625001 0.2022288703125 0.7521196734375 0.22143314531249997 0.7606870328124999 0.1937607359375 0.7415082296875 0.179663903125 0.7165341375 0.1631005109375 0.6939365125 0.1468892421875 0.671964609375 0.15006522656250001
0 0.82697879375 0.2325248609375 0.817597709375 0.216663978125 0.7932282578125001 0.20662169375 0.7719858390625001 0.20186636562500002 0.768004484375 0.2189631296875 0.765211375 0.236235940625 0.7973149109375 0.2538556875 0.8161808546874999 0.25825889218750003 0.82697879375 0.2325248609375
0 0.7241675125 0.552566596875 0.6964903546875 0.547326590625 0.67374591875 0.5348435109375 0.6412394109374999 0.53572276875 0.6217887859375 0.5430930265625 0.6071824359375 0.5534593328125 0.6099445078125 0.5698164890624999 0.6552852546875 0.5685605812500001 0.68318405625 0.5806682421875 0.722440165625 0.5899021453125 0.732542165625 0.5913989359375 0.7340926296875 0.5745416296875 0.7325858546874999 0.553813925 0.7241675125 0.552566596875
0 0.174473303125 0.1916329140625 0.1745910078125 0.17800626875 0.1660409109375 0.1721913921875 0.1495108265625 0.1667101453125 0.1346612546875 0.1614778984375 0.12009673750000001 0.159319909375 0.09747352031249999 0.15217784375 0.0849433546875 0.1525952953125 0.0825261015625 0.17270325312499998 0.0808753671875 0.1906507796875 0.11764049218749999 0.198372209375 0.1346619765625 0.20468426874999998 0.15027805625 0.20775607499999998 0.1670144875 0.21099388125 0.1733040328125 0.20434574218749998 0.174473303125 0.1916329140625
0 0.16742789062500002 0.2497133703125 0.1386526859375 0.24772381718749997 0.12408816874999999 0.245565828125 0.1034305203125 0.24174702187500002 0.08269416874999999 0.232610521875 0.0804244078125 0.2572883703125 0.078272346875 0.268339575 0.089131915625 0.273738634375 0.10496426562500001 0.28063251562499997 0.12387261249999999 0.284950134375 0.1416606171875 0.289101746875 0.1587409515625 0.2886004890625 0.1686765890625 0.28552460156250004 0.167388890625 0.268657709375 0.16742789062500002 0.2497133703125
0 0.080147846875 0.17386688125 0.0811696296875 0.156584171875 0.078624028125 0.141046909375 0.054035234375 0.13058159062500002 0.0310581859375 0.121113090625 0.0257196484375 0.1192320640625 0.0217758265625 0.1621110109375 0.022164903125 0.16224365624999998 0.0446505609375 0.1708813390625 0.071401334375 0.1763609515625 0.080147846875 0.17386688125
0 0.07314214531249999 0.2562093703125 0.072964875 0.2334429734375 0.062095370312499995 0.22197839843749997 0.041152673437499995 0.2150853390625 0.01873579375 0.2056998390625 0.017782678125 0.2055262734375 0.013804096875 0.24878312343750003 0.021262257812499998 0.2523124625 0.0407208515625 0.2506475703125 0.0643956328125 0.258703446875 0.07314214531249999 0.2562093703125
0 0.05167395625 0.3477547203125 0.06150528281249999 0.34847733281250004 0.06121 0.33375222656250003 0.059553701562500005 0.315889178125 0.0508643390625 0.30872915 0.031801165625 0.3007661234375 0.013556515625000001 0.2958606390625 0.0095200078125 0.29536165 0.005804278125 0.3357606453125 0.0065715234375 0.3359335046875 0.0317352453125 0.3433323015625 0.05167395625 0.3477547203125
0 0 0.427748903125 0.018784742187500002 0.43195404374999996 0.047236053125 0.43616961875 0.0584135765625 0.4191595 0.0550402375 0.3988267796875 0.016454717187500002 0.3907763546875 0.0008031453125000001 0.39013514531250004 0 0.3988672796875 0 0.427748903125
0 0.1047891046875 0.4470304140625 0.13744535468750002 0.45303566718750005 0.1473372828125 0.440501634375 0.143646359375 0.4236217796875 0.1115346890625 0.42119714531249997 0.08836220624999999 0.41659708125000006 0.0673374875 0.40764868749999994 0.06478156406249999 0.42593624218750004 0.064812125 0.44460703281249997 0.1047891046875 0.4470304140625