0 0.330677290625 0.16666666562500002 0.332669321875 0.26368159062499996 0.6274900406249999 0.31592039843749997 0.6235059765625001 0.2189054734375 0.330677290625 0.16666666562500002
0 0.32470119531249997 0.15422885625 0.065737053125 0.1094527359375 0.067729084375 0.1840796015625 0.3227091640625 0.24129353125000003 0.32470119531249997 0.15422885625
0 0.1852589640625 0.2960199015625 0.1872509953125 0.221393034375 0.0617529875 0.19402985156250002 0.0617529875 0.266169153125 0.1852589640625 0.2960199015625
0 0.46613545937499995 0.2835820890625 0.19721115625000002 0.223880596875 0.19721115625000002 0.3009950234375 0.46414342499999994 0.36567164218750003 0.46613545937499995 0.2835820890625
0 0.6254980078125 0.318407959375 0.468127490625 0.2810945265625 0.46414342499999994 0.3706467671875 0.6235059765625001 0.40547263750000007 0.6254980078125 0.318407959375
0 0.3366533875 0.34825870625 0.332669321875 0.4378109453125 0.6235059765625001 0.4975124375 0.6215139453125 0.42039800937500005 0.3366533875 0.34825870625
0 0.3426294828125 0.35323383124999996 0.06374501875000001 0.276119403125 0.06374501875000001 0.34328358125 0.3127490046875 0.42288557187500003 0.3426294828125 0.35323383124999996
0 0.7450199203125 0.16666666562500002 0.7490039828125 0.24129353125000003 0.9342629468749999 0.1840796015625 0.9282868531249999 0.1069651734375 0.7450199203125 0.16666666562500002
0 0.9223107578124999 0.19402985156250002 0.8366533875 0.24378109375 0.84063745 0.320895521875 0.9282868531249999 0.278606965625 0.9223107578124999 0.19402985156250002
0 0.7490039828125 0.3706467671875 0.7490039828125 0.45024875781249996 0.930278884375 0.34825870625 0.9262948203124999 0.25870646875 0.7490039828125 0.3706467671875
0 0.8247011953125 0.417910446875 0.8247011953125 0.477611940625 0.9282868531249999 0.425373134375 0.9262948203124999 0.3631840796875 0.8247011953125 0.417910446875
0 0.9243027890625 0.4402985078125 0.739043825 0.5497512421875 0.739043825 0.6268656703125 0.9243027890625 0.517412934375 0.9243027890625 0.4402985078125
0 0.8227091640624999 0.574626865625 0.8266932265625 0.6467661687499999 0.9243027890625 0.5845771156249999 0.9262948203124999 0.517412934375 0.8227091640624999 0.574626865625
0 0.9223107578124999 0.5920398 0.7430278890625 0.6965174140625 0.7430278890625 0.728855721875 0.828685259375 0.6716417906250001 0.8804780859375001 0.6940298515625 0.93625498125 0.6567164187500001 0.9223107578124999 0.5920398
0 0.19322709062500001 0.4701492546875 0.19521912187499998 0.3830845765625 0.069721115625 0.35820895468749997 0.067729084375 0.425373134375 0.19322709062500001 0.4701492546875
0 0.207171315625 0.3905472640625 0.20119521875 0.46019900468749997 0.46015936249999995 0.5398009953125 0.46015936249999995 0.47263681562500004 0.207171315625 0.3905472640625
0 0.46414342499999994 0.46766169218750003 0.46015936249999995 0.5497512421875 0.6155378484375 0.60199005 0.6254980078125 0.5 0.46414342499999994 0.46766169218750003
0 0.31474103593749997 0.5945273624999999 0.330677290625 0.527363184375 0.069721115625 0.430348259375 0.069721115625 0.504975125 0.31474103593749997 0.5945273624999999
0 0.607569721875 0.5845771156249999 0.33864541875 0.5248756218749999 0.33864541875 0.5920398 0.6155378484375 0.674129353125 0.607569721875 0.5845771156249999
0 0.6274900406249999 0.6940298515625 0.205179284375 0.5671641796875 0.1992031875 0.64427860625 0.6294820718749999 0.7761194031249999 0.6274900406249999 0.6940298515625
0 0.19521912187499998 0.6243781109375 0.1992031875 0.5597014921875 0.06374501875000001 0.509950246875 0.065737053125 0.5870646749999999 0.19521912187499998 0.6243781109375
0 0.32071713281249997 0.679104478125 0.069721115625 0.5945273624999999 0.067729084375 0.6641791031250001 0.328685259375 0.761194028125 0.32071713281249997 0.679104478125
0 0.34063745 0.6915422890625 0.33864541875 0.7686567156249999 0.6254980078125 0.84825870625 0.6354581687499999 0.766169153125 0.34063745 0.6915422890625