0 0.409090909375 0.2705627671875 0.34848485 0.2272727265625 0.26515151718749996 0.23538961249999998 0.19242424375 0.23538961249999998 0.11060605937500001 0.251623375 0.09848485 0.303030303125 0.1196969703125 0.3869047625 0.19848485 0.39772727343750003 0.2863636359375 0.4004328984375 0.34393939375000004 0.37878788124999996 0.4121212140625 0.3436147203125 0.409090909375 0.2705627671875
0 0.30151515 0.430194803125 0.27272727343750003 0.3950216421875 0.195454546875 0.4139610421875 0.140909090625 0.443722946875 0.1242424234375 0.50595238125 0.14393939375 0.5384199109375001 0.1787878796875 0.557359309375 0.2666666671875 0.546536796875 0.3348484828125 0.50324675625 0.3196969703125 0.4843073578125 0.30151515 0.430194803125
0 0.389393940625 0.6060606078124999 0.35151515 0.5600649343749999 0.3151515171875 0.5438311671875 0.25606060625 0.5519480531250001 0.18787878593750001 0.576298703125 0.154545453125 0.549242421875 0.1287878796875 0.565476190625 0.10757575625 0.63041125625 0.1378787859375 0.6655844171874999 0.1696969703125 0.695346321875 0.25 0.6547619046875 0.3257575765625 0.6439393921875001 0.3818181828125 0.6655844171874999 0.389393940625 0.6060606078124999
0 0.4348484828125 0.7954545468750001 0.41515151718750004 0.749458875 0.3727272734375 0.75487013125 0.34090909062499997 0.7142857140625 0.2742424234375 0.7142857140625 0.21969697031250002 0.7521645 0.1696969703125 0.808982684375 0.1257575765625 0.75487013125 0.104545453125 0.800865803125 0.139393940625 0.8549783578125 0.1696969703125 0.9253246718750001 0.25 0.8928571421875 0.3166666671875 0.8360389578125 0.3757575765625 0.8198051968750001 0.4348484828125 0.7954545468750001
0 0.5378787859374999 0.26244588750000003 0.446969696875 0.2380952375 0.41969697031250003 0.2732683984375 0.41969697031250003 0.321969696875 0.38333333281250004 0.38149350625 0.3196969703125 0.39772727343750003 0.30757575625 0.4139610421875 0.3363636359375 0.4978355 0.39393939375000003 0.49242424375000005 0.45606060625 0.43831169062499997 0.503030303125 0.39231601718750003 0.560606059375 0.321969696875 0.5378787859374999 0.26244588750000003
0 0.596969696875 0.5330086609375 0.595454546875 0.47889610156250007 0.5742424234375 0.4653679640625 0.5166666671875 0.4734848515625 0.46515151718750003 0.4761904765625 0.4272727265625 0.45995670781250003 0.41060605937499994 0.5140692625 0.3742424234375 0.5113636374999999 0.35 0.5384199109375001 0.3772727265625 0.570887446875 0.41515151718750004 0.6006493515625 0.4742424234375 0.576298703125 0.5166666671875 0.5600649343749999 0.554545453125 0.549242421875 0.596969696875 0.5330086609375
0 0.46515151718750003 0.6060606078124999 0.45151515 0.5952380953125 0.4272727265625 0.63041125625 0.46212121406250006 0.673701296875 0.5318181828124999 0.627705625 0.5742424234375 0.6087662328125 0.5712121203125 0.549242421875 0.5378787859374999 0.568181815625 0.46515151718750003 0.6060606078124999
0 0.38030302968749996 0.700757578125 0.34848485 0.673701296875 0.345454546875 0.7142857140625 0.3681818171875 0.7521645 0.39848485 0.75487013125 0.45151515 0.7251082265625 0.44090909062500006 0.6574675296875 0.390909090625 0.6385281375 0.38030302968749996 0.700757578125
0 0.595454546875 0.2218614703125 0.5363636359374999 0.24350649375 0.55 0.297619046875 0.5818181828125 0.33008657812500003 0.6424242437500001 0.311147184375 0.6803030296875 0.311147184375 0.6772727265625 0.24891775 0.639393940625 0.21915584531249999 0.595454546875 0.2218614703125
0 0.5348484828125 0.3517316015625 0.5151515171875001 0.4031385296875 0.46515151718750003 0.4139610421875 0.454545453125 0.4761904765625 0.5272727265625 0.4734848515625 0.595454546875 0.4734848515625 0.595454546875 0.37878788124999996 0.560606059375 0.33279220781249996 0.5348484828125 0.3517316015625
0 0.604545453125 0.4004328984375 0.6651515171875 0.37878788124999996 0.69848485 0.3517316015625 0.696969696875 0.305735928125 0.65 0.316558440625 0.596969696875 0.3354978328125 0.604545453125 0.4004328984375
0 0.6606060593749999 0.38149350625 0.59848485 0.424783546875 0.604545453125 0.4761904765625 0.6666666671875 0.443722946875 0.6606060593749999 0.38149350625
0 0.6075757562499999 0.49512986875 0.5803030296875 0.5384199109375001 0.5863636359375 0.5871212140625001 0.6863636359374999 0.5357142859375 0.7227272734375 0.4978355 0.7181818171875001 0.43560605937499997 0.6696969703125 0.43560605937499997 0.6075757562499999 0.49512986875
0 0.49696969687500003 0.6358225125 0.46212121406250006 0.670995671875 0.47121212031250004 0.7115800890624999 0.5287878796875 0.700757578125 0.5727272734375 0.6872294343750001 0.5727272734375 0.622294375 0.5348484828125 0.6358225125 0.49696969687500003 0.6358225125
0 0.59242424375 0.6385281375 0.5757575765625 0.6899350656250001 0.60606060625 0.7169913390625 0.65606060625 0.670995671875 0.69848485 0.6466450234375001 0.7121212140625001 0.6114718625 0.6590909093749999 0.568181815625 0.59242424375 0.6385281375
0 0.7333333328125 0.3652597375 0.70151515 0.37878788124999996 0.6878787859375 0.36796536875 0.6651515171875 0.40854978593749997 0.70151515 0.43560605937499997 0.7621212140625 0.4031385296875 0.7878787859374999 0.3896103875 0.7803030296875 0.3436147203125 0.7363636359375 0.3490259765625 0.7333333328125 0.3652597375
0 0.7196969703125 0.49512986875 0.6878787859375 0.5330086609375 0.6606060593749999 0.568181815625 0.70151515 0.6033549765624999 0.7621212140625 0.5627705656249999 0.79242424375 0.554653678125 0.790909090625 0.50595238125 0.7560606062499999 0.47889610156250007 0.7196969703125 0.49512986875
0 0.7257575765625 0.2840909109375 0.7045454531249999 0.313852815625 0.7181818171875001 0.3409090890625 0.7696969703125001 0.3409090890625 0.79393939375 0.324675328125 0.7848484828125 0.2759740234375 0.7621212140625 0.2867965359375 0.7257575765625 0.2840909109375
0 0.79848485 0.21915584531249999 0.75757575625 0.178571428125 0.6863636359374999 0.1677489171875 0.6212121203125001 0.18939394062499998 0.595454546875 0.186688309375 0.59242424375 0.2272727265625 0.64848485 0.2299783578125 0.695454546875 0.2786796546875 0.7348484828124999 0.2705627671875 0.7833333328125 0.2840909109375 0.79848485 0.21915584531249999
0 0.79848485 0.4734848515625 0.789393940625 0.50324675625 0.8 0.546536796875 0.8621212140625 0.5167748921875 0.8803030296875001 0.4978355 0.8712121203125 0.4572510828125 0.8363636359375001 0.446428571875 0.79848485 0.4734848515625
0 0.7348484828124999 0.43290043437500003 0.7151515171875 0.446428571875 0.7303030296874999 0.48160173281249996 0.7621212140625 0.4870129875 0.7833333328125 0.49242424375000005 0.7818181828124999 0.443722946875 0.753030303125 0.40854978593749997 0.7348484828124999 0.43290043437500003
0 0.79848485 0.4166666671875 0.84242424375 0.4112554109375 0.8651515171874999 0.4031385296875 0.8666666671875 0.3652597375 0.8303030296875 0.36796536875 0.80151515 0.36796536875 0.79848485 0.4166666671875
0 0.8018765734375 0.4237699765625 0.7838879703125 0.4373602671875 0.7818123640625 0.45959892187499995 0.7880391859375 0.4731892140625 0.8184814359375 0.4571279578125 0.8343944328124999 0.44600863124999995 0.8426968640625001 0.4163570890625 0.8164058296875 0.4114151671875 0.8018765734375 0.4237699765625
0 0.8842090265625 0.442302190625 0.8752147234375001 0.45959892187499995 0.88490089375 0.48060210156250005 0.9077325828125 0.48060210156250005 0.924337446875 0.4855440234375 0.9271049234375001 0.45959892187499995 0.9070407140625001 0.44600863124999995 0.8842090265625 0.442302190625
0 0.7894229234375 0.5819115421875 0.784579840625 0.5547309578124999 0.7534457203125 0.5720276906249999 0.72577094375 0.5905599046875001 0.7140091671875 0.620211453125 0.720235990625 0.6399791421875001 0.7306140296875 0.6387436671875 0.756213196875 0.6263888578125 0.7679749734375 0.6177404875 0.7859635765624999 0.6078566421875 0.7894229234375 0.5819115421875
0 0.9374573234374999 0.51185136875 0.9271177203125 0.49543930312500006 0.9052896703125001 0.4892847734375 0.8846104640625001 0.4913362859375 0.884036040625 0.496465053125 0.8794406640625001 0.5067226015624999 0.8915035328125 0.5190316484374999 0.8966733328125001 0.5508300296875001 0.9167781171874999 0.5436497499999999 0.9386061671875 0.54467550625 0.9374573234374999 0.51185136875
0 0.29698215625 0.70268099375 0.32585542031250003 0.6746916078125 0.3242055203125 0.6481753390625 0.2573845359375 0.6717453515625 0.20376275625 0.6953153624999999 0.1559156328125 0.70415411875 0.10015535 0.6436657078125 0.09899405312500001 0.715939125 0.1286922671875 0.7380360125000001 0.14436632656249998 0.7763372859375 0.17653939375 0.7704447796875 0.2301611703125 0.7409822625 0.263984140625 0.715939125 0.29698215625 0.70268099375
0 0.1262174171875 0.4110020890625 0.11219325937499999 0.377120196875 0.0965192 0.4021633390625 0.0709457359375 0.44341085781249995 0.078370290625 0.46698086875 0.08249504375 0.49938963750000004 0.0965192 0.4964433875 0.1278673171875 0.4949702625 0.1451912765625 0.4463571078125 0.1583904828125 0.4080558390625 0.1262174171875 0.4110020890625
0 0.10146890312500001 0.5038090125 0.08167009374999999 0.5259058984375 0.08002019375 0.595142815625 0.099819003125 0.621659078125 0.11466810937500001 0.6393365828124999 0.1179679140625 0.574519053125 0.1394166234375 0.5509490421875001 0.11961781406250001 0.5229596484375 0.10146890312500001 0.5038090125
0 0.0709457359375 0.49938963750000004 0.0536217765625 0.5288521546875 0.0362978203125 0.5214865234375 0.0313481171875 0.5583146671875 0.0354728703125 0.590723434375 0.0552716796875 0.593669684375 0.076720390625 0.601035315625 0.0725956359375 0.5259058984375 0.091569496875 0.49938963750000004 0.0709457359375 0.49938963750000004
0 0.923292953125 0.42079394687500005 0.9088288328124999 0.402498559375 0.893762040625 0.3981937625 0.8612177734375001 0.4068033578125 0.844945640625 0.42617494687499996 0.8485616703125001 0.4466227328125 0.8654364734375 0.4509275296875 0.8811059359375 0.44554653593750004 0.90219944375 0.442317934375 0.9208822671875 0.44769893437499997 0.923292953125 0.42079394687500005
0 0.09984705 0.30102311249999997 0.0842864703125 0.303338671875 0.0531653140625 0.326494296875 0.031121159375000002 0.37512110781249997 0.031121159375000002 0.3797522328125 0.033714590625 0.405223421875 0.05575874374999999 0.43069460781249996 0.0752094671875 0.41680123281250003 0.0972536203125 0.3982767328125 0.10762734062499998 0.3612277328125 0.09984705 0.30102311249999997
0 0.033714590625 0.5047926015625 0.047978453125 0.5071081671875 0.0674291765625 0.49784591718750004 0.06872589375 0.4584813578125 0.06224231718749999 0.4237479171875 0.035011303125 0.43532573281250003 0.027231014062499996 0.4700591671875 0.033714590625 0.5047926015625
0 0.029824443750000002 0.6506730359375 0.038901446875 0.6715130953124999 0.0492751671875 0.6923531546875 0.047978453125 0.7085620953125 0.06224231718749999 0.6900375953125 0.0583521734375 0.6414107859375 0.06224231718749999 0.5997306609375 0.038901446875 0.5974151015625 0.031121159375000002 0.6228862859375 0.029824443750000002 0.6506730359375
0 0.8363811406250001 0.159773803125 0.820820559375 0.182929428125 0.8441614296875001 0.21766286250000003 0.8687990140625 0.2500807375 0.9154807500000001 0.247765178125 0.9141840359375 0.20376949375 0.85972200625 0.196822803125 0.8363811406250001 0.159773803125
0 0.8013698359375001 0.243134053125 0.7961829765624999 0.2778674875 0.8078534093749999 0.30102311249999997 0.8298975640625 0.298707546875 0.8519417171875 0.2963919875 0.8493482859375 0.2454496125 0.8247107031249999 0.23155623749999998 0.8013698359375001 0.243134053125
0 0.08298975625 0.7062465296875 0.04408830625 0.7363488453125 0.057055456250000004 0.7710822796875 0.0752094671875 0.7826600890625001 0.09595690625 0.8035001546875 0.1128142 0.8544425234374999 0.1128142 0.7687667140625 0.11670434375000001 0.7294021546875 0.08298975625 0.7062465296875
0 0.5044221140625 0.7201399046875 0.45514694687499996 0.7224554703125 0.43958636718750005 0.7641355890625 0.45514694687499996 0.7919223390625 0.4836746734375 0.7595044640624999 0.5160925468750001 0.7502422203125 0.5446202765625 0.7039309703125001 0.5342465562500001 0.6992998453125 0.5044221140625 0.7201399046875