0 0 0.4308456984375 0.07686594531249999 0.46159540625 0.1409716484375 0.5063592875 0.2084554453125 0.5370709484375 0.365972290625 0.55745998125 0.4906764671875 0.5482423062499999 0.5608456375 0.5102105515625001 0.5286009453125 0.468448184375 0.48782675312499996 0.43073088281249994 0.401106796875 0.412425778125 0.2841349890625 0.398958371875 0.164831521875 0.381842221875 0.038537428125 0.35297425 0.0122077640625 0.34919580625 0 0.38501070312499996 0 0.4308456984375
0 0.0440843015625 0.25567705625000003 0.0153953015625 0.3398442734375 0.0991207578125 0.3648367171875 0.21961649374999997 0.391160028125 0.3493914609375 0.4038127078125 0.46226245625000006 0.4113269953125 0.5569015875 0.466252128125 0.59727726875 0.41657217031249993 0.5294722421875 0.329530815625 0.4947430171875 0.30750751875 0.45022655 0.3005622078125 0.30599123125 0.2928796703125 0.1877061203125 0.2592131703125 0.138762659375 0.24875188750000002 0.08814009375000001 0.2606903671875 0.0440843015625 0.25567705625000003
0 0.10556398281249998 0.2465423625 0.21400627968750002 0.2640548296875 0.34883423593749996 0.2880721421875 0.4638729453125 0.307210815625 0.5618526421875 0.33443961718750004 0.5928418843750001 0.2959706078125 0.575892528125 0.23031374062499999 0.4750131984375 0.21159184375 0.36595678593750003 0.184661778125 0.2456356375 0.1662811328125 0.13416181875 0.1521532828125 0.078235434375 0.15548514687499998 0.057657296875 0.21585685781250002 0.10556398281249998 0.2465423625
0 0.2348456921875 0.155457396875 0.3871312421875 0.1807045984375 0.5143962359375001 0.205931334375 0.5974194171875 0.214103325 0.56534413125 0.150865296875 0.5090454453125 0.106246834375 0.365687978125 0.08627457968749999 0.24075464218749998 0.0646965890625 0.1253173625 0.036237896874999995 0.1179307640625 0.0390277640625 0.08748454375 0.1283502875 0.1362980171875 0.1403842453125 0.2348456921875 0.155457396875
0 0.16843777499999998 0.0543975140625 0.278737246875 0.071919240625 0.41635819218750003 0.0945648015625 0.5021378359375 0.10278265625 0.5799807578125 0.1647194578125 0.6035851484375 0.109348896875 0.5691782140625 0.042462128125 0.5294214609375001 0.015871603125 0.1299061984375 0.0038944765625 0.11713765312499999 0.041354575 0.16843777499999998 0.0543975140625
0 0.44317462656249995 0.742158371875 0.366352434375 0.7199795140624999 0.23622840156249997 0.6725887312500001 0.17751782968750002 0.6742485609375 0.1682644890625 0.71790144375 0.21872192343750002 0.756934121875 0.3182130984375 0.7951612781249999 0.42251869218750004 0.819263953125 0.4435361765625 0.7532572828124999 0.44317462656249995 0.742158371875
0 0.441297153125 0.73506765625 0.4323093296875 0.6775213671875 0.42910939531250003 0.640375778125 0.3714084453125 0.6253449343749999 0.21571021406250002 0.58696073125 0.183696434375 0.6121087078125 0.183092434375 0.657893915625 0.25682623125 0.6809066374999999 0.3701016921875 0.7236637078125 0.441297153125 0.73506765625
0 0.8710418359375 0.8840561843750001 0.8430247140624999 0.84555065625 0.7086449453125 0.8519092968749999 0.6113291875 0.84461175 0.5027070765625 0.8261212546875001 0.443992565625 0.81406398125 0.39451146718749996 0.8244307875000001 0.389565775 0.8554459859374999 0.42302055000000005 0.8838401125 0.4787232203125 0.8979901796875 0.5883384828125 0.9270134390625 0.74468236875 0.935891684375 0.84690200625 0.9359583875 0.8559876046875001 0.9282219953125 0.8710418359375 0.8840561843750001
0 0.8785490218750001 0.8620317546875 0.8943934718750001 0.815547603125 0.893999115625 0.7702825609375 0.7681585656250001 0.77261376875 0.6378245171875 0.777369603125 0.47652468125 0.7543913203125 0.46421519843750003 0.7622350515625 0.444030565625 0.761691934375 0.43910217031250004 0.8064110515625 0.4685396984375 0.812483853125 0.5851806921875 0.840006121875 0.66466849375 0.8454657921875001 0.7548560656250001 0.84310834375 0.8490796375 0.847043378125 0.8656976375 0.8753160421875 0.8785490218750001 0.8620317546875
0 0.4836659390625 0.700523103125 0.579509753125 0.7039325187500001 0.722468653125 0.714584759375 0.865249709375 0.730931684375 0.89019499375 0.70726455625 0.8809863953124999 0.6655071515625 0.8230590828125001 0.6502396421875 0.6940203125 0.636331825 0.5914471375 0.6269535703125 0.48436995625 0.6159254765625 0.40561633593749996 0.6434060796875001 0.4447413796875 0.690927046875 0.4836659390625 0.700523103125
0 0.61578654375 0.6347738484375001 0.7484192421875 0.64171680625 0.8937098015625 0.6560177875 0.91336145 0.6420541890625 0.8715291421875 0.5952190796875 0.8069300984375 0.5854413484375 0.7435353796874999 0.573593621875 0.6626060828125 0.56830473125 0.55649545 0.554441009375 0.5025959390625 0.5432059671875 0.41671668124999994 0.5695800328125 0.44672880781249996 0.6108250890625 0.61578654375 0.6347738484375001
0 0.9412997531249999 0.5478673109375001 0.9358351640624999 0.5403215046875001 0.845832428125 0.523774203125 0.7174201765625 0.5018961515625 0.5839573296875 0.4843632171875 0.533867153125 0.520198971875 0.50628313125 0.5488566031250001 0.6728909453125 0.5689870046875 0.7838426421875 0.5797496078125 0.8593028625000001 0.5891310187500001 0.9285694171875001 0.6634656031249999 0.947817253125 0.6588139859375 0.9708424171875001 0.591263221875 0.9412997531249999 0.5478673109375001
0 0.9770774281250001 0.512931721875 0.9778504937499999 0.49664417031249997 0.9509054718750001 0.467239621875 0.869815384375 0.45339635781250004 0.7444834828125 0.42249835312500006 0.6317764343750001 0.407008415625 0.5900807968749999 0.40754610312499995 0.57559723125 0.466932621875 0.5976550875 0.48435850468749997 0.70752555 0.4994568390625 0.8235308078125 0.5157598828125 0.9316990109375001 0.5304464109375 0.9542671203124999 0.5577683671875 0.9770774281250001 0.512931721875
0 0.8315215546875001 1 0.8421310875 0.968873953125 0.8298260171875 0.9310696984375 0.7115228578125 0.9397799812500001 0.6002098234375 0.9252318203125001 0.508016434375 0.904107325 0.4432469890625 0.8905573296875 0.3802685875 0.8855075046875 0.3664254671875 0.961863925 0.449158840625 0.9952148968750001 0.4708972421875 1 0.8315215546875001 1
0 0.5214110546875 0.702575628125 0.472421065625 0.69775090625 0.4328320109375 0.725866528125 0.4496988078125 0.7452692359374999 0.451835346875 0.7498920890624999 0.47010494999999997 0.7568136703125 0.5535897249999999 0.7677247875 0.628931384375 0.775016665625 0.6932815609375 0.7787929578125 0.7738635 0.7761189671875 0.896380209375 0.7716465890624999 0.9001200062500001 0.7524220234375 0.8659661265624999 0.7343317453125 0.787461653125 0.71981325 0.6974762250000001 0.7169698671875 0.6075345609375 0.7084962453125 0.5214110546875 0.702575628125
0 0.4277900609375 0.635993603125 0.45304980156249997 0.6196567546875 0.42454295625 0.5683531562499999 0.33791043906249996 0.5558135984375 0.269831846875 0.5463295375 0.21132473125 0.5310533828125 0.1948483953125 0.5407376937499999 0.1844247640625 0.543808990625 0.1703903296875 0.5522206171875 0.18694952812500001 0.569413128125 0.2200876046875 0.58237125 0.4277900609375 0.635993603125