0 0.8245820374999999 0.6299457046875 0.816446259375 0.5786904390625 0.739965440625 0.6937350234374999 0.549213571875 0.70937464375 0.558120796875 0.7819271062500001 0.763873196875 0.801206053125 0.8245820374999999 0.6299457046875
0 0.8178973546874999 0.53749368125 0.8082492828125 0.47157440156249997 0.730558634375 0.5748877734375 0.5380226140625 0.6008609703125 0.5449791515625 0.668315409375 0.7466636656250001 0.6619667203125 0.8178973546874999 0.53749368125
0 0.8022001171875001 0.41291835624999995 0.7926879765625 0.3345002875 0.7243123406249999 0.47286975 0.5312019968749999 0.5209077265625 0.537417696875 0.5949953640625 0.7478870375 0.54947760625 0.8022001171875001 0.41291835624999995
0 0.7954848375 0.29253595468750004 0.7862751546875 0.217050675 0.7258075765625 0.33538306093750003 0.5141895937500001 0.42503037812500005 0.5241401234375 0.49388246249999995 0.73848023125 0.4306303640625 0.7954848375 0.29253595468750004
0 0.8004430453125 0.1748112875 0.790023528125 0.087594803125 0.712801865625 0.20927257500000002 0.5109066859375 0.2964796140625 0.5186346765625001 0.38523125 0.72503613125 0.3140858640625 0.8004430453125 0.1748112875
0 0.79611240625 0.8107656140625 0.8142407765625 0.7507407046875 0.8100063593750001 0.709681484375 0.7455014859375 0.83031660625 0.5533732546875 0.818793425 0.5609347140625001 0.8921134703125 0.6357051593749999 0.9022570375000001 0.79611240625 0.8107656140625
0 0.5349538890625001 0.6678228859375 0.4088598796875 0.7024792953125 0.4159523515625 0.757434946875 0.544027640625 0.755806946875 0.5349538890625001 0.6678228859375
0 0.3915450171875 0.6036691359375 0.40105715468750003 0.6820872125 0.53075006875 0.6546940453125 0.5252752234375 0.5739732203125001 0.3915450171875 0.6036691359375
0 0.50049069375 0.48563416718749997 0.4948799140625 0.41741213593750004 0.492793303125 0.42481290937500005 0.48872541406250003 0.3991852734375 0.37043412343750004 0.4542337734375 0.37873643125 0.5209206359375 0.50049069375 0.48563416718749997
0 0.49143047968750003 0.2734297875 0.3707807171875 0.360876628125 0.3843301515625 0.43699195468749996 0.506492203125 0.3642091140625 0.49143047968750003 0.2734297875
0 0.47936274062499995 0.184048090625 0.3723371484375 0.27925069687500004 0.3792936890625 0.34670514375 0.49052310312499997 0.264631371875 0.47936274062499995 0.184048090625
0 0.783446728125 0 0.7184703171875 0.0569843328125 0.5011974203125 0.1746995609375 0.5053265062500001 0.25618797031249996 0.7389151 0.14469333281250002 0.8037530281249999 0.054921393750000005 0.799236128125 0 0.783446728125 0
0 0.582953928125 0 0.484789934375 0.0846878109375 0.504629796875 0.1665312125 0.6974818171875 0.0192705 0.7247030375 0 0.582953928125 0
0 0.24049994843750003 0.5345549093749999 0.24715403125000002 0.5990765453125 0.34822225156250003 0.5290090453125 0.34335231718750003 0.4541538328125 0.24049994843750003 0.5345549093749999
0 0.2280550171875 0.5105999625 0.21302388906249997 0.447751015625 0.10441127187499999 0.59664918125 0.0447286765625 0.6120584250000001 0.054815134375 0.6684117203125 0.1197448546875 0.6624309312500001 0.2280550171875 0.5105999625
0 0.22756897187499997 0.3400848640625 0.2480137515625 0.4277938640625 0.3261427890625 0.3149145 0.315587340625 0.24019681093749998 0.22756897187499997 0.3400848640625
0 0.4333419515625 0.7878855453125 0.438650271875 0.8531747734374999 0.5432426593749999 0.8587300750000001 0.5472187546875 0.8005665609375001 0.4333419515625 0.7878855453125
0 0.3251506625 0.7750670078125 0.3256502453125 0.8213617875000001 0.41917406250000006 0.8301249468749999 0.4161188796875 0.7728665453125 0.3251506625 0.7750670078125
0 0.2972362171875 0.6978291140625 0.3061434375 0.7703815828125 0.4023281859375 0.7496791890625001 0.3982297 0.6961211671875 0.2972362171875 0.6978291140625
0 0.2886314484375 0.628209446875 0.295285534375 0.6927310906249999 0.38578476875 0.6721662265624999 0.3791306828125 0.6076445828125 0.2886314484375 0.628209446875
0 0.202604371875 0.36053453750000003 0.186665871875 0.2888871890625 0.0802452 0.3899554015625 0.014166837500000001 0.44006575000000003 0.025160671875000002 0.5052174468749999 0.10398642031250001 0.481994840625 0.202604371875 0.36053453750000003
0 0.2209319453125 0.42771392500000005 0.202906834375 0.363467340625 0.08366403125 0.506007371875 0.0319506859375 0.5572402953125 0.0505501203125 0.59942210625 0.095701171875 0.56745868125 0.2209319453125 0.42771392500000005
0 0.8249150937499999 0.66080889375 0.829920959375 0.72316531875 0.896573634375 0.6509901890625 0.8942593000000001 0.5870985984375 0.8249150937499999 0.66080889375
0 0.8211020031249999 0.4580329703125 0.8309166031249999 0.539383840625 0.88960003125 0.4313850375 0.8844582375 0.3815274015625 0.8211020031249999 0.4580329703125
0 0.893124234375 0 0.9004067625 0.0525834015625 0.9266349343750001 0 0.893124234375 0
0 0.4482877828125 0.0899809546875 0.344150840625 0.22701038593749998 0.3642625625 0.283856196875 0.47246739375 0.172454409375 0.4482877828125 0.0899809546875
0 0 0.43353202968750004 0.0404466 0.39091810625 0.186968334375 0.291819984375 0.17715373437499998 0.2104691140625 0.02851479375 0.28903762187500004 0 0.320340075 0 0.43353202968750004
0 0.349384428125 0.36065915937500004 0.2388958625 0.43609974218750003 0.24736470000000002 0.518218196875 0.3460438453125 0.4526186671875 0.349384428125 0.36065915937500004