0 0.1340596734375 0.11462095624999999 0.0881269421875 0.12798723125 0.08630028125 0.1858541953125 0.1760511734375 0.18619945625 0.1795708640625 0.1146085875 0.1340596734375 0.11462095624999999
0 0.17447868125 0.2160598265625 0.0924304515625 0.23111476875 0.08569517812500001 0.29482054375 0.1714073875 0.293400775 0.17447868125 0.2160598265625
0 0.1957131734375 0.3216111953125 0.10409189062499999 0.3306310359375 0.10880006406250001 0.391006796875 0.1918955875 0.37270681875 0.1957131734375 0.3216111953125
0 0.20752511562499998 0.406382275 0.120615109375 0.4257922609375 0.1298103609375 0.4936831296875 0.20819460625000002 0.4649930078125 0.20752511562499998 0.406382275
0 0.3196024703125 0.060628579687499996 0.2906124 0.06906460156250001 0.24269718125 0.090358478125 0.255034315625 0.148514225 0.322574015625 0.11415900000000001 0.3196024703125 0.060628579687499996
0 0.275596215625 0.24544049218750003 0.19549208125 0.26875054375 0.1996013546875 0.33812140625 0.2720765265625 0.31703136249999997 0.275596215625 0.24544049218750003
0 0.2887533484375 0.34746179062500004 0.210968003125 0.3671568046875 0.21163749375 0.4257675359375 0.2877766453125 0.4183126671875 0.2887533484375 0.34746179062500004
0 0.299742190625 0.4383529421875 0.2183665609375 0.462033 0.2250188265625 0.5306638703125001 0.300933778125 0.5203339640625 0.299742190625 0.4383529421875
0 0.21245438125 0.5196186953125 0.1273410703125 0.5120433484375 0.1299546515625 0.57890918125 0.20871049375 0.5883345296875 0.21245438125 0.5196186953125
0 0.21469326406250003 0.5983546734375 0.14364008749999999 0.6043295359374999 0.1475251640625 0.6708253703125 0.2140912609375 0.6573353984375 0.21469326406250003 0.5983546734375
0 0.23540566406250002 0.680535746875 0.15717191875 0.6944806953125 0.15828980937499998 0.7588414921875 0.2367477515625 0.7477715875000001 0.23540566406250002 0.680535746875
0 0.23831714218750003 0.767896840625 0.158811903125 0.7822117828125 0.1680071578125 0.8501026515625 0.2398834296875 0.838007709375 0.23831714218750003 0.767896840625
0 0.30534405468750003 0.5602144703125 0.2268861125 0.5712843703125 0.22673250625 0.6360151734375 0.3043673546875 0.631065340625 0.30534405468750003 0.5602144703125
0 0.367067 0.25116582656249997 0.2916004421875 0.26724580468750003 0.2933909296875 0.34023170937499997 0.36691339375 0.31589662343749997 0.367067 0.25116582656249997
0 0.3719225671875 0.346782021875 0.303559778125 0.3872573265625 0.3004147875 0.44697804999999996 0.3792474296875 0.424038 0.3719225671875 0.346782021875
0 0.3880710875 0.453813390625 0.3094626453125 0.47962848593749996 0.3114036296875 0.5378692093749999 0.3897878734375 0.5091790796875 0.3880710875 0.453813390625
0 0.3951717484375 0.5281943328125001 0.312524621875 0.5522443906250001 0.31753069375 0.63311540625 0.3984579296875 0.6036852828125 0.3951717484375 0.5281943328125001
0 0.4068331875 0.6277106015625 0.3290478390625 0.647405615625 0.331661421875 0.71427145625 0.4095972703125 0.6798312531249999 0.4068331875 0.6277106015625
0 0.422235409375 0.7084966453125 0.338540990625 0.73579173125 0.3439217609375 0.804792609375 0.42649518750000004 0.7631223328125001 0.422235409375 0.7084966453125
0 0.42664258437499997 0.79836276875 0.353120115625 0.8226978546874999 0.35992288125 0.87658354375 0.4306781609375 0.8501134203125 0.42664258437499997 0.79836276875
0 0.440251215625 0.856148521875 0.359548184375 0.8884536890625 0.3632090609375 0.9520744859375 0.440171309375 0.9384995437500001 0.440251215625 0.856148521875
0 0.4553699640625 1 0.4507916609375 0.941289609375 0.371959015625 0.964229659375 0.37117598125 1 0.4553699640625 1
0 0.3244808546875 0.722241521875 0.2543244734375 0.7397165359375 0.2600799421875 0.7968472609374999 0.3234304546875 0.7754721890625 0.3244808546875 0.722241521875
0 0.3443701546875 0.8105426734375 0.2565633546875 0.8184525140625001 0.2591769359375 0.8853183546875 0.3435439546875 0.8666483703125 0.3443701546875 0.8105426734375
0 0.34743213906250003 0.8831585875 0.26859949375 0.9060986375000001 0.2733813640625 0.984094615625 0.356028490625 0.9600445578125001 0.34743213906250003 0.8831585875
0 0.2397329296875 0.8527528906249999 0.1719690359375 0.8842330796875 0.17136703281250001 0.9432138109375 0.240626621875 0.914238659375 0.2397329296875 0.8527528906249999
0 0.2229472125 1 0.2504944703125 0.9907546296874999 0.24788088749999998 0.9238887968749999 0.17989279375 0.95249395 0.1835973703125 1 0.2229472125 1
0 0.6117141703125 0.015989571875 0.595496878125 0.028858753124999997 0.6006534484375 0.0949845796875 0.7047073 0.01842031875 0.6117141703125 0.015989571875
0 0.47545432187500003 0.0402685359375 0.38757071875000004 0.080543775 0.4002057546875 0.1591947828125 0.48532217031249997 0.11678451406250001 0.47545432187500003 0.0402685359375
0 0.586894315625 0.051944007812500005 0.500580103125 0.11234450781250001 0.505137778125 0.1874654421875 0.5986325578125 0.1190948765625 0.586894315625 0.051944007812500005
0 0.49249653281250005 0.20878567343749999 0.407380115625 0.25119595 0.413209284375 0.325946890625 0.50191598125 0.279551571875 0.49249653281250005 0.20878567343749999
0 0.50258858125 0.2881766890625 0.4156017703125 0.339952071875 0.42180563906249996 0.40283286250000006 0.5106628390625 0.3416923703125 0.50258858125 0.2881766890625
0 0.718899309375 0.11056012343749999 0.61411158125 0.16751552187500002 0.6281686125 0.2310513484375 0.724504278125 0.1824360296875 0.718899309375 0.11056012343749999
0 0.7184447031250001 0.204781290625 0.60924359375 0.271841796875 0.6207576390625 0.33611762343749996 0.7287609484375001 0.2870473328125 0.7184447031250001 0.204781290625
0 0.7384046 0.360688275 0.6347378640625 0.43201884843749994 0.645278309375 0.5171599421875 0.7478240515625 0.43145417343750003 0.7384046 0.360688275
0 0.6180672515625 0.3016171890625 0.5170940093749999 0.35746258750000004 0.52187588125 0.4354585578125 0.6203061359375 0.3803531671875 0.6180672515625 0.3016171890625
0 0.5161910062499999 0.4459336734375 0.428755796875 0.4919589859375 0.43495966406250003 0.5548397828125 0.5220201703125 0.520684615625 0.5161910062499999 0.4459336734375
0 0.6288256875 0.48960454999999997 0.53682970625 0.5104945359374999 0.54116318125 0.582740434375 0.6338317578125 0.5704755578125 0.6288256875 0.48960454999999997
0 0.4411635328125 0.6177205796874999 0.4388447421875 0.621335615625 0.4361481484375 0.6868064203124999 0.5279936328125 0.6806616156249999 0.5272504421875001 0.6044306671874999 0.4411635328125 0.6177205796874999
0 0.755072109375 0.5410755578125 0.64534890625 0.5847657749999999 0.6576860453125 0.6429215296875 0.756638396875 0.611186428125 0.755072109375 0.5410755578125
0 0.6480361875 0.6692518265625 0.6504286703125 0.6832570078125 0.6556620484375 0.717017434375 0.7634411609375 0.665072115625 0.759030884375 0.6251916093750001 0.6480361875 0.6692518265625
0 0.44452030625 0.7608173625 0.44369720625 0.766937428125 0.44907797812499994 0.8359383046875 0.5436169484375 0.8143083109375 0.5442189515625 0.7553275875 0.44452030625 0.7608173625
0 0.6372715421875 0.5812357031250001 0.5367498 0.59284555 0.537492990625 0.6690765 0.6394367265625001 0.6423514640625 0.6372715421875 0.5812357031250001
0 0.605957415625 0.1963508484375 0.5092470515625 0.25683631875 0.518516003125 0.3423473984375 0.6211354421874999 0.2742618625 0.605957415625 0.1963508484375
0 0.5463841359375 0.8164433484375 0.46231501562500005 0.8556085796874999 0.465303296875 0.9106042750000001 0.5472778265625 0.877929109375 0.5463841359375 0.8164433484375
0 0.7714386156249999 0.750953203125 0.6652319999999999 0.773038159375 0.6748756484375 0.8466790937500001 0.7681431296875 0.8254191093750001 0.7714386156249999 0.750953203125
0 0.7857198453125 0.8173640578124999 0.6944701578125 0.8644993703124999 0.6985057359375 0.9162500296875 0.7881092296875 0.8813548625 0.7857198453125 0.8173640578124999
0 0.3557832421875 1 0.35542959375 0.9690396734375 0.27911982968750004 1 0.3557832421875 1
0 0.5521602125 1 0.5579656703125 0.9983106296875001 0.5547531875 0.94043990625 0.4729291578125 0.9583698843749999 0.4728303703125 1 0.5521602125 1
0 0.661718515625 0.744657796875 0.5614946703125 0.7767628984375 0.5612611578125 0.923844725 0.6789112265624999 0.898429746875 0.661718515625 0.744657796875
0 0.28240829375 0.14936931874999998 0.2638579734375 0.17828962343750002 0.35046698125 0.18836999999999998 0.34560830625 0.142739428125 0.28240829375 0.14936931874999998
0 0.3932493875 0.17003990625 0.38501841875 0.2312406375 0.4904787453125 0.1829103484375 0.4727577328125 0.10573934062499998 0.3932493875 0.17003990625
0 0.48457587812499997 0.09053918125 0.5974409671875 0.037113854687499996 0.5942259937500001 0.01553245 0.4844356546875 0.012662645312500002 0.483626403125 0.012898129687500001 0.48457587812499997 0.09053918125