0 0.35215693593749997 0.4010946234375 0.35835266093749996 0.42929502187499996 0.40776854843750004 0.4257777640625 0.44404310156250004 0.4161472921875 0.49542498437500004 0.3743804890625 0.5293292625 0.35731784218749996 0.5777474953125 0.33751260156249996 0.5709703515625 0.278976359375 0.5255364234375001 0.282368 0.4915495484375 0.2772387921875 0.4333372546875 0.30910300625 0.3501409671875 0.362970690625 0.34992252343749997 0.3672206453125 0.35215693593749997 0.4010946234375
0 0.3644538265625 0.4950331453125 0.3876489765625 0.49593335937500005 0.41177983906250004 0.4964776578125 0.44807503281249994 0.4923951515625 0.48072191875000003 0.45219855000000003 0.5302530156249999 0.41669151718749997 0.5903573875 0.38966344375 0.57961893125 0.3368007859375 0.5384680000000001 0.3580087078125 0.5109365921875 0.3879258765625 0.46723825 0.41704749999999996 0.42188690781249993 0.44263099375000003 0.390748484375 0.4475299828125 0.3656612546875 0.441793634375 0.3644538265625 0.4950331453125
0 0.4913364921875 0.47177342656250004 0.44345838750000005 0.510818578125 0.4186308953125 0.5119282078125 0.3760041203125 0.51425211875 0.37782229375 0.562173965625 0.40591447187499996 0.5570446734375001 0.42982689062499996 0.5618389328125 0.46470818593749996 0.555516303125 0.5016380687499999 0.5331359828125 0.4913364921875 0.47177342656250004
0 0.4694161046875 0.624562275 0.5023227218749999 0.5912116453125 0.49791584218749996 0.540107578125 0.4523460609375 0.569941021875 0.4303463703125 0.5755308875 0.3855884234375 0.5717206406249999 0.38395607656249997 0.573730465625 0.38836295625 0.624834528125 0.41273291093750003 0.6266768484374999 0.43475325 0.6266349499999999 0.4694161046875 0.624562275
0 0.4984233515625 0.6135291234375 0.45492279843750005 0.6328528375 0.42472009687499995 0.6373959218749999 0.396129084375 0.6343812078125 0.40103479843749995 0.6936292703125 0.433826209375 0.692268409375 0.457478890625 0.6902166859375 0.48421911250000005 0.6994911734375 0.51151143125 0.6682759890625001 0.4984233515625 0.6135291234375
0 0.4706615328125 0.7074258203125 0.455867196875 0.697774478125 0.43267204843749996 0.6968742640625 0.40852053593750004 0.69078200625 0.406595834375 0.740127478125 0.4447831125 0.74088111875 0.47476737968749994 0.7405879890625 0.5131111578125 0.7204477859375 0.50593841875 0.6815073703125 0.4706615328125 0.7074258203125
0 0.498645084375 0.4842720390625 0.5034475609375 0.5157802703125001 0.50579718125 0.5176644828125 0.546791609375 0.5173504046875 0.577014959375 0.5183552859375 0.6341556859375 0.5132887703125 0.683592221875 0.515319478125 0.7535113140624999 0.4817803875 0.7796701125000001 0.46071902812500004 0.7703042578125 0.39900055624999997 0.74828391875 0.3990424546875 0.7065722171875 0.39546249375000003 0.6208198390625 0.39196634218750004 0.5810002140625 0.393222521875 0.5283815765625001 0.41740333749999997 0.49847990781249996 0.4398883203125 0.498645084375 0.4842720390625
0 0.5046636609374999 0.527818309375 0.5040909234375001 0.5627600171875 0.5083945609375 0.5861242578125 0.542101053125 0.578859528125 0.560378515625 0.5802412640625 0.5920157734375 0.5834862640625 0.6278327828125 0.576807725 0.6693053953125 0.5790896734375 0.7243562375 0.5789849265625 0.7677742015625 0.537469365625 0.7904292265625 0.5191296515625 0.7771020531249999 0.46308476406250004 0.7395168421875 0.49821493281249996 0.7100933515625 0.5232959546875 0.6482740406249999 0.530142 0.59252656875 0.53190066875 0.5480077140625 0.5293884375 0.5046636609374999 0.527818309375
0 0.6263187375 0.6632705343749999 0.6952967296875 0.6610944828124999 0.753626334375 0.6599611015625 0.8045738671875 0.583439521875 0.7850796890625 0.524688421875 0.7457712578125 0.5937754375 0.6905032015625 0.599759415625 0.6316558875 0.5980821734374999 0.5834569515625 0.5953622703125 0.5114174078125 0.5926877296875 0.5157826328125 0.6752384890625 0.5725591046875 0.6656732296875 0.6263187375 0.6632705343749999
0 0.6045311250000001 0.724475859375 0.643214971875 0.7254198546875 0.6741358109375 0.727474478125 0.719065653125 0.7370952578125001 0.723610903125 0.6644461734375 0.6380730406249999 0.6794814328125 0.5959833390625 0.6816749718749999 0.557444346875 0.6779127578125 0.523131334375 0.6826746296875 0.5256053625 0.721338421875 0.558994484375 0.71877005 0.5743619390625 0.7156880390625 0.6045311250000001 0.724475859375
0 0.22323871718750002 0.42602207343750004 0.183469140625 0.4499015453125 0.12509375 0.4327176625 0.0390022171875 0.5048507640625 0.044684803125 0.5442649937499999 0.1100542828125 0.556600421875 0.1253865 0.5113812249999999 0.18911919375 0.4805753765625 0.23512952343750002 0.44775761249999996 0.22323871718750002 0.42602207343750004
0 0.1797863515625 0.3528336796875 0.2458766453125 0.36051855625 0.347183946875 0.3110445 0.3410921734375 0.26084494999999996 0.271807015625 0.2871981515625 0.2518246375 0.272916696875 0.1917935921875 0.306690971875 0.1797863515625 0.3528336796875
0 0.7567653875 0.2909246125 0.8536827656250001 0.2518730734375 0.8519158593749999 0.17377021875 0.7348859953125 0.16357872499999998 0.6573791484375 0.162424421875 0.597789834375 0.215724415625 0.596348209375 0.22502551718750002 0.5746451203125 0.2442214328125 0.582490140625 0.26968400625 0.675933571875 0.2888467984375 0.7567653875 0.2909246125
0 0.636294109375 0.3476878546875 0.687610346875 0.35223939375 0.7208600921875 0.3614744890625 0.7677213515625 0.3589677578125 0.80495183125 0.3469950171875 0.8631645765625 0.32047691562499997 0.8599885765625 0.26041556250000003 0.8179915 0.28076589375 0.7671495125 0.3044804609375 0.727282346875 0.30213873593749996 0.6578996046875 0.3022707578125 0.602095846875 0.28192053906250003 0.6008168625 0.33492361875 0.636294109375 0.3476878546875
0 0.8534498796875001 0.38762955625 0.8022962781249999 0.4267799890625 0.8017706406249999 0.48387290937499994 0.8617691531249999 0.4413582359375 0.8534498796875001 0.38762955625
0 0.9204750203125001 0.34900682656250004 0.8656197703125 0.3851888265625 0.8717766093750001 0.45286916250000003 0.9258785156249999 0.4125973140625 0.9204750203125001 0.34900682656250004
0 0.8751666374999999 0.47127346562500005 0.8602110890624999 0.518537584375 0.8820768140625 0.5430436453125 0.947153540625 0.47671551718750005 0.9211119156249999 0.42097490937500004 0.8751666374999999 0.47127346562500005
0 0.572436484375 0.146592865625 0.4995147421875 0.187458421875 0.5085548265625001 0.23653655625 0.5505844359375 0.22492661875 0.5808208140625 0.2178023375 0.658853303125 0.16186371875 0.6506316171875001 0.1343562140625 0.619609359375 0.1286502578125 0.572436484375 0.146592865625
0 0.217095553125 0.46118155625 0.1567203703125 0.501651309375 0.1554413875 0.55465439375 0.2066925765625 0.541725140625 0.2667236171875 0.507950865625 0.3193513703125 0.468239725 0.3318003421875 0.44162272500000005 0.28819900781249996 0.42757217968749994 0.217095553125 0.46118155625
0 0.28976555625 0.650171915625 0.3407051296875 0.652678534375 0.3768706578125 0.6520518203125001 0.379967928125 0.5917925625 0.3493548703125 0.596871921875 0.30983184218750004 0.5878347296875 0.29070039531249997 0.6038643031250001 0.28976555625 0.650171915625
0 0.22649345156249998 0.6064040453125 0.1696572703125 0.606140253125 0.1650207859375 0.6494794265625 0.23255270625 0.6478632015625 0.22649345156249998 0.6064040453125
0 0.29422054062499997 0.657230190625 0.24403430625000003 0.658813415625 0.24090450468750002 0.71033228125 0.301409803125 0.7048241125 0.29422054062499997 0.657230190625
0 0.240332665625 0.6558449828125 0.1768790609375 0.6624745625 0.1814641578125 0.7044944265625 0.23864448437500002 0.698062746875 0.240332665625 0.6558449828125
0 0.894666278125 0.15750972968750002 0.8626441203124999 0.180630590625 0.8554034796875 0.2183957015625 0.8757625203125 0.23472207812499998 0.903706359375 0.20658786562499998 0.9523859109374999 0.1968249546875 0.9507816453125001 0.16242407812499998 0.933682515625 0.12954042187499998 0.894666278125 0.15750972968750002
0 0.9349563109375 0.2734765953125 0.949632778125 0.2503887359375 0.9476843703125001 0.2226833375 0.9218053875000001 0.2106447078125 0.8912248593750001 0.2244644609375 0.8621510125 0.24646390937499998 0.8588260359375001 0.24554039843750003 0.867424390625 0.2750928203125 0.87451606875 0.29646555625 0.9025249640625 0.285812134375 0.9349563109375 0.2734765953125
0 0.9194939765625 0.2837342078125 0.87160029375 0.30632736562499996 0.8738277859375 0.3098565 0.8643596484374999 0.344092478125 0.871451321875 0.36546520781249997 0.89688858125 0.3579781234375 0.927404053125 0.326677578125 0.9376580609375 0.3052718421875 0.9194939765625 0.2837342078125
0 0.7433852546875 0.75184738125 0.843120596875 0.73149011875 0.8403813343750001 0.6592906859375 0.9111719234375 0.562053196875 0.8404501296875001 0.545008028125 0.787839709375 0.6148229609375 0.740185234375 0.6886121625 0.7433852546875 0.75184738125
0 1 0.42331233125 0.9783452859375 0.42224674687499997 0.941019875 0.48331824218749997 0.9021815562500001 0.536176225 0.9319607140624999 0.5717239265625 1 0.5564695562499999 1 0.42331233125
0 0.16545554843750002 0.3108502984375 0.1222131203125 0.30898738125 0.0759888953125 0.3357244265625 0.012443334375 0.3759162421875 0.00444170625 0.40413671874999996 0.016845290625000002 0.41772945000000006 0.0785910125 0.41255447187499994 0.13790474218749998 0.376261090625 0.17484329375000002 0.3439006578125 0.16545554843750002 0.3108502984375
0 0.0020949640625000003 0.50170310625 0.0390646375 0.4756538265625 0.07216535156250001 0.44933078593750003 0.063171596875 0.41841937656250006 0.031870717187499994 0.40972557812500005 0.0017521203124999999 0.41959919687499997 0.0020949640625000003 0.50170310625
0 0.0540177171875 0.60748821875 0.0082249390625 0.6169141859375 0.018395096875 0.6721274265625 0.0644812171875 0.66429399375 0.0540177171875 0.60748821875