0 0.4840478234375 0.217460925 0.3133368609375 0.050112148437500004 0.2393212015625 0.1491264859375 0.239323896875 0.19808787187500002 0.3191106703125 0.1578057296875 0.4818542453125 0.284849296875 0.4840478234375 0.217460925
0 0.47993368593749997 0.3223935203125 0.309224071875 0.1795254453125 0.23259655 0.23156986562499998 0.23191333281249998 0.2939399125 0.3111513734375 0.2643846890625 0.47677848125000005 0.38407331093749997 0.47993368593749997 0.3223935203125
0 0.47650411875 0.3894367703125 0.29316155625 0.272961615625 0.2291696734375 0.34757450625 0.2267017328125 0.4203263453125 0.3027791796875 0.3545281421875 0.47183855625 0.4561348984375 0.47650411875 0.3894367703125
0 0.4741747046875 0.4839875671875 0.2852022578125 0.3795405671875 0.218738390625 0.45346321562499997 0.2164076296875 0.5235333171875001 0.2831472140625 0.46872790468750003 0.4733543046875 0.5490393375 0.4741747046875 0.4839875671875
0 0.4642921515625 0.5791493578125 0.28095094062500003 0.4871548921875 0.1988307109375 0.5485457499999999 0.1959512234375 0.6293427765625 0.27724835468750003 0.5840422968750001 0.4589406734375 0.659256134375 0.4642921515625 0.5791493578125
0 0.29904254375 0 0.2641728546875 0.055424453124999995 0.2622522953125 0.09296866875000001 0.3326998546875 0.039198621875 0.4929727890625 0.190032634375 0.4964023609375 0.122989384375 0.37695790625000003 0 0.29904254375 0
0 0.600510925 0.3424618453125 0.4924267578125 0.2497209390625 0.4883112703125 0.3301728453125 0.59914044375 0.3937598375 0.600510925 0.3424618453125
0 0.49009734531250004 0.3442717359375 0.483921421875 0.41598820312499996 0.6005190125000001 0.489346 0.6029869531250001 0.416594175 0.49009734531250004 0.3442717359375
0 0.59832948125 0.630176459375 0.6002486921875 0.568151546875 0.4929903140625 0.5082816546875 0.488599115625 0.5696163249999999 0.49134546874999996 0.564943115625 0.49134681718750006 0.589423796875 0.59832948125 0.630176459375
0 0.584322009375 0.6344252906250001 0.471709459375 0.605700790625 0.472263584375 0.6928966484375 0.58556204375 0.7082124999999999 0.584322009375 0.6344252906250001
0 0.57649854375 0.713841825 0.471852034375 0.7009418375 0.47048290000000004 0.7767205265625 0.5733433421874999 0.775521615625 0.57649854375 0.713841825
0 0.175655421875 0.7076437640625 0.2521236828125 0.7075884859375 0.4508441953125 0.7685168171875 0.4582561125 0.6971454796875001 0.2466255875 0.6190121421875 0.1800218453125 0.646655134375 0.175655421875 0.7076437640625
0 0.44686185156249997 0.7728449125 0.2647606734375 0.7546376484375 0.20131348125 0.7450815468750001 0.191842478125 0.8321981421875 0.2797351640625 0.8540201749999999 0.45263431406250004 0.8560577968749999 0.44686185156249997 0.7728449125
0 0.6270289906250001 0.583789453125 0.6211274312499999 0.650142459375 0.7184951703125 0.6582899796875 0.7215131921875 0.5992919125 0.6270289906250001 0.583789453125
0 0.8927688390625 0.6824716890625 0.8372849875 0.639778703125 0.7257752953125001 0.6875231421875 0.73003605 0.75127366875 0.841408559375 0.706210965625 0.8937331640625 0.7371416546875 0.8927688390625 0.6824716890625
0 0.6170146453124999 0.77955574375 0.61591988125 0.8499709734374999 0.7033983234375001 0.8308768109375 0.6979002296875 0.742300465625 0.6170146453124999 0.77955574375
0 0.5068417296875001 0.16398483749999998 0.495720490625 0.209840115625 0.5899343703125 0.304148115625 0.5941883812500001 0.2454951828125 0.5068417296875001 0.16398483749999998
0 0.6075112921875 0.27913568906249997 0.6024328328124999 0.3293983171875 0.679341459375 0.3943938921875 0.6851071828124999 0.3552033171875 0.6075112921875 0.27913568906249997
0 0.610948946875 0.3589766015625 0.6072436671875 0.40690262187500004 0.692529878125 0.4796775203125 0.69472345625 0.4122891484375 0.610948946875 0.3589766015625
0 0.6145237890625 0.43613578437499995 0.6115057671875 0.49513384531250004 0.6904734875 0.54438416875 0.69349150625 0.4853861078125 0.6145237890625 0.43613578437499995
0 0.8959361765624999 0.841118134375 0.8264448515625 0.80267399375 0.72715655625 0.8320706953125001 0.7310057640625 0.9038664125 0.83414056875 0.897304046875 0.89648895 0.903833296875 0.8959361765624999 0.841118134375
0 0.8871416515625 0.7434612296875 0.8448435218749999 0.73709049375 0.7206981796874999 0.762266453125 0.7272937390624999 0.829388965625 0.846769471875 0.7974690468750001 0.8971694749999999 0.792501871875 0.8871416515625 0.7434612296875
0 0.1815011953125 0.07858083125000001 0.17491238125 0.133861796875 0.24316501562499998 0.1229994328125 0.24728184843749998 0.0670282234375 0.1815011953125 0.07858083125000001
0 0.15802811562500002 0.267869040625 0.155696009375 0.313458453125 0.21927903437500001 0.295852128125 0.2218841578125 0.2204185671875 0.15802811562500002 0.267869040625
0 0.098306425 0.57759733125 0.055049364062499995 0.6144793984375 0.05299296875 0.679186040625 0.0969372921875 0.6533760203125001 0.098306425 0.57759733125
0 0.5807592984375 0.7775923578125 0.47474096250000003 0.7915096687500001 0.4840842171875 0.8784396546875 0.5901012078125001 0.8400416546875 0.5807592984375 0.7775923578125
0 0.86778809375 0.925739615625 0.731142946875 0.9011846890624999 0.7292779312500001 0.9551877703124999 0.9194621828124999 0.9431480203125 0.9183252765625 0.9180907156250001 0.86778809375 0.925739615625
0 0.71053048125 0.6669461484375 0.618655446875 0.6494522093749999 0.6035532109374999 0.7241162703125 0.7066893640624999 0.7420345953124999 0.71053048125 0.6669461484375