0 0.918276790625 0.256325915625 0.9437504140625 0.2708894828125 0.9416937046875 0.24775519687499997 0.9344425484375 0.211697275 0.9191136984374999 0.18319664062500002 0.8873007875000001 0.1608222015625 0.8522759437499999 0.1499403265625 0.8344986499999999 0.1637431453125 0.8138484890625 0.1685128421875 0.7970995515625 0.193882803125 0.7718700375 0.2191036015625 0.7799373468749999 0.24106037656249998 0.80637551875 0.2389589375 0.825075059375 0.2238891125 0.84211040625 0.22290551718749999 0.8681034000000001 0.22849562968749998 0.8964921718750001 0.23669432656249997 0.904527575 0.244535028125 0.918276790625 0.256325915625
0 0.910092996875 0.25104905624999996 0.8880115999999999 0.23654515781250002 0.8636405265624999 0.232266809375 0.844135209375 0.2319237296875 0.8244814999999999 0.23414449375 0.8072235703124999 0.2389738546875 0.78365826875 0.250108415625 0.789107209375 0.273302365625 0.8139976499999999 0.268607253125 0.84065840625 0.26266005 0.867170765625 0.25927669062500003 0.9013475515625 0.2701436578125 0.9381004171875 0.2951714328125 0.93098726875 0.28606371875000003 0.9322063015625 0.279669028125 0.910092996875 0.25104905624999996
0 0.8380400375000001 0.263897225 0.815396984375 0.27376477499999996 0.7986903328125 0.2837367421875 0.792011978125 0.29645156250000004 0.8074150187500001 0.323670275 0.8365457468749999 0.319049746875 0.870468040625 0.3196464046875 0.8882030484375001 0.321241578125 0.9077825640625001 0.3203027296875 0.9225386 0.3000306296875 0.9220615265625 0.2936061015625 0.896407596875 0.26749030937499996 0.8648810890625 0.269502246875 0.8380400375000001 0.263897225
0 0.8482701640625001 0.321822421875 0.8157472046875001 0.3263832859375 0.794874459375 0.334998753125 0.7736307421874999 0.35002383125000003 0.7918005375 0.373441528125 0.821779325 0.368835909375 0.8600161 0.3682252359375 0.88777940625 0.37256324687500003 0.9035957124999999 0.377974359375 0.915139825 0.36919480937500004 0.917800478125 0.3525596453125 0.8994822875 0.3317057984375 0.8737118765625 0.322269921875 0.8482701640625001 0.321822421875
0 0.9127336640625 0.396100275 0.8901009890625 0.3764537703125 0.857800615625 0.37716886562499996 0.8283411984375 0.3728010109375 0.8048500890625 0.3826536515625 0.7829386078125 0.4092160390625 0.7608045453125001 0.4396242015625 0.7724866671874999 0.45779485937500003 0.8005148468750001 0.44288912343750003 0.8343310374999999 0.43065162968750004 0.8797974359375 0.422468753125 0.8970872765625 0.4317554546875 0.9176951421874999 0.4423837578125 0.9340627234375001 0.452937465625 0.9391933578125 0.437628971875 0.9127336640625 0.396100275
0 0.9277130640625 0.4746406625 0.916624503125 0.4462146015625 0.88314738125 0.4379264046875 0.8278752687500001 0.43952067968749997 0.7994442046875 0.446719965625 0.7831404359375 0.46439839843749997 0.7726988734375 0.48346315781250004 0.7570947718750001 0.5037203484375 0.770144328125 0.512932478125 0.787847425 0.5004115734375 0.8072466374999999 0.48792050624999994 0.8322112765625 0.48194347187500003 0.8599003843749999 0.487563409375 0.8811018203125001 0.4879363203125 0.8995364921875 0.492110253125 0.9106354328125 0.4910222421875 0.9277130640625 0.4746406625
0 0.8859891046874999 0.535501725 0.9020599031250001 0.5511831296875 0.9183955828125001 0.5476207703125 0.908928940625 0.520506478125 0.8963987578125 0.5023208875 0.8755682984375 0.49553835937499996 0.8509746421875001 0.495105775 0.82298875 0.494613534375 0.8060276046875 0.49431520156250003 0.7929357687499999 0.5005010734375 0.779695540625 0.5092507859375 0.7682256234375 0.516748409375 0.757603765625 0.52426094375 0.7647488203125 0.5474847296875 0.7840738359375 0.536275584375 0.8048723875 0.5289420390624999 0.8450278625 0.5245154265624999 0.8660067093749999 0.5287341125 0.8859891046874999 0.535501725
0 0.867702825 0.52876394375 0.8354766453125 0.52819711875 0.80996073125 0.5290315390625 0.7794625749999999 0.54261061875 0.765257809375 0.5680253265624999 0.7666467609375001 0.602696921875 0.7911024062500001 0.5761792812500001 0.812303846875 0.576552190625 0.830484021875 0.5704558203125 0.8610882828124999 0.5697108937500001 0.8800000328124999 0.580309359375 0.9167951859375 0.5899391453125 0.9222225999999999 0.5695029609375 0.8964202875 0.545951021875 0.867702825 0.52876394375
0 0.866727903125 0.57494300625 0.8211553921875 0.5702917421875 0.793053021875 0.586479409375 0.7669435453125 0.597569225 0.753035559375 0.617856246875 0.7567141859375 0.64230228125 0.7901594000000001 0.636474415625 0.8172972312500001 0.6369517421875 0.8625729625 0.646730690625 0.9007355374999999 0.6474019328125 0.9151844171875 0.661771590625 0.9182902468749999 0.63744488125 0.9200605562499999 0.6361927921875 0.895371171875 0.5934120109375 0.866727903125 0.57494300625
0 0.8601029812500001 0.645404021875 0.83296515 0.644926690625 0.8099934062499999 0.6458058656250001 0.7820075156249999 0.6453136234375 0.7544245109375 0.6525278375 0.756184440625 0.680789809375 0.7712587906249999 0.699020140625 0.8052552796875 0.6983348875 0.82807863125 0.7000195453125 0.8640999218750001 0.70835249375 0.9001954109374999 0.715403521875 0.9075734328125 0.7052674718749999 0.917315325 0.68362395 0.8942055703125 0.657552909375 0.8601029812500001 0.645404021875
0 0.7971033953125 0.7071740906249999 0.7649514140625 0.7053253421875 0.7557288875 0.7179954046875 0.7612097390625 0.7553054218749999 0.8024358578124999 0.74704795 0.8318952765625 0.751415803125 0.8623511421875 0.75323471875 0.89844663125 0.7602857421875 0.9229341859375 0.7478841796875 0.9066088921875 0.721932471875 0.86372894375 0.7147621125 0.8235415671874999 0.7050726578125001 0.7971033953125 0.7071740906249999
0 0.7911143328125 0.7519817296875 0.7664464703125 0.752831078125 0.752538484375 0.7731181015625 0.764623496875 0.798995225 0.796923865625 0.7982801296875001 0.8316942203125001 0.7988917015625 0.8576872124999999 0.8044818093749999 0.8931572234375 0.8076721515624999 0.9033339140625 0.8078511453124999 0.8898176609374999 0.7627004265624999 0.85364798125 0.7569313265625001 0.812389959375 0.751072725 0.7911143328125 0.7519817296875
0 0.6614334546875 0.440442809375 0.6380907312499999 0.4477316015625 0.6270236984374999 0.46293567968750005 0.6422464484375 0.47860216875 0.6769745078125 0.4946117421875 0.7160593328125 0.49401597812500003 0.739031078125 0.4931367921875 0.7542961125 0.49340529218749996 0.77381180625 0.4642343140625 0.7526949515625 0.43306541562499995 0.717776209375 0.4350176859375 0.6863980890625 0.43446577499999994 0.6614334546875 0.440442809375
0 0.6353670328125001 0.5387928875 0.66844126875 0.5393746296875 0.7022893625 0.5412532078125001 0.7379819624999999 0.5405977859375 0.7522505453125 0.5434152140624999 0.7596708546875 0.51788116875 0.7503845109375 0.502319090625 0.71284740625 0.505508534375 0.6867802171874999 0.5012003484374999 0.6494656937500001 0.5005440218749999 0.6299603765625 0.50020094375 0.6353670328125001 0.5387928875
0 0.6686957578125 0.5496449265625001 0.6464236828125001 0.5531028703125 0.62993961875 0.5592290734375001 0.635314365625 0.5837049375000001 0.639067190625 0.60686905 0.6807384812499999 0.5909200453125 0.7108975671875 0.5978666578125 0.757466521875 0.5999689890625 0.75669265625 0.5986721515625 0.754678234375 0.56013988125 0.7375367875000001 0.5482893265625 0.705236421875 0.549004415625 0.6686957578125 0.5496449265625001
0 0.6429261187499999 0.6428673093749999 0.6700639546875 0.643344640625 0.7005198203125 0.6451635625 0.7249650937500001 0.6481599828125 0.7446187984375 0.6459392187499999 0.751742325 0.625532865625 0.7460708015625 0.606184690625 0.7036679359375 0.6054388656249999 0.6803675 0.5973296625 0.657650253125 0.608479140625 0.6352297874999999 0.6145009265625 0.6429261187499999 0.6428673093749999
0 0.6646046343750001 0.6496647578125 0.6498908812499999 0.6545388703125 0.63060815 0.650350021875 0.6248839515625 0.6759138984375 0.6280113093749999 0.6952173265625 0.6507604625 0.698183915625 0.6937888015625 0.7027904265625 0.7200785749999999 0.7032528421875 0.7458170749999999 0.6985726453125001 0.751096096875 0.6807003093749999 0.7454987609375 0.6600702078125 0.7188802984375 0.650619415625 0.6908944109374999 0.6501271734375 0.6646046343750001 0.6496647578125
0 0.6684954703125 0.699779090625 0.6448982578125 0.696797584375 0.6140714140625 0.701388275 0.6198490453125001 0.73357060625 0.6379127421875 0.7441541515625001 0.668516996875 0.743409225 0.6962061078125 0.7490291578125 0.7234923359375001 0.7469426453125 0.7504817765625 0.7499838140625 0.7477995890625 0.7229888546875001 0.7430503171875 0.7023736625 0.71830826875 0.7045049328124999 0.6877040078125 0.7052498593750001 0.6684954703125 0.699779090625
0 0.667149575 0.7523677703125 0.652181325 0.7469715781249999 0.631276671875 0.741470971875 0.61711419375 0.751487696875 0.621640884375 0.7759486453125 0.6299307765625 0.7940596453125 0.661785978125 0.801036090625 0.6971817984374999 0.805508359375 0.7461888203125 0.7948212859375 0.74011440625 0.7677666578125 0.7272132499999999 0.755990690625 0.7010718625 0.7529644265625001 0.667149575 0.7523677703125
0 0.729998459375 0.3851867703125 0.7037086859375 0.3847243546875 0.66016098125 0.389091303125 0.6469207578125 0.3978410171875 0.65738384375 0.4224063875 0.6748220703125 0.429129246875 0.7059776046875 0.43352692656249997 0.7331896343750001 0.43272233125000004 0.7577832953125 0.433154915625 0.7626171453125 0.42297411875 0.7664545453125 0.4153422421875 0.7662423390625 0.38967395 0.7528218140625 0.3868714375 0.729998459375 0.3851867703125
0 0.7354681640625 0.349352590625 0.7110228921874999 0.34635616874999997 0.6743338359375 0.34956052187500003 0.6548285218750001 0.34921744375 0.6402950671875 0.365643775 0.6341998953125 0.3976172703125 0.6567687531249999 0.389031640625 0.6792634140625 0.3817279328125 0.7079489703124999 0.3847989375 0.7334648875 0.38396450625 0.7541150453125 0.379194809375 0.7593940640625 0.361322478125 0.758588290625 0.3459095671875 0.7354681640625 0.349352590625
0 0.7222902125 0.1810179328125 0.6831311859375 0.18289561875 0.66273551875 0.19793560625 0.645435309375 0.21816296093749998 0.6180645109375 0.25104546562499996 0.64862648125 0.265698528125 0.683364921875 0.25219403906250004 0.7122730640625 0.251419275 0.73642155625 0.2595433984375 0.7560752609375 0.257322634375 0.7706829140625 0.2396143703125 0.7697710375 0.2113673140625 0.7538486265625 0.1931220625 0.7222902125 0.1810179328125
0 0.7614922953125001 0.26640050625 0.7406618390624999 0.259617978125 0.7212307171875 0.257992971875 0.70618826875 0.2538787140625 0.6772059328125 0.25593539375 0.65511415625 0.27094555 0.6423932984375 0.270721809375 0.624944690625 0.29351300625 0.6413122765625 0.30406671875 0.6751284625 0.2918292359375 0.701195653125 0.29613741562499996 0.7292557390625001 0.29534774218750004 0.7512310328125 0.29701749375 0.7649483359375 0.294692309375 0.775018921875 0.2820371625 0.7614922953125001 0.26640050625
0 0.56047080625 0.2487492140625 0.535538078125 0.2688423265625 0.5207078390625 0.2903963484375 0.5367786421875 0.3060777578125 0.5571743015624999 0.29103775781249996 0.5853085859375 0.2889661625 0.6072838765624999 0.290635915625 0.6243934140625 0.2883703984375 0.6351317578125 0.26417794375 0.6203118953125 0.256217909375 0.623969 0.23703380937500002 0.589749925 0.2415648375 0.56047080625 0.2487492140625
0 0.5722063687500001 0.32466609062499996 0.5538036 0.33460822968750004 0.5275776421875 0.3623779546875 0.5215989515625 0.377671534375 0.529040790625 0.3957676234375 0.553008984375 0.39233951718750004 0.57403011875 0.3811602015625 0.6073269359375 0.3778961796875 0.6288251453125 0.3731414046875 0.6396695968749999 0.36178309531249997 0.6570862953125001 0.32487582656249997 0.630542021875 0.3141431125 0.60225935 0.31877855624999996 0.5722063687500001 0.32466609062499996
0 0.603934709375 0.3778365171875 0.5809629671875001 0.3787156859375 0.5591679703125 0.3885981625 0.5379242468750001 0.4036232359375 0.5241646531249999 0.42134641562499997 0.517518209375 0.4481772984375 0.5356561 0.45747892187500006 0.558299153125 0.4476113703125 0.5879492468749999 0.43401738125 0.6173344703125 0.4396671515625 0.6314227578125 0.4309323546875 0.6332353546875 0.4142822703125 0.63522825 0.409184409375 0.632620265625 0.380907521875 0.603934709375 0.3778365171875
0 0.5992284890625 0.44448159531250003 0.5721648546875 0.44272233749999995 0.5493734109374999 0.45515374218750004 0.5366844546875 0.46904606718749997 0.5202322984375 0.4892883375 0.511857825 0.5019733203125 0.50775555625 0.52884895 0.5296247421875 0.51768455625 0.54987201875 0.505208409375 0.5772324359375001 0.501839965625 0.604815440625 0.49462575781250007 0.6230275265625 0.5026454546875 0.6271298015625 0.4757698265625 0.6236737578125 0.4474780171875 0.5992284890625 0.44448159531250003
0 0.5416459359375 0.5153295390625 0.516013540625 0.53284388125 0.50781936875 0.557081090625 0.5141905640625 0.579008028125 0.542515521875 0.558974590625 0.5678511375 0.54658794375 0.596059615625 0.543234415625 0.6151197578125001 0.5512690390625 0.6275119328125001 0.5425044046874999 0.6293245265625 0.5258543203125 0.6195611046875 0.5038677140625001 0.5918719968749999 0.49824778125 0.5635893203125 0.5028832249999999 0.5416459359375 0.5153295390625
0 0.6120985078125 0.5447997531250001 0.586656790625 0.544352253125 0.562688596875 0.547780365625 0.5458335515625 0.5603161796875 0.525734675 0.5702284828125 0.516289559375 0.5867443265625 0.51016248125 0.6046017421875 0.51860076875 0.6201488984375 0.5436818875 0.59749195 0.5568479171875 0.5900241625 0.5892224890625 0.588027140625 0.6075829671874999 0.593483 0.6255405640625 0.59123239375 0.6273954484375001 0.5591843203125 0.6120985078125 0.5447997531250001
0 0.5854592828125 0.594377090625 0.5557030859375 0.5951369328125 0.5413922125 0.60771749375 0.51860076875 0.6201488984375 0.5001557125 0.6454890343749999 0.5263712953125 0.647233365625 0.5529578546875 0.642568084375 0.567374828125 0.64282166875 0.5885020671875 0.64447650625 0.61069994375 0.6423004828125001 0.6341168578125 0.6337297703125 0.629335675 0.5989985171875001 0.6126713140625 0.59357249375 0.5854592828125 0.594377090625
0 0.5202338390625 0.6946048484375 0.5391136828125 0.691087246875 0.5738098359375 0.692980746875 0.591173865625 0.700985528125 0.622297496875 0.691267140625 0.6255198015625 0.650260528125 0.5945126562499999 0.64329899375 0.56730063125 0.644103590625 0.5384666859375 0.6435964328125 0.518844884375 0.6599332703125 0.5202338390625 0.6946048484375
0 0.5151351156249999 0.724029415625 0.534121059375 0.7333459546875 0.55495151875 0.7401284828125 0.5743826375000001 0.7417534890625 0.6124710265625 0.7437066515625 0.6137004359375 0.70779789375 0.582544903125 0.7034002078125 0.55762255625 0.693979253125 0.5395165671875 0.6987937015625 0.515145496875 0.6945153546875 0.5151351156249999 0.724029415625
0 0.5095593093749999 0.74702944375 0.50148161875 0.7545867421875 0.5038670265625 0.78670939375 0.5322238921875 0.780792028125 0.5566691609375 0.7837884500000001 0.5861285781250001 0.7881562921875 0.610022575 0.7860101187499999 0.600778515625 0.7550500453125 0.5740116640624999 0.7481630953125 0.55233315 0.7413656625 0.5261917656249999 0.7383393984375 0.5095593093749999 0.74702944375
0 0.3824991078125 0.74222811875 0.40870430625000004 0.7734865171875 0.4471636671875 0.7690300671875 0.48101176562500003 0.7709086578125001 0.4980471046875 0.7699250625 0.49101852968750004 0.7300213656250001 0.46911742968750003 0.727069690625 0.441205734375 0.725295528125 0.4113753390625 0.7273372921875 0.3971067578125 0.724519865625 0.3824991078125 0.74222811875
0 0.43277783281250004 0.680234303125 0.40781319375 0.6862113375 0.37933984375 0.7088086234375 0.40226929531250005 0.7233274375 0.42347073125 0.7237003484375 0.4583152765625 0.7230300109375001 0.47605028281250006 0.7246251734375 0.4877005 0.728679775 0.5055097046875 0.728993021875 0.5031984921875 0.69558845 0.4850606 0.6862868203125 0.45552698906250005 0.68320089375 0.43277783281250004 0.680234303125
0 0.3745586609375 0.6740773703125 0.40102873125 0.6860920109374999 0.4441735515625 0.6740186015625 0.4811912953125 0.6798026187499999 0.5111700781249999 0.6751970109375 0.5001557125 0.6454890343749999 0.4870319671875 0.6375588265625 0.455176771875 0.6305823875 0.4312827765625 0.6327285734375 0.40794005625 0.640017359375 0.3745586609375 0.6740773703125
0 0.41382302187500003 0.5823755734375 0.3958973359375 0.598742246875 0.38007065 0.622845196875 0.40584105625 0.6322810734375001 0.444851690625 0.6329672296875 0.46719796249999995 0.6282273703125 0.5032934484375 0.63527839375 0.50367480625 0.59935471875 0.4913672125 0.5773233656250001 0.466148078125 0.5730300953125 0.433921903125 0.5724632703125 0.41382302187500003 0.5823755734375
0 0.4306565328125 0.5262096296875 0.41103473125 0.542546465625 0.398971253125 0.560299465625 0.3988866796875 0.59109545 0.4321515890625 0.573715359375 0.47116222343749997 0.5744015171875 0.48981948906249995 0.5747296796875 0.5051587125 0.5737162578125 0.50858285 0.58789199375 0.506239734375 0.5403713421874999 0.47976966406250005 0.5283567015624999 0.45709470156250004 0.524108190625 0.4306565328125 0.5262096296875
0 0.40201326562500006 0.5077406234375 0.39072365 0.526790465625 0.4069428390625 0.539908034375 0.43821485468750004 0.5276257984375 0.459787265625 0.5215890953125 0.49123958281249996 0.520859078125 0.50573075 0.5198307421874999 0.5048930671875 0.49030176406250003 0.47643009999999997 0.48338498281250003 0.447596153125 0.48287782031250004 0.42395664999999993 0.495294309375 0.40201326562500006 0.5077406234375
0 0.44647207499999997 0.428962471875 0.43013640000000003 0.4325248265625 0.41371614531249995 0.46688317343749997 0.3984830265625 0.48073074218749995 0.4328082015625 0.489033859375 0.473186265625 0.480761471875 0.5003982875 0.47995688124999997 0.515292346875 0.4866349890625 0.5251084359375 0.4637095453125 0.512101175 0.43909942187500006 0.505359 0.4235821015625 0.477076328125 0.4282175453125 0.44647207499999997 0.428962471875
0 0.43494872031250004 0.37871389375 0.40208669375 0.4038004375 0.42257807812500003 0.43110866249999996 0.44953561249999996 0.42003376406250004 0.4828324359375 0.41676973593750005 0.5127689328125 0.4275621125 0.5266027234374999 0.40855701718750004 0.521227978125 0.3840811515625 0.5272489546875 0.353389578125 0.4953514671875 0.3618111296875 0.46002983906250006 0.35605694374999997 0.43494872031250004 0.37871389375
0 0.429680078125 0.36707216875 0.46397334375000004 0.36125921875 0.4963479140625 0.359262196875 0.5319663203125 0.359888690625 0.5393443390625 0.34975263437500004 0.5454714171874999 0.33189521875 0.5446975593750001 0.3305983765625 0.5161603921875 0.324963521875 0.4867009734375 0.3205956734375 0.4578670265625 0.3200885171875 0.43278590625 0.342745465625 0.429680078125 0.36707216875
0 0.1230706 0.4031287578125 0.122263746875 0.40100661875 0.099211690625 0.37764793281250003 0.0749339171875 0.356726965625 0.06051637343750001 0.3622116796875 0.0529047203125 0.3719148875 0.0572117828125 0.3818277421875 0.0608822953125 0.393368909375 0.061464825 0.41141383125 0.0741148921875 0.408357303125 0.08490269375000001 0.409366803125 0.10376949687499999 0.41133816875000007 0.12169497343749999 0.41083370781250006 0.1230706 0.4031287578125
0 0.07177201093749999 0.43946689375 0.0841647125 0.4314872921875 0.0949999109375 0.43167787031250004 0.1055981234375 0.4359630734375 0.11834298437499999 0.43126869062499995 0.1088553140625 0.41716593281250003 0.0954061125 0.4152898546875 0.077927596875 0.4174417015625 0.06986897812500001 0.425497534375 0.06298867500000001 0.431934578125 0.07177201093749999 0.43946689375
0 0.0794718328125 0.446980140625 0.0681152578125 0.45579772968750004 0.0594200859375 0.46548188125 0.053548887499999996 0.482593521875 0.06881296718749999 0.4812224890625 0.074846734375 0.47067176406250005 0.08782858906249999 0.46188277031249997 0.10669539218749999 0.463854134375 0.116399675 0.464844578125 0.11819416406250001 0.45257977499999996 0.1188307171875 0.45095146093749994 0.10613988125 0.4359726015625 0.09092320468750001 0.4365247140625 0.0794718328125 0.446980140625
0 0.0690637046875 0.5049998812500001 0.08119902968750001 0.4920972015625 0.0960161421875 0.4890787859375 0.11212674687499999 0.49182143749999996 0.113779040625 0.4820133984375 0.1048331234375 0.46792016875 0.0918782796875 0.4668725453125 0.07781291093750001 0.4756424828125 0.0646414625 0.4877071796875 0.0605851375 0.5015717140625 0.0690637046875 0.5049998812500001
0 0.1104000375 0.5122850062500001 0.1015963140625 0.495735 0.0760862015625 0.4961060625 0.0659757234375 0.5115036234375 0.05897361250000001 0.529415134375 0.0662264625 0.53528100625 0.08175454062500001 0.5199787421875001 0.100668746875 0.5211311734375 0.1104000375 0.5122850062500001
0 0.06541407031249999 0.568057034375 0.0740144515625 0.5600107296875 0.08789023124999999 0.5545164890625001 0.102822521875 0.558877921875 0.1085041265625 0.545041971875 0.10186744375000001 0.528530084375 0.090090921875 0.52586366875 0.07744084375 0.5289201968749999 0.06643644062500001 0.5410230109375 0.0589399671875 0.5581060671875 0.06541407031249999 0.568057034375
0 0.06789963437499999 0.600071309375 0.0814706453125 0.5904729093750001 0.094025921875 0.5890542296875 0.1070281609375 0.5892829265625 0.11499198125000001 0.58286494375 0.102842903125 0.5678956125 0.0923868875 0.5611536453125 0.07639146249999999 0.5657908375 0.06804845468750001 0.578760225 0.062746040625 0.58604478125 0.06789963437499999 0.600071309375
0 0.077834271875 0.61582144375 0.091615265625 0.61196505 0.1087416078125 0.6065279828125 0.10403497343749998 0.59414883125 0.0942832953125 0.593977309375 0.0822697765625 0.5954055171875 0.0704662390625 0.6025757296875 0.06165588749999999 0.604880034375 0.0631323390625 0.6262197015625001 0.077834271875 0.61582144375
0 0 0.391387725 0.0241374140625 0.391083090625 0.054265996875 0.38587471875 0.04273309375 0.3602593765625 0.0182861078125 0.351631803125 0 0.3507969375 0 0.391387725
0 0 0.4256525 0.000970671875 0.425925196875 0.003557653125 0.437447309375 0.024855503125 0.42552555 0.047115056249999995 0.425097309375 0.06466135468749999 0.4311442421875 0.063652246875 0.42046964062500003 0.0514353875 0.3973015453125 0.029859782812500003 0.395282528125 0.010708596875 0.39822471406250004 0 0.3957338984375 0 0.4256525
0 0 0.4878310625 0.002691234375 0.48989656718749997 0.014711381249999999 0.46961404531250006 0.030375021875 0.4707093140625 0.044223790624999995 0.47505168593749997 0.054679809375 0.4817936578125 0.05564814999999999 0.47443287031250003 0.0558377421875 0.4711571734375 0.0474132015625 0.44805578125 0.028593795312499996 0.4452654890625 0.011067884375 0.4482362578125 0.0039979890625 0.457949 0 0.4562919265625 0 0.4878310625
0 0 0.5110939218749999 0.0151450859375 0.5089700500000001 0.035968951562500004 0.505237528125 0.043336984375 0.518483246875 0.0550661125 0.5219685843749999 0.0588854484375 0.51219866875 0.059522003125 0.5105703546875 0.048977820312499996 0.486611909375 0.0369913171875 0.47820350625 0.0195602046875 0.47953642187499995 0.00919235 0.490010915625 0 0.4903824046875 0 0.5110939218749999
0 0 0.5546100953125 0.013574320312499999 0.5548488546875 0.0244839328125 0.54438389375 0.0373913765625 0.5462504375 0.054748078125 0.5555730671875 0.0579308625 0.547431465625 0.050989403125 0.5268154265625 0.035610153125 0.52080661875 0.015612432812499999 0.51963511875 0.0042354703125 0.5194350062499999 0 0.5188641796875 0 0.5546100953125
0 0.1181370453125 0.4569182578125 0.1127104359375 0.46437343281250004 0.11517674687499999 0.47487151718750004 0.126524309375 0.4779752015625 0.1358374359375 0.47639655625 0.1449154890625 0.4788795 0.15257333281250002 0.485984 0.15761139531249999 0.49188078125 0.15943458906250002 0.48029650625000003 0.14966070468749998 0.4632809046875 0.13791485 0.45378123593749997 0.125732421875 0.4518245109375 0.1181370453125 0.4569182578125
0 0.1139341984375 0.49633989375 0.11413098906250001 0.5062172359375 0.12411107031249999 0.506392775 0.1322390671875 0.50537410625 0.14068375 0.5055226453125 0.14861025 0.5079853265625001 0.1557210328125 0.50462550625 0.1537920453125 0.4848437921875 0.1400742203125 0.48286006718749996 0.12635639999999998 0.48087633125 0.11859310781250001 0.48887121875000006 0.1139341984375 0.49633989375
0 0.11065251093749999 0.5264846515625 0.1161560328125 0.537616971875 0.128794171875 0.5250612921875 0.1395755296875 0.52467010625 0.1486199921875 0.52773328125 0.163004771875 0.531471190625 0.162740809375 0.5227542921875 0.1489269359375 0.5091525390625 0.131236290625 0.5094221906249999 0.1215393171875 0.510994078125 0.11447655937500001 0.520162921875 0.11065251093749999 0.5264846515625
0 0.12353077187499999 0.542974034375 0.11638641093749999 0.5469140953125 0.11169391718749999 0.55496299375 0.11778277968749999 0.5626207140624999 0.1314045515625 0.5529864156250001 0.1414853765625 0.55142128125 0.156004484375 0.5528382921875 0.1673520453125 0.555941965625 0.16380135468749998 0.5442631734375001 0.15596115625 0.5336705734375 0.144647175 0.52998666875 0.13187940625 0.5315045453125 0.12353077187499999 0.542974034375
0 0.1119867609375 0.5764583703125 0.11012998125 0.5886228703125 0.12159743281249999 0.5830163984375 0.1292263953125 0.577342415625 0.1405259328125 0.574637084375 0.15365840625 0.5800954218750001 0.1600877984375 0.56859216875 0.1465570265625 0.5567378374999999 0.1335397390625 0.55592805625 0.12412586249999999 0.55924738125 0.1152110265625 0.5672220109375 0.1119867609375 0.5764583703125
0 0.12085392187499999 0.609140078125 0.137177078125 0.6059422984375 0.150645384375 0.6055983656249999 0.158672634375 0.6063203765625 0.16266459687499998 0.597097528125 0.1545748765625 0.5841772640625 0.1424932015625 0.5804798484375 0.129308 0.5825712015625 0.118272421875 0.5939934328125 0.11257715312500001 0.606090415625 0.12085392187499999 0.609140078125
0 0.3280818203125 0.43924830937500003 0.3269848140625 0.4582020625 0.33747830156249997 0.461232584375 0.3589589328125 0.4587644609375 0.3757218578125 0.461905253125 0.37894268593749997 0.4496294265625 0.380196575 0.449651478125 0.3650479 0.42946333125 0.3516703578125 0.411203640625 0.3396799921875 0.4015062140625 0.3315533171875 0.41179845000000004 0.3280818203125 0.43924830937500003
0 0.3694683359375 0.4940494375 0.35960946250000003 0.4692110734375 0.3466082015625 0.4661364375 0.3320239484375 0.4687258703125 0.3269458765625 0.4914042140625 0.335746675 0.5019941859375 0.3556443171875 0.5051901234375 0.369358634375 0.49594481406249996 0.3694683359375 0.4940494375
0 0.3400491671875 0.5144023421874999 0.327047903125 0.5113277015625 0.3287565078125 0.53602271875 0.34568398437500003 0.5363204546875 0.360377940625 0.5318356453125 0.362478175 0.5280779718749999 0.3570314921875 0.5137523875000001 0.3400491671875 0.5144023421874999
0 0.3614283390625 0.5679029156250001 0.3674547828125 0.5613683421875 0.3681914296875 0.55948399375 0.3603466796875 0.5432189265625 0.3442655484375 0.5391414609375 0.3283177046875 0.54360421875 0.3243838203125 0.5681999890625 0.338176578125 0.568442590625 0.35134239218749996 0.56867416875 0.3614283390625 0.5679029156250001
0 0.35334883906250003 0.59906633125 0.365668309375 0.6030776234374999 0.36692986875 0.5812808140625 0.35523734375 0.5772805453125 0.3603077421875 0.5764210734375 0.34422661250000003 0.57234360625 0.33106079843749997 0.572112034375 0.3202617953125 0.585203225 0.32257375312500003 0.5994736734375 0.3404024296875 0.59504400625 0.35334883906250003 0.59906633125
0 0.36345070156250003 0.6305495390625 0.3511937578125 0.6037716859375 0.3327929921875 0.607242640625 0.3167354515625 0.6136007703125 0.314980234375 0.643926775 0.32487804531250003 0.63556299375 0.34213461875 0.6301746125000001 0.36085681406250003 0.6428363984375001 0.36345070156250003 0.6305495390625
0 0.3563821 0.6550901687499999 0.35012033593749997 0.633161021875 0.33542638125 0.6376458375 0.3178407015625 0.6487203484374999 0.3141262171875 0.6695253703125 0.3167124296875 0.6790573765625 0.33012890625 0.664114921875 0.34648429062499997 0.66345394375 0.3563821 0.6550901687499999
0 0.20331055937500003 0.486822809375 0.21490580937499998 0.4859011578125 0.21539391718749998 0.4774677703125 0.1969966640625 0.460823028125 0.162843175 0.4590967078125 0.1536237203125 0.46399972968750003 0.158273153125 0.4865934375 0.170770440625 0.495818028125 0.188707234375 0.4882543375 0.20331055937500003 0.486822809375
0 0.24625087343750002 0.46602288124999997 0.23398786249999998 0.44957702812499994 0.2152273734375 0.4455016234375 0.200839925 0.4514909375 0.2110196453125 0.47539099374999993 0.21779576875 0.48674644999999994 0.23143031406249998 0.479495421875 0.24226979843750002 0.46345590937500003 0.24625087343750002 0.46602288124999997
0 0 0.5855951734375 0.008786545312500001 0.59270144375 0.028974734375 0.5919287984375 0.056643925 0.6036928265625 0.0606031828125 0.5868464328125 0.04638648125 0.561786190625 0.025005682812500003 0.544494090625 0.0084416 0.5599910390625 0 0.5616447921875001 0 0.5855951734375
0 0.19843754062500002 0.5489333375000001 0.21678113125 0.548390965625 0.21613793281250002 0.5397294328125 0.20602635 0.5265762421875 0.1929278578125 0.52548083125 0.1840526609375 0.530514865625 0.16906059375 0.542361471875 0.16773869375 0.55531355625 0.182080559375 0.5547007921875 0.19843754062500002 0.5489333375000001
0 0.21698876562499997 0.5699577140625001 0.21708534375 0.556127753125 0.197643015625 0.5515298875 0.1851972015625 0.5598227703124999 0.16688005156250002 0.572268275 0.1697191375 0.584021921875 0.187851728125 0.5747650906249999 0.199014271875 0.564321690625 0.21698876562499997 0.5699577140625001
0 0.22719282500000001 0.5031068375000001 0.2408604 0.49802736562499994 0.24819956406250002 0.492836584375 0.24132608906250003 0.47782004999999994 0.2227364171875 0.48281295 0.2176562171875 0.49761922500000005 0.22719282500000001 0.5031068375000001
0 0.0198349546875 0.6213956796875 0.034256765625000005 0.6210091624999999 0.05345944375 0.625828196875 0.053628596875000004 0.6155882578125 0.0548608328125 0.6162501125000001 0.048905846875 0.6020613703125 0.036012384375 0.59799349375 0.015408317187500001 0.6027525390624999 0.0040750453125 0.6083148421875 0.00404876875 0.630720746875 0.0198349546875 0.6213956796875
0 0 0.6505933203125001 0.0163870078125 0.644381584375 0.0278842609375 0.64330345 0.042544075 0.646122028125 0.05115378281250001 0.6437127421875 0.051724921874999996 0.64116205625 0.0525340703125 0.641816465625 0.04946663125 0.6289588765625 0.0327284171875 0.6254635562499999 0.020533059375000003 0.6239686859375 0.0090887421875 0.631449578125 0 0.63923755625 0 0.6505933203125001
0 0.216436228125 0.594548134375 0.2171195859375 0.58274139375 0.216473325 0.581041634375 0.2062867578125 0.5769228703125 0.193398984375 0.57444499375 0.187461925 0.5805313484375 0.177531134375 0.58485905625 0.1907397609375 0.5946589609374999 0.20453411875 0.5943387921875 0.216436228125 0.594548134375
0 0.1774615 0.5989277859375 0.17715008593749998 0.610741078125 0.1957471375 0.6110681796875 0.21539492968750001 0.612539359375 0.2164176828125 0.6013013875000001 0.2127633546875 0.6001115171875 0.19504035 0.5975485953125 0.1774615 0.5989277859375