0 0.9514659796875 0.49499609375000003 0.9530996859374999 0.45722312187499997 0.8265855906249999 0.39843804375 0.8264420875 0.4238825390625 0.79512105 0.471617225 0.8039755203125001 0.4849971375 0.9172817484375001 0.529346578125 0.9514659796875 0.49499609375000003
0 0.821083678125 0.40237160781250003 0.7447743671875 0.330219025 0.689013346875 0.300658809375 0.715846334375 0.3494930734375 0.6978070046875 0.41729763281250004 0.7964718140625 0.46250328906249993 0.816197540625 0.4410619953125 0.821083678125 0.40237160781250003
0 0.7142559953125 0.34359065625 0.692665809375 0.3012590046875 0.670055396875 0.26396886249999996 0.6082743640625 0.20677127031250003 0.481932153125 0.1534948328125 0.29720321875 0.19686909375 0.2722151453125 0.2372602984375 0.2943796984375 0.301663215625 0.322161296875 0.3057349359375 0.4506244953125 0.306811190625 0.48567023125000003 0.31836040625 0.574717215625 0.363103775 0.5918387484375 0.3860599125 0.6662857062499999 0.4285705390625 0.6948983515625 0.42923233749999995 0.7043835984375 0.40274054843749996 0.7142559953125 0.34359065625
0 0.275811334375 0.24736017187499998 0.29302602499999997 0.18849540625 0.29402255 0.1850642640625 0.26139819062499997 0.1760075484375 0.1941719953125 0.1846498046875 0.181018796875 0.2137639703125 0.17630455312499999 0.2579630046875 0.21851429375000003 0.25875881875 0.275811334375 0.24736017187499998
0 0.1803028796875 0.16077625 0.13058536406250001 0.1597165390625 0.06345930625 0.186589690625 0.052856 0.2673803875 0.147520025 0.251792559375 0.1649285703125 0.22385970156249999 0.1689446078125 0.163155871875 0.1803028796875 0.16077625
0 0.1279904921875 0.33192559843749997 0.131196640625 0.2577961375 0.09714335156250001 0.2596514125 0.0288424703125 0.27891718593750003 0.0111185328125 0.3267858921875 0.033011075 0.36744927031249996 0.11926452968750001 0.367729715625 0.1279904921875 0.33192559843749997
0 0.1435890296875 0.3728446078125 0.21662195 0.3783739265625 0.2501491078125 0.371298475 0.275252309375 0.274509628125 0.1852307765625 0.2586206671875 0.1394532234375 0.2786781171875 0.12099836718750001 0.34818763750000004 0.137116975 0.3690450390625 0.1435890296875 0.3728446078125
0 0.44592362812499997 0.4565918921875 0.5564192515624999 0.512750465625 0.640451590625 0.547000190625 0.692461975 0.5013683671875 0.678048834375 0.43001574062500003 0.578557040625 0.3659900484375 0.4664710875 0.3039290640625 0.29070727343749997 0.3098748046875 0.27628361562500003 0.3075614953125 0.2508366453125 0.3933330546875 0.2830738546875 0.4350478625 0.44592362812499997 0.4565918921875
0 0.7866954828125 0.562114025 0.8097494546874999 0.5048031125 0.7993764015625 0.4727985390625 0.7070278390625 0.416341646875 0.6858286203125 0.454019171875 0.6713854828125 0.531923603125 0.7866954828125 0.562114025
0 0.8144920828125001 0.491557215625 0.8100932234375 0.5158204015625001 0.7805344046875 0.5749661515625 0.8885802734375 0.5976790828125 0.9173364171875 0.5728963874999999 0.9198011734374999 0.5317135000000001 0.8156285125 0.48655711718749994 0.8144920828125001 0.491557215625
0 0.7866521078125001 0.6057894171875 0.7618359171875 0.6516892703125 0.8792235296875001 0.6733549015625 0.89081476875 0.6692914609375 0.90995715625 0.6218165250000001 0.8885802734375 0.5976790828125 0.7903415828125 0.5778842890625 0.7866521078125001 0.6057894171875
0 0.7866954828125 0.562114025 0.7101709171875 0.528128190625 0.655810909375 0.5585452703125 0.64894729375 0.62399134375 0.7679252390625 0.6515593921875 0.788242446875 0.6116918328125001 0.7808268593750001 0.57342170625 0.7866954828125 0.562114025
0 0.63886125625 0.5410977796875 0.6402797062500001 0.5414915484375 0.5772804828125 0.5203619703125 0.5176054421875 0.4855927359375 0.3948594171875 0.4424161671875 0.2889195453125 0.44213158750000003 0.23812734687499998 0.45169539687500004 0.21960074375 0.5339271671875 0.23589123125000003 0.560293215625 0.41351291718749994 0.5895786328125 0.6242028640624999 0.6571689515625 0.651440425 0.61376159375 0.6520712109375 0.573889896875 0.63747169375 0.5463741515625 0.63886125625 0.5410977796875
0 0.14337818125 0.37442380937499997 0.11552483124999999 0.3830743375 0.10132533125000001 0.45376516718750004 0.1267856859375 0.47357527499999996 0.22656448281250002 0.4867119796875 0.25653882656250004 0.42586127031250004 0.2472952390625 0.3761367015625 0.14337818125 0.37442380937499997
0 0.110294934375 0.41074744062499996 0.1174664046875 0.3619503328125 0.0742178890625 0.3661463625 0.04902955 0.370075784375 0.045361603125 0.3726981625 0.0115190578125 0.3997094609375 0.011647565625 0.448893490625 0.10149721874999999 0.4592738140625 0.110294934375 0.41074744062499996
0 0 0.5185524796875 0.0071335828125 0.5295543140625 0.0909940375 0.5582954015625 0.1131885875 0.47344125937500003 0.0976573890625 0.4563875390625 0.0986854875 0.4514411375 0.00922619375 0.4464009953125 0 0.47047918125 0 0.5185524796875
0 0 0.6299500640625 0.062810296875 0.6615103046875 0.07447329375 0.6447246171875001 0.0895755875 0.5579016328125 0 0.5333197937499999 0 0.6299500640625
0 0 0.7178504515624999 0.03926905 0.7332484265625 0.047507735937500004 0.7118715140625 0.06263841249999999 0.6560016625 0 0.6282975828125 0 0.7178504515624999
0 0 0.8194481218749999 0.01599981875 0.8287260875 0.0566342265625 0.7489909609375001 0 0.7190841375 0 0.8194481218749999
0 0.21918521875 0.535632121875 0.2201010625 0.48150433281250005 0.21871294218749998 0.4754307984375 0.117272053125 0.4691139265625 0.093558925 0.5353434015625 0.0951776359375 0.5721989562500001 0.18754879375 0.6033026625 0.2082381453125 0.6054055296875 0.21918521875 0.535632121875
0 0.18915250781249998 0.7147867453125001 0.2174363796875 0.6298027296875001 0.1960594953125 0.605665284375 0.0990325828125 0.5680968671875 0.074716925 0.6375110140625 0.12840278125 0.6906410296875001 0.18915250781249998 0.7147867453125001
0 0.1915738890625 0.7172792453125 0.0913564546875 0.6679553874999999 0.0678249375 0.6720039515625 0.043696284375 0.7399383828125 0.060230417187499996 0.7590908328125 0.0992161109375 0.79175720625 0.16647068125 0.8140680937500001 0.1887653640625 0.7474448437500001 0.1915738890625 0.7172792453125
0 0.13391304531249998 0.9253332359374999 0.158747653125 0.851970940625 0.1492056484375 0.8165564515625 0.058560603125 0.7590192796874999 0.0238947390625 0.7963318828125 0.013263050000000002 0.846169440625 0.084385834375 0.9023197296875001 0.11114782187500001 0.9190134750000001 0.13391304531249998 0.9253332359374999
0 0.0337879703125 0.8668803875 0.012637818749999998 0.8916665203124999 0.11671174375 0.9205580546875 0.0337879703125 0.8668803875
0 0.43395862812499997 0.5988951078125 0.3843128640625 0.5851131515625 0.2669252609375 0.5634475140624999 0.2354757109375 0.561998171875 0.21121854999999998 0.5807485781249999 0.2020053140625 0.63097990625 0.22864047968749998 0.6583973828125 0.4082964015625 0.7228334015625 0.6006899921875 0.7598602109375 0.623456946875 0.7534382890625 0.6483732734375 0.7257693234375 0.6512535453125 0.6828814750000001 0.625449425 0.652054078125 0.5360870531249999 0.627246559375 0.43395862812499997 0.5988951078125
0 0.6009384625 0.758423628125 0.4899791109375 0.7418683828125 0.404456565625 0.7199471375 0.3582351109375 0.7107564015625 0.248742421875 0.6566965640625 0.21604630937499997 0.6603620984374999 0.196560153125 0.6968197453125 0.189424525 0.7385262796875 0.20855191718750002 0.765679871875 0.3436768515625 0.8450584703124999 0.5684945406249999 0.85468020625 0.591848896875 0.8520619703125 0.62561969375 0.8377729171875 0.636523396875 0.811674896875 0.6296464046875 0.7715393046875 0.6009384625 0.758423628125
0 0.348935128125 0.848338509375 0.21263538906249999 0.7613525390625 0.17928011093750001 0.7739366328124999 0.15830375624999998 0.822722759375 0.1647652234375 0.864563309375 0.2686124921875 0.9480012109375 0.31967670625 0.9621769359375 0.5364709671875 0.9550088484374999 0.56141566875 0.958293025 0.604599959375 0.93023443125 0.60831128125 0.8839366671875 0.5772415984375 0.85565593125 0.46130809531250005 0.8595105000000001 0.348935128125 0.848338509375
0 0.568723115625 1 0.5724249343750001 0.9814731859375 0.5683130875 0.9548473828124999 0.5587994625 0.950386034375 0.421925690625 0.9651780390625 0.2981333671875 0.9635781375000001 0.16877705 0.8661081078124999 0.14740548281250002 0.8798680734375001 0.14532787656249999 0.8883928578125 0.1413445375 0.9109510875 0.1375905984375 0.9263541421875001 0.4028798390625 1 0.568723115625 1
0 0.7803759015625 0.6750391765625 0.7589990171875 0.650901725 0.7136086078125 0.6383010828125 0.6565525375 0.6172357546875 0.6358658546875 0.6403832640625 0.648903921875 0.6676667296875001 0.6413527734375 0.711078225 0.72971221875 0.7337870140625 0.7689131687499999 0.728286646875 0.7803759015625 0.6750391765625
0 0.7264597937499999 0.7347044359375 0.653548053125 0.7165699062499999 0.611034665625 0.760911646875 0.6329272109375 0.801575025 0.7191089093749999 0.814577715625 0.7347118640625 0.8189091859375001 0.75229229375 0.796484975 0.747664796875 0.7533332359375 0.7264597937499999 0.7347044359375
0 0.59285183125 0.8541606953124999 0.6090705703125 0.8932489953125 0.696914359375 0.8994318531250001 0.7192658015625 0.8947148875 0.738995590625 0.8510436374999999 0.7229487390625 0.8174639796875001 0.6408574171875 0.8059301671875 0.59285183125 0.8541606953124999
0 0.5825922890624999 0.9459686859374999 0.57978376875 0.976134284375 0.6838896734375 0.9777300546875001 0.6954809125 0.9736666125 0.7194660578125001 0.9311766718750001 0.7044221359375 0.89969575 0.615814784375 0.8900402015625 0.5825922890624999 0.9459686859374999
0 0.6908357609375 1 0.698733334375 0.9727491953125 0.57842015625 0.9689000046875 0.5665026609375 1 0.6908357609375 1
0 0.7703032484375 0.6977272796875 0.7585685 0.727235215625 0.87661526875 0.7399822890625 0.8817016609375001 0.73775368125 0.9011160703125001 0.714018284375 0.8816449046875 0.6758474015625 0.7803896531250001 0.6497924265624999 0.7703032484375 0.6977272796875
0 0.85331765625 0.8045068046875 0.87072620625 0.7765739515625001 0.8727754375 0.7370960203125 0.7639317109375 0.7235369359375 0.7452434171875 0.750840740625 0.7467903765624999 0.8004185390625 0.85331765625 0.8045068046875
0 0.8340317640625001 0.877426240625 0.846697690625 0.862739275 0.8569856031249999 0.8018844312500001 0.7558141484374999 0.7941330640625 0.7332216609375 0.8312376625000001 0.7307569046875 0.8724205546875 0.8340317640625001 0.877426240625
0 0.701757115625 0.904416853125 0.7062127312500001 0.9420599515625 0.8077253765625001 0.9356545734375 0.8217379875 0.934083628125 0.8435737765625 0.9128407296875001 0.83285695 0.8698188625000001 0.73426883125 0.8701077703125 0.701757115625 0.904416853125
0 0.7906547234375 1 0.8050169796875 0.9840510640625 0.8129836484374999 0.9389346078124999 0.7204767234375 0.9391286125 0.69371869375 0.9622555546875 0.6819931984375 1 0.7906547234375 1