0 0.1709214859375 0.045016853125 0.1046406875 0.057847262499999996 0.1034979125 0.1273453171875 0.2110182703125 0.1246023359375 0.300240759375 0.1352067859375 0.35264127031250003 0.1272534453125 0.3498088078125 0.0662778359375 0.29662645 0.045016853125 0.1709214859375 0.045016853125
0 0.3257328984375 0.1352067859375 0.278913478125 0.1465909328125 0.1509229671875 0.12841451875 0.14870414999999998 0.19088017031249999 0.2195156484375 0.2120890796875 0.28182976875 0.2332979875 0.3177677390625 0.2160889875 0.361193090625 0.19042816406250002 0.3634786359375 0.13482971875 0.3257328984375 0.1352067859375
0 0.344645696875 0.26958893906250003 0.3455601203125 0.2120890796875 0.280079059375 0.226820903125 0.2680799484375 0.22361329843750002 0.167115140625 0.1988335125 0.141623 0.2041357375 0.090950225 0.20757528593750002 0.089236065625 0.2685197375 0.151536609375 0.28632025625 0.2053533484375 0.2969247078125 0.264835009375 0.294273596875 0.280079059375 0.2995265609375 0.30579143593749997 0.28455775 0.344645696875 0.26958893906250003
0 0.34884055625 0.3970648109375 0.3473624203125 0.3361907625 0.2830634171875 0.3735452921875 0.24389276249999997 0.35417627500000004 0.172203071875 0.3375742625 0.1330324171875 0.34310826875 0.0994982125 0.3422546890625 0.0989268234375 0.4053375359375 0.1271198625 0.4053658171875 0.18033283125 0.4095163171875 0.22541603906250002 0.42335132968750006 0.2830634171875 0.4413368421875 0.314843384375 0.4247348296875 0.34884055625 0.3970648109375
0 0.308359446875 0.4908285796875 0.2787966875 0.5018965921875 0.16276285625 0.4756100671875 0.10063393125 0.478088025 0.098348384375 0.535824865625 0.1598065828125 0.5447851218750001 0.22188837499999997 0.5517026281249999 0.27953575625 0.579372646875 0.321760390625 0.543309275 0.3238798953125 0.4963625859375 0.308359446875 0.4908285796875
0 0.33258103906250003 0.4164338234375 0.2823243484375 0.451021346875 0.2468490390625 0.4399533421875 0.1572011625 0.419281975 0.1581607625 0.471773865625 0.2039830390625 0.48007487187500003 0.2387192796875 0.48560887812500003 0.27641179843749997 0.499443890625 0.3037573484375 0.478691371875 0.3333201078125 0.45378835312500004 0.33258103906250003 0.4164338234375
0 0.356231246875 0.27393321406250004 0.3177996609375 0.287768225 0.2838024890625 0.3057537375 0.2224597625 0.29606923125 0.172942140625 0.291918725 0.170724934375 0.3348072625 0.2328067265625 0.350025775 0.299322934375 0.3666277859375 0.34366707500000004 0.3361907625 0.373229834375 0.32373925 0.386533075 0.291918725 0.356231246875 0.27393321406250004
0 0 0.3454622859375 0.0199548625 0.34449176875 0.070950621875 0.34449176875 0.10716500312499999 0.3417247625 0.15889983125 0.34449176875 0.163493465625 0.311247859375 0.16481238125 0.291918725 0.1469232640625 0.28237943906249996 0.1366383125 0.27703343281250004 0.0920701890625 0.267410628125 0.0413878625 0.2767002140625 0 0.27596423125 0 0.3454622859375
0 0 0.4053658171875 0.048778553125 0.4053658171875 0.0960789671875 0.4053658171875 0.098296171875 0.352792775 0.028823690625 0.350025775 0.00073906875 0.350025775 0 0.4053658171875
0 0.0051734828125 0.4095163171875 0.0022172078125 0.473157365625 0.0620817953125 0.477307871875 0.10642593125 0.48007487187500003 0.1478137953125 0.478691371875 0.1485528625 0.41228331718750005 0.05764738125 0.4095163171875 0.0051734828125 0.4095163171875
0 0.0029562765625 0.478691371875 0.0022172078125 0.477307871875 0.0022172078125 0.5298809078125 0.051734828125 0.5312644140625 0.0953398984375 0.5340314140625 0.09903524375 0.482841871875 0.0384315859375 0.48007487187500003 0.0029562765625 0.478691371875
0 0 0.27061823125 0.048778553125 0.2653179078125 0.0879492078125 0.26116740312500003 0.0886882765625 0.212744865625 0.085213553125 0.2032585796875 0 0.2118121828125 0 0.27061823125
0 0 0.2086045796875 0.056169240625000005 0.2075251578125 0.091644553125 0.2061416578125 0.1478137953125 0.2006076578125 0.1474946515625 0.131622121875 0.0532129671875 0.138350109375 0 0.1465909328125 0 0.2086045796875
0 0.0092191921875 0.139106525 0.1040693 0.1187917078125 0.10635484375 0.1145149078125 0.107497615625 0.061054865624999996 0.048644837499999996 0.06853926875000001 0.0052194890625 0.0813696828125 0.0092191921875 0.139106525
0 0.41207414687500005 0.3390552859375 0.40353166093750004 0.34449176875 0.359187525 0.351409275 0.3554921796875 0.38461329843750003 0.357709384375 0.40813281718749994 0.377664246875 0.4067493171875 0.3995036515625 0.4032073359375 0.414359690625 0.394653725 0.41493107812499996 0.36685450625 0.41207414687500005 0.3390552859375
0 0.35836384374999997 0.21288958593750001 0.35607829999999996 0.24924241406249997 0.35607829999999996 0.266349628125 0.3902284203125 0.2725497140625 0.41150275937499997 0.271695634375 0.40864583125 0.2235815921875 0.38579038125 0.2193047859375 0.35836384374999997 0.21288958593750001
0 0.3769251796875 0.467623359375 0.35322136875 0.47591299375 0.3440791890625 0.47912059687499997 0.3452219609375 0.5315114390625 0.358448453125 0.5298809078125 0.40750305468750003 0.505850615625 0.40796607500000004 0.48975937812500003 0.4050097984375 0.45932235312499997 0.3769251796875 0.467623359375
0 0.419502165625 0.114523103125 0.41835939375000003 0.073893475 0.38727214375 0.07747606093750001 0.3743626578125 0.070685871875 0.36179215937500003 0.06747826875 0.3621437984375 0.1079130859375 0.3621437984375 0.127282096875 0.37914238437500003 0.148034615625 0.400575384375 0.141117109375 0.4168349015625 0.136966603125 0.419502165625 0.114523103125
0 0.3663632515625 0.40962254218750005 0.3675060234375 0.44383696875 0.3680774109375 0.46201338437499995 0.420530246875 0.44825434687500004 0.44418045624999997 0.4427203421875 0.44344138749999995 0.3915308046875 0.4027925921875 0.3998318109375 0.3663632515625 0.40962254218750005
0 0.38464760937500003 0.29628725 0.380620525 0.3417247625 0.399836315625 0.34310826875 0.4252160296875 0.3390552859375 0.4486148703125 0.33204025625 0.4463976609375 0.30021973125 0.444643159375 0.29094124374999997 0.38464760937500003 0.29628725
0 0.7265048046875 0.2573312015625 0.759762909375 0.2600982015625 0.764197321875 0.22551067656249998 0.7678926671874999 0.166020128125 0.738329909375 0.150801615625 0.701376459375 0.141117109375 0.67403090625 0.138350109375 0.6326430453125 0.135583103125 0.5831254234375 0.135583103125 0.5350859375 0.145267609375 0.480394834375 0.178471640625 0.4752213515625 0.26286520156250004 0.48926366093749996 0.26286520156250004 0.530651525 0.2711662078125 0.5705612515625 0.28500121875 0.6149053875 0.2711662078125 0.680682528125 0.2587147015625 0.7265048046875 0.2573312015625
0 0.622373078125 0.3337038109375 0.61551644375 0.3262194078125 0.618373375 0.327288609375 0.6149360546875 0.323057725 0.601222784375 0.316642525 0.56979654375 0.2909817015625 0.47837475312500005 0.26852848125 0.47837475312500005 0.3647565609375 0.5441002968750001 0.385153378125 0.5838644921875 0.41366682343749994 0.6269441687499999 0.44383150000000005 0.6319039734375 0.350025775 0.6298010984375 0.3390498171875 0.6240872375000001 0.3337038109375 0.622373078125 0.3337038109375
0 0.9918305671875001 0.5367984140625001 0.99478684375 0.3929143046875 0.9689194296875 0.36524428124999997 0.9208799453125 0.33204025625 0.8772748765625 0.31405474375 0.859537221875 0.32235575 0.7848912546875 0.3389577625 0.6947248375 0.351409275 0.6348602515625 0.3666277859375 0.63116490625 0.4413368421875 0.66664021875 0.484225378125 0.6917685640625 0.510511896875 0.7265048046875 0.5561674328125 0.7693708046875 0.60597346875 0.8558418765625 0.5686189390624999 0.9312269125 0.5354149140625 0.9918305671875001 0.5367984140625001
0 0.4761174171875 0.449313634375 0.5276952515625 0.475924371875 0.5686819796875 0.4995660734375 0.5705612515625 0.4150503234375 0.540684059375 0.380884775 0.47668880468749997 0.37126196875 0.4761174171875 0.449313634375
0 0.8492205281249999 0.8161003656249999 0.9326429125000001 0.750879109375 0.9743541046875001 0.71024948125 0.9743541046875001 0.6279210125 0.9532128140625 0.6364746218749999 0.9177868703125001 0.6514434328125 0.87721845 0.6728274515625 0.8160801265625001 0.7016958718749999 0.764083984375 0.72628749375 0.7480851687500001 0.7316334999999999 0.68866100625 0.6514434328125 0.6486639703125 0.603329396875 0.6298455281249999 0.5874696953125 0.6303796125 0.58408378125 0.6166663453125001 0.609744603125 0.6166663453125001 0.6813810546875 0.654377834375 0.7059726765625001 0.6909465499999999 0.7519483109375 0.7537990328124999 0.8524531953125001 0.8492205281249999 0.8161003656249999
0 0.8835037 0.667422403125 0.94007093125 0.6385539812500001 0.96292638125 0.6385539812500001 0.9754968765625 0.62144676875 0.9709257875 0.5305646953125 0.93035736875 0.5476719078125 0.8915031078125001 0.56264071875 0.8360786453125 0.5872323421875 0.7675123 0.61075475625 0.7583701203125 0.6075471578125 0.7343719015625 0.5786787312499999 0.6966604109375 0.5284262921875 0.6452356546875 0.46534344531249994 0.625808525 0.43861342031249995 0.598953371875 0.42685221406249996 0.569812675 0.4140218046875 0.5726994046875 0.4195193296875 0.5640988140625 0.46534344531249994 0.5663843578125001 0.5166650859375 0.5663843578125001 0.5273570921874999 0.6355220874999999 0.5936475421875 0.749227940625 0.728366853125 0.7652267562499999 0.727297653125 0.8075093359375 0.698429225 0.8835037 0.667422403125
0 0.8435187453124999 0.0225844078125 0.6938155609375001 0.03755321875 0.6749598140625 0.05359123125 0.6669604078125 0.126296890625 0.6698173390625 0.1337812984375 0.7372409125 0.1508885125 0.79495091875 0.16585732343749998 0.8498039937499999 0.16585732343749998 0.9566532125 0.159442115625 0.960652915625 0.0225844078125 0.8435187453124999 0.0225844078125
0 1 0.17013412187500002 0.9561498859374999 0.1606404265625 0.776095171875 0.180826134375 0.773809628125 0.273846609375 0.8372334953125 0.3155454390625 0.8760877593749999 0.31982224375 1 0.3839742921875 1 0.17013412187500002
0 0.5869663390625 0.5337805 0.5583970296875 0.503842871875 0.5389698984375 0.4835280609375 0.49268761874999994 0.4578672375 0.4732604859375 0.44396762812499996 0.47326515 0.44305378125 0.46926078125000004 0.5262960921875 0.5098292015625 0.5380572984375 0.5378271265625 0.57654853125 0.5721103000000001 0.618247365625 0.6109645609375 0.6802610125 0.6189639671875 0.6813302140624999 0.6223922828124999 0.5808253359375 0.5869663390625 0.5337805