0 0.197745796875 0.36671598437499997 0.07272727343749999 0.291438978125 0.0519480515625 0.34087951875 0.16931977812500001 0.4243119734375 0.197745796875 0.36671598437499997
0 0.19913419999999998 0.48399687968749994 0.09461884375 0.3716811578125 0.0602431890625 0.4243119734375 0.1679976359375 0.5365248359375 0.19913419999999998 0.48399687968749994
0 0.1481639671875 0.60702874375 0.1646907234375 0.61199391875 0.1887445890625 0.5750715578125 0.0899913484375 0.451123896875 0.053632487500000006 0.5067338140625 0.1481639671875 0.60702874375
0 0.19444192031250002 0.477996240625 0.2876974984375 0.5792827921875 0.3102083203125 0.5402507875 0.238733625 0.44919824531249997 0.21493509843749997 0.44125397343749995 0.19444192031250002 0.477996240625
0 0.30946814218749996 0.6120558640625 0.2195625890625 0.4998429953125 0.19047550156249998 0.5494947046875 0.2850085421875 0.6537632999999999 0.30946814218749996 0.6120558640625
0 0.1904724625 0.651715284375 0.0860233671875 0.52361386875 0.050325575 0.577237721875 0.158080021875 0.698387896875 0.1904724625 0.651715284375
0 0.29756887656250003 0.8126487765625001 0.197086203125 0.7173174921875 0.17130446562499999 0.776899546875 0.272270934375 0.85969716875 0.29756887656250003 0.8126487765625001
0 0.18055640781249999 0.731158021875 0.0780905234375 0.5990844703125 0.0357820296875 0.6556874203125 0.149486109375 0.777830634375 0.18055640781249999 0.731158021875
0 0.30153529843750004 0.669651846875 0.20501904375 0.5614111140625 0.1785762359375 0.6150349671875001 0.2770756984375 0.7183105249999999 0.30153529843750004 0.669651846875
0 0.13160173125000002 0.8613062734374999 0.167335003125 0.8364744921874999 0.1679653671875 0.804059328125 0.06288590937500001 0.685533284375 0.0192552765625 0.7461083765625001 0.13160173125000002 0.8613062734374999
0 0.2731092796875 0.48594051406250005 0.2770562765625 0.476190475 0.294924596875 0.4144420484375 0.19642513125 0.3608182015625 0.1699823234375 0.4194072234375 0.2731092796875 0.48594051406250005
0 0.28633068437500003 0.44919824531249997 0.3630148296875 0.5206967109375 0.3768964359375 0.48494748125 0.374025975 0.4683840765625 0.3788805125 0.47203803750000006 0.29624673437500004 0.39557439843750003 0.28633068437500003 0.44919824531249997
0 0.3913419921875 0.632318503125 0.3193833265625 0.534599190625 0.295584796875 0.58325786875 0.37887964687500003 0.66766578125 0.3913419921875 0.632318503125
0 0.28963516718750004 0.6458190265625 0.3762353640625 0.7361851421875001 0.3896103890625 0.6895654421875 0.31673904375 0.604111590625 0.3094672734375 0.6180140656249999 0.28963516718750004 0.6458190265625
0 0.384661309375 0.7509319296875 0.3061619203125 0.6636936390625 0.28434660312500004 0.7143383875 0.365658240625 0.795767196875 0.384661309375 0.7509319296875
0 0.395120378125 0.8155470046875 0.3061619203125 0.7341990703125 0.2856687453125 0.7927880921875 0.382184996875 0.8583283500000001 0.395120378125 0.8155470046875
0 0.2995520875 0.7411503109375001 0.19973048437500002 0.6448259890625 0.1706433921875 0.699442875 0.27112606875 0.7917950546875 0.2995520875 0.7411503109375001
0 0.3735906515625 0.538585546875 0.44829158593749996 0.61107704375 0.46746262187500004 0.580292984375 0.4102279234375 0.5029497593750001 0.394083825 0.49588507656249997 0.3735906515625 0.538585546875
0 0.45490228750000006 0.6795964046875 0.4706580984375 0.6461507328125 0.44630898124999996 0.60710643125 0.40135620781250003 0.5604338203125 0.38350731250000003 0.6011482234375001 0.45490228750000006 0.6795964046875
0 0.4668028546875 0.6964830656250001 0.40400118125000006 0.617040328125 0.38615228749999997 0.65676169375 0.45159754531249996 0.73222874375 0.4668028546875 0.6964830656250001
0 0.46600962187499995 0.7614100484375 0.40664433437499997 0.67165365625 0.3881343671875 0.7103819890625 0.449739959375 0.7910980546874999 0.46600962187499995 0.7614100484375
0 0.529926153125 0.5972528359375 0.4734122546875 0.5336203765625 0.46349619999999997 0.5753278140625 0.5229925203125 0.6359029015625 0.529926153125 0.5972528359375
0 0.4767467703125 0.5931963328125 0.465508578125 0.6190152234374999 0.47646869062499997 0.6304335515624999 0.523021425 0.6964668203125 0.5380609859375001 0.6601215578125 0.48864603281249996 0.5931963328125 0.4767467703125 0.5931963328125
0 0.5322503921874999 0.7142585078125 0.48111716718749997 0.6444043765624999 0.4706580984375 0.6758387375 0.5159807265625 0.7491855796875 0.5322503921874999 0.7142585078125
0 0.3868122296875 0.7828734921875 0.442767246875 0.85745948125 0.45291925156249996 0.8633092625 0.468784934375 0.8434485796875 0.46833385781250003 0.820786065625 0.4079664765625 0.730242678125 0.3868122296875 0.7828734921875
0 0.588032090625 0.7771272296875 0.5427094625 0.7160048640625 0.5322503921874999 0.7561709890625 0.5717624296875 0.808561590625 0.588032090625 0.7771272296875
0 0.529926153125 0.77188816875 0.47995504687499996 0.6933022671875 0.46021975312499996 0.7242717765625 0.5113322546875 0.7910980546874999 0.529926153125 0.77188816875
0 0.5357367484375 0.8277714749999999 0.4880898796875 0.7631564046875 0.4741444546875 0.7980834703124999 0.517142846875 0.8557131312499999 0.5357367484375 0.8277714749999999
0 0.2942626578125 0.50381513125 0.370946803125 0.5981533828125001 0.3858234296875 0.5623257703125 0.3230690140625 0.4732617484375 0.30814513125 0.4750171359375 0.2942626578125 0.50381513125
0 0.58338361875 0.61995543125 0.536898865625 0.572803890625 0.5287640359375 0.614716371875 0.567113953125 0.64789708125 0.58338361875 0.61995543125
0 0.5924338 0.627947453125 0.580534534375 0.6517802781250001 0.59035633125 0.6723460328125 0.625219890625 0.7142585078125 0.6333547234375 0.684570503125 0.601977515625 0.6321799015625 0.5924338 0.627947453125
0 0.5938426875 0.75791734375 0.621733534375 0.8050688859375 0.6356789593750001 0.778873584375 0.6031396359375 0.7282293390625 0.59309486875 0.7342021203125 0.5938426875 0.75791734375
0 0.588032090625 0.736961103125 0.5485200546875 0.668853321875 0.533412509375 0.7125121578125 0.5775730218749999 0.7596637 0.588032090625 0.736961103125
0 0.6775152359375001 0.7649027546875 0.6572186796875 0.7471115625 0.6545744 0.7411533609375 0.6433362078125 0.7292369453124999 0.6347422953125 0.7391672890625001 0.6403274359375 0.7649027546875 0.669380403125 0.799829825 0.6775152359375001 0.7649027546875
0 0.588032090625 0.820786065625 0.5357367484375 0.7701418140625 0.529926153125 0.806815234375 0.5798972625000001 0.8504740703125 0.588032090625 0.820786065625
0 0.0576922578125 0.45691144218749996 0.0077962515625 0.4006761859375 0 0.4779996609375 0.0218295015625 0.492058475 0.0576922578125 0.45691144218749996
0 0.04833675625 0.5459505953125 0.006237 0.4990878796875 0 0.5764113546875 0.0202702546875 0.59047016875 0.04833675625 0.5459505953125
0 0.32797697812500004 0.8980654593749999 0.372929753125 0.9030306343750001 0.3866940578125 0.8716464421874999 0.3024945453125 0.8060386453125 0.276413759375 0.861307453125 0.32797697812500004 0.8980654593749999
0 0.200391553125 0.9089730984375001 0.279058909375 0.903014890625 0.28302533125 0.870244759375 0.18452586875000002 0.790802021875 0.1534555671875 0.8672656609375 0.200391553125 0.9089730984375001
0 0.46621581875 0.86696016875 0.5192303265625 0.9044503390624999 0.5348228296875 0.8763327109375 0.47868982187500003 0.8200974593750001 0.4771305703125 0.8247837265625 0.46621581875 0.86696016875
0 0.46019085156250006 0.486947765625 0.39077847656250003 0.4303448140625 0.376896 0.4760243875 0.4443251640625 0.5425576828125 0.46019085156250006 0.486947765625
0 0.5156829859375 0.52242704375 0.4608519203125 0.469073146875 0.45027479687499994 0.522697 0.509771115625 0.56936960625 0.5156829859375 0.52242704375
0 0.632725640625 0.626912453125 0.59100746875 0.5746697484375 0.5828956 0.6182053328125 0.6269314515625 0.6582580765625 0.632725640625 0.626912453125
0 0 0.8473978640625001 0.002067446875 0.8732167546875 0.0417339203125 0.9149175906250001 0.1481670078125 0.9149312999999999 0.1538131421875 0.8738051468749999 0.028510257812500002 0.7888088468750001 0 0.8473978640625001
0 0.5981189312499999 0.875766125 0.55210978125 0.82967316875 0.5367734 0.8700045031249999 0.584699596875 0.8988126015625 0.5981189312499999 0.875766125
0 0.5837410734375 0.6870730921875 0.5482756875 0.6251356890624999 0.5329393015624999 0.656824590625 0.5712802625 0.7130003828125 0.5837410734375 0.6870730921875
0 0.676717890625 0.8239115515625001 0.711224753125 0.8541600484374999 0.7208099921875 0.8267923609375 0.6930128 0.7893418359375 0.6810172078125001 0.7878259671875 0.676717890625 0.8239115515625001
0 0.5674461640625 0.547353825 0.523354065625 0.512784109375 0.5223955421875 0.5574366609375 0.5674461640625 0.5920063765625 0.5674461640625 0.547353825
0 0.643221709375 0.82134983125 0.6335546953125 0.8367549296875 0.6345115046875 0.8568769406250001 0.6526909375 0.881310809375 0.66799993125 0.8827480921875 0.6880929859375 0.881310809375 0.6813953015624999 0.8640633718749999 0.643221709375 0.82134983125
0 0.603893515625 0.8209447765625001 0.5934609453124999 0.8112836828125 0.5847572734375001 0.8410667875 0.5857140843749999 0.8511277921874999 0.59623901875 0.8741243765625001 0.603893515625 0.8856226671874999 0.640252378125 0.8856226671874999 0.6459932515625 0.8698125140625 0.6249433859375 0.8453786453125 0.603893515625 0.8209447765625001
0 0.612504825 0.7864499078125 0.5934609453124999 0.758076896875 0.589541334375 0.7749516125 0.587627709375 0.8022600546875 0.5991094546875 0.81375834375 0.625900196875 0.8496905078125 0.62972744375 0.8511277921874999 0.6373819421875 0.82381935 0.6345115046875 0.8065719124999999 0.612504825 0.7864499078125
0 0.6689567421875 0.7620160375 0.676611240625 0.7634533218749999 0.671827178125 0.7289584484375 0.638437021875 0.690489890625 0.63164106875 0.7203347328125 0.6689567421875 0.7620160375
0 0.66991355625 0.7260838749999999 0.6756544296875 0.70596186875 0.6737408031250001 0.68871443125 0.6365231453125 0.6401591468750001 0.63164106875 0.675778853125 0.66991355625 0.7260838749999999
0 0.6268570078125 0.6326602625 0.6670431203125 0.6772161421875 0.6737408031250001 0.648470409375 0.6317384578125 0.5998945515624999 0.621116134375 0.6125382515625 0.6268570078125 0.6326602625
0 0.612504825 0.5550467984375 0.6145135749999999 0.5869523609375 0.6536477484375001 0.613975540625 0.6517341234375 0.5694196609375 0.612504825 0.5550467984375
0 0.654604559375 0.5981653875 0.6526909375 0.6125382515625 0.66991355625 0.6182873984375 0.687136175 0.638409409375 0.6938338578125001 0.6240365406249999 0.6890498 0.585229809375 0.6556619015625 0.571134125 0.654604559375 0.5981653875
0 0.6622590578125 0.6283484046875001 0.671827178125 0.662843278125 0.6938338578125001 0.6800907109375001 0.7005315453125001 0.6642805625 0.690963421875 0.638409409375 0.6660863046875 0.613975540625 0.6652312796875 0.617150809375 0.6622590578125 0.6283484046875001
0 0.6761708140625 0.6683639734375 0.6702940984375 0.6928952296875 0.7083056359375 0.738823065625 0.7083056359375 0.694136525 0.6761708140625 0.6683639734375
0 0.6777311375 0.8617110484375001 0.6826891640625 0.8480568312500001 0.685168178125 0.8244722671875 0.6397196 0.7698553828125 0.640633625 0.77144395625 0.6372405859375 0.8095767546875001 0.6777311375 0.8617110484375001
0 0.6793838140624999 0.7735792625 0.7157426765625 0.8244722671875 0.7149163374999999 0.7773031359375 0.680210153125 0.7400643546875 0.6794766 0.7428796234374999 0.6744257859375 0.762407628125 0.6793838140624999 0.7735792625
0 0.4001102078125 0.8158635578125001 0.37894101406249997 0.857378475 0.39017920781250004 0.8782321906250001 0.41463880781249995 0.8970998421875 0.4655412140625 0.8911416390625 0.4655412140625 0.8673088203124999 0.429182353125 0.8494342015624999 0.4000952625 0.8146780046875 0.4001102078125 0.8158635578125001
0 0.683033315625 0.857378475 0.6856776 0.8722739890625 0.690966159375 0.8792252296875 0.7174089671874999 0.8822043328125 0.7233586 0.8772391578125 0.7200532515625 0.8583715078124999 0.689035825 0.8317602296875 0.683033315625 0.857378475
0 0.760378534375 0.8782321906250001 0.7550899703125 0.8563854421875 0.7240771484375 0.8347408578125 0.719392178125 0.8534063390625001 0.7246807421875 0.8772391578125 0.760378534375 0.8782321906250001
0 0.7141036187500001 0.8196431750000001 0.7253418109374999 0.8335456562499999 0.7498014109375 0.857378475 0.7537678328124999 0.8335456562499999 0.7286471640625 0.7948173171875 0.7200532515625 0.7928312515625 0.7194490515624999 0.7920185515625 0.7141036187500001 0.8196431750000001
0 0.75575104375 0.7799218031249999 0.743851778125 0.7670123609374999 0.7148209484375 0.7483027046874999 0.715425759375 0.781907875 0.7531067593749999 0.8305665515625 0.75575104375 0.7799218031249999
0 0.7200532515625 0.7481447109375 0.7464960578125 0.7719775296875 0.7451739203125001 0.7402004375 0.7068318437500001 0.70345816875 0.7108540078125001 0.70756748125 0.710137196875 0.7461586390625 0.7200532515625 0.7481447109375
0 0.7081539859375 0.705444240625 0.7372410765625 0.738214365625 0.734596796875 0.705444240625 0.7041875640625 0.6637367984375 0.7029201234375 0.663851634375 0.6995600734375 0.6826044484375 0.7081539859375 0.705444240625
0 0.7008822140625 0.6647298359375 0.7081539859375 0.6647298359375 0.7339357234375 0.701472103125 0.7372410765625 0.693527825 0.7352578656250001 0.66572286875 0.7068318437500001 0.6269945359375 0.7008822140625 0.6250084640625 0.7008822140625 0.6647298359375
0 0.727986090625 0.6547994921875 0.727325021875 0.6339457765625001 0.7207143203124999 0.612099021875 0.6969157921875 0.5991895734375 0.694986240625 0.5933101578125 0.6942715125000001 0.6240154312499999 0.727986090625 0.6547994921875
0 0.75707318125 0.8772391578125 0.7914488328125 0.876246125 0.7841770625 0.84744813125 0.75707318125 0.82957351875 0.7584573125 0.8327537703125 0.7537678328124999 0.8424829624999999 0.75707318125 0.8772391578125
0 0.772277796875 0.84744813125 0.7835159921875 0.8534063390625001 0.788143484375 0.8285804812500001 0.7749220796875 0.80971283125 0.75647384375 0.7910250109375 0.7537678328124999 0.821629240625 0.772277796875 0.84744813125
0 0.7504624796875 0.7858800109375 0.785499203125 0.826594415625 0.7868213421875 0.789852146875 0.7762442187499999 0.7779357375 0.7505234296875 0.7502897875000001 0.7478182 0.7719775296875 0.7504624796875 0.7858800109375
0 0.7762442187499999 0.7769427046875 0.7729388687500001 0.743179540625 0.7432507015625001 0.71154165 0.743851778125 0.7501307765624999 0.7537678328124999 0.7580750546874999 0.7762442187499999 0.7769427046875
0 0.7372410765625 0.698493 0.7412074984375 0.7094163765625 0.7709556578125001 0.743179540625 0.7716167265625 0.7163676125 0.761039603125 0.698493 0.7398853562500001 0.6806183828125 0.7398853562500001 0.67962535 0.7372410765625 0.698493
0 0.7372410765625 0.6756532125 0.7623617453125 0.7024651359375 0.7623617453125 0.6736671421875 0.734596796875 0.6438761140625 0.7346556625 0.6439807984375 0.7306303749999999 0.658771628125 0.7372410765625 0.6756532125
0 0.727325021875 0.6379179125000001 0.752445690625 0.6627437656249999 0.7537678328124999 0.634938809375 0.7260028843749999 0.6001826125 0.7240771484375 0.6022520328125001 0.7233586 0.6190502625 0.727325021875 0.6379179125000001
0 0.7934986359375 0.8327537703125 0.7888045531250001 0.8464550984375 0.792770975 0.8722739890625 0.8073145203125 0.8772391578125 0.8198748546875001 0.8772391578125 0.8185527125000001 0.8692948859375 0.8112809421874999 0.8524133062500001 0.7954152546875 0.8325526171875 0.7934986359375 0.8327537703125
0 0.5944170109375 0.6706479296875 0.589201115625 0.6737870546875 0.588467378125 0.6716409624999999 0.5831788140625 0.6905086125000001 0.5818566765625001 0.712355365625 0.622181959375 0.754062803125 0.634081221875 0.7351951531250001 0.625487309375 0.71434143125 0.5944170109375 0.6706479296875
0 0.7134096515625 0.7481045953125001 0.7048157374999999 0.725264809375 0.6783729265625 0.69547378125 0.6717622249999999 0.72327874375 0.6770507890624999 0.740160321875 0.6948996843749999 0.754062803125 0.7082093781250001 0.7651929187500001 0.7134096515625 0.7481045953125001
0 0.5640077781249999 0.5475116828125 0.5679742 0.5683654046875 0.5937559375 0.57928878125 0.608960553125 0.60212856875 0.6109437640625 0.5574420265625 0.5706184796875 0.5346022406250001 0.569366403125 0.5327040921874999 0.5640077781249999 0.5475116828125