0 0.5100182140625 0.169696971875 0.6557377046874999 0.1648484828125 0.6448087421875 0.1260606078125 0.535519125 0.133333334375 0.44444444218749996 0.133333334375 0.3533697640625 0.1551515171875 0.30965391875 0.152727271875 0.24408014687500001 0.1939393921875 0.3533697640625 0.19636363750000002 0.5100182140625 0.169696971875
0 0.335154825 0.20848484687500002 0.14936247656249999 0.21090909062500002 0.094717665625 0.24 0.0837887046875 0.2739393921875 0.25865209375 0.26666666562499997 0.3679417109375 0.25696969687500004 0.335154825 0.20848484687500002
0 0.7322404375 0.269090909375 0.750455371875 0.2351515171875 0.6448087421875 0.1624242421875 0.335154825 0.2012121203125 0.3715847 0.2545454546875 0.535519125 0.2739393921875 0.590163934375 0.2618181828125 0.7322404375 0.269090909375
0 0.8160291421875 0.186666665625 0.6557377046874999 0.1575757578125 0.7176684859375 0.213333334375 0.8233151203125001 0.213333334375 0.8160291421875 0.186666665625
0 0.728597446875 0.27878787968749996 0.8415300546875001 0.290909090625 0.9799635671875 0.2618181828125 0.8852459015624999 0.2181818171875 0.8269581031250001 0.21090909062500002 0.7176684859375 0.2181818171875 0.7431693984375001 0.2375757578125 0.728597446875 0.27878787968749996
0 0.6739526390624999 0.2763636375 0.7322404375 0.3151515171875 0.7686703125000001 0.344242425 0.8524590171875 0.344242425 0.9690346062499999 0.34666666562500004 0.9435337 0.310303028125 0.8378870656249999 0.288484846875 0.7213114765624999 0.2739393921875 0.6739526390624999 0.2763636375
0 0.63023679375 0.269090909375 0.5318761375000001 0.2812121203125 0.3642987265625 0.25696969687500004 0.2513661203125 0.26666666562499997 0.233151184375 0.288484846875 0.21493624531250002 0.29818181718750003 0.331511840625 0.32727272812499997 0.5428050984375 0.32 0.6557377046874999 0.3393939375 0.728597446875 0.32 0.677595628125 0.269090909375 0.63023679375 0.269090909375
0 0.265938071875 0.3151515171875 0.2112932625 0.29333333437500003 0.233151184375 0.269090909375 0.0765027328125 0.2739393921875 0.054644807812499994 0.29333333437500003 0.11293260624999998 0.32969697187499997 0.2185792359375 0.32727272812499997 0.265938071875 0.3151515171875
0 0.11293260624999998 0.375757575 0.22586520625 0.3781818171875 0.30965391875 0.3951515171875 0.357012746875 0.383030303125 0.32422586249999996 0.3612121203125 0.393442621875 0.32727272812499997 0.3205828796875 0.3321212109375 0.24043715937500001 0.312727271875 0.10200364375 0.32727272812499997 0.0510018203125 0.34666666562500004 0.11293260624999998 0.375757575
0 0.8014571968749999 0.4 0.750455371875 0.3636363625 0.666666665625 0.34666666562500004 0.5136612015625001 0.3151515171875 0.393442621875 0.3248484828125 0.331511840625 0.3636363625 0.37887067343749997 0.3854545453125 0.571949 0.3975757578125 0.8014571968749999 0.4
0 0.6885245906249999 0.344242425 0.7577413484375 0.3612121203125 0.7941712187500001 0.4 0.899817853125 0.4 0.965391621875 0.383030303125 0.928961746875 0.3539393921875 0.8087431687500001 0.34666666562500004 0.750455371875 0.32969697187499997 0.6885245906249999 0.344242425
0 0.26229508125 0.383030303125 0.13479053125 0.3781818171875 0.032786884375000006 0.41454545468750004 0.116575590625 0.431515153125 0.26958105468750004 0.44363636250000005 0.25500910781249997 0.41454545468750004 0.26229508125 0.383030303125
0 0.49544626718749996 0.46303030312500004 0.590163934375 0.49212121093750005 0.7540983609375 0.426666665625 0.7540983609375 0.4 0.3679417109375 0.375757575 0.27322404375 0.392727271875 0.2513661203125 0.416969696875 0.27322404375 0.450909090625 0.49544626718749996 0.46303030312500004
0 0.7176684859375 0.426666665625 0.739526409375 0.453333334375 0.8378870656249999 0.46060606249999997 0.9435337 0.4121212109375 0.761384334375 0.4 0.7176684859375 0.426666665625
0 0.338797815625 0.4678787890625 0.13843351406249998 0.431515153125 0.054644807812499994 0.470303028125 0.10928961718750001 0.48727272812500005 0.2076502734375 0.48727272812500005 0.26958105468750004 0.5139393921875001 0.338797815625 0.4678787890625
0 0.8014571968749999 0.4993939375 0.699453553125 0.453333334375 0.5755919828125 0.48969697187500005 0.49544626718749996 0.46303030312500004 0.338797815625 0.4678787890625 0.338797815625 0.5042424249999999 0.43351548125 0.506666665625 0.535519125 0.5260606078125 0.8014571968749999 0.4993939375
0 0.750455371875 0.46060606249999997 0.812386159375 0.5018181828125 0.9398907109374999 0.48 0.9690346062499999 0.424242425 0.8888888921874999 0.4339393921875 0.8378870656249999 0.46303030312500004 0.750455371875 0.46060606249999997
0 0.9471766828125 0.49696969687500003 0.812386159375 0.5042424249999999 0.6739526390624999 0.5139393921875001 0.728597446875 0.5406060625 0.7540983609375 0.552727271875 0.8342440812499999 0.535757575 0.9471766828125 0.49696969687500003
0 0.3606557375 0.5018181828125 0.26958105468750004 0.5018181828125 0.2112932625 0.530909090625 0.338797815625 0.5721212109375 0.37887067343749997 0.5575757578125 0.5610200390625 0.5866666656249999 0.7322404375 0.543030303125 0.6739526390624999 0.5115151531250001 0.528233153125 0.5260606078125 0.3606557375 0.5018181828125
0 0.10928961718750001 0.48969697187500005 0.029143896875000002 0.528484846875 0.09836065625 0.552727271875 0.23679416875 0.5575757578125 0.2076502734375 0.530909090625 0.26229508125 0.49696969687500003 0.10928961718750001 0.48969697187500005
0 0 0.5963636375 0.0582877984375 0.5793939375 0.06557377187499999 0.5624242421875 0.054644807812499994 0.5236363625 0 0.49696969687500003 0 0.5963636375
0 0.3679417109375 0.5672727281250001 0.2185792359375 0.5454545453125 0.08014572187499999 0.5478787890625 0.06557377187499999 0.569696971875 0.127504553125 0.5963636375 0.2877959953125 0.6157575750000001 0.30965391875 0.610909090625 0.3679417109375 0.5672727281250001
0 0.408014575 0.5624242421875 0.29872495625 0.6254545453125 0.5136612015625001 0.6424242421875 0.8196721328125 0.5963636375 0.6921675796875 0.550303028125 0.553734059375 0.5939393921875 0.408014575 0.5624242421875
0 0.928961746875 0.5599999999999999 0.8706739515624999 0.530909090625 0.7213114765624999 0.5551515171875 0.8087431687500001 0.584242425 0.928961746875 0.5599999999999999
0 0.9508196734375 0.6036363625 0.8852459015624999 0.5793939375 0.8014571968749999 0.610909090625 0.8524590171875 0.6351515171875 0.9508196734375 0.6036363625
0 0.8561020046875001 0.64 0.7905282359375 0.6012121203125 0.6703096562499999 0.6254545453125 0.7249544640625001 0.6593939375 0.8561020046875001 0.64
0 0.24408014687500001 0.6278787890624999 0.2513661203125 0.6545454546875 0.331511840625 0.6812121203125 0.5428050984375 0.712727271875 0.728597446875 0.656969696875 0.6593806953125 0.6254545453125 0.5245901640625 0.656969696875 0.291438978125 0.623030303125 0.24408014687500001 0.6278787890624999
0 0.11293260624999998 0.591515153125 0.06557377187499999 0.623030303125 0.131147540625 0.632727271875 0.24772313281249997 0.6593939375 0.25500910781249997 0.6278787890624999 0.30601092812499997 0.6206060625 0.11293260624999998 0.591515153125
0 0 0.6521212109375 0.07285974218749999 0.6521212109375 0.07285974218749999 0.6303030281249999 0.11293260624999998 0.591515153125 0.06557377187499999 0.576969696875 0 0.5939393921875 0 0.6521212109375
0 0 0.7151515171875 0.094717665625 0.7078787890625 0.0910746828125 0.6787878796875 0.12386156718750001 0.6424242421875 0.0910746828125 0.6642424250000001 0 0.6618181828125 0 0.7151515171875
0 0.2112932625 0.703030303125 0.3460837859375 0.749090909375 0.3460837859375 0.7175757578125 0.357012746875 0.688484846875 0.25865209375 0.6521212109375 0.12021857968750001 0.6351515171875 0.0874316953125 0.693333334375 0.2112932625 0.703030303125
0 0.8051001796874999 0.6848106656249999 0.8269581031250001 0.6605682421875 0.7213114765624999 0.6605682421875 0.5464480859374999 0.709053090625 0.3533697640625 0.687234909375 0.3533697640625 0.7332955171875 0.5646630218750001 0.7769318796875 0.6448087421875 0.7332955171875 0.8051001796874999 0.6848106656249999
0 0.8378870656249999 0.7066288468749999 0.79781420625 0.687234909375 0.6593806953125 0.7381439999999999 0.7176684859375 0.755113696875 0.8378870656249999 0.7066288468749999
0 0.3679417109375 0.7429924828125001 0.26229508125 0.7163258171875 0.24772313281249997 0.7429924828125001 0.3606557375 0.793901575 0.40072859687499995 0.7769318796875 0.539162115625 0.8399621828124999 0.7249544640625001 0.755113696875 0.6411657546875 0.7405682421875001 0.5428050984375 0.7745076375 0.3679417109375 0.7429924828125001
0 0.24772313281249997 0.7502652109375 0.2513661203125 0.7235985453125 0.2185792359375 0.6993561203125 0.10928961718750001 0.7017803625 0.08014572187499999 0.7381439999999999 0.1566484546875 0.7429924828125001 0.24772313281249997 0.7502652109375
0 0 0.747840971875 0.10928961718750001 0.7526894546875 0.0910746828125 0.7163258171875 0 0.7260227890625 0 0.747840971875
0 0.116575590625 0.7502652109375 0 0.7502652109375 0.0109289609375 0.791477334375 0.116575590625 0.786628846875 0.116575590625 0.7502652109375
0 0.265938071875 0.745416728125 0.10200364375 0.745416728125 0.105646628125 0.7817803624999999 0.30965391875 0.8302652109374999 0.389799634375 0.7890530906250001 0.265938071875 0.745416728125
0 0.42622950781249996 0.7890530906250001 0.302367940625 0.8351136968749999 0.5500910765625 0.8981439999999999 0.7759562843750001 0.793901575 0.735883425 0.7599621828124999 0.5245901640625 0.844810665625 0.42622950781249996 0.7890530906250001
0 0.739526409375 0.762386425 0.79781420625 0.793901575 0.9071038250000001 0.730871271875 0.8888888921874999 0.7066288468749999 0.8233151203125001 0.7163258171875 0.739526409375 0.762386425
0 0.8014571968749999 0.687234909375 0.8378870656249999 0.709053090625 0.8925318750000001 0.709053090625 0.9216757765624999 0.6775379375 0.863387978125 0.6605682421875 0.8014571968749999 0.687234909375
0 0.9216757765624999 0.6460227890625 0.8852459015624999 0.629053090625 0.8160291421875 0.6532955171875 0.8160291421875 0.682386425 0.8561020046875001 0.6605682421875 0.9216757765624999 0.6702652109375 0.9216757765624999 0.6460227890625