0 0.4897151578125 0.042321096875000005 0.2565476578125 0.0216226609375 0.2474234390625 0.1227782640625 0.474235528125 0.142835246875 0.4897151578125 0.042321096875000005
0 0.7562351609375 0.0777276828125 0.5335242546875001 0.060920101562499995 0.5326023984375 0.16857450000000002 0.747382459375 0.17323976875 0.7562351609375 0.0777276828125
0 0.46524706875 0.24116908593750003 0.22518112031249998 0.23111622031249998 0.2281425890625 0.3023016015625 0.4623961578125 0.300425984375 0.46524706875 0.24116908593750003
0 0.7725325921875 0.1814491234375 0.6090030921875 0.1734502578125 0.605201875 0.2524594515625 0.7644944312499999 0.260030678125 0.7725325921875 0.1814491234375
0 0.777097946875 0.3520374515625 0.618212665625 0.33600095625000004 0.6053945328125 0.4254418984375 0.7572456171875 0.45494571562499997 0.777097946875 0.3520374515625
0 0.760478596875 0.52048758125 0.6130002140624999 0.48858964531250004 0.5932836453125 0.5886761453125 0.7385077984375 0.623182021875 0.760478596875 0.52048758125
0 0.3816227625 0.2979443328125 0.225481084375 0.31337480625 0.22735649218749998 0.40713423593750003 0.38841389843749996 0.3780226296875 0.3816227625 0.2979443328125
0 0.3755957703125 0.46746356406249995 0.20674326562499998 0.4816111125 0.21073714531249998 0.5755843703125 0.3843696125 0.5505774359375 0.3755957703125 0.46746356406249995
0 0.38385503593750003 0.6497665593749999 0.21329133906250003 0.655235015625 0.21386281875000002 0.731850090625 0.3909176890625 0.7242013390625 0.38385503593750003 0.6497665593749999
0 0.5681619640625 0.6683688921875001 0.42293780625000005 0.633863021875 0.4148996484375 0.7124445749999999 0.5671580046875 0.7334831234375 0.5681619640625 0.6683688921875001
0 0.5924406453125 0.517704590625 0.417422140625 0.4830269953125 0.4099270203125 0.550321515625 0.5807085765625 0.5845714734375 0.5924406453125 0.517704590625
0 0.5856210609375 0.34972419375 0.4313799921875 0.3256500703125 0.41725793906249997 0.39794665 0.5709559765625001 0.43330780156250004 0.5856210609375 0.34972419375
0 0.76702666875 0.694111484375 0.604175959375 0.672003828125 0.5982562703125 0.7507992046874999 0.7632254515625 0.773120671875 0.76702666875 0.694111484375
0 0.5847496125 0.1908505375 0.43384883125 0.1415944140625 0.4112528984375 0.2130357203125 0.5597636890625 0.26772152656250003 0.5847496125 0.1908505375
0 0.2274068984375 0.14060618281249998 0.2254241859375 0.1375706015625 0.221487209375 0.21940155312499998 0.381458553125 0.2128639953125 0.38908943906250004 0.142747715625 0.2274068984375 0.14060618281249998
0 0.45558306406250004 0.57477785 0.23232912031250003 0.5692572953124999 0.24110296718750002 0.6523711671875 0.4588160484375 0.640319715625 0.45558306406250004 0.57477785
0 0.7537443671874999 0.6162134953125 0.49501945625 0.5957709671875 0.5040648187500001 0.673241321875 0.7502146656249999 0.6895791671875 0.7537443671874999 0.6162134953125
0 0.45525464531250004 0.4046171671875 0.238220359375 0.40255982812499996 0.23230066875 0.48135519374999997 0.44748800468749994 0.47755519843750005 0.45525464531250004 0.4046171671875
0 0.749122109375 0.2698209625 0.52095243125 0.277981553125 0.51625456875 0.3313811125 0.7600144234374999 0.35314865 0.749122109375 0.2698209625
0 0.76188983125 0.44690808125 0.5191623828124999 0.44792841875 0.501889446875 0.49722330625 0.7668340078125 0.5211290375 0.76188983125 0.44690808125
0 0.9854973906250001 0.48932529531249996 0.9317747375 0.45554840937499996 0.914230290625 0.51048680625 0.97908833125 0.5340457640625 0.9854973906250001 0.48932529531249996
0 1 0.29772239843750004 0.938616278125 0.2690986453125 0.9268842140625001 0.3359655265625 1 0.3636867578125 1 0.29772239843750004
0 1 0.43347095625 0.9385910765625001 0.402362671875 0.9255550843749999 0.4520851875 0.9959539875000001 0.49321615625000004 1 0.4824619296875 1 0.43347095625
0 0.98723379375 0.3647403546875 0.9307138796875 0.3448584296875 0.9180851578125001 0.38611568281249997 0.9743335609375 0.41164111875 0.98723379375 0.3647403546875
0 1 0.563798596875 0.9324819765625 0.5293417203125 0.9175990328125 0.5732069140625 0.9902521609375 0.611729940625 1 0.5963522578125 1 0.563798596875
0 0.9169991015625 0.4086897359375 0.9190354640624999 0.36636338749999997 0.8673776296875 0.378162246875 0.8450247578125 0.3560579359375 0.8308206015625 0.3858143390625 0.8678670046875 0.41223715 0.9169991015625 0.4086897359375
0 0.9171064078125 0.31796588125 0.9277524109374999 0.273673053125 0.8892126687499999 0.2782895640625 0.855724415625 0.266403178125 0.8477399109375 0.2996228015625 0.877126984375 0.308259784375 0.9171064078125 0.31796588125
0 0.8510517546875 0.1865387046875 0.8477114640625001 0.21172069375000002 0.8772342906249999 0.21753593593749998 0.9389414468749999 0.2180931984375 0.9453505156249999 0.17337273125 0.9024380765625001 0.18038336093750001 0.847222084375 0.1776457953125 0.8510517546875 0.1865387046875
0 1 0.148857075 0.96802855625 0.1444716015625 0.9457041374999999 0.2102693875 1 0.21574954375000002 1 0.148857075
0 1 0.2265875703125 0.9625161406249999 0.2148017046875 0.9293815078125001 0.2398119734375 0.9894595687500001 0.2742303171875 1 0.2359089890625 1 0.2265875703125
0 0.9129263625 0.49334244062500004 0.916945446875 0.454051671875 0.8631691375000001 0.465636715625 0.8393765890625 0.42920979062500003 0.8356290203125001 0.46285705312500003 0.8701496859375 0.49753131249999993 0.9129263625 0.49334244062500004
0 0.847114778125 0.26836965 0.8117795718749999 0.2506259296875 0.799558125 0.2834179140625 0.8326391046875001 0.30376957031249996 0.847114778125 0.26836965
0 0.1697472703125 0.1886602421875 0.16317399531250001 0.1483003703125 0.11999003593749999 0.1609545109375 0.061215898437500006 0.14368053281249998 0.057196821875000005 0.18297130156250002 0.120615178125 0.19220765625 0.1697472703125 0.1886602421875
0 0.0611085921875 0.23440438125 0.056953754687500004 0.2765169140625 0.11825364062499999 0.285539446875 0.17216570625 0.27113265000000003 0.156982790625 0.23273925312500002 0.1092903796875 0.25060926875 0.052906226562500006 0.22790558593750002 0.0611085921875 0.23440438125
0 0.1679572171875 0.3586071078125 0.15530004375 0.3119622640625 0.11833574531249999 0.32807962343749997 0.06988244375 0.317518253125 0.0612191484375 0.36484665 0.12012904375 0.3792988765625 0.1679572171875 0.3586071078125
0 0.1690717265625 0.42393516093750006 0.15799000000000002 0.38879115625 0.1010091578125 0.42273642968749997 0.0587755078125 0.4156382734375 0.05687489531249999 0.45514287031249995 0.1270559359375 0.4565554140625 0.1690717265625 0.42393516093750006
0 0.047583221875 0.2500520046875 0.018342415625 0.2604982359375 0.0159381734375 0.3104709296875 0.056003446874999994 0.296269209375 0.047583221875 0.2500520046875
0 0.0426138390625 0.309095075 0.01497593125 0.3304713921875 0.012832346875000001 0.37502629062500004 0.055135250000000004 0.3585616875 0.0426138390625 0.309095075
0 0.043674696875 0.41978504843750003 0.009466071874999999 0.44499511875 0.0082201125 0.47089269843750003 0.00874705625 0.5010790218750001 0.0535346046875 0.48032486093750004 0.043674696875 0.41978504843750003