0 0.47661047968750003 0.5001484765625 0.3647879671875 0.5552194453125 0.20412239843750002 0.5764557531250001 0.055546084375000006 0.742694565625 0.310913403125 0.7382911203125 0.5024921609375 0.5348300421875 0.47661047968750003 0.5001484765625
0 0.21330805625 0.8791564515625 0.46373856875 0.7358220125 0.4472653703125 0.6786198078125001 0.3854696375 0.6719240296875 0.30096876250000004 0.7273071265625 0.0856599109375 0.747919175 0.0329050046875 0.8200814390625 0.21330805625 0.8791564515625
0 0.0340413703125 0.9023986984375 0.032309959375 0.9347048125 0.038377379687500005 0.9776584156249999 0.218460709375 0.975052090625 0.44865797656249995 0.8221690359375 0.42183210468750004 0.7510942046875 0.20383551249999998 0.8863690906249999 0.029681109374999997 0.9012396624999999 0.0340413703125 0.9023986984375
0 0.5010354953125 0.37597280781250003 0.4472723421875 0.39643381875 0.27126994375 0.44278517500000003 0.16556795625 0.5411857296875 0.16277577031249998 0.536273253125 0.1669842375 0.5957756265625 0.41105469375 0.5411062828125 0.6171305406250001 0.39571221093750003 0.6031055484375 0.3558418375 0.5010354953125 0.37597280781250003
0 0.716688321875 0.342941409375 0.5335097984375 0.472180590625 0.556319375 0.5296770234375 0.73711375 0.39841401875 0.716688321875 0.342941409375
0 0.68128675 0.49339115624999996 0.5035004109375001 0.5865313015625 0.5188135640625 0.650375584375 0.7049123953125 0.5566648734374999 0.68128675 0.49339115624999996
0 0.70497645625 0.5719728671875 0.49591624999999995 0.6665304812499999 0.5057090843750001 0.7358578078125 0.7108170640625 0.6430298015625 0.70497645625 0.5719728671875
0 0.651877571875 0.6565544937500001 0.47660350781250005 0.7823344640625 0.48435617343750004 0.8372185968749999 0.6652146125 0.7212635781250001 0.651877571875 0.6565544937500001
0 0.3464040046875 0.9739983375 0.458922915625 0.90969299375 0.4451778421875 0.8420952765624999 0.205341290625 0.983813909375 0.3464040046875 0.9739983375
0 0.682999653125 0.7134803609375 0.47215550781250004 0.854826759375 0.49926129374999995 0.898174240625 0.6947045484375 0.7666348968750001 0.682999653125 0.7134803609375
0 0.5431575484375 0.9495097828124999 0.5754180046874999 0.935391734375 0.7352991656250001 0.8163481140625001 0.71719383125 0.7475913609375 0.5241347265625 0.8811545421875 0.5431575484375 0.9495097828124999
0 0.8528411406249999 0.519532103125 0.67960725 0.6597552656250001 0.6960804515625 0.7169574703125 0.8768748265624999 0.5856944578125 0.8528411406249999 0.519532103125
0 0.8820511609375 0.5926307703125 0.7020087937499999 0.714363065625 0.724002303125 0.7660822296875 0.8925960156249999 0.6524273796875 0.8820511609375 0.5926307703125
0 0.9040446687499999 0.644349934375 0.7462757343749999 0.7900740359375 0.7718134359375 0.8371749578125 0.918949790625 0.705305578125 0.9040446687499999 0.644349934375
0 0.8591371406249999 0.41555900625 0.7046561578125 0.495432896875 0.7139769031250001 0.5465635843750001 0.8677058750000001 0.476220421875 0.8591371406249999 0.41555900625
0 0.8648092500000001 0.3517326203125 0.8808744109375001 0.40604619218750004 0.9886599921875 0.3461959703125 0.9888644843750001 0.3386983609375 0.9826665531250001 0.2948208078125 0.8648092500000001 0.3517326203125
0 0.985389821875 0.4660961078125 0.8865632265625001 0.5354464640625001 0.9022844156250001 0.6021793921875 0.9833145156249999 0.5421867890625001 0.985389821875 0.4660961078125
0 0.9831933546875 0.5466292046875 0.9031004843750001 0.6079566625 0.92195783125 0.6671827109375 0.981060584375 0.6248266625000001 0.9831933546875 0.5466292046875
0 0.6476356937500001 0.2105988015625 0.6228500046875001 0.15396716875 0.4428953703125 0.20204812031250002 0.253636696875 0.3922250484375 0.24021192343750003 0.4011673015625 0.4594730125 0.37882565 0.6476356937500001 0.2105988015625
0 0.729856859375 0.2727671875 0.592904678125 0.2836258734375 0.557182803125 0.3575356453125 0.7127360921875 0.34467101875 0.729856859375 0.2727671875
0 0.9162759875 0.25559644531250003 0.7464818546875 0.2716260484375 0.7476822828125 0.3692512953125 0.9150282093750001 0.3358898609375 0.9162759875 0.25559644531250003
0 0.3998288625 0.22396239687500002 0.0639532859375 0.38628667499999997 0.0840347421875 0.45417863281250004 0.3814839953125 0.28720031874999996 0.3998288625 0.22396239687500002
0 0.2682215203125 0.37664071718750003 0.0434805078125 0.508732734375 0.054369334375 0.5561099875 0.2589411578125 0.42977735 0.2682215203125 0.37664071718750003
0 0 0.6763091921875 0.06639452812499999 0.68580449375 0.201353890625 0.4825839515625 0.029151923437499998 0.5855490421875 0 0.6472788125 0 0.6763091921875