0 0.416455828125 0.7623867468750001 0.265017528125 0.9092840000000001 0.29579950781250003 0.985471459375 0.3152532046875 0.984359890625 0.4410091359375 0.8340603328125 0.416455828125 0.7623867468750001
0 0.39602132343749996 0.66836028125 0.24330586406250002 0.79782700625 0.284973025 0.8812352984375 0.44037049531249994 0.7329140921875 0.39602132343749996 0.66836028125
0 0.3467870375 0.57872865 0.1992759625 0.6914153390625 0.221498471875 0.7728721546874999 0.3736711390625 0.6406189999999999 0.3467870375 0.57872865
0 0.2928592015625 0.4758768671875 0.1284258484375 0.588686528125 0.1691990078125 0.67837965 0.33126960625 0.542566609375 0.2928592015625 0.4758768671875
0 0.2583760125 0.3749765625 0.081139196875 0.46555631562500005 0.10949204531250001 0.5567348734374999 0.2915820328125 0.4584463453125 0.2583760125 0.3749765625
0 0.2085989296875 0.28255850625 0.042473310937499995 0.32143568437500003 0.056426257812500005 0.4148116609375 0.22309467187499998 0.3787209078125 0.2085989296875 0.28255850625
0 0.5872749921875 0.73672971875 0.4424139796875 0.797775328125 0.4596236765625 0.90786985 0.6091462875 0.8272577812499999 0.5872749921875 0.73672971875
0 0.57945238125 0.6530754890625 0.43941259375 0.67362570625 0.44975758125 0.759354384375 0.6013236765625 0.7436035515625 0.57945238125 0.6530754890625
0 0.5283981359375 0.5432269078124999 0.39378626250000004 0.5916413671874999 0.40789884374999996 0.6640884203125 0.5463102578125001 0.6351789250000001 0.5283981359375 0.5432269078124999
0 0.5029188765625 0.445051540625 0.3510015734375 0.4698736265625 0.36728532343750003 0.5534663671875 0.5166802500000001 0.5265698390625 0.5029188765625 0.445051540625
0 0.47255449531249993 0.32179835625000003 0.2947109921875 0.344018465625 0.300011221875 0.425598253125 0.48596465625 0.41238790156249994 0.47255449531249993 0.32179835625000003
0 0.40927152031249997 0.22529289062500002 0.24151752499999998 0.25581079375 0.24736054843750002 0.34017699375 0.42089367187500004 0.3284520921875 0.40927152031249997 0.22529289062500002
0 0.7206097015624999 0.6708847296875 0.6072943859375 0.7742542296875 0.63759486875 0.8319342015625001 0.7436942625 0.7132701031249999 0.7206097015624999 0.6708847296875
0 0.728623778125 0.581534671875 0.6013555125 0.5915282015625001 0.6026965734374999 0.6745319421875 0.7387771843750001 0.655405678125 0.728623778125 0.581534671875
0 0.69088384375 0.46391582812500004 0.5526640125 0.50468299375 0.5756208890625001 0.6007839078125 0.71131834375 0.5579422875 0.69088384375 0.46391582812500004
0 0.6580290328125 0.3713747984375 0.5145728640625 0.396135396875 0.5333789921875 0.4818025859375 0.66910839375 0.47174757500000003 0.6580290328125 0.3713747984375
0 0.6231946359375 0.279545746875 0.47360813124999995 0.2945845984375 0.4855814953125 0.38867255156249997 0.6326456234375 0.371559253125 0.6231946359375 0.279545746875
0 0.5842094875 0.1772829765625 0.43229218437499994 0.20210505781250002 0.4374008359375 0.2718271609375 0.5916808890625 0.270008459375 0.5842094875 0.1772829765625
0 0.7640648609375 0.7417233624999999 0.76317085625 0.7480081890625 0.86821661875 0.65655785 0.8426096796874999 0.6120980234375 0.7364783359375 0.6979755109375 0.7640648609375 0.7417233624999999
0 0.8522521359375 0.531107246875 0.735264959375 0.5612562359375 0.7510059140625 0.6420625578125 0.8658219218750001 0.6007678671875001 0.8522521359375 0.531107246875
0 0.8258788734375001 0.43921671250000005 0.70870011875 0.4575080234375 0.721918696875 0.5362399015625 0.838554659375 0.5151621609375 0.8258788734375001 0.43921671250000005
0 0.79771760625 0.35989583281250004 0.6783357375 0.3342548453125 0.6749832546875 0.40403843124999994 0.7912999546874999 0.4248185515625 0.79771760625 0.35989583281250004
0 0.7654055859375 0.2701412234375 0.6280158640625 0.23905035625 0.6314961390625 0.30041318906250003 0.757902353125 0.3294910984375 0.7654055859375 0.2701412234375
0 0.7240576921875 0.14487507500000002 0.616393709375 0.1358911546875 0.594330946875 0.2183673671875 0.7253987546875 0.227878815625 0.7240576921875 0.14487507500000002
0 0.9594690578125 0.450802609375 0.862788590625 0.44383164375 0.8653748640625001 0.5114793046874999 0.9708676796875 0.509317528125 0.9594690578125 0.450802609375
0 0.9322017953125 0.3651969015625 0.8177050484375 0.3646337296875 0.8152465703124999 0.42813249999999997 0.94126961875 0.43349505156249996 0.9322017953125 0.3651969015625
0 0.8986126109375 0.2580117703125 0.7935029546875 0.2838889015625 0.8020279921875 0.3494006265625 0.9195579546875001 0.3220380578125 0.8986126109375 0.2580117703125
0 0.8807004921875 0.166059746875 0.7480362578124999 0.1809756328125 0.7558588640624999 0.2646298625 0.8924822750000001 0.2482900234375 0.8807004921875 0.166059746875
0 0.9600757453125001 0.519162246875 0.8641615984375 0.5596219890625 0.8754005906250001 0.6390658390625 0.9745395374999999 0.582538034375 0.9600757453125001 0.519162246875
0 0.8428328734375 0.1021564375 0.738776853125 0.1008198046875 0.7289428203125 0.1699529015625 0.8418111843749999 0.16215679375 0.8428328734375 0.1021564375
0 1 0.3109961671875 0.9307330484375 0.3359086953125 0.9432172578125 0.399996465625 1 0.3818085625 1 0.3109961671875
0 0.9893223687500001 0.23433205781250002 0.9196536890625 0.23553592031249998 0.9213459593750001 0.3094684015625 0.995325025 0.29776933906249997 0.9893223687500001 0.23433205781250002
0 0.8949727015625 0.2175778671875 0.9893855703125001 0.22378229374999997 0.9753359421875001 0.1516584140625 0.887150090625 0.1339236328125 0.8949727015625 0.2175778671875
0 0.962126909375 0.08384974687499999 0.9591063734375 0.0683438109375 0.8451317218750001 0.059586598437500006 0.8561791359375001 0.12717277031250002 0.9647371140625 0.1298718671875 0.962126909375 0.08384974687499999
0 0.24550898437500002 0.8417593109375 0.1600994546875 0.9470188109375 0.1777430703125 0.9922171203125 0.2189917046875 0.9898602015625 0.2869845609375 0.91330993125 0.24550898437500002 0.8417593109375
0 0.1934010984375 0.7591244890625 0.1255843203125 0.8133318968750001 0.1533943765625 0.9017240281250001 0.23181150781249998 0.8258142234375001 0.1934010984375 0.7591244890625