0 0.1093875625 0.2581457171875 0.112164978125 0.21805926250000002 0.0806876296875 0.194007384375 0 0.19667981875 0.0010802671874999999 0.2742869953125 0.09179728125 0.2741803 0.1093875625 0.2581457171875
0 0.1010553265625 0.2741803 0.0010802671874999999 0.27562389375 0.00106845625 0.35168078125 0.09364888906249999 0.3543532078125 0.10475854062500001 0.35969806875 0.12142302187500001 0.34366348593749996 0.12234882656249998 0.3115943203125 0.112164978125 0.2862062359375 0.1010553265625 0.2741803
0 0.112164978125 0.4011207375 0.116794 0.3850861546875 0.11031337031249999 0.36504293125 0.1010553265625 0.355689421875 0.0890198671875 0.3543532078125 0.0010802671874999999 0.353164 0.001994259375 0.43185368906250005 0.047358670312500004 0.4305174765625 0.06309734375 0.42650882812499996 0.0843908484375 0.41849153437500003 0.0982779109375 0.41448289374999997 0.1112391734375 0.41448289374999997 0.112164978125 0.4011207375
0 0.12049721875 0.49465580156250005 0.11957141093749998 0.474612571875 0.116794 0.45724177499999996 0.1029069328125 0.43185368906250005 0.0825392375 0.42650882812499996 0.0566167140625 0.4278450421875 0.0010802671874999999 0.43204100468749995 0 0.509354171875 0.0381006296875 0.5080179515625 0.06587475937500001 0.5080179515625 0.09364888906249999 0.5146990328125 0.1029069328125 0.5146990328125 0.112164978125 0.5080179515625 0.12049721875 0.49465580156250005
0 0.05754251875000001 0.5066817375 0.0010802671874999999 0.5109180109375 0.00106845625 0.588190865625 0.083465040625 0.588190865625 0.0982779109375 0.58418221875 0.108461759375 0.57082006875 0.112164978125 0.5414233312500001 0.108461759375 0.5120265984375 0.05754251875000001 0.5066817375
0 0.000154340625 0.589795015625 0 0.6817259250000001 0.0603199328125 0.6910794328125001 0.09179728125 0.692415646875 0.1029069328125 0.6737086359375 0.11031337031249999 0.644311903125 0.094574696875 0.5935357265625 0.000154340625 0.589795015625
0 0.000137221875 0.681493909375 0.0010049 0.7550885140625 0.075923996875 0.7697462625 0.094009478125 0.7734752359375 0.1008991859375 0.7361855078125 0.09659311875 0.7038677437499999 0.07420157031249999 0.69392381875 0.0431978890625 0.68895185625 0.0096105671875 0.6802509203125 0.000137221875 0.681493909375
0 0.10003797031249999 0.8182229031249999 0.10348282187499999 0.792120096875 0.0922870515625 0.774718225 0.068173078125 0.767260278125 0.0328633296875 0.762288315625 0 0.757316353125 0.00096845625 0.8272450750000001 0.0690342890625 0.8294098234374999 0.10003797031249999 0.8182229031249999
0 0.09831554375 0.8854130484375 0.07764642187500001 0.8307214546875 0 0.824506496875 0.0027208593749999998 0.9090298765625 0.0027275515625 0.9068109359375001 0.0673118625 0.90157193125 0.09831554375 0.8854130484375
0 0.28778248125 0.6081574484375001 0.2791703484375 0.5671387484375 0.2438606 0.5497368765624999 0.1577392671875 0.5497368765624999 0.12587437031249998 0.5571948234375 0.100057440625 0.588442571875 0.101760396875 0.6081574484375001 0.112094959375 0.6379892296875 0.13707014374999998 0.62431633125 0.1861593078125 0.61934436875 0.2300811890625 0.6156153953125 0.2714194296875 0.618101375 0.28778248125 0.6081574484375001
0 0.3549571265625 0.3881480640625 0.4040462859375 0.386905075 0.4135196328125 0.3806901234375 0.407491140625 0.34837235781250003 0.368736540625 0.3073536578125 0.295533403125 0.31481160468749997 0.19993871875 0.313568615625 0.15515562656249998 0.31854057812500003 0.12415194375000001 0.3334564703125 0.11469998906250001 0.358371684375 0.12329072968749999 0.3819331125 0.134486503125 0.394363021875 0.17582474374999998 0.38939105937499996 0.22405269218749999 0.38939105937499996 0.264529721875 0.396849 0.29294976250000004 0.41176489375 0.3549571265625 0.3881480640625
0 0.29294976250000004 0.3110139953125 0.303284321875 0.297341096875 0.29983947031249997 0.2612943578125 0.2740030703125 0.24140650312499998 0.2188854140625 0.2339485609375 0.15429441093750002 0.2339485609375 0.11898466249999999 0.2451354765625 0.121568303125 0.2488644484375 0.10865010312500001 0.2637803421875 0.11553981093750001 0.28615417656250003 0.1293192265625 0.31971493125 0.132764078125 0.33463081875 0.1534332 0.322200909375 0.19132658593750002 0.312256984375 0.2378321078125 0.3147429671875 0.29294976250000004 0.3110139953125
0 0.477249421875 0.247621459375 0.4703597140625 0.22897659843749998 0.4531354484375 0.20784575468750002 0.43591118125 0.1979018234375 0.3928505140625 0.1954158453125 0.34634499218750003 0.20411678125 0.29940581875 0.2496710640625 0.303284321875 0.28242520312499997 0.3041455375 0.307285021875 0.33514921875 0.309771 0.3575407671875 0.307285021875 0.368736540625 0.297341096875 0.384238378125 0.28988315 0.4092135671875 0.28615417656250003 0.46002515624999996 0.2786962296875 0.47466578125 0.267509315625 0.477249421875 0.247621459375
0 0.29122733749999996 0.463901871875 0.28950491093749997 0.42164018125 0.2653909375 0.39056540625 0.20855085624999997 0.38559344375000004 0.1594616921875 0.39180840156249996 0.1319028625 0.393051390625 0.13278784375 0.3969241015625 0.1129561703125 0.407967278125 0.1060664625 0.4353130796875 0.121568303125 0.48130374375 0.1301804375 0.48130374375 0.1594616921875 0.46887383437499996 0.18529809218749999 0.4601728984375 0.2610848703125 0.46763083906249997 0.29122733749999996 0.463901871875
0 0.259362440625 0.5521542187499999 0.28606005625 0.5658271171875 0.3050067515625 0.559612165625 0.3644304734375 0.5397243109375001 0.40576871406250004 0.5285373953125 0.4083523515625 0.5148644921875001 0.394572940625 0.49124766875 0.3695977515625 0.47508878593750004 0.314480096875 0.4713598125 0.27228064375 0.46763083906249997 0.1792696 0.463901871875 0.1439598515625 0.4726028078125 0.1276198859375 0.485221578125 0.1129561703125 0.508649540625 0.106927678125 0.5272944015625 0.10865010312500001 0.5509112296875001 0.121568303125 0.56209815 0.1422374265625 0.5583691765625 0.1723798921875 0.5521542187499999 0.22233026718749999 0.5509112296875001 0.259362440625 0.5521542187499999
0 0.54786891875 0.2960981015625 0.4961961140625 0.287397165625 0.438494821875 0.2836681921875 0.38854444843749997 0.2849111875 0.3575407671875 0.2960981015625 0.389405659375 0.3420887640625 0.4109359921875 0.36321960937500003 0.4144415921875 0.3844878390625 0.43591118125 0.3868364328125 0.46347000781250003 0.3893224171875 0.49189004843750006 0.3768925078125 0.5263385859375 0.3694345609375 0.5358119296875 0.33960278125 0.56078711875 0.309771 0.54786891875 0.2960981015625
0 0.47294335624999995 0.3967803640625 0.45571908906249997 0.388079428125 0.3661529 0.39056540625 0.32136980312499996 0.3967803640625 0.28950491093749997 0.4129392453125 0.290366121875 0.46887383437499996 0.3282595109375 0.4713598125 0.3730426078125 0.47011682343750005 0.3928505140625 0.4527149515625 0.4402172484375 0.4514719625 0.47294335624999995 0.4527149515625 0.4789718484375 0.43779905937499997 0.47294335624999995 0.3967803640625
0 0.6451860296875 0.2339485609375 0.5986805078125 0.206602759375 0.52203251875 0.191686871875 0.4789718484375 0.1979018234375 0.474734440625 0.22157278125 0.47552699687500005 0.25135043281249997 0.47552699687500005 0.2849111875 0.5263385859375 0.292369128125 0.56078711875 0.3134999734375 0.5780113859375 0.2960981015625 0.6296841890625 0.2960981015625 0.6555205890625 0.277453240625 0.6451860296875 0.2339485609375
0 0.7864250187499999 0.2028737859375 0.74939284375 0.19914481875 0.71149945625 0.1979018234375 0.6718836406250001 0.206602759375 0.6495837109375 0.2315217921875 0.6529369484374999 0.26502333125 0.6555205890625 0.2811822140625 0.6572430140625001 0.28864015468750004 0.6882466968750001 0.28615417656250003 0.8105389921875 0.28242520312499997 0.8406814593749999 0.25135043281249997 0.8234571921875 0.2227616421875 0.7864250187499999 0.2028737859375
0 0.62107205625 0.37192054531249996 0.646047240625 0.388079428125 0.6736060703125 0.37564951875 0.70891581875 0.37067755625 0.7149443109375 0.36570559375 0.7803965265625 0.36570559375 0.8243184078124999 0.3644625984375 0.8337917562499999 0.3309018453125 0.8260408328125 0.30107006406250003 0.8070941406250001 0.28988315 0.7571437671875 0.28615417656250003 0.695136403125 0.28615417656250003 0.64863088125 0.2849111875 0.6504450375 0.287484978125 0.6176272 0.299827075 0.5659544000000001 0.299827075 0.5513137703125001 0.31971493125 0.52375494375 0.35203268906249996 0.5263385859375 0.373163534375 0.5564810515625 0.3744065296875 0.594374440625 0.36570559375 0.62107205625 0.37192054531249996
0 0.6563818 0.42164018125 0.6417411734375 0.3843504546875 0.6047089999999999 0.37192054531249996 0.5452852781249999 0.37564951875 0.48758398124999996 0.38062148125 0.4721504625 0.3919495984375 0.472082140625 0.42164018125 0.4763882078125 0.44277102656249995 0.49189004843750006 0.45022896718750005 0.5306446515625 0.4514719625 0.5650931859375 0.4527149515625 0.607292640625 0.4527149515625 0.6589654406250001 0.4464999953125 0.6563818 0.42164018125
0 0.4574415140625 0.53226636875 0.4832779140625 0.5335093578125 0.5297834375 0.5161074859375 0.5297834375 0.46514486093749996 0.5444240625 0.4576869140625 0.519448878125 0.4464999953125 0.4548578734375 0.4464999953125 0.39715658125000003 0.4514719625 0.3730426078125 0.45892990312500004 0.3799323109375 0.48130374375 0.40490750000000003 0.49621963124999996 0.41179720781249995 0.5223224390625 0.4574415140625 0.53226636875
0 0.7183891625000001 0.519836459375 0.776090459375 0.5272944015625 0.8260408328125 0.5272944015625 0.8243184078124999 0.439042053125 0.7330297921875 0.44898597812499996 0.6736060703125 0.44898597812499996 0.602125359375 0.45644392500000003 0.5547586265625 0.4626588765625 0.55656045625 0.46407993125 0.5401179968750001 0.4775747703125 0.53495071875 0.5074065515624999 0.5452852781249999 0.53226636875 0.5719828921875 0.5335093578125 0.6219332671875 0.5335093578125 0.6589654406250001 0.5459392671875001 0.6804957734375 0.5359953375 0.7183891625000001 0.519836459375
0 0.43074389999999996 0.5272944015625 0.376487459375 0.53226636875 0.28519884375000004 0.569556090625 0.2861039515625 0.5710318015625 0.282615203125 0.6080888078125 0.29122733749999996 0.6267336734375 0.363569259375 0.6267336734375 0.3773486734375 0.60684581875 0.4531354484375 0.599387871875 0.47380457031249995 0.5857149734375 0.4703597140625 0.5335093578125 0.43074389999999996 0.5272944015625
0 0.6055702140625 0.5272944015625 0.5418404265625 0.524808421875 0.47645709687500004 0.5399411390625 0.46949850312499997 0.5583691765625 0.47122092968749996 0.5770140375 0.49361247812500003 0.5906869359375 0.54959134375 0.5956588984375 0.5650931859375 0.6080888078125 0.6589654406250001 0.6031168453125 0.6606878671875 0.5459392671875001 0.6055702140625 0.5272944015625
0 0.66154908125 0.60684581875 0.71149945625 0.605602828125 0.7132218859375 0.6043598343750001 0.7735068187499999 0.60684581875 0.8234571921875 0.6155467546875 0.84670995625 0.5633411390624999 0.8442434859375 0.56481366875 0.8165674859375001 0.5335093578125 0.7743680328125 0.5335093578125 0.763172259375 0.5272944015625 0.7097770296875 0.5272944015625 0.70891581875 0.5272944015625 0.6658551484374999 0.5459392671875001 0.6555205890625 0.5832289890625 0.66154908125 0.60684581875
0 0.3799323109375 0.6938551765625001 0.41007478124999996 0.66775236875 0.39715658125000003 0.640406571875 0.36701411093749997 0.6279766625 0.29639461875 0.6230047 0.1801308140625 0.6205187171875 0.12587437031249998 0.6366775984374999 0.1258972328125 0.638187625 0.08625855624999999 0.6913691984375 0.1129561703125 0.721200978125 0.1284580109375 0.7236869578125 0.1784083859375 0.7075280796875 0.2481666703125 0.70379910625 0.280892778125 0.7187149953125 0.332565578125 0.705042096875 0.3799323109375 0.6938551765625001
0 0.277447921875 0.7261729406249999 0.25419516249999996 0.7112570484375 0.19993871875 0.705042096875 0.145682278125 0.7174720046874999 0.10865010312500001 0.7311449031249999 0.107809378125 0.7289723578125 0.0897034109375 0.7522757484375 0.088842196875 0.775892578125 0.11898466249999999 0.8094533265624999 0.1387925703125 0.800752390625 0.181853240625 0.7821075296875 0.2318036140625 0.7771355671875 0.2783091375 0.7783785562500001 0.277447921875 0.7261729406249999
0 0.319647378125 0.856686978125 0.35409591093750004 0.854201 0.3928505140625 0.8430140796875 0.4264378328125 0.8380421171875 0.4221317671875 0.81442529375 0.3928505140625 0.7945374390625 0.36701411093749997 0.7833505187500001 0.31103524375 0.7821075296875 0.27314185625 0.7783785562500001 0.22146905625 0.7783785562500001 0.1792696 0.7796215453124999 0.147404703125 0.7920514546875 0.1215906 0.8135389515625 0.10003797031249999 0.8467430531250001 0.10348282187499999 0.8641449250000001 0.13534771875 0.8753318453125001 0.1594616921875 0.866630909375 0.20338357343750002 0.8554439890625 0.282615203125 0.8591729625 0.290366121875 0.8629019359375001 0.319647378125 0.856686978125
0 0.41524205937499997 0.6764533046875 0.40060143281249994 0.6764533046875 0.3782098859375 0.687640225 0.3446225671875 0.69758415 0.30759038906249997 0.7087710687500001 0.2783091375 0.721200978125 0.2783520109375 0.7252414765624999 0.275725496875 0.7572477109375 0.288643696875 0.7783785562500001 0.3170637375 0.7821075296875 0.36701411093749997 0.7821075296875 0.38854444843749997 0.7572477109375 0.462608796875 0.7510327593749999 0.4574415140625 0.6913691984375 0.41524205937499997 0.6764533046875
0 0.558203478125 0.78832248125 0.56078711875 0.7547617328125 0.5005021859375 0.7510327593749999 0.4014626484375 0.756004721875 0.399799040625 0.7575757640624999 0.38251595156249996 0.7572477109375 0.3730426078125 0.7783785562500001 0.38337716718750003 0.797023421875 0.41007478124999996 0.803238375 0.42816025937499996 0.8355561390625 0.4832779140625 0.844257075 0.521171303125 0.8380421171875 0.558203478125 0.78832248125
0 0.44882938125000005 0.599387871875 0.3954341515625 0.6031168453125 0.3644304734375 0.6155467546875 0.394572940625 0.6391635828125 0.39715658125000003 0.670238353125 0.42299298125 0.675210315625 0.46181454375 0.6891763109375 0.46174758125000004 0.6888832140625001 0.5160040218749999 0.67272433125 0.53495071875 0.6391635828125 0.5702604671875 0.6080888078125 0.537534359375 0.5906869359375 0.462608796875 0.5919299312499999 0.44882938125000005 0.599387871875
0 0.56078711875 0.687640225 0.5168652375 0.6764533046875 0.46433122187500003 0.6913691984375 0.4643985265625 0.6929071921875 0.45830272968749997 0.710014059375 0.4574415140625 0.7423318234375 0.480694278125 0.7497897640625 0.5487301328124999 0.7510327593749999 0.571121678125 0.775892578125 0.6503533078125 0.7622196734375 0.6339902562499999 0.7013131234375 0.56078711875 0.687640225
0 0.5125591703125 0.6615374171874999 0.5246161593750001 0.6826682625 0.5650931859375 0.6938551765625001 0.62107205625 0.7062850859375 0.6426023890625 0.7187149953125 0.6589654406250001 0.7025561125 0.69858125625 0.6888832140625001 0.763172259375 0.687640225 0.8149583859374999 0.6891763109375 0.8260408328125 0.6640233953125 0.832930540625 0.6254906796874999 0.7778128859375 0.60684581875 0.6537981625 0.60187385625 0.5685380375 0.605602828125 0.5297834375 0.632948625 0.5125591703125 0.6615374171874999
0 0.702887321875 0.6863972359375 0.65982665625 0.7013131234375 0.6374351078125 0.7137430328125001 0.64690845625 0.75849070625 0.64690845625 0.7622196734375 0.65982665625 0.7696776203125 0.8269020484375 0.7622196734375 0.8449875296875 0.7261729406249999 0.8114002078125001 0.6839112515625 0.7459479921875001 0.685154240625 0.702887321875 0.6863972359375
0 0.6804957734375 0.7647056578125 0.6374351078125 0.7647056578125 0.571121678125 0.7721636046875 0.5418404265625 0.803238375 0.5203100890625 0.8504720265625 0.5207075734375 0.8507998499999999 0.6081538515625 0.8604159515625 0.6555205890625 0.8529580109375001 0.7097770296875 0.844257075 0.7459479921875001 0.8430140796875 0.7821189515625 0.8504720265625 0.8157062734375 0.8455000640625 0.8294856890625001 0.7920514546875 0.8277632593750001 0.7622196734375 0.763172259375 0.7622196734375 0.6804957734375 0.7647056578125
0 0.8139838484374999 0.36570559375 0.7640334703125 0.36570559375 0.7054709625 0.3669485828125 0.6684387890625 0.37564951875 0.64863088125 0.39180840156249996 0.64863088125 0.4129392453125 0.6633649328125 0.441694653125 0.70891581875 0.4464999953125 0.7683395375 0.45022896718750005 0.8191511265625 0.444014015625 0.8260408328125 0.432827096875 0.8424038890625001 0.40548130000000004 0.8346529671875 0.38062148125 0.8139838484374999 0.36570559375
0 0.8182899140625001 0.2836681921875 0.8277632593750001 0.323443903125 0.8363753921875 0.3470607265625 0.8794360625 0.323443903125 0.9138845968749999 0.32468689375 0.9052724624999999 0.225247625 0.8372366078125 0.252593421875 0.8182899140625001 0.2836681921875
0 0.9140109265625 0.32230651875 0.8863257703125 0.32468689375 0.8492935968750001 0.333387828125 0.8260408328125 0.3470607265625 0.8277632593750001 0.3843504546875 0.8312081140625001 0.4191541984375 0.8579057296875 0.40921027343749994 0.9173294515625001 0.39180840156249996 0.9140109265625 0.32230651875
0 0.9071203140625 0.3969241015625 0.8837421296875 0.402995315625 0.8535996625 0.41169625156249995 0.8269020484375 0.4241261609375 0.8217347671875 0.43779905937499997 0.8363753921875 0.5024345875 0.862211796875 0.4875186953125 0.9138845968749999 0.4775747703125 0.9071203140625 0.3969241015625
0 0.9114269484375 0.4765161921875 0.8837421296875 0.4800607484375 0.8449875296875 0.4924906578125 0.8234571921875 0.524808421875 0.8234571921875 0.5397243109375001 0.8389590328125 0.5533972078125 0.8501548078125 0.5658271171875 0.91302338125 0.5583691765625 0.9114269484375 0.4765161921875
0 0.8363753921875 0.6540794703125 0.8432651 0.65780844375 0.8518772328124999 0.6515934859375 0.8708239296875 0.6416495609374999 0.9207743031250001 0.6416495609374999 0.9147458109375 0.549668240625 0.9140109265625 0.5536210328125 0.8889094078124999 0.5558831921875 0.8535996625 0.5583691765625 0.8449875296875 0.5658271171875 0.83551418125 0.5931729203125 0.8260408328125 0.60187385625 0.8208735515625 0.6205187171875 0.8312081140625001 0.6466215234375 0.8363753921875 0.6540794703125
0 0.8544608734375 0.6515934859375 0.8278782859374999 0.6742527968750001 0.8269020484375 0.7013131234375 0.8406814593749999 0.7261729406249999 0.8802972734375001 0.721200978125 0.9199130890625 0.7149860218749999 0.9181906625 0.6366775984374999 0.875129996875 0.6416495609374999 0.8544608734375 0.6515934859375
0 0.9207743031250001 0.7087710687500001 0.9243468437500001 0.7103179625 0.8734075703125 0.7236869578125 0.8389590328125 0.736116865625 0.8286244734375 0.7622196734375 0.8312081140625001 0.8094533265624999 0.8535996625 0.81939725625 0.9224967296875001 0.7995094015624999 0.9268027968749999 0.7112570484375 0.9207743031250001 0.7087710687500001
0 0.8475711671875 0.81939725625 0.8337917562499999 0.8430140796875 0.8277632593750001 0.8579299734375001 0.8363753921875 0.8939767062499999 0.8492935968750001 0.9001916624999999 0.8914930484375001 0.8914907265625001 0.9242191562500001 0.8803038078125001 0.9199130890625 0.797023421875 0.8475711671875 0.81939725625
0 0.7648946859375 0.8417710906250001 0.7132218859375 0.8430140796875 0.706332178125 0.8479860421875 0.6426023890625 0.8579299734375001 0.6426023890625 0.861658946875 0.651214521875 0.8939767062499999 0.6555205890625 0.9001916624999999 0.83551418125 0.901434653125 0.8406814593749999 0.8877617546875 0.8225959812499999 0.8517150156250001 0.796759578125 0.8479860421875 0.7700619671875 0.8504720265625 0.7648946859375 0.8417710906250001
0 0.4867227703125 0.8492290375 0.485070359375 0.85209136875 0.46174758125000004 0.876574834375 0.462608796875 0.8939767062499999 0.6555205890625 0.8977056796875 0.6503533078125 0.856686978125 0.62107205625 0.856686978125 0.5315058625 0.8554439890625 0.51083674375 0.8430140796875 0.4867227703125 0.8492290375
0 0.34548377812500003 0.854201 0.3101740296875 0.8579299734375001 0.29816252187500003 0.8670148875000001 0.28692127031250003 0.8728458609375 0.28950491093749997 0.8939767062499999 0.46174758125000004 0.8989486687499999 0.47466578125 0.8529580109375001 0.47294335624999995 0.8355561390625 0.420409340625 0.8330701546875 0.3747650328125 0.844257075 0.34548377812500003 0.854201
0 0.286965278125 0.8670148875000001 0.2671133625 0.8604159515625 0.22491390781249998 0.856686978125 0.1801308140625 0.8653879203124999 0.134486503125 0.871602871875 0.11381738593749999 0.8877617546875 0.1236347703125 0.902200278125 0.304166621875 0.902200278125 0.286965278125 0.8670148875000001