0 0.5645155890625 0.9599710796875 0.8397024890625 0.8361038265625 0.8377220234375 0.8247705796875 0.6691960234375001 0.7539312406249999 0.5062420890625 0.9220215312500001 0.5157673734375 0.9636150671875001 0.5645155890625 0.9599710796875
0 0.672856634375 0.7094970921875 0.8725992687499999 0.784622228125 0.8539999734375 0.689084240625 0.65686278125 0.585280784375 0.47604004218749996 0.7491894875 0.49838517656250003 0.8552660859375001 0.672856634375 0.7094970921875
0 0.64562528125 0.5536649203125 0.8498239578125 0.6542898640625 0.8498686031249999 0.556472203125 0.6436894609375 0.4445140125 0.46095119999999995 0.57566703125 0.4797655890625 0.6833328953125 0.64562528125 0.5536649203125
0 0.6263807109374999 0.421743296875 0.8468979109375001 0.5394723328125 0.8373405609375 0.4520890796875 0.627975634375 0.3110031359375 0.45908031562499996 0.4450936796875 0.4807152421875 0.5362090921875 0.6263807109374999 0.421743296875
0 0.64993523125 0.2950063203125 0.83542503125 0.41933338906250006 0.8315939765625 0.35382199999999997 0.6321110765625 0.1930070796875 0.451418203125 0.3140709015625 0.47326822343749997 0.41731419687500004 0.64993523125 0.2950063203125
0 0.6007442843749999 0.1551709625 0.81732085 0.326628715625 0.8128445234375 0.224733690625 0.5796694078125 0.0454664265625 0.42885798125 0.19586642031249998 0.43636993906250005 0.2933388765625 0.6007442843749999 0.1551709625
0 0.46201481875 0 0.38659865 0.09569743750000001 0.40745843437499996 0.1932741046875 0.534394734375 0.026115221875 0.7925650734375 0.1849631046875 0.7996062687500001 0.1053893765625 0.648929253125 0 0.46201481875 0
0 0.48955831562499996 0.8592392406249999 0.3731939609375 0.9452351296874999 0.37981849687499997 0.9737774140625 0.4494680890625 0.96857101875 0.4953698390625 0.9360838703125 0.48955831562499996 0.8592392406249999
0 0.4561258421875 0.7550970984375 0.3641966578125 0.839262746875 0.3790501234375 0.9242621109375 0.47881593437500003 0.830456696875 0.4561258421875 0.7550970984375
0 0.45220956093750003 0.63461294375 0.3573096890625 0.7017787156249999 0.376404103125 0.8001500125 0.4799157421875 0.716883215625 0.45220956093750003 0.63461294375
0 0.43318008125 0.5148192093749999 0.32034646875 0.5992258390625 0.3273633078125 0.69386498125 0.450078946875 0.5897293765625 0.43318008125 0.5148192093749999
0 0.42403262656249996 0.37529649374999996 0.3103589390625 0.4875868328125 0.326697746875 0.5810861296875001 0.4562597765625 0.4616441296875 0.42403262656249996 0.37529649374999996
0 0.408253865625 0.2632080625 0.29281480000000004 0.376293025 0.3097136609375 0.451203190625 0.43800544218750004 0.3353891421875 0.408253865625 0.2632080625
0 0.4180965078125 0.23457936406250002 0.39495068125 0.165286190625 0.28799351562500003 0.30511501875 0.30566751875 0.37356392656250004 0.4180965078125 0.23457936406250002
0 0.36879478125 0.0700934140625 0.2711595890625 0.2087824015625 0.3049370234375 0.282207525 0.39021461562500004 0.1490809375 0.36879478125 0.0700934140625
0 0.36121200781249996 0.0117718640625 0.2980646609375 0.040195771875 0.2538954765625 0.088194025 0.285347496875 0.1810029140625 0.377966596875 0.035403253125 0.36121200781249996 0.0117718640625
0 0.24192711562500002 0.98408495625 0.17381656875 0.9157882031250001 0.15949879218750002 0.9864125796875 0.16351351875 0.98994646875 0.24192711562500002 0.98408495625
0 0.26187005 0.8639288328125 0.1831831890625 0.8168307031250001 0.17536684687499998 0.9028656906249999 0.25377368906250003 0.9592583828125001 0.26187005 0.8639288328125
0 0.33519993124999997 0.684225203125 0.24968696562499998 0.728828690625 0.263550196875 0.8081614328125 0.3511085609375 0.7534687531250001 0.33519993124999997 0.684225203125
0 0.20613708437499997 0.5558924375000001 0.1305061390625 0.58076695 0.13928835 0.6746114624999999 0.227276896875 0.6441745375 0.20613708437499997 0.5558924375000001
0 0.20809726093749997 0.49083046875 0.140022915625 0.515359784375 0.14787983124999998 0.582115221875 0.21722443125000002 0.55395796875 0.20809726093749997 0.49083046875
0 0.193028703125 0.393703221875 0.1211435921875 0.4291163578125 0.1342316890625 0.5149103515625 0.2081621921875 0.469408025 0.193028703125 0.393703221875
0 0.17703485000000002 0.2694869078125 0.095267715625 0.32462901875 0.09924893125 0.42369072812499997 0.184761896875 0.379087246875 0.17703485000000002 0.2694869078125
0 0.2864439 0.329805771875 0.272515065625 0.26012722187500004 0.2035357109375 0.33396267968750004 0.22092968906250002 0.4117061546875 0.2864439 0.329805771875
0 0.368252253125 0.974642 0.35616523125 0.9131698515625001 0.2753031 0.9190058140625 0.2755831078125 0.9815691296875 0.368252253125 0.974642
0 0.231172884375 0.6882634750000001 0.151085903125 0.687638190625 0.14863061093750002 0.7498668328125 0.2294278 0.7654533203125 0.231172884375 0.6882634750000001
0 0.016373010937499998 0.5641921359375 0.04701828125 0.5388860249999999 0.024263253125000002 0.48494887656249996 0.014287123437499999 0.492315234375 0.016373010937499998 0.5641921359375
0 0.0922767390625 0.23123393281250001 0.0371403265625 0.3080069140625 0.057914896874999997 0.3506108140625 0.10747516093750001 0.285516290625 0.0922767390625 0.23123393281250001
0 0.257081265625 0.117321778125 0.19643365 0.18435077187499999 0.2095866765625 0.24872232031250002 0.278566034375 0.1748868703125 0.257081265625 0.117321778125
0 1 0.6468203328125 0.9106420156249999 0.6972064078125 0.9378530765624999 0.7766433703125 1 0.740682303125 1 0.6468203328125
0 1 0.5301146906249999 0.88130033125 0.5728858828125001 0.880265453125 0.6650369140625 1 0.624856696875 1 0.5301146906249999
0 1 0.427854190625 0.8802045890624999 0.435851271875 0.8763491734375 0.5445527593749999 1 0.5159338203125 1 0.427854190625
0 1 0.3476956484375 0.9981192265625 0.33693287031249997 0.8702819921874999 0.3027898140625 0.8676318999999999 0.42928580937499994 1 0.40710707343749997 1 0.3476956484375
0 1 0.2665305375 0.9999718578125 0.265806975 0.9961190234374999 0.24375901249999998 0.8554934609375 0.19636800625 0.8503677921874999 0.3086974375 1 0.3285604375 1 0.2665305375
0 0.9729982078124999 0.1495890671875 0.8337083812499999 0.071702265625 0.8270973609375 0.175531759375 0.9795848656249999 0.21997244999999999 0.9729982078124999 0.1495890671875
0 0.8641930999999999 0 0.84882158125 0.07101185156249999 0.9768090609375 0.133257234375 0.9624978000000001 0.051360660937500004 0.8771000000000001 0 0.8641930999999999 0
0 0.670835353125 0 0.7709950812499999 0.072425246875 0.766173796875 0.001247234375 0.764353546875 0 0.670835353125 0
0 0.2982813609375 0.4838546734375 0.231412334375 0.52617848125 0.2470409421875 0.6047165921875 0.31991628906249997 0.5749700859375 0.2982813609375 0.4838546734375
0 0.1587480109375 0.8186609624999999 0.0941191890625 0.786628234375 0.0936443578125 0.8601901421875 0.16025364687500002 0.9035561046874999 0.1587480109375 0.8186609624999999
0 0.0331633765625 0.682989796875 0.0423752765625 0.7357051484375 0.08310453125 0.6885551546875 0.08985794999999999 0.6968610984375 0.06258195 0.6388465859375 0.0331633765625 0.682989796875
0 0.0971345265625 0.7058104562499999 0.039297303125 0.7180913890625 0.0509325234375 0.784674228125 0.0906533765625 0.76679505625 0.0971345265625 0.7058104562499999
0 0.104825065625 0.412012271875 0.0443073265625 0.4361963703125 0.0554149578125 0.5106571171875001 0.11720295781250001 0.4828450796875 0.104825065625 0.412012271875
0 0.0877354734375 0.15076135156249998 0.0752208234375 0.1405023515625 0.004994753125 0.17211254375 0.0059322656250000005 0.20441798125 0.0172058390625 0.23751932031249998 0.0877354734375 0.15076135156249998
0 0.17092302343750002 0.1255416296875 0.107734896875 0.1998265125 0.12215818437499999 0.2605701171875 0.18407605 0.1899131796875 0.17092302343750002 0.1255416296875