0 0.015236778125 0.3812491234375 0.0210248125 0.402050253125 0.050738578125 0.3620224640625 0.07244576875 0.339174353125 0.1025785234375 0.3283041875 0.1420446640625 0.3211363359375 0.17236542187499998 0.3288459125 0.1949374578125 0.3057240296875 0.1784972734375 0.2856321828125 0.150814046875 0.26909941718749997 0.12672719062499999 0.25275957031249996 0.09677439843749999 0.2569158875 0.06500594531250001 0.27762348281250004 0.04225395 0.30745920625 0.03375048125 0.3367785640625 0.015236778125 0.3812491234375
0 0.0502416875 0.3741621359375 0.027215734375 0.40142183593749997 0.028679526562500002 0.423591840625 0.055258875 0.4045269125 0.0722308859375 0.379183640625 0.096309690625 0.37022990624999996 0.1222551765625 0.3620166359375 0.147018875 0.3595029640625 0.175472953125 0.3664720828125 0.18998739375 0.343238153125 0.18297459375 0.3361384875 0.1665854296875 0.3333383703125 0.144416278125 0.3350307125 0.120243471875 0.3346945765625 0.0977573875 0.341812740625 0.073087690625 0.3536162765625 0.0502416875 0.3741621359375
0 0.0909567296875 0.42917357031250003 0.1288731296875 0.41583942343749997 0.1697090578125 0.4215517125 0.20257333593750002 0.4111482296875 0.18221984062500002 0.39628930625000003 0.1790263515625 0.37466684687499996 0.151848059375 0.37128799375 0.1281291640625 0.36681404687499997 0.099315175 0.3732726171875 0.0745085 0.383788140625 0.061903715625 0.3997606703125 0.0360092578125 0.4252656765625 0.0628276375 0.4420722125 0.0909567296875 0.42917357031250003
0 0.04690848125 0.48572144687499996 0.056609828125 0.501289653125 0.075636515625 0.4952665875 0.1079528796875 0.479711059375 0.1380856328125 0.46884089375000004 0.17231970000000002 0.471317553125 0.199318034375 0.481410240625 0.19726335625 0.462090040625 0.191929234375 0.4371511 0.1769018078125 0.4219375296875 0.15414176562499998 0.42647967031249995 0.1275113875 0.4282528765625 0.10156590624999999 0.43646614687499996 0.07648526875 0.444405640625 0.0582374765625 0.466158646875 0.04690848125 0.48572144687499996
0 0.0985335359375 0.4920124640625 0.063939559375 0.50296349375 0.049793078125 0.5380633171875 0.0279999375 0.5769151359375 0.035106734375 0.5933046765625 0.0514448703125 0.578813059375 0.0734260234375 0.5585409828125 0.10528846875 0.5471232703125 0.1320988046875 0.5386362234375001 0.1547218671875 0.5328060640625 0.17152196875 0.5394702234375 0.1991112 0.5467131125 0.2144045265625 0.5392091234375 0.20692977343750002 0.51095369375 0.1845726171875 0.49406628750000003 0.16695064375 0.47967404687500004 0.151152375 0.47402412343749994 0.1278014421875 0.4814160703125 0.0985335359375 0.4920124640625
0 0.05886860625 0.5897767703125 0.0418025984375 0.6058301640625 0.0635688625 0.6255673703125 0.09602220312500001 0.611299853125 0.1255640578125 0.60327949375 0.16562109375 0.5932618359374999 0.2007200125 0.5954647171875 0.2245329015625 0.609228540625 0.21591934375 0.578670853125 0.1936991671875 0.5630714640625001 0.1849996484375 0.5485175 0.17539230156250002 0.542239159375 0.154678890625 0.5408079234375001 0.133922503125 0.547378540625 0.09932852656249999 0.5583295640625 0.06546241875 0.56771880625 0.05886860625 0.5897767703125
0 0.063080015625 0.6630006359375 0.052435909375 0.6890035 0.0752389296875 0.67645949375 0.099814625 0.65536609375 0.12867159374999998 0.6409056640624999 0.1528873796875 0.633239940625 0.1744656375 0.63439740625 0.1996402734375 0.6357477765625 0.2239500625 0.6373719296875 0.2245329015625 0.609228540625 0.20095099218749998 0.6060426 0.170904190625 0.600909053125 0.1569296203125 0.604001453125 0.13243988281250002 0.609091146875 0.10303500000000002 0.6183995234374999 0.0734931375 0.6264198765625 0.063080015625 0.6630006359375
0 0.082705640625 0.679421346875 0.056768206249999995 0.71292820625 0.061777348437500004 0.71799939375 0.0654677234375 0.7274821703125001 0.0841264484375 0.7095932125 0.11457614062499999 0.6932972171875 0.13879192499999998 0.68563149375 0.1631446875 0.6792537875 0.2018399765625 0.6816495828125 0.2221934765625 0.69650850625 0.217313265625 0.667431746875 0.21298097187499998 0.6435070406250001 0.197499640625 0.6324312875 0.176058359375 0.632561840625 0.1495649578125 0.6356230593750001 0.116520721875 0.6527403765625001 0.082705640625 0.679421346875
0 0.057426215625 0.77795729375 0.0734554640625 0.7941851 0.101490559375 0.77199659375 0.135810578125 0.7584695359375 0.1660803125 0.7488873828125 0.21032460937500003 0.7362128359375 0.2379057921875 0.718162140625 0.2270226640625 0.7082935406249999 0.20994860625 0.6990533531249999 0.192146684375 0.691374953125 0.16915565625 0.6853392171875 0.14034166875 0.6917977875 0.1118016328125 0.7008323875 0.0843574296875 0.72017109375 0.07330239375 0.7423099171875001 0.057426215625 0.77795729375
0 0.0841076171875 0.7934758171875 0.05871809375 0.8321347296875 0.0818031203125 0.8474603406250001 0.09546075312499999 0.8497937703125 0.10660979687500001 0.8369448171875 0.1341479953125 0.8268959828125 0.152215840625 0.8118568234374999 0.1823485890625 0.8009866593750001 0.219083203125 0.7933521171875 0.2363291671875 0.7705848765625001 0.23085806718750002 0.7443579171875 0.2175173671875 0.736598659375 0.195348215625 0.73829099375 0.175002765625 0.748725659375 0.14327728906249998 0.7614313875 0.109548159375 0.7721086406250001 0.0841076171875 0.7934758171875
0 0.128051078125 0.8368142703125001 0.10538503437499999 0.8506462875 0.0795335546875 0.8681494234375 0.059966996875 0.8943140234375001 0.0803634734375 0.9011710875000001 0.08382287031249999 0.9000759875 0.1018477265625 0.8930386828125 0.1203265 0.8818635640625001 0.142812590625 0.8747453937499999 0.17394716875 0.8648894703125001 0.206948421875 0.8557740062500001 0.231618125 0.8439704703125 0.243538015625 0.8215578640625001 0.23411062500000002 0.8085656875 0.22654991406249997 0.7963139640625 0.204063828125 0.8034321359375 0.17579775 0.8150427640625001 0.15517834375 0.8229013937499999 0.128051078125 0.8368142703125001
0 0.0808845 0.9649121765625001 0.10669300781249999 0.9554108875 0.1424687703125 0.938760253125 0.17883542187499998 0.9192598125 0.2269930359375 0.901352346875 0.24842626874999998 0.8759282125000001 0.235308503125 0.8534532468749999 0.2194672546875 0.8558051828125001 0.19238296562499999 0.86171620625 0.16429684375 0.8666129874999999 0.123742921875 0.8887703171875 0.09183749218750001 0.90818989375 0.0866564453125 0.9351261359375 0.0796087140625 0.9613219125000001 0.0808845 0.9649121765625001
0 0.2005804734375 0.299943559375 0.194577546875 0.3191517171875 0.2034140421875 0.3349937 0.22617408593750002 0.33045155937500004 0.2581735203125 0.320321859375 0.29836753125 0.3115922125 0.328594284375 0.3100119171875 0.352536109375 0.29977017031250003 0.3446074421875 0.275652553125 0.3223872609375 0.2600531640625 0.30317257343750004 0.2474964875 0.2872803015625 0.2325567 0.25427904218749997 0.2416721640625 0.22951534843750002 0.2441858296875 0.2137251203125 0.26382949375 0.199390640625 0.28034957656250004 0.2005804734375 0.299943559375
0 0.2248203953125 0.3681585875 0.25108281718750003 0.3545194875 0.2888192546875 0.34789918750000004 0.31904600781250003 0.3463189 0.350043609375 0.335174953125 0.3445295359375 0.316949853125 0.319671828125 0.310173646875 0.2907208625 0.31534420625 0.26786681562500003 0.31059648281249996 0.2352764953125 0.3235759875 0.20683046875 0.341900453125 0.19217905 0.3638463703125 0.2059306875 0.3754696703125 0.2248203953125 0.3681585875
0 0.28846739062500004 0.386620459375 0.3122722421875 0.3750907 0.337438828125 0.3511474875 0.31859209375 0.3504567125 0.2910968671875 0.3525036875 0.2658792578125 0.3591551703125 0.2280998359375 0.3737773296875 0.19837802031250001 0.38851154062500004 0.2070345625 0.41106736406250005 0.22173700468750002 0.40641318281250005 0.25127886250000003 0.3983928171875 0.28846739062500004 0.386620459375
0 0.2952653015625 0.43372941249999997 0.32576601250000004 0.434725140625 0.345520565625 0.4271402875 0.3384137734375 0.410750753125 0.32224754375 0.3932349296875 0.3009432421875 0.39465349375000003 0.2689867890625 0.396781340625 0.23298004687499999 0.40285409375 0.21605101875 0.42019550624999996 0.21701791875 0.4545051875 0.2471076875 0.4516368828125 0.26772709843750003 0.443778246875 0.2952653015625 0.43372941249999997
0 0.2696098671875 0.4951058828125 0.3083481359375 0.48949981249999996 0.32368445 0.47399397031249996 0.3353303796875 0.449005340625 0.315798753125 0.44187449375 0.296087171875 0.44145749375000004 0.2640877421875 0.45158719375 0.229082828125 0.45867418281249994 0.21301864843749999 0.47574181718749997 0.2046951359375 0.4983473296875 0.2088904484375 0.5209840234375 0.2427995359375 0.5035929296874999 0.2696098671875 0.4951058828125
0 0.2221102609375 0.578042440625 0.2424127390625 0.575609640625 0.2663545671875 0.5653678875 0.3051358125 0.5517599703125 0.34373710156250004 0.54486589375 0.3510587890625 0.521246140625 0.3622508078125 0.5003953296875 0.3470434296875 0.49189560625000006 0.326646953125 0.4850385359375 0.29942568281250004 0.489661546875 0.26223715937500003 0.5014339 0.223772846875 0.50961599375 0.2161772078125 0.5306597125 0.2029385515625 0.55748390625 0.2221102609375 0.578042440625
0 0.2356040390625 0.6376768875 0.26705555 0.6223951296875 0.28867679218750003 0.6155507359375 0.310161046875 0.6074183296875 0.3340598953125 0.605178440625 0.3611871640625 0.5912655640625 0.3615900546875 0.5698360171875 0.35493717187499996 0.5493086640625 0.322483828125 0.5635761828125 0.293532859375 0.568746740625 0.25579641406250003 0.5753670468750001 0.2210654609375 0.585030059375 0.22603967187500001 0.6233966875 0.2356040390625 0.6376768875
0 0.250185596875 0.682321853125 0.270214109375 0.6773130234375 0.2990280984375 0.670854453125 0.32096627031249997 0.6585842296875 0.3552003359375 0.6610608874999999 0.3597475203125 0.6449763125 0.35309463281250003 0.624448959375 0.3483084265625 0.6046620640625 0.31803869218749997 0.6142442171875 0.2944138046875 0.6190601359375 0.2631422421875 0.627628046875 0.23314646875 0.6397862296875 0.223684153125 0.6600894875 0.2306109921875 0.6831928640625 0.250185596875 0.682321853125
0 0.30700779375 0.7122638 0.331043625 0.7113119171875 0.352433878125 0.693889646875 0.34855549531249996 0.6658271171875 0.3197415078125 0.6722856937499999 0.2928371796875 0.6714828703125 0.26211353125 0.6852028359375 0.23371048125 0.695525446875 0.2384537109375 0.7233141937500001 0.2483350109375 0.7321685640625 0.2705041640625 0.7304762234375 0.30700779375 0.7122638
0 0.2406023859375 0.7519242703125 0.226490840625 0.753728653125 0.2304121953125 0.7737893171875 0.241115375 0.7903717640625 0.2616918046875 0.7905149875 0.2945560859375 0.7801115125 0.324551859375 0.7679533359375 0.35077129687499997 0.7623160875 0.3679742890625 0.74755070625 0.36682743281249997 0.7199548703125 0.3594466765625 0.70098930625 0.34224369062500004 0.71575469375 0.3190727109375 0.71643279375 0.29285326562499997 0.722070040625 0.2608538359375 0.732199740625 0.2406023859375 0.7519242703125
0 0.263120659375 0.8459804359374999 0.296438859375 0.831439146875 0.33394431562500004 0.814240959375 0.373042503125 0.79520720625 0.38427749218749996 0.766354540625 0.3709797734375 0.7505934171875001 0.3437155234375 0.7632182828125 0.31171609375 0.7733479875 0.2783979015625 0.7878892765625001 0.242939075 0.7991140828125001 0.2319780390625 0.8305427828124999 0.24399997343750002 0.8427136359375 0.263120659375 0.8459804359374999
0 0.305240421875 0.8805765703124999 0.3264507234375 0.8698681359375 0.3584501515625 0.8597384359375001 0.3785646296875 0.8387258937500001 0.38228992968750003 0.8149132359375001 0.37490917968750004 0.7959476703125 0.3545637265625 0.8063823296875 0.32848126093749996 0.8133075875 0.299624296875 0.8277680171874999 0.26111700781249997 0.8439519640625001 0.25238255781249996 0.8626934359374999 0.247655421875 0.885491859375 0.28116162031249997 0.88953030625 0.305240421875 0.8805765703124999
0 0.3156456796875 0.38999930625 0.330536121875 0.4039248640625 0.35625867499999997 0.41042729375000003 0.3817502421875 0.406351840625 0.4151624375 0.40110041250000006 0.44662199999999996 0.41111224062499996 0.46031456718749997 0.3801502359375 0.4464689296875 0.359237059375 0.431578484375 0.34531150625 0.4117299265625 0.34360649374999996 0.39862020781249996 0.3464251125 0.3738565046875 0.3489387765625 0.340127375 0.3596160296875 0.32178558281249997 0.37207917031250004 0.3156456796875 0.38999930625
0 0.35382524531250004 0.4884173875 0.37835796875 0.4753258359375 0.40426046875 0.47511442343750004 0.4458672453125 0.471263059375 0.4691322265625 0.4798748296875 0.46060462031249993 0.43331342968750003 0.4479917890625 0.4239923765625 0.43610683124999994 0.413109540625 0.41643822343750003 0.40469067656249996 0.39299328437500003 0.40279275312499996 0.3660459796875 0.4099917875 0.346976309375 0.4240167125 0.34024551875000003 0.44478665937499995 0.34935597343749997 0.4632046640625 0.35382524531250004 0.4884173875
0 0.36180494531249996 0.5298267296875 0.3663171953125 0.54703759375 0.39635594531249996 0.526877559375 0.427721503125 0.5275995171875 0.4543518796875 0.5258263125 0.4779848203125 0.5463039765625 0.47992940624999997 0.505747140625 0.466905640625 0.492562053125 0.4484188203125 0.4784435828125 0.434393221875 0.464244259375 0.40717195625 0.46886725937499996 0.3816374109375 0.48094458281249997 0.363886503125 0.4905579125 0.3599812375 0.5210844125 0.36180494531249996 0.5298267296875
0 0.41235026093749994 0.57640080625 0.45118253125 0.5800846125 0.47845482500000003 0.5927533296874999 0.4832249375 0.561953053125 0.474936359375 0.5512631234375001 0.4504385703125 0.5310592296875 0.4317288171875 0.5316564640625 0.41420084843750005 0.5265541 0.3839311171875 0.536136253125 0.36399660625 0.550434946875 0.35467126250000003 0.5720262234375 0.371565359375 0.587980253125 0.41235026093749994 0.57640080625
0 0.375314809375 0.640048346875 0.392611796875 0.6345728296875001 0.429209434375 0.6256502765625 0.4536562 0.628562440625 0.4786079015625 0.6446285125 0.48716239375 0.6326008875 0.48196524687500003 0.6089499593750001 0.470123265625 0.590065259375 0.44744917500000003 0.5786036875 0.42286543749999994 0.5744035125 0.397784796875 0.58234300625 0.367652046875 0.5932131703125 0.3679340515625 0.6210827828125 0.375314809375 0.640048346875
0 0.45061578124999996 0.6588151640625 0.46522421875 0.6448711125 0.454204109375 0.63371449375 0.438722778125 0.622638746875 0.42360940312500006 0.62342889375 0.3967990671875 0.631915940625 0.3770445078125 0.63950079375 0.3610233046875 0.6485665765624999 0.35688705781249996 0.66851519375 0.35935267656250003 0.691699440625 0.3837054421875 0.6853217359375 0.40792122343750004 0.6776560125 0.45061578124999996 0.6588151640625
0 0.437436203125 0.7282246765625 0.46242283281249996 0.7109953124999999 0.4812185390625 0.694394359375 0.476980246875 0.6797595234375 0.45831346875 0.6723549 0.43209403125 0.677992146875 0.4114746203125 0.6858507765625 0.381521828125 0.6900071 0.3694649609375 0.7111316828125 0.3725214640625 0.7314661234375001 0.3936028359375 0.7447632640624999 0.41221858593749994 0.734876159375 0.437436203125 0.7282246765625
0 0.43572259375 0.77935939375 0.4607092296875 0.7621300296875 0.48724560156249996 0.7510669531249999 0.49019201562500003 0.711524353125 0.46365564062500003 0.7225874296875 0.4387119890625 0.731814940625 0.41363135156249997 0.7397544359375 0.3850483390625 0.7567908875 0.3787284890625 0.7814248765625 0.383651671875 0.8024997828125 0.41132685625 0.7937389593749999 0.43572259375 0.77935939375
0 0.4794780546875 0.8041181 0.50241805 0.7928621171875 0.4978118 0.7663613875 0.48578985937499997 0.7541905359375 0.46731108906249996 0.765365653125 0.4474195515625 0.77166249375 0.4313983484375 0.7807282765625 0.40499894843749995 0.7930793640625 0.38274384375000003 0.8107754171874999 0.384892528125 0.83938549375 0.4135265625 0.839640759375 0.4601344296875 0.81556700625 0.4794780546875 0.8041181
0 0.6056495125 0.4606238359375 0.5898002109375 0.43768218281250004 0.568307909375 0.42052100625 0.5505489609375 0.40484075312499995 0.5160919640625 0.41707979375 0.488005846875 0.4219765765625 0.47303749531249994 0.4493483171875 0.467856440625 0.47628455937499997 0.47651298124999997 0.49884038750000004 0.4989050703125 0.48243234687500003 0.5575348703125 0.470529440625 0.6056495125 0.4606238359375
0 0.50542901875 0.5269652703125 0.5191296328125 0.521296846875 0.5408878515625 0.5157404703124999 0.5613273015625 0.5145956765624999 0.5811328828125 0.524302553125 0.58868555 0.5112606828125 0.5996976140625 0.4971237171875 0.5869478046875 0.486514653125 0.5682380499999999 0.48711188749999995 0.5517548859375 0.47502190000000005 0.5298596921875001 0.47929026406249997 0.5099681515625 0.48558710625 0.4897596828125 0.4973097828125 0.48844896875000005 0.527014959375 0.50542901875 0.5269652703125
0 0.5554694062500001 0.5603854359375 0.5796422156250001 0.5607215703125 0.6057756953125 0.5710880406250001 0.6026251874999999 0.5414637296875 0.5929238390625 0.5258955234375 0.5732552390625 0.517476659375 0.5504011953125 0.5127289359375 0.53615266875 0.51324530625 0.5080235703125 0.526143946875 0.4880890546875 0.540442640625 0.4927382859375 0.5589415171875001 0.49911721093750006 0.5768928468750001 0.529523921875 0.56859870625 0.5554694062500001 0.5603854359375
0 0.486485546875 0.65145440625 0.5240850078125 0.6435460875000001 0.5555365203125 0.6282643359375 0.571831684375 0.6217745765625 0.588991690625 0.6150110468750001 0.6168978546874999 0.6168281125 0.62608621875 0.5939488234375 0.609372078125 0.5712809531249999 0.5833755671875 0.56220249375 0.5693069953125 0.5560050234375 0.532983315625 0.5675036062500001 0.5041263515625001 0.5819640359375 0.4870093203125 0.58072570625 0.48491971093749997 0.594700940625 0.4882071984375 0.6256132703125 0.486485546875 0.65145440625
0 0.5739884140625 0.675678240625 0.61791578125 0.6684295171875 0.631839328125 0.64804539375 0.605885796875 0.6309650828125 0.5860802109375001 0.6212582125 0.5649128906249999 0.6239647828125 0.5379655750000001 0.6311638171875 0.506103125 0.6425815359375 0.5001002031249999 0.6617896937500001 0.484267003125 0.6894352125000001 0.50252284375 0.69297579375 0.5342483171875 0.6802700640625 0.5739884140625 0.675678240625
0 0.623018921875 0.6827905765625 0.5946078203125 0.6678196125 0.5773538078125 0.6652932640625 0.5531380234375 0.6729589828125 0.5266016484375 0.6840220593749999 0.5083538562500001 0.7057750640625 0.5016230625 0.7265450125 0.5121892578125 0.741839440625 0.543597796875 0.734559546875 0.576051140625 0.7202920234375 0.6077766171875 0.70758629375 0.623018921875 0.6827905765625
0 0.6079135890625 0.7088743125 0.594076 0.7132547234375 0.5659898828125 0.71815150625 0.5279365078125 0.7301976359375 0.514560875 0.7557338171875 0.5137040734375 0.7813011765625 0.5457545265625 0.78846320625 0.5688315046875 0.7784952359374999 0.6000090625000001 0.760637446875 0.62722228125 0.730720853125 0.6079135890625 0.7088743125
0 0.3411131125 0.3100431 0.3506774765625 0.32432329375 0.3688393171875 0.31857400625 0.3839526953125 0.31778385937500003 0.399930921875 0.31671993593750003 0.42055032812500004 0.3088613 0.4381723015625 0.323253540625 0.453003671875 0.2945937828125 0.4428484140625 0.28316339375 0.4300986046875 0.27255432968750004 0.41311855 0.2726040171875 0.39604449218750004 0.2633638296875 0.3792014171875 0.2647015234375 0.3575801828125 0.2715459171875 0.35389785156250003 0.28735672343749996 0.3411131125 0.3100431
0 0.433582140625 0.3473399828125 0.46148829999999996 0.349157040625 0.45064815312500006 0.3312865828125 0.4386262109375 0.3191157296875 0.41677399531250003 0.31538224062500003 0.399519984375 0.31285589375 0.378215684375 0.314274459375 0.3508144578125 0.32561130625 0.3435867734375 0.3585209234375 0.38050134375 0.34417254062499997 0.41086507812499995 0.3438802640625 0.433582140625 0.3473399828125
0 0.45206896093750004 0.361458446875 0.4565812109375 0.3786693125 0.464458859375 0.3854952 0.452538971875 0.4079078 0.4603306640625 0.43073740625 0.4890506515625 0.41498895312500006 0.5380301375000001 0.4048095703125 0.562339921875 0.40643372343750006 0.58522889375 0.37788600625 0.560688128125 0.3656839703125 0.5584534921875 0.35307761718749997 0.5468424890625 0.3447708 0.525992096875 0.342051546875 0.5065544765625 0.3442105765625 0.4849332421875 0.3510549703125 0.45206896093750004 0.361458446875
0 0.973146246875 0.3060812 0.96164646875 0.309721553125 0.9484617453125 0.3195465 0.9392928546875 0.34929221250000003 0.9529136453125 0.3435676296875 0.9716048203125001 0.3319995703125 0.9757973171875 0.3310092765625 0.973146246875 0.3060812
0 0.9764894375000001 0.33751730625 0.9668251484375 0.3405766234375 0.9526770734375001 0.3591833296875 0.9444259296874999 0.3886385234375 0.9570833703125 0.39169570625 0.9725852500000001 0.376898840625 0.9802280578125 0.372671659375 0.9764894375000001 0.33751730625
0 0.9811408359374999 0.3812545 0.9779007453125 0.3822801765625 0.9581464687500001 0.3927719765625 0.950376996875 0.4178362875 0.9573370109375 0.42976104687500005 0.972402825 0.4108638171875 0.983710878125 0.4054206640625 0.9811408359374999 0.3812545
0 0.9432830703124999 0.2886914234375 0.9578215984374999 0.2826763234375 0.9457826484374999 0.24975452968749998 0.9488180546875 0.22477602968750002 0.9228761453125 0.22168575937499999 0.914425496875 0.23142489375 0.8958340703125 0.25285098281249996 0.88072265625 0.280239459375 0.8845931296874999 0.2987934359375 0.8988409453124999 0.2900447640625 0.9196583203124999 0.280629240625 0.9432830703124999 0.2886914234375
0 0.9493424265625 0.3545877359375 0.939911346875 0.31942759375 0.9231012609375 0.3219233765625 0.9113615703125 0.31857567656249997 0.8927159953125001 0.32165248750000003 0.8808850906249999 0.33528728281250003 0.8884265359375 0.3526791875 0.90480055 0.346083046875 0.9222376671875001 0.3405631703125 0.935958203125 0.3446966171875 0.9493424265625 0.3545877359375
0 0.8519045125 0.37528799375 0.8646695781249999 0.3693469171875 0.8760718859375001 0.3685876875 0.8889040343750001 0.36927600625 0.8897109640625 0.3528690359375 0.8809057578124999 0.3480556875 0.8682997765625 0.34349540625 0.8581011374999999 0.349574146875 0.8456964031249999 0.364902059375 0.8369946828125 0.37905774062500003 0.8362184265625 0.38975446406250003 0.8418400359374999 0.3946255234375 0.8519045125 0.37528799375
0 0.877348378125 0.3985864828125 0.8908283703125001 0.3933691765625 0.8883232781249999 0.3818110171875 0.8839360078125 0.3765492171875 0.8724666171875001 0.370679053125 0.8638262390625 0.373414240625 0.8496984140625001 0.384537159375 0.8410944499999999 0.39961199375 0.8425606999999999 0.41339918750000004 0.8497712375 0.40921644687500003 0.8634103124999999 0.3934978 0.877348378125 0.3985864828125
0 0.8779712937499999 0.416441 0.89233103125 0.41949601718749996 0.8938222109374999 0.4095230765625 0.8862513390625001 0.4043189765625 0.876731215625 0.398781853125 0.8623408093749999 0.4014370828125 0.8497712375 0.40921644687500003 0.8360344109375 0.42401595312499996 0.8410081796875 0.43479262968750004 0.8506874015625 0.42982841250000003 0.8635808859375 0.4190962359375 0.8779712937499999 0.416441
0 0.8905887578125 0.45710105937499995 0.8980561359375001 0.4433361171875 0.891719609375 0.4377412828125 0.8821017265625001 0.43128500625 0.872483846875 0.42482872968749996 0.8563396796875 0.42898921718749994 0.8479925500000001 0.43448184687499997 0.840720671875 0.45008508281250004 0.84929971875 0.45877039374999995 0.8641424609374999 0.44837125312500004 0.8785328671875 0.4457160171875 0.8905887578125 0.45710105937499995
0 0.9400850281249999 0.41863041718750005 0.933033578125 0.41231180624999997 0.922279109375 0.4071654234375 0.9121111359375 0.40753391250000004 0.90383109375 0.41965593593749995 0.8977935546875001 0.4348684234375 0.910075609375 0.44238151718749996 0.9295011328125 0.43908246406250007 0.948376559375 0.4426081828125 0.9477536453125 0.42475366406250004 0.9400850281249999 0.41863041718750005
0 0.9293497421874999 0.371674 0.94400273125 0.37748645937499997 0.9444186562500001 0.35740289999999997 0.9325275968750001 0.35356640625 0.9202455390625 0.3460533171875 0.90699171875 0.347398659375 0.897312503125 0.3523628828125 0.890138375 0.3688852640625 0.899236840625 0.37645605937500004 0.9082988828125 0.37168720624999996 0.91827135625 0.3694804234375 0.9293497421874999 0.371674
0 0.8909490906249999 0.46648789375 0.88555364375 0.4577448765625 0.8791193671875 0.45123089375000003 0.8673931406250001 0.4549429359375 0.8513467265625 0.4600225703125 0.8434576765624999 0.47582118281249997 0.850411375 0.481220640625 0.86636004375 0.4752218640625 0.8764302624999999 0.4739342234375 0.8924460125 0.4745648359375 0.8909490906249999 0.46648789375
0 0.942760690625 0.4557870125 0.93220171875 0.4524789171875 0.9155017265625001 0.4454142765625 0.908095684375 0.44775872968749997 0.9015693984375 0.45837549375000003 0.8964729484375 0.47043980625000004 0.9111259374999999 0.4762522640625 0.924214925 0.46735837656249996 0.9408171718749999 0.4735038703125 0.948156128125 0.4645300296875 0.942760690625 0.4557870125
0 0.9391611640624999 0.47592827031249996 0.9295126171874999 0.47518224687500005 0.9214894062500001 0.4777220640625 0.9090789265625 0.47500008749999995 0.8997907078124999 0.4836408875 0.9008352890625 0.49946174687499995 0.9156167 0.50048310625 0.9345227921875001 0.4982985703125 0.94989070625 0.5048348 0.9514432218750001 0.483441359375 0.9391611640624999 0.47592827031249996
0 0.7982251015624999 0.40365510625 0.8053017062500001 0.402604446875 0.8184794562500001 0.40259618281250004 0.82960309375 0.402048659375 0.8335241484375 0.3901018703125 0.8386654296874999 0.3783635640625 0.833050221875 0.3706250640625 0.82485298125 0.364893440625 0.8148079875 0.3680732703125 0.8046826062499999 0.3742523125 0.7957162609374999 0.38006445312500003 0.7872814406249999 0.3946296171875 0.7876713828125 0.4058064703125 0.7982251015624999 0.40365510625
0 0.8197283703125 0.4331270640625 0.830890390625 0.42543037031250003 0.8353813562499999 0.41508744062499997 0.82447970625 0.4102119359375 0.8172195390624999 0.40953644687499996 0.8079856484375 0.40532250000000003 0.7940160265625 0.409149953125 0.7891579140625 0.41604059375 0.7913572 0.4254551703125 0.8019720937500001 0.4238791828125 0.8123230234375001 0.42357626406250004 0.8197283703125 0.4331270640625
0 0.8185065546875 0.443933359375 0.8047389875000001 0.4403190171875 0.7966971828125 0.4402071875 0.7880227609375 0.45092574687500003 0.7870738203125 0.4671713171875 0.8108319843749999 0.45566415937500004 0.8161047265624999 0.46329638281249996 0.8258299375 0.47084789374999997 0.8290949218750001 0.4512116296875 0.8185065546875 0.443933359375
0 0.9708048249999999 0.2840647875 0.963980125 0.2849374359375 0.9510328203125 0.2890360171875 0.9400423515625 0.3031452640625 0.949134940625 0.321527159375 0.969893515625 0.30698325937500004 0.9731587734374999 0.3061989703125 0.9708048249999999 0.2840647875
0 0.5737087890625 0.35742242968750004 0.5612102812499999 0.3472146234375 0.553695184375 0.3212649765625 0.52080871875 0.31609472968749996 0.48574488281250006 0.31727948281249996 0.45368707343750003 0.32884409375 0.4498695 0.355548340625 0.4521011671875 0.3675897703125 0.4936971671875 0.3473400296875 0.538790675 0.3599774765625 0.5737087890625 0.35742242968750004
0 0.97837596875 0.433287553125 0.9849042734375001 0.433759846875 0.9853531203125 0.4208626875 0.9846554578125 0.41430255312500003 0.9683463046874999 0.419465359375 0.9535332421874999 0.44115174062499996 0.9583337609375 0.4594621296875 0.97837596875 0.433287553125
0 0.94130378125 0.4074761640625 0.9479395703125 0.398463859375 0.9422215156249999 0.3883355828125 0.9340342187499999 0.3827589828125 0.9253094609374999 0.37609584687500003 0.9164148437499999 0.37576984062499996 0.903891140625 0.38099099375 0.8993405203125 0.3937415765625 0.9011062578125 0.4063776640625 0.9156707624999999 0.4005104640625 0.9300654109375 0.4009804 0.94130378125 0.4074761640625
0 0.6593046953125 0.3678090765625 0.6399105390625001 0.37138757031249997 0.6268243906250001 0.3857737 0.6139603859375 0.41033311250000004 0.6200953124999999 0.4275977875 0.6425530703125 0.42048858750000007 0.6587518859375 0.419202059375 0.664788671875 0.40320611250000005 0.6632491359375 0.3806453765625 0.6593046953125 0.3678090765625
0 0.648202375 0.42510250000000005 0.6373893828125 0.428525446875 0.627193753125 0.44583790624999997 0.6286428875000001 0.45946411718749997 0.636482684375 0.4685064125 0.6489592140625 0.46455685312500006 0.6626627265625 0.46406022968749994 0.6700582374999999 0.4527559765625 0.6663282109375 0.425766853125 0.648202375 0.42510250000000005
0 0.6682707031249999 0.4763699234375 0.6637579765625 0.46627441718749996 0.651981471875 0.4687219296875 0.637841409375 0.47319809375000005 0.6328094656250001 0.48247369375 0.6267726796875001 0.49846964062500004 0.640739671875 0.5004505124999999 0.6515526640625 0.49702755937500004 0.6647292234375 0.491575959375 0.6704198640625 0.4884940828125 0.6682707031249999 0.4763699234375
0 0.65470666875 0.5024313828125 0.641134890625 0.504166753125 0.6327758718750001 0.5144955703125 0.627307375 0.5277507171875 0.6416695859375 0.5334478296875 0.65331434375 0.5297615765625 0.6691179484374999 0.52475880625 0.6734498624999999 0.516985253125 0.6689784734375 0.4991939703125 0.65470666875 0.5024313828125
0 0.6384400578125 0.567073146875 0.6489428328125 0.5631460406250001 0.6582717421875001 0.5595905359375 0.6711842109374999 0.5555029765625 0.6750545515625 0.5500612828125 0.674516234375 0.54119630625 0.67121945625 0.5368187 0.6657608875000001 0.53493250625 0.6567807343750001 0.5341611 0.6497375734374999 0.5363906703125 0.6388435125 0.540441640625 0.6324200859375 0.5484986234375 0.6335356125 0.558987953125 0.6387693750000001 0.566366540625 0.6384400578125 0.567073146875
0 0.658879315625 0.5919255765625 0.671113715625 0.592871546875 0.679353825 0.5980937234375 0.686993640625 0.5938682 0.683755203125 0.5786296640625 0.6792225937499999 0.5740409171875 0.6687587109375001 0.57072740625 0.6538667265625 0.5676109296875 0.644498925 0.5784070531250001 0.6390245546875 0.5915848296874999 0.63752501875 0.6041067 0.6495309609375 0.59910139375 0.658879315625 0.5919255765625
0 0.68160695 0.641738940625 0.6933507609375 0.6327683359375 0.69312823125 0.61077620625 0.6833915265625 0.605453653125 0.673188546875 0.6023799000000001 0.658674625 0.5985696171875 0.6517080281250001 0.6060279468750001 0.64151139375 0.6229135765625 0.6457545046875001 0.6362787640625001 0.6659040234375 0.626748459375 0.6728367109375 0.625604453125 0.68160695 0.641738940625
0 0.629310034375 0.5201701 0.62924525 0.5082955703125001 0.6199081718749999 0.499356259375 0.607870265625 0.5025722125 0.5983951984375 0.50735589375 0.592989953125 0.520367253125 0.5902279375 0.5319471359375 0.5943781515625 0.5371756171875 0.6046259093749999 0.532147346875 0.6198769609375 0.529103746875 0.629310034375 0.5201701
0 0.8213225265625 0.5024912828125 0.8089112140625 0.49077059375000004 0.7933605625 0.49275898749999997 0.7847042 0.5101707359375001 0.7863458828125001 0.519432046875 0.79641109375 0.5152677171875 0.810389121875 0.5108428468749999 0.818352878125 0.523971446875 0.837709815625 0.502194240625 0.8213225265625 0.5024912828125
0 0.851851621875 0.4869584234375 0.8437615671875 0.49734420625000003 0.8463405125 0.5092431171875 0.8750325671875 0.50113849375 0.89215584375 0.5015865703125 0.8911811015625 0.4862455359375 0.878436315625 0.47756470625 0.8608789328125 0.47921025312500004 0.851851621875 0.4869584234375
0 0.979238328125 0.486735140625 0.9831107375 0.4852951765625 0.9840670703125 0.4578159171875 0.9840450125 0.457826740625 0.96558785625 0.4695381171875 0.9550254015625 0.48755325312500003 0.9560001484375 0.50289429375 0.979238328125 0.486735140625
0 0.783705809375 0.4205015875 0.787348309375 0.4115237234375 0.7781138203125 0.3987973828125 0.7559766765625 0.40678318750000003 0.75227103125 0.42751824687499995 0.7697277765625 0.424926453125 0.783705809375 0.4205015875
0 0.75910809375 0.4732808125 0.77107939375 0.46851309375000005 0.7818490234375 0.4709724640625 0.7841201640625 0.4614506171875 0.78047175 0.451846459375 0.77107348125 0.449931059375 0.75752955 0.4522623125 0.75910809375 0.4732808125