0 0.181297709375 0.23177083281250002 0.1221374046875 0.1901041671875 0.05534351093749999 0.1875 0.00381679375 0.203125 0.009541984375 0.25 0.009541984375 0.3098958328125 0.013358778125000002 0.3359375 0.0515267171875 0.3359375 0.095419846875 0.3255208328125 0.15648855 0.3255208328125 0.2213740453125 0.34375 0.2290076328125 0.2604166671875 0.181297709375 0.23177083281250002
0 0.4446564890625 0.203125 0.39503816718749996 0.1796875 0.34732824375 0.140625 0.27480916093749996 0.1510416671875 0.20419847343750003 0.1692708328125 0.20229007656250003 0.2265625 0.23664122187499997 0.2578125 0.265267175 0.2786458328125 0.3091603046875 0.2916666671875 0.3797709921875 0.2916666671875 0.43893129843749995 0.2760416671875 0.4446564890625 0.203125
0 0.2270992359375 0.3723958328125 0.1984732828125 0.359375 0.1374045796875 0.3489583328125 0.08396946562499999 0.3541666671875 0.001908396875 0.3333333328125 0.001908396875 0.3828125 0 0.4348958328125 0.068702290625 0.4322916671875 0.1087786265625 0.4427083328125 0.162213740625 0.4401041671875 0.2175572515625 0.4557291671875 0.2270992359375 0.3723958328125
0 0.43893129843749995 0.3828125 0.4293893125 0.3333333328125 0.41030534375 0.296875 0.36068702343750003 0.2994791671875 0.3072519078125 0.2916666671875 0.25 0.2916666671875 0.24045801562500002 0.3333333328125 0.23282442812499998 0.3671875 0.24618320625 0.3958333328125 0.3129771 0.3984375 0.3625954203125 0.4010416671875 0.40267175625 0.4036458328125 0.43893129843749995 0.3828125
0 0.3816793890625 0.5052083328125 0.42557251875 0.5130208328125 0.4408396953125 0.4375 0.3740458015625 0.4192708328125 0.33969465625 0.4140625 0.3053435109375 0.4114583328125 0.2576335875 0.4010416671875 0.27480916093749996 0.4114583328125 0.2576335875 0.4140625 0.23282442812499998 0.4401041671875 0.248091603125 0.4817708328125 0.2824427484375 0.484375 0.341603053125 0.4895833328125 0.3816793890625 0.5052083328125
0 0.1812268125 0.55987509375 0.2382626640625 0.554853796875 0.23918259531250002 0.5159387078125001 0.248381928125 0.48330025 0.219864003125 0.47325765156250005 0.178467015625 0.46698102031250005 0.16190821718749998 0.45944906718749995 0.126030828125 0.45442777031250003 0.071754778125 0.44940646875 0.0469165875 0.448151140625 0.0183986609375 0.46572569843749995 0.0257581265625 0.484555578125 0.024838190625 0.50464078125 0.024838190625 0.5347685890625 0.0469165875 0.5561091203124999 0.09107337343750001 0.5573644484375 0.1343102296875 0.5573644484375 0.1812268125 0.55987509375
0 0.4204094125 0.6000455046875001 0.42684894218749997 0.5787049734374999 0.4342084046875 0.5561091203124999 0.43144860625000003 0.5347685890625 0.4204094125 0.5159387078125001 0.390971553125 0.5146833859375 0.3403752328125 0.5008748078124999 0.3035779125 0.49334285468749994 0.2548214578125 0.48581090156249995 0.2410224625 0.5222153390625001 0.2410224625 0.5586197703125 0.258501190625 0.5787049734374999 0.30449784375 0.5874922546875 0.350494496875 0.5975348546875 0.3891316875 0.6013008328125 0.4204094125 0.6000455046875001
0 0.195025809375 0.6364499421875001 0.22906333281250002 0.625152015625 0.2382626640625 0.5925135515625 0.2410224625 0.55987509375 0.202385275 0.5686623749999999 0.16650788593750002 0.5699176984375 0.12327103125000001 0.5699176984375 0.085553775 0.567407046875 0.040477053125 0.567407046875 0.0183986609375 0.5975348546875 0.013798996875 0.6226413640625 0.0174787296875 0.6603011203125 0.045996653124999995 0.6690884015624999 0.087393640625 0.6540244953125 0.140749759375 0.6603011203125 0.195025809375 0.6364499421875001
0 0.4010908171875 0.610088109375 0.36797322499999996 0.6063221359375001 0.3412951671875 0.6013008328125 0.3173769078125 0.5987901828125 0.2934586484375 0.5912582296875 0.26586065625 0.5912582296875 0.2382626640625 0.6088327859375 0.2373427296875 0.6640670984375 0.258501190625 0.6628117703124999 0.28793905 0.6640670984375 0.3247363703125 0.6678330734375 0.37809248906250004 0.674109703125 0.4084502828125 0.6778756765625 0.4084502828125 0.637705265625 0.4010908171875 0.610088109375
0 0.3366955 0.7381312921875 0.37165295781249996 0.7368759687499999 0.3946512859375 0.7368759687499999 0.3946512859375 0.7130247859375001 0.397411084375 0.6891736046875 0.3523343625 0.6828969796875 0.32933603749999996 0.6753650265625 0.3072576453125 0.674109703125 0.28057958437499997 0.674109703125 0.2529815921875 0.674109703125 0.22906333281250002 0.6640670984375 0.2171042015625 0.6828969796875 0.21342446874999998 0.6954502296875 0.21894406875 0.7155354375 0.23918259531250002 0.7393866203125 0.2723001875 0.7393866203125 0.2998981796875 0.7393866203125 0.3366955 0.7381312921875
0 0.37901242343749997 0.793365609375 0.37809248906250004 0.7682590984375001 0.38177222187500004 0.7481738953125 0.3458948328125 0.7519398703125 0.319216775 0.750684546875 0.29069884687499997 0.750684546875 0.2318231328125 0.7531951984374999 0.2180241375 0.7343653171875 0.2014653390625 0.7582165 0.205145071875 0.77076975 0.2161842703125 0.8034082078125 0.2723001875 0.8071741875 0.3017380453125 0.8021528859375 0.33945530156250003 0.7971315828125001 0.37901242343749997 0.793365609375
0 0.14258962656250002 0.7418972703125 0.1867464125 0.7418972703125 0.209744740625 0.7343653171875 0.2152643359375 0.6916842546875 0.2152643359375 0.6640670984375 0.18030688125 0.6640670984375 0.1499490875 0.6690884015624999 0.12327103125000001 0.6703437234375 0.09107337343750001 0.66657775 0.058875717187499996 0.6703437234375 0.0266780578125 0.6690884015624999 0.014718928124999999 0.686662953125 0.0073594656250000005 0.7054928328125001 0.0055196 0.7381312921875 0.0202385265625 0.7456632453125 0.0671551140625 0.7469185671874999 0.10763216718749999 0.74315259375 0.14258962656250002 0.7418972703125
0 0.0809541109375 0.8448339484374999 0.1122318328125 0.8360466671875001 0.163748084375 0.8260040671875 0.194105878125 0.8234934171875 0.19318594218750001 0.78583365625 0.1812268125 0.7657484484375 0.16650788593750002 0.7481738953125 0.1379899578125 0.7481738953125 0.1122318328125 0.750684546875 0.08463384375 0.7481738953125 0.051516251562500004 0.756961171875 0.0156388625 0.756961171875 0.0018398671875000001 0.7745357296875001 0.0018398671875000001 0.793365609375 0.0018398671875000001 0.8285147187499999 0.0036797328125000002 0.8686851250000001 0.027597992187499996 0.8749617546874999 0.0597956484375 0.8649191515625001 0.0809541109375 0.8448339484374999
0 0.38545195468750004 0.854876546875 0.3872918203125 0.827259390625 0.3707330265625 0.8084295109375 0.3550941640625 0.805918859375 0.319216775 0.8046635359375 0.2943785796875 0.8046635359375 0.2621809234375 0.805918859375 0.233663 0.8034082078125 0.21342446874999998 0.8172167859374999 0.189506209375 0.8385573171875 0.1867464125 0.8649191515625001 0.1913460765625 0.8988129328125 0.21894406875 0.8925363078125 0.249301859375 0.8887703328125 0.28701911406249997 0.8875150046875 0.32933603749999996 0.89002565625 0.3615336953125 0.8937916359375 0.37993235468750003 0.8774724062500001 0.38545195468750004 0.854876546875
0 0.5446003734375 0.3678103234375 0.5795578328125 0.37910825 0.6053159578125 0.3753422703125 0.6145152859375 0.34144848906249997 0.6145152859375 0.3113206828125 0.5823176296875 0.2899801515625 0.5547196375000001 0.273660921875 0.5271216453124999 0.2636183171875 0.482044928125 0.24980973906249998 0.45076720156250005 0.2560863640625 0.43972800312500004 0.281192875 0.42684894218749997 0.30504405156250003 0.4342084046875 0.3213632859375 0.445247603125 0.3477251140625 0.47376552656250004 0.3615336921875 0.5050432515625001 0.3678103234375 0.5446003734375 0.3678103234375
0 0.5280415796875 0.2548310421875 0.5611591671875 0.2648736453125 0.5915169625 0.2774268953125 0.6034760921875 0.25734169218749997 0.6117554890625 0.224703234375 0.6135953546875 0.197086078125 0.58691729375 0.1920647765625 0.562999034375 0.1832775 0.5317213125 0.16570294218749998 0.5124027171875001 0.16570294218749998 0.46548612968749997 0.1468730625 0.43696820625 0.16193696875000002 0.37809248906250004 0.148128390625 0.373492825 0.16946891718749998 0.37533269062499997 0.1832775 0.40569048125 0.1908094484375 0.43144860625000003 0.2008520515625 0.45812666718750006 0.2209372546875 0.46640606562500003 0.24353311406249997 0.5280415796875 0.2548310421875
0 0.5574794390625 0.4531724421875 0.5703585 0.43936386406250005 0.57679803125 0.40923605781249994 0.577717965625 0.3841295515625 0.53816084375 0.3816189015625 0.5114827828124999 0.3740869484375 0.4792851265625 0.371576296875 0.4480074 0.365299671875 0.43512833906250004 0.3916615 0.429608740625 0.41425735937499997 0.43604827031250004 0.44689581718750004 0.46456619843749997 0.4531724421875 0.5059631875 0.45568309375 0.530801378125 0.45568309375 0.5574794390625 0.4531724421875
0 0.5666787671875 0.5510878171875 0.5703585 0.5146833859375 0.57679803125 0.49836415624999997 0.577717965625 0.48330025 0.562999034375 0.47827894843749996 0.5510399046875001 0.463215046875 0.5372409078125 0.47325765156250005 0.5188422484374999 0.484555578125 0.48848445781249994 0.47074699999999997 0.45444693437500006 0.45191712031250003 0.43696820625 0.47827894843749996 0.422249275 0.5084067546875 0.4406479390625 0.5222153390625001 0.47560539375 0.5297472859375 0.49952365312499997 0.5297472859375 0.5363209765625 0.5423005421875 0.5666787671875 0.5510878171875
0 0.5602392359375 0.6326839640624999 0.56943856875 0.6088327859375 0.57127843125 0.5711730265625 0.54828010625 0.5623857453125 0.5298814468749999 0.5435558640625 0.48848445781249994 0.5360239171875001 0.44984726718749996 0.5347685890625 0.43696820625 0.5623857453125 0.4332884734375 0.582470953125 0.424089140625 0.6163647343750001 0.46456619843749997 0.6113434328125 0.5032033859375 0.6138540828125 0.5354010421875001 0.6264073390625 0.5602392359375 0.6326839640624999
0 0.562079103125 0.7193014109375 0.5685186328125 0.6954502296875 0.5758781 0.6703437234375 0.5740382328125 0.6427265671875 0.545520309375 0.637705265625 0.524361846875 0.631428640625 0.49584392343749994 0.6213860359375001 0.46824593124999997 0.6226413640625 0.4250090765625 0.6351946140625 0.41488981249999995 0.6577904734375 0.4167296796875 0.6916842546875 0.43144860625000003 0.7117694578125 0.46824593124999997 0.7117694578125 0.5032033859375 0.7117694578125 0.539080775 0.7117694578125 0.562079103125 0.7193014109375
0 0.5262017140624999 0.7946209328125 0.5501199734375 0.793365609375 0.5593193015625 0.7657484484375 0.5611591671875 0.7268333640625 0.5234419124999999 0.7243227140624999 0.49952365312499997 0.7218120625 0.4636462640625 0.7180460890625 0.428688809375 0.7268333640625 0.406610415625 0.7218120625 0.3937313515625 0.7406419421875 0.39005161875 0.763237796875 0.398331015625 0.7908549578125 0.41856954531249996 0.812195484375 0.46456619843749997 0.8034082078125 0.4949239890625 0.7946209328125 0.5262017140624999 0.7946209328125
0 0.5436804421875 0.8322806921874999 0.5492000375 0.8008975578124999 0.5271216453124999 0.8046635359375 0.4976837859375 0.8071741875 0.46456619843749997 0.8071741875 0.42684894218749997 0.8222380890625001 0.3946512859375 0.812195484375 0.3955712171875 0.8536212234375 0.396491153125 0.88374903125 0.4342084046875 0.8762170781249999 0.47376552656250004 0.869940453125 0.5013635187500001 0.8598978484375 0.5436804421875 0.8573871984375 0.5436804421875 0.8322806921874999
0 0.712028190625 0.3966828015625 0.70374879375 0.3740869484375 0.6899497984375 0.34270381250000004 0.6761508015625 0.3188526359375 0.64947274375 0.3188526359375 0.6218747515625 0.3251292609375 0.6126754203125 0.3678103234375 0.585077428125 0.38789552656250004 0.577717965625 0.42178931249999996 0.5648389 0.4531724421875 0.5979564921875 0.4368532140625 0.6439531453125 0.4255552859375 0.6752308703125001 0.41802333281250004 0.7065085953125 0.41049137968749994 0.712028190625 0.3966828015625
0 0.6908697328125 0.475768296875 0.7147879921875 0.46698102031250005 0.712028190625 0.435597890625 0.7147879921875 0.41300203125 0.6844301984375 0.42178931249999996 0.6540724078125 0.4192786609375 0.6227946828125 0.43183191093750006 0.5970365578125 0.4406191875 0.578637896875 0.46195971875 0.5721983671875 0.484555578125 0.5905970265625 0.4895768796875 0.6200348859375 0.48581090156249995 0.6467129421875 0.48330025 0.673391003125 0.48330025 0.6908697328125 0.475768296875
0 0.7175477906250001 0.54732184375 0.718467725 0.5284919640625 0.718467725 0.5033854578125 0.7092683937500001 0.477023625 0.6853501328125 0.48204492656250003 0.6540724078125 0.4870662296875 0.6191149546875 0.4895768796875 0.5905970265625 0.5033854578125 0.584157496875 0.539789890625 0.5896770953125 0.5636410734374999 0.60807575625 0.5636410734374999 0.631994015625 0.5573644484375 0.663271740625 0.55359846875 0.6982291953125 0.5510878171875 0.7175477906250001 0.54732184375
0 0.6853501328125 0.6226413640625 0.701908928125 0.6176200625 0.7000690609375 0.5849816046874999 0.7000690609375 0.5573644484375 0.6825903328125 0.5573644484375 0.648552809375 0.5636410734374999 0.6200348859375 0.5699176984375 0.577717965625 0.5724283484375 0.57679803125 0.574939 0.5740382328125 0.60255615625 0.5740382328125 0.6364499421875001 0.5859973625 0.6464925421875 0.6200348859375 0.637705265625 0.6595920078125 0.6301733125 0.6853501328125 0.6226413640625
0 0.69362953125 0.6979608796875 0.696389328125 0.6577904734375 0.6899497984375 0.631428640625 0.64947274375 0.6414712453125 0.6135953546875 0.6565351453125 0.5859973625 0.659045796875 0.578637896875 0.680386328125 0.5721983671875 0.7054928328125001 0.5813976984375 0.7268333640625 0.6145152859375 0.708003484375 0.650392675 0.7029821828125 0.6706312015625 0.6979608796875 0.69362953125 0.6979608796875
0 0.65499234375 0.7519398703125 0.6752308703125001 0.7381312921875 0.6706312015625 0.701726859375 0.642113278125 0.7029821828125 0.6209548171875 0.7167907609374999 0.5970365578125 0.729344015625 0.5721983671875 0.74942921875 0.555639571875 0.7619824734375 0.5528797703125 0.8034082078125 0.5740382328125 0.8109401609375 0.5961166265625 0.79211028125 0.6172750875 0.7770463796875 0.632913946875 0.764493125 0.65499234375 0.7519398703125
0 0.7138680578125001 0.25734169218749997 0.7074285265625 0.22344790625000002 0.6789106031250001 0.20838400468749999 0.6540724078125 0.21717128125000001 0.62371461875 0.2259585578125 0.616355153125 0.24353311406249997 0.607155825 0.27868222343750004 0.616355153125 0.3000227546875 0.625554484375 0.3251292609375 0.6660315375 0.3125760046875 0.695469396875 0.301278078125 0.7157079234375 0.2887248234375 0.7138680578125001 0.25734169218749997
0 0.8003417671875 0.31508665625 0.7985019 0.28495884843749997 0.772743775 0.2837035265625 0.7396261828124999 0.279937546875 0.7221474546875 0.2874695 0.6991491296875 0.301278078125 0.686270065625 0.3238739328125 0.6991491296875 0.3552570671875 0.7147879921875 0.356512390625 0.7387062515625 0.356512390625 0.76630424375 0.3552570671875 0.7883826375 0.3552570671875 0.8077012296875001 0.3552570671875 0.8077012296875001 0.3389378390625 0.8003417671875 0.31508665625
0 0.81046103125 0.39417215156249996 0.812300896875 0.36906564531249997 0.7929823015624999 0.36404434375 0.7709039078125001 0.3602783703125 0.7469856484374999 0.3590230421875 0.7166278593750001 0.36278902031250004 0.712028190625 0.38915084843750003 0.7157079234375 0.40923605781249994 0.7258271875 0.42681060937500004 0.7626245109374999 0.42681060937500004 0.78378296875 0.42681060937500004 0.8040215 0.42681060937500004 0.81046103125 0.39417215156249996
0 0.7966620343749999 0.49459817656249994 0.8224201609374999 0.49334285468749994 0.827019825 0.47074699999999997 0.827019825 0.43936386406250005 0.8159806296875001 0.4368532140625 0.7874627015625 0.435597890625 0.7598647093750001 0.4280659375 0.7304268546875 0.4330872390625 0.7295069203125 0.4368532140625 0.7166278593750001 0.448151140625 0.7203075875 0.475768296875 0.7258271875 0.5021301296875 0.7433059156249999 0.497108828125 0.774583640625 0.49459817656249994 0.7966620343749999 0.49459817656249994
0 0.821500225 0.5724283484375 0.827019825 0.5423005421875 0.8251799578125001 0.5134280578125 0.8095410953125001 0.5021301296875 0.7856228359374999 0.5008748078124999 0.75618498125 0.49836415624999997 0.7304268546875 0.505896109375 0.7203075875 0.5372792390625001 0.7203075875 0.55987509375 0.7313467859375 0.5724283484375 0.7607846453125 0.5648963953125 0.7828630375000001 0.5623857453125 0.8040215 0.5648963953125 0.821500225 0.5724283484375
0 0.803101565625 0.6125987609375 0.8040215 0.5799603015625 0.8003417671875 0.561130421875 0.7626245109374999 0.5648963953125 0.7377863171875 0.5686623749999999 0.711108259375 0.5761943234375 0.701908928125 0.5912582296875 0.7055886609375001 0.6088327859375 0.6899497984375 0.631428640625 0.6982291953125 0.6477478703124999 0.7451457828125 0.6264073390625 0.781023171875 0.6176200625 0.803101565625 0.6125987609375
0 0.7929823015624999 0.6828969796875 0.8067812984374999 0.6753650265625 0.8040215 0.6477478703124999 0.803101565625 0.6226413640625 0.7893025687499999 0.6213860359375001 0.7681441109375 0.6289179890625001 0.7359464499999999 0.63896059375 0.7046687296874999 0.6540244953125 0.6982291953125 0.680386328125 0.6945494625 0.701726859375 0.7000690609375 0.7280886875 0.7285869890625001 0.714280109375 0.748825515625 0.701726859375 0.7690640421875 0.6929395828125 0.7929823015624999 0.6828969796875
0 0.8766962093749999 0.2962567765625 0.84357861875 0.295001453125 0.8233400921875 0.31006535468749996 0.8150606953124999 0.33768251562499996 0.8159806296875001 0.371576296875 0.84357861875 0.365299671875 0.8720965453125 0.3552570671875 0.9061340687499999 0.3364271875 0.9217729312499999 0.3125760046875 0.9171732671875 0.281192875 0.8987746031249999 0.2887248234375 0.8766962093749999 0.2962567765625
0 0.9162533328125001 0.3401931609375 0.9061340687499999 0.3364271875 0.8858955421875001 0.3489804421875 0.8555377484375001 0.36278902031250004 0.82058029375 0.3904061765625 0.812300896875 0.4155126828125 0.821500225 0.4368532140625 0.8601374156249999 0.41676801093750004 0.8785360765625001 0.40044878125 0.8996945375 0.392916828125 0.9153334 0.3728316203125 0.9162533328125001 0.3401931609375
0 0.9291323968749999 0.4192786609375 0.919933065625 0.39417215156249996 0.8960148046875 0.3916615 0.8849756062499999 0.4042147546875 0.85829755 0.42681060937500004 0.8371390875 0.4456404890625 0.8389789546875001 0.448151140625 0.827019825 0.46195971875 0.8334593546875 0.4807895984375 0.8702566796875001 0.47325765156250005 0.8969347359375 0.4644703703125 0.9098138015625 0.45191712031250003 0.9291323968749999 0.4192786609375
0 0.9190131296875 0.4883215515625 0.9180931984375 0.46195971875 0.8941749390625 0.4720023234375 0.8628972140625001 0.48581090156249995 0.8316194890625 0.48581090156249995 0.8251799578125001 0.51091740625 0.827939759375 0.539789890625 0.8527779499999999 0.533513265625 0.87485634375 0.5234706609375 0.8969347359375 0.518449359375 0.919933065625 0.5134280578125 0.9190131296875 0.4883215515625
0 0.89049520625 0.5799603015625 0.9171732671875 0.574939 0.9245327296875001 0.5648963953125 0.9245327296875001 0.539789890625 0.9125736 0.5234706609375 0.889575275 0.5234706609375 0.8610573468749999 0.5347685890625 0.8306995578124999 0.5435558640625 0.8306995578124999 0.54732184375 0.821500225 0.5661517234375 0.8113809625 0.581215625 0.819660359375 0.59627953125 0.8389789546875001 0.6125987609375 0.8720965453125 0.59627953125 0.89049520625 0.5799603015625
0 0.8941749390625 0.6339392921875 0.9134935343749999 0.6226413640625 0.9098138015625 0.6050668078125 0.9024543359375 0.5837262765625 0.8858955421875001 0.5975348546875 0.8610573468749999 0.6088327859375 0.84173875625 0.6188753859375 0.818740428125 0.6151094109375 0.8067812984374999 0.6364499421875001 0.8095410953125001 0.6540244953125 0.828859690625 0.6715990515625 0.850018153125 0.6703437234375 0.8702566796875001 0.6565351453125 0.8840556749999999 0.64523721875 0.8941749390625 0.6339392921875
0 0.6752308703125001 0.8071741875 0.6761508015625 0.7870889796875 0.6816704 0.763237796875 0.679830534375 0.74315259375 0.6678714046875001 0.7444079218749999 0.6402734125 0.7582165 0.615435221875 0.7833230046875 0.5859973625 0.8008975578124999 0.5666787671875 0.820982765625 0.5492000375 0.8385573171875 0.5501199734375 0.8611531765624999 0.5648389 0.8724511046875 0.6062358890625 0.8460892703124999 0.6375136140625 0.8347913437500001 0.6605119390625 0.8184721140625 0.6752308703125001 0.8071741875
0 0.1747872828125 0.8385573171875 0.147189290625 0.84106796875 0.092913240625 0.8460892703124999 0.0469165875 0.8686851250000001 0.0009199312499999999 0.8737064265625 0 0.9050895625 0.05335611875 0.9050895625 0.09475310625 0.9063448859375001 0.13890989375 0.9000682609374999 0.173867346875 0.9013235828124999 0.1757072140625 0.8686851250000001 0.1747872828125 0.8385573171875
0 0.9484732828125001 0.8177083328125001 0.8950381671875001 0.7604166671875 0.8301526718750001 0.7109375 0.76908396875 0.7395833328125 0.68320610625 0.7786458328125 0.6679389312499999 0.8333333328125001 0.7080152671875 0.8776041671874999 0.734732825 0.9036458328125001 0.828244275 0.9010416671874999 0.8645038171874999 0.875 0.9465648859375 0.8697916671874999 0.9484732828125001 0.8177083328125001