0 0.253283434375 0.59178410625 0.2801002546875 0.59025071875 0.2856764609375 0.5611884203125 0.2710103546875 0.552227090625 0.2422076890625 0.556183378125 0.195471 0.5521829421875 0.158081653125 0.548982590625 0.15222750937500001 0.571599446875 0.1596156265625 0.5939656015625 0.18454911875 0.5944894203125 0.22195485937499998 0.5933968515625 0.253283434375 0.59178410625
0 0.2358035046875 0.5132523078125 0.19856628437499999 0.5087806484375 0.169207740625 0.499846053125 0.164418521875 0.51356375 0.16150169375 0.546706665625 0.200663965625 0.55262743125 0.22439947343750002 0.5559434046875 0.25869936875 0.5498889953125 0.264884109375 0.5157414625000001 0.2358035046875 0.5132523078125
0 0.289987815625 0.5478848890625 0.3113463765625 0.5404805421875001 0.32513375 0.5423201328125 0.340911565625 0.5410327765625 0.3501472109375 0.5358880953125 0.34952528437499997 0.514072446875 0.3304831453125 0.5111235953125 0.3112066625 0.510133090625 0.28240910937499997 0.5076681546875 0.272042284375 0.5087592078125 0.26809896875 0.5282056921875 0.264104565625 0.539074734375 0.2714654515625 0.5495967984375 0.289987815625 0.5478848890625
0 0.23380178125 0.50416706875 0.2540667234375 0.5059016546875 0.26572094687500003 0.5075586703125 0.268142521875 0.4873224578125 0.27580533281249997 0.4728106171875 0.24715049531250002 0.47365523437499996 0.22414099531249998 0.472345196875 0.20105338125 0.47168794218750004 0.17782305625 0.46772113906249996 0.17655969375 0.4827807453125 0.17597232499999999 0.5011955484375 0.203547075 0.50487475 0.23380178125 0.50416706875
0 0.36701110937500003 0.476001121875 0.3671943734375 0.4654653296875 0.340750803125 0.46583975468750005 0.32086291718750004 0.4654563828125 0.29692954843749997 0.4673646015625 0.2921404828125 0.4893765640625 0.295754825 0.50419421875 0.3216651140625 0.5037741437500001 0.33927713593750003 0.500665378125 0.3608294828125 0.5051480265625 0.36701110937500003 0.476001121875
0 0.22865516718749998 0.46613691562500004 0.258441175 0.4693459203125 0.2614876671875 0.4438874734375 0.2621396265625 0.42943499531249996 0.2372313203125 0.42598403124999995 0.213844759375 0.42332279218749996 0.19571296875 0.4217707921875 0.1737054515625 0.41658971874999995 0.170308934375 0.4314667390625 0.1669770171875 0.450306090625 0.168159271875 0.462937159375 0.196892228125 0.46143976562500005 0.22865516718749998 0.46613691562500004
0 0.34175278124999997 0.46196871875 0.3632270125 0.46710414375 0.36957838593750003 0.4320365640625 0.34680322812500003 0.4287681859375 0.32134811874999997 0.4298866859375 0.2977272109375 0.42918378749999997 0.2772279203125 0.4294075484375 0.27268671875 0.44484605312500003 0.2760532015625 0.4662371546875 0.307530715625 0.4643152078125 0.32970797812499997 0.46357560624999994 0.34175278124999997 0.46196871875
0 0.1962597765625 0.4172013296875 0.2190349296875 0.4204697015625 0.24218714531250002 0.42508929218749997 0.2587190703125 0.42650434531250003 0.2715961015625 0.42694708437499995 0.2775944609375 0.40833596875 0.27574972343750004 0.387734590625 0.239003925 0.39316239375 0.2174515796875 0.38867975 0.1920099875 0.3851831390625 0.184231490625 0.3871552078125 0.1789496890625 0.39527618593749997 0.178922653125 0.40450641562499995 0.1861408203125 0.4117189203125 0.1962597765625 0.4172013296875
0 0.1793943421875 0.3735518296875 0.18814777656249998 0.376938946875 0.1971220390625 0.382982840625 0.21456431562499997 0.38579474999999996 0.231486815625 0.38394589843750004 0.2508278984375 0.388898734375 0.25882721875 0.3895834421875 0.263602771875 0.37218658437499996 0.2662451703125 0.3546071546875 0.25642515781249997 0.35112873906250003 0.234950925 0.3459933140625 0.22199577656249997 0.3462033453125 0.208052175 0.3456693078125 0.193965859375 0.3418257234375 0.175066434375 0.3421864203125 0.176846575 0.358825478125 0.1793943421875 0.3735518296875
0 0.2848021015625 0.393125696875 0.2824075703125 0.40413168125 0.28396687656249997 0.4181139625 0.2839533546875 0.422729075 0.284252303125 0.4247330640625 0.30086234218749996 0.425495334375 0.3212054078125 0.4265771390625 0.3414703515625 0.42831171875 0.3500029609375 0.42904206875 0.360668715625 0.4299550109375 0.364714196875 0.427663409375 0.3691637671875 0.4174927984375 0.3736914515625 0.4066694046875 0.3740309515625 0.394828053125 0.365810803125 0.3914865796875 0.340668153125 0.3899939578125 0.30805946875 0.387862271875 0.291058846875 0.390363909375 0.2848021015625 0.393125696875
0 0.3178178734375 0.3603404578125 0.29908819375 0.35478048906250004 0.2789794875 0.3517403453125 0.27882324999999997 0.353045909375 0.27589542968749997 0.36400623906249996 0.272590553125 0.3736153671875 0.27477478125 0.3823754046875 0.290681784375 0.3890127015625 0.310413446875 0.3907016390625 0.3198699171875 0.388213728125 0.337234075 0.3916784203125 0.3516328515625 0.3929108828125 0.36497857499999997 0.3894369421875 0.37210810156249996 0.3748794515625 0.377325303125 0.36279614375 0.3601038546875 0.3626410109375 0.340450315625 0.3602992921875 0.3178178734375 0.3603404578125
0 0.2974673734375 0.543908834375 0.2897399515625 0.5544583453125 0.286564271875 0.5719921390625 0.288500640625 0.5873256171875 0.3013130703125 0.58380603125 0.3212925875 0.5789215109375 0.336693346875 0.5762829421875 0.3527701015625 0.5769995640625 0.35956013593749997 0.574283425 0.3608234953125 0.5592238140625 0.36169628125000003 0.5474281109375 0.3567539734375 0.5437077453125 0.33801078125 0.5427628828125 0.3225319078125 0.546054234375 0.3107995703125 0.5450500046875 0.2974673734375 0.543908834375
0 0.7473908109375 0.6640675109374999 0.72697854375 0.6542795265625 0.71383786875 0.65430343125 0.7126368421875 0.6564979953125001 0.71281478125 0.686379021875 0.7177968375 0.7074817765625 0.7460249515624999 0.7225334890624999 0.7794182843749999 0.741473378125 0.802753325 0.7503628515625 0.8420157328125001 0.759466946875 0.870403465625 0.7653428515625 0.8816863375 0.7651599203125 0.8720597812499999 0.743659621875 0.8825314875 0.70320331875 0.877934075 0.6867282234375 0.8421151359374999 0.6802162453125 0.7932915921875 0.672591128125 0.7473908109375 0.6640675109374999
0 0.792166425 0.603573765625 0.7706891890625001 0.59484331875 0.74773879375 0.5905815046875 0.724764859375 0.59435846875 0.7215228734375 0.6136086015625 0.7189376578125 0.6352123187500001 0.7300373734375001 0.652243984375 0.747935065625 0.65951935625 0.7800384031250001 0.6657132984375 0.7992731890625 0.6696570687500001 0.8215668062500001 0.6715652984375 0.83905630625 0.6822517921875 0.8437479031249999 0.6665717921875001 0.8483269874999999 0.643990053125 0.8506400749999999 0.624660409375 0.842190990625 0.60900431875 0.8208262812499999 0.6071756015625 0.792166425 0.603573765625
0 0.8585788734375001 0.5426346750000001 0.8210382015625 0.5348266390624999 0.7857399734375 0.5318052765625 0.7560151484375 0.5292609734375 0.7290770265625001 0.5269552015625 0.7218237625 0.5562001484375 0.727214009375 0.5738917875 0.7473541531250001 0.5859538453125 0.7831730875 0.5924658296875001 0.821802271875 0.5911775640625 0.84765188125 0.6025796390625 0.8654135125 0.610992053125 0.88784319375 0.6117632390625001 0.9199700749999999 0.609918409375 0.927063728125 0.5898492765625 0.9304417812500001 0.5694621109375 0.92822288125 0.5566366546875 0.9050239078125 0.5466101437499999 0.8585788734375001 0.5426346750000001
0 0.7355191265625 0.45743688281250006 0.7329339171875 0.4790406015625 0.731662240625 0.5053514781249999 0.74024738125 0.5198705421875001 0.767706215625 0.5256669359374999 0.8095067453125001 0.5292448671875001 0.8359241578125 0.5280600109375 0.8643118859375001 0.533935915625 0.8659682015625 0.512252696875 0.8678966406249999 0.48829538906250003 0.8671508984375 0.4710012984375 0.831740153125 0.46107819687499996 0.7925902625 0.45887584062500003 0.7587416453125 0.45942461718749994 0.7355191265625 0.45743688281250006
0 0.9691751406250001 0.644983978125 0.9620846140625 0.64224031875 0.922165425 0.6307826328125 0.905332696875 0.6224497343750001 0.8932805343749999 0.613377334375 0.8728447156250001 0.611628128125 0.869785890625 0.613663675 0.8640293296875001 0.6304012015625 0.858000640625 0.6494128078125 0.8684200343749999 0.672129659375 0.895038934375 0.6927870578124999 0.9187350656250001 0.7143429625 0.9537376234374999 0.7276771703125 0.958955596875 0.73038506875 0.9691751406250001 0.644983978125
0 0.973466890625 0.5628066921875 0.978952715625 0.5632762546875 0.9882944078125 0.4852110640625 0.985642 0.48458961718750004 0.9633719296875001 0.47464261093750004 0.9410783109375 0.4727343890625 0.9182639874999999 0.46733554218749995 0.9063243421875 0.46516487812499996 0.8901248374999999 0.4672243296875 0.8806526703124999 0.48364382499999997 0.8758014656249999 0.5084996328125 0.874825465625 0.524497675 0.895101675 0.5354226859375 0.91696355625 0.548780803125 0.9365829874999999 0.5573522390625001 0.9536878468750001 0.563411075 0.973466890625 0.5628066921875
0 0.79443886875 0.3992894953125 0.8251006406249999 0.39791428125 0.8494514875 0.3946656484375 0.8714881140624999 0.392552159375 0.8804837671874999 0.37199034062499997 0.8882706796875001 0.3433256328125 0.871178315625 0.3405293671875 0.8402007015624999 0.344544021875 0.8121689828124999 0.3421446390625 0.784899565625 0.3424769890625 0.7540798640624999 0.3451719203125 0.7515530703125 0.36628744687500003 0.7526798203125 0.4023813140625 0.79443886875 0.3992894953125
0 0.5512456234374999 0.5716085265624999 0.5504304734375001 0.5830386015625 0.5669739203125 0.592572175 0.58015505625 0.6024944156250001 0.5927891625 0.612369840625 0.6109875703125 0.6173098453125 0.6158584515625 0.608932765625 0.621558346875 0.5843915749999999 0.6214396890625 0.57152864375 0.6047359875 0.563334271875 0.5938092375 0.5576637609375 0.584216934375 0.550078090625 0.5644575609375 0.544328015625 0.556011715625 0.545634478125 0.554008509375 0.562374553125 0.5512456234374999 0.5716085265624999
0 0.6227433328124999 0.606816228125 0.6238096625 0.6163779625 0.6237957984375 0.6211120109375 0.646450575 0.6257569953125001 0.6676907812499999 0.6329867499999999 0.6813388203125 0.6436254156250001 0.698910065625 0.6491882015625 0.716975946875 0.645999325 0.71569696875 0.6289783078125 0.7169404953125 0.6047321328125 0.7088428953125 0.593892090625 0.67923696875 0.587299196875 0.6587703109375 0.5828415046875 0.6418262234375 0.5766559421874999 0.627843803125 0.573429728125 0.62458628125 0.5914153609375 0.6227433328124999 0.606816228125
0 0.682106140625 0.46172293125 0.6690575265625001 0.45992956874999996 0.65655594375 0.45818303125000004 0.639277478125 0.45940993125 0.63555305625 0.47667913281249996 0.6328564296875 0.48997754843749997 0.6352433375000001 0.502358165625 0.6448356359375 0.509943834375 0.6632744296875 0.51287503125 0.683594696875 0.5139378828125001 0.701099684375 0.515436228125 0.7188311890625 0.5196598031249999 0.7228206578124999 0.5186483609375 0.72599805625 0.5013323296875 0.730269509375 0.48410994687500003 0.729603825 0.4712002015625 0.720945325 0.46504737812499997 0.682106140625 0.46172293125
0 0.6197144781249999 0.51417478125 0.6025462187499999 0.5127052609375 0.6031392890625 0.530634234375 0.60035979375 0.553861478125 0.6204577375 0.568990425 0.64214396875 0.570846659375 0.6828056453125 0.5743271109375 0.7053725609375 0.5840804421875 0.7184199296875 0.581845075 0.72263244375 0.5542709359375 0.7251472234375 0.5332558078125 0.71485644375 0.5200836921875001 0.6799904875 0.5215688890625 0.6554611234375 0.5205866859375 0.6367503906249999 0.51675035625 0.6197144781249999 0.51417478125
0 0.60846425 0.50324156875 0.6240072109375 0.51151031875 0.62920970625 0.4917187875 0.631937390625 0.47287181875 0.631231425 0.46298206875 0.6107388421875 0.4566024421875 0.5915238421875 0.44744118593750004 0.5646789437499999 0.4428306109375 0.562567653125 0.456526584375 0.5597951890624999 0.46785318125 0.5609450171875 0.485875659375 0.5823608734375 0.4963816859375 0.60846425 0.50324156875
0 0.62554988125 0.4515129421875 0.63212879375 0.4494904625 0.623152728125 0.4538933453125 0.6621403109374999 0.45464490468749996 0.6908266265624999 0.453221915625 0.7147186265625 0.4565597546875 0.7345820125 0.45825996875 0.73795096875 0.430106765625 0.7401213546875 0.40314377187500006 0.7098035703125001 0.4005487125 0.6777011671875 0.395215303125 0.6526105796875 0.3930676703125 0.6325675703125 0.40169447343750003 0.6135964953124999 0.40136344218750003 0.610840075 0.424397878125 0.6095885 0.44368272343750004 0.62554988125 0.4515129421875
0 0.5286860828125 0.401177340625 0.517209153125 0.401805340625 0.5111209828125001 0.4050417546875 0.5092770484375 0.4204508515625 0.5086937890625001 0.428989575 0.51734245625 0.44100245156250006 0.5313712984375 0.43737214375000005 0.5455688953125 0.43966096875 0.560200575 0.441986946875 0.5710526625 0.44291583437500004 0.584509259375 0.44406765468750004 0.6026881937499999 0.442402946875 0.60563261875 0.4324559578125 0.6065337984375 0.4212604953125 0.6088643953124999 0.4091137984375 0.602607478125 0.406431075 0.5742122937499999 0.40185342031250004 0.5573466093749999 0.3998730046875 0.5443130968750001 0.4025149359375 0.5286860828125 0.401177340625
0 0.49830071093750006 0.482853265625 0.50230161875 0.493394728125 0.519114696875 0.4921498984375 0.532571271875 0.49330171875 0.5483254343749999 0.49357661718749996 0.5542338546875001 0.488177665625 0.5576233640625 0.47451125000000005 0.5589060484374999 0.46012771875 0.5596274734375 0.4467697234375 0.5447524828125 0.4428125484375 0.5257164078125001 0.4406463609375 0.5107668296875 0.4409771171875 0.502126740625 0.447215834375 0.49917131562500006 0.46091940468750003 0.49919088125 0.4754144046875 0.49830071093750006 0.482853265625
0 0.4994819203125 0.5242871921875001 0.49783974531249997 0.5343456328125 0.504350990625 0.53490296875 0.5169394031250001 0.5359804734375 0.5300254828125001 0.5365637875 0.5433023109375 0.5355530640625 0.55886571875 0.5374220046875 0.573254053125 0.5381167812500001 0.574420565625 0.5210393609375 0.5749512453125 0.5092754046875 0.573502259375 0.4957316328125 0.554275434375 0.49515949531250003 0.5336717671875 0.49876381406250003 0.511226609375 0.4957690375 0.5031061968749999 0.49400038906250004 0.5016327671874999 0.5099779625 0.4994819203125 0.5242871921875001
0 0.7095020484375001 0.65750596875 0.6900984296875 0.6546662234375 0.646490990625 0.636786915625 0.6328194390624999 0.6303116859375 0.6151949250000001 0.624676984375 0.6036274171875 0.620739628125 0.59539655625 0.617087871875 0.5962800609375 0.6177529421875 0.5920693109374999 0.6368442609375 0.589986759375 0.6502232718750001 0.5898927671875 0.6590569203125 0.6051339609374999 0.664487621875 0.620642346875 0.6717095265624999 0.6381151359375 0.6826362546875 0.651507403125 0.691445371875 0.66749245625 0.698708084375 0.6820475125 0.70584839375 0.6953941265625 0.7069907921875 0.7039861796875 0.7036001062499999 0.7074409828125 0.686801871875 0.71001228125 0.66933856875 0.7095020484375001 0.65750596875
0 0.3709587109375 0.4936607609375 0.37942556562499996 0.4976709046875 0.3897708859375 0.508412675 0.4164462109375 0.517266803125 0.43908269375 0.5224897875 0.46591017968750004 0.5225958140625 0.4857825796875 0.5210113828125 0.48926261406249993 0.499406446875 0.4899336703125 0.48632220156250006 0.4724810828125 0.4826380640625 0.4542501671875 0.48545814375 0.43187313125 0.47806707499999995 0.41554313593750003 0.47995473437499997 0.39999146875 0.475338159375 0.38342447812499997 0.471729825 0.373163978125 0.4752321390625 0.3709587109375 0.4936607609375
0 0.3959674390625 0.43675327187499996 0.3822209296875 0.43620282968749996 0.37813135937500003 0.44900289843749996 0.37746379375 0.45458152187499995 0.380389403125 0.4686082546875 0.40064471875 0.4703420109375 0.41540399531250005 0.4709791390625 0.43318872812500003 0.4762586015625 0.44954132500000005 0.476405915625 0.46292980625 0.4756733140625 0.4755893765625 0.47675691562500006 0.49005196093750003 0.47987343125 0.492722228125 0.45755893593749997 0.494057359375 0.44640168124999996 0.470405715625 0.4431248296875 0.44834739843750004 0.43935815468749995 0.43113037656250003 0.4378844625 0.411307271875 0.43681389375 0.3959674390625 0.43675327187499996
0 0.434506034375 0.43576297343750003 0.469717034375 0.4423497390625 0.48855555624999997 0.4475351015625 0.49248114843749996 0.422860978125 0.49445614843749996 0.4063566015625 0.46734864062500003 0.4052272875 0.4373762890625 0.3955160484375 0.410949728125 0.39682693593749996 0.387694575 0.3960273671875 0.38600171875 0.41017396875 0.3822172015625 0.4336692125 0.41468001250000003 0.4388297921875 0.434506034375 0.43576297343750003
0 0.45842313125 0.3985085109375 0.49570137656249996 0.404081265625 0.50169420625 0.37839312187499996 0.4823158109375 0.36958867500000003 0.45534938125 0.367280478125 0.43045019375000004 0.363958265625 0.405268859375 0.362993825 0.3895773328125 0.36403262812500004 0.387436846875 0.3900505109375 0.40627536875 0.395235878125 0.43641320156249996 0.39543361093749996 0.45842313125 0.3985085109375
0 0.5392085484375 0.585258165625 0.546563271875 0.5644504359375 0.54910255625 0.543230521875 0.5312271234375 0.538127590625 0.5110022984375 0.5363964421875 0.495733978125 0.533898590625 0.49279589062499995 0.5503205312499999 0.491103034375 0.5644671390625 0.489410175 0.5786137499999999 0.48870481562499996 0.5845081703125 0.49283931093750005 0.58248014375 0.5160944656249999 0.5832797125 0.5392085484375 0.585258165625
0 0.9853591359375 0.3530988078125 0.9509701484375 0.3477733609375 0.9134097625 0.344558371875 0.89593313125 0.344253415625 0.893111696875 0.3678310953125 0.8964920093750001 0.38836673906249997 0.9343345390625 0.3892239515625 0.9534307890625 0.40038618125000003 0.9746187015625001 0.402199765625 0.9910821453124999 0.40110985625 0.991980465625 0.354302584375 0.9853591359375 0.3530988078125
0 0.53243711875 0.6418446015625 0.5618696015625 0.6479367500000001 0.58016825 0.6495030265625 0.58667654375 0.6357685953125001 0.5871485828125 0.6155627015625 0.5767445265625 0.5968077765625 0.552268553125 0.5899489203125 0.5215908421875 0.5861320953125 0.500261859375 0.5854973984375 0.48717744375 0.589141265625 0.483251859375 0.61381539375 0.502323696875 0.6333122390625 0.53243711875 0.6418446015625
0 0.66057961875 0.39340465468749997 0.7099461453125 0.40708966562500004 0.7429706453125 0.4023488140625 0.7470432015624999 0.3554000265625 0.705287446875 0.35560971874999997 0.65062011875 0.3603899421875 0.623081740625 0.3580327875 0.585058096875 0.35288624999999996 0.5723318374999999 0.3688240046875 0.5707631484375 0.38193299999999997 0.580127925 0.39408595156250004 0.6301667453124999 0.40215282500000005 0.66057961875 0.39340465468749997
0 0.7424119390625 0.42913421874999996 0.7388622453125 0.45513309062499996 0.7531234078125 0.4568905640625 0.7694388203125 0.456139925 0.794806390625 0.4567009046875 0.809131140625 0.45792702656250006 0.8389031265625 0.45832820781250005 0.8392760656249999 0.43688853749999995 0.8416286671875 0.41722868125 0.8387502625 0.4046361390625 0.813266521875 0.40138127656249994 0.784923946875 0.4000288671875 0.7560201265625001 0.399702 0.7458454609375 0.4004414625 0.743747196875 0.41797593125 0.7424119390625 0.42913421874999996
0 0.525775784375 0.399853584375 0.541900490625 0.4006969890625 0.562683965625 0.3992552078125 0.5683600703125 0.3884684359375 0.5702675921875 0.37252796875 0.568437096875 0.36217225468750003 0.5531169734375 0.3619345046875 0.5317086671875 0.36493318124999996 0.5184953812499999 0.3654125640625 0.51024778125 0.36470660625 0.5091032671875 0.3742708828125 0.5067726671874999 0.38641759531250003 0.5109533328125 0.39912164375 0.525775784375 0.399853584375