0 0.4354304625 0.036054221875 0.280354403125 0.1166898328125 0.27722223281249997 0.29349951875 0.4539651875 0.2495764078125 0.522059503125 0.295997278125 0.656970125 0.3885733578125 0.7112738328125 0.39064312968750003 0.71592661875 0.22817582656250002 0.696827628125 0.20556992031250002 0.6401891140625 0.12465548125 0.5690450828125 0.066077209375 0.472331621875 0.0391096859375 0.4354304625 0.036054221875
0 0.4954534265625 0.5015347593749999 0.550426846875 0.5317156859375001 0.597944753125 0.5518226109375 0.6727624859375 0.5793093828125 0.7169117015625 0.5509806109375 0.7207151390625001 0.4750536421875 0.6892752984375 0.41652050625000003 0.6754066562500001 0.39762063593749997 0.67218343125 0.400181228125 0.652380025 0.388392784375 0.55541925 0.3205014203125 0.451426184375 0.25029577187499996 0.28100475 0.294996290625 0.2593619203125 0.32374153125 0.24912532656250003 0.4511811109375 0.2889404 0.49952141406250006 0.324838971875 0.48652588906250005 0.40427423906250004 0.47490889531249997 0.4954534265625 0.5015347593749999
0 0.69345725625 0.6476368453125 0.69392994375 0.6477351109375 0.6495944031249999 0.5745874015625 0.523700778125 0.5160250671875 0.4575569125 0.48096479687500004 0.34602836875 0.47823855625 0.23887190937499997 0.5233041609375 0.243310559375 0.5770767718750001 0.241945684375 0.6662969375000001 0.25662465 0.6898063953125 0.31711151718749997 0.6887415625 0.4229849203125 0.7039309140625 0.51224769375 0.7097003703125 0.6504549890625 0.7426926359375 0.6876470375 0.7248514875 0.69345725625 0.6476368453125
0 0.2330352046875 0.7259128890625 0.2428151078125 0.79954903125 0.26956898906250004 0.8426169375000001 0.42380674375 0.8934326968749999 0.6647355734375 0.9247631734375 0.69524156875 0.8509773953125 0.6805350765625 0.7584163578124999 0.657480878125 0.7450997218750001 0.656985975 0.7450823453125001 0.4334851140625 0.6976836421875 0.261809253125 0.68415895625 0.2330352046875 0.7259128890625
0 0.6993515 1 0.701197725 0.9869446546875 0.6671315625 0.9245849875 0.665909809375 0.9216446671874999 0.592834440625 0.9175353828125001 0.46250588593749997 0.9023768640625001 0.371451284375 0.8808914078125 0.2631802328125 0.837926265625 0.24219269375 0.8710698203125 0.23765215 0.9715636859375 0.2661113640625 1 0.6993515 1
0 0.1995738921875 0.24473935781249997 0.2660059796875 0.2270096234375 0.27373075 0.1220631796875 0.27378602500000004 0.058191771875 0.272882440625 0.057955481249999996 0.161953034375 0.1090561296875 0.1518819375 0.22715350625 0.165383465625 0.2538278703125 0.1995738921875 0.24473935781249997
0 0.1094959171875 0.3896784203125 0.14481618125 0.4336746859375 0.1953100453125 0.42456560468750004 0.250223590625 0.4069986859375 0.2707432703125 0.2834015671875 0.251776275 0.224187209375 0.25099602499999996 0.22218455 0.19248357968750002 0.2432654375 0.12445938125 0.26322145625000004 0.1094959171875 0.3896784203125
0 0.10768801718750001 0.5547658390625 0.12726790937500002 0.5767368390625001 0.2374278546875 0.5715068140625 0.266051653125 0.5041491109375 0.2588605515625 0.46940994375 0.24627146249999998 0.4081121671875 0.2437821625 0.4100158953125 0.150896690625 0.43588525312500004 0.10955793750000001 0.44434021562500003 0.10768801718750001 0.5547658390625
0 0.2464728015625 0.676623771875 0.24071601718750002 0.5729900859375 0.113817875 0.5842688328125 0.105456903125 0.7120935125 0.1168850765625 0.734074790625 0.23235392031250002 0.77001200625 0.2464728015625 0.676623771875
0 0.20447806875 0.9236895859375001 0.23467204531250002 0.9308186546874999 0.253932465625 0.8393516484375001 0.23619057968749999 0.7625094875 0.2365315453125 0.764983690625 0.11793649375 0.732658690625 0.10690291249999999 0.836917303125 0.145366496875 0.8909435921875 0.20447806875 0.9236895859375001
0 0.1011560625 0.9201591171875 0.09248521562499999 0.96404405 0.256619346875 0.9981638390625 0.23713306250000002 0.9646216109375001 0.2365161390625 0.931442228125 0.2375629796875 0.9306142656249999 0.1984374125 0.913956765625 0.14724548906249998 0.8845619203125 0.1011560625 0.9201591171875
0 0 0.934479975 0.0080466421875 0.9464911734375001 0.09631205625 0.9648395671875001 0.1270662640625 0.870995746875 0.07395124374999999 0.8625115796875 0.077724184375 0.85647655 0.0143175140625 0.837328803125 0 0.8653166421874999 0 0.934479975
0 0 0.8036923890625 0.009706676562499999 0.8346654750000001 0.09208740625 0.8637244265625 0.1042441390625 0.8543176906250001 0.1145558546875 0.73968 0.10877205625 0.725787803125 0.1075064546875 0.72372348125 0.030084662499999998 0.692285703125 0.00539744375 0.69567796875 0 0.7377118515625 0 0.8036923890625
0 0.1179644125 0.5791874140625 0.012488576562500001 0.5512944375 0.000228090625 0.6663794375000001 0.0309869796875 0.7000508953125 0.10714765625 0.7150305671875 0.1183790875 0.5801260312500001 0.1179644125 0.5791874140625
0 0.111512284375 0.5684695625 0.1195423890625 0.4243753640625 0.030789920312500003 0.43836954375000003 0.016913090625 0.452481284375 0.018708635937500002 0.565373715625 0.111512284375 0.5684695625
0 0 0.3926493640625 0.012567729687500001 0.4181924625 0.032611753125 0.43344059843749994 0.10814093437500001 0.41589712343749996 0.11356400625 0.4067954328125 0.12785011875000002 0.24106844375 0.12818606875 0.243613525 0.1284181359375 0.2402520859375 0.1082086109375 0.2343461484375 0.03271365 0.2791741296875 0.0079940734375 0.3038701109375 0 0.392042740625 0 0.3926493640625
0 0.1510985734375 0.2381475 0.16533161875 0.0944903265625 0.10614678125000002 0.0975306671875 0.0341023265625 0.16182911718749998 0.0305328125 0.2829828703125 0.1114013890625 0.2367146859375 0.14962249375 0.2386930671875 0.1510985734375 0.2381475
0 0 0.672042690625 0.001119371875 0.6725316421875001 0.012973743749999999 0.5633291484375 0.0107910453125 0.5185496734374999 0 0.520076715625 0 0.672042690625
0 0 0.5277929375 0.0076733921875 0.52898301875 0.024437239062499998 0.4250631734375 0.0045416 0.3868305984375 0 0.3938241484375 0 0.5277929375
0 0.7088121671875001 0.37705354999999996 0.8265217187499999 0.4569298828125 0.8447225968750001 0.41553528437500004 0.84550730625 0.334718696875 0.7201198718749999 0.21326410468749998 0.7088121671875001 0.37705354999999996
0 0.7129235484375 0.5466869812499999 0.8256228374999999 0.5880154015625 0.830104840625 0.530127209375 0.83822286875 0.4610671234375 0.83704543125 0.46423203125 0.80286169375 0.4315534625 0.7050886875 0.3754271046875 0.692319434375 0.4145411484375 0.7125137078125 0.45539305625 0.7129235484375 0.5466869812499999
0 0.686475278125 0.5617851734375 0.6951338687499999 0.624090215625 0.6924651 0.6627466671875 0.691356121875 0.6855479812499999 0.813442590625 0.7228608578125 0.828375559375 0.6662958328124999 0.8277288265625 0.6687186421875 0.83025400625 0.5976238953124999 0.7947035625 0.5706447031249999 0.7128620828125001 0.547664784375 0.686475278125 0.5617851734375
0 0.794361534375 0.8536068890624999 0.808391903125 0.8309509500000001 0.8241627703125 0.783084278125 0.8163599515625 0.7287470796875 0.8159426218749999 0.7285255796875 0.6976956703125 0.6911584328125 0.6815938125 0.7577094875 0.6952217921875 0.8381124812499999 0.794361534375 0.8536068890624999
0 0.7999747078125 0.8625867218750001 0.6981660484375001 0.8431924140625 0.696696809375 0.844527246875 0.666556028125 0.9269131296875001 0.7020674515625001 0.9820305671874999 0.7918029125 0.987898271875 0.807971346875 0.9273279750000001 0.7999747078125 0.8625867218750001
0 0.8011165312499999 1 0.7948711046875 0.9851264078125 0.6996954625 0.9747181296875 0.6970695828125 1 0.8011165312499999 1
0 0.8227961046875001 0.4417388390625 0.8326901843750001 0.46510604375 0.9464508781250001 0.5049502718750001 0.965133 0.47047505 0.976559309375 0.44386811093749995 0.965154940625 0.393762 0.87263950625 0.3378761421875 0.861782975 0.332189696875 0.8472304265625 0.3308893328125 0.8458227781250001 0.3860038890625 0.8227961046875001 0.4417388390625
0 0.8265305203125 0.59599744375 0.932113840625 0.6153885859375 0.9494530171875001 0.5934204750000001 0.9607547468750001 0.5616731234375 0.9522359546875 0.5044950921875 0.8412630343749999 0.4652749140625 0.8416100203125 0.467859765625 0.8398542750000001 0.5280164625 0.8171176812500001 0.5795496234375 0.8265305203125 0.59599744375
0 0.9470352875 0.6909459499999999 0.9489781359375 0.6350889328125 0.9375540203125 0.6199291546875 0.831199375 0.5978204203125 0.828788340625 0.653578809375 0.8255888718750001 0.6929773515625001 0.8097257671874999 0.7143998953125 0.928718378125 0.734021271875 0.9470352875 0.6909459499999999
0 0.935414315625 1 0.9366491046875 0.9940976796875001 0.9229393124999999 0.9426598890625 0.8123069031249999 0.9402651546874999 0.80798453125 1 0.935414315625 1
0 0.8104172296875 0.9374533265625 0.8110102640625 0.9384591546875001 0.8553122328124999 0.9420115734375001 0.882982815625 0.9375811484375 0.9155184796875 0.9364248453125 0.9279891765625001 0.9401486046875001 0.9412047359375 0.8501217531249999 0.9272255484375 0.8313763140624999 0.8642787500000001 0.83978753125 0.814946346875 0.826138259375 0.814934996875 0.8170847718750001 0.79531181875 0.8616553765624999 0.8060770734375 0.8808640921875 0.8104172296875 0.9374533265625
0 0.9334223921874999 0.8337958890625 0.9462554031250001 0.8138357656249999 0.952318475 0.772103271875 0.9467919578125 0.741538265625 0.8791883890625 0.725222221875 0.822735096875 0.7225379875 0.8220307078125 0.72352295 0.818311809375 0.7589543953125 0.8149577015625 0.8351917468750001 0.9334223921874999 0.8337958890625