0 0.72568258125 0 0.732004553125 0.0480739140625 0.90375640625 0 0.72568258125 0
0 0.4195166765625 0 0.2401888734375 0.0726800859375 0.15554011406249998 0.12042773437500001 0.1789290578125 0.221456759375 0.5166705078125 0.054705796875000004 0.5151709999999999 0 0.4195166765625 0
0 0.6670997015625 0 0.43796331093749996 0.10153873437500001 0.45218718906250005 0.19433543749999999 0.694275078125 0.0992059140625 0.6753667375 0 0.6670997015625 0
0 0.2007186140625 0.341054271875 0.41419261875 0.21272103750000002 0.3961320046875 0.1214793390625 0.1753034953125 0.2707135671875 0.2007186140625 0.341054271875
0 0.2330570078125 0.510137259375 0.5908357875 0.3113716296875 0.5686194296875 0.2038939375 0.20471264374999998 0.4021564875 0.2330570078125 0.510137259375
0 0.5112705703125 0.4899676796875 0.7506942953125 0.3899445 0.744197815625 0.27908238281250003 0.4963548109375 0.3765444078125 0.5112705703125 0.4899676796875
0 0.2505291234375 0.6583650125 0.47061184375 0.5034596171875 0.449887065625 0.407324259375 0.21989348749999998 0.5483261734375 0.2505291234375 0.6583650125
0 0.2688548234375 0.7823531171875 0.640381209375 0.59593596875 0.6311666640625 0.49513560468750006 0.24850293906249998 0.6890533390625 0.2688548234375 0.7823531171875
0 0.7899064921875001 0.565201728125 0.7910790734375001 0.5587530625 0.553146921875 0.6701185671875 0.5776545453125 0.7796543453125 0.806367725 0.6750119140625 0.7899064921875001 0.565201728125
0 0.3005013359375 0.9308095249999999 0.530921709375 0.7776877843750001 0.5056682984374999 0.6624808515625 0.266401853125 0.825161265625 0.3005013359375 0.9308095249999999
0 0.6361309515625 0.28704045 0.9592741140625 0.1706160375 0.944752946875 0.0601933453125 0.61311490625 0.1888470125 0.6361309515625 0.28704045
0 0.7818150609375001 0.3653846609375 0.9780496921875 0.31339040156250003 0.9627948406250001 0.19738853750000002 0.7630625531249999 0.25351638906249996 0.7818150609375001 0.3653846609375
0 0.6799256765624999 0.46641383281250004 0.6975595 0.5697753640625 0.9824810656249999 0.46842872187499995 0.9858197656250001 0.3724760625 0.9835376921875 0.35512256249999996 0.6799256765624999 0.46641383281250004
0 0.6665376796875 0.779471290625 0.28893720156249997 0.9504299375 0.29782302031249996 0.9883395437500001 0.469248696875 0.9823299499999999 0.6814534421875 0.8928945562499999 0.6665376796875 0.779471290625
0 0 0.2945929203125 0.1213239625 0.259737190625 0.1212744921875 0.1671691484375 0 0.21016934531250003 0 0.2945929203125
0 0 0.4183653265625 0.12201141874999999 0.387887221875 0.1238803203125 0.29454167343750004 0 0.3346131296875 0 0.4183653265625
0 0 0.5734196234375 0.129518775 0.5371668953125 0.1363970046875 0.4358176859375 0 0.47262347499999996 0 0.5734196234375
0 0 0.714191221875 0.1573285375 0.687178309375 0.1646874671875 0.5587538640624999 0 0.5978449265625 0 0.714191221875
0 0.190152065625 0.7216626046875 0.001111671875 0.7576833515625 0.013688906249999999 0.8533238703125001 0.187110578125 0.8214568140624999 0.190152065625 0.7216626046875
0 0.1808747546875 0.85086455 0.0164183203125 0.8740790671875001 0.032453578125 0.996015303125 0.1819890125 0.966894753125 0.1808747546875 0.85086455