0 0.6116061875 0.44465682968750003 0.8383114921875 0.4662583296875 0.8343522421875 0.3821544703125 0.620838846875 0.35226159375 0.6116061875 0.44465682968750003
0 0.3658342078125 0.3500284125 0.569553421875 0.4050562765625 0.585906515625 0.3295372296875 0.3744169484375 0.291255146875 0.3658342078125 0.3500284125
0 0 0.328475259375 0.2851992546875 0.38430535312499997 0.301751159375 0.2863802296875 0.039213109375 0.2178837765625 0 0.24115787656249998 0 0.328475259375
0 0 0.43417369375000003 0.3062924453125 0.4727531359375 0.3119834921875 0.43112320000000004 0.3139436875 0.41397810625 0 0.367729240625 0 0.43417369375000003
0 0 0.5354380828124999 0.297977825 0.5658468937500001 0.3026563671875 0.4923353125 0 0.451015453125 0 0.5354380828124999
0 0 0.6369098531249999 0.312604390625 0.65178630625 0.3156070421875 0.58071179375 0.0035979140625 0.5436548765625 0 0.5937578296875 0 0.6369098531249999
0 0 0.7376637875000001 0.29447136406249996 0.7472458234375 0.30245429687500003 0.6713114296875 0 0.6473998062499999 0 0.7376637875000001
0 0 0.8359930125 0.2987109140625 0.864967040625 0.3052074953125 0.7816643765625 0.0010091828125 0.7618381171874999 0 0.771183146875 0 0.8359930125
0 0 0.933762359375 0.288530859375 0.9703032171875 0.2968454875 0.8772094640624999 0 0.8490960937500001 0 0.933762359375
0 0.3315353171875 0.9363552937499999 0.6279228 0.9389508875000001 0.6329330390625 0.8482799406250001 0.34018163281249997 0.8261021875000001 0.3315353171875 0.9363552937499999
0 0.3324181953125 0.8064201828125 0.618371284375 0.8432489171875 0.6053258359375 0.7597751171875 0.3434212109375 0.74277099375 0.3324181953125 0.8064201828125
0 0.6327859874999999 0.6031034765625 0.6295464140625 0.6864346640625001 0.6239501328125 0.7231619296875 0.8907402703124999 0.7402088296875 0.8886678796874999 0.6788968875 0.8589583234375 0.6148911640625 0.6327859874999999 0.6031034765625
0 0.626685909375 0.7501551640625 0.6468314109375 0.8876296874999999 0.9530846828125 0.8854081703125001 0.8892539171875 0.7328405640625 0.626685909375 0.7501551640625
0 0.352636140625 0.603101840625 0.5883425734375 0.6272317875 0.604562784375 0.5464660171875 0.35401029687499996 0.5320130703125 0.352636140625 0.603101840625
0 0.6118523796875001 0.5906613875 0.8314633171875 0.6048433703125 0.8278098093749999 0.5410658296874999 0.6081988703125 0.526883853125 0.6118523796875001 0.5906613875
0 0.3589257625 0.44624480625 0.58634751875 0.477657446875 0.5813498203125 0.3991576171875 0.3685845859375 0.3678733296875 0.3589257625 0.44624480625
0 0.24438373906250002 0.0152101765625 0.135276684375 0.014254687499999998 0.1271174015625 0.0519344640625 0.334428515625 0.1125920171875 0.34552630156249997 0.044040159375 0.24438373906250002 0.0152101765625
0 0.1336188828125 0.2211622828125 0.33651833125 0.2572636765625 0.334730246875 0.18124370625 0.13657415312500001 0.15253910625 0.1336188828125 0.2211622828125