0 0.23572444843749998 0.06782420156249999 0.0690916484375 0.073250134375 0.0690916484375 0.11123168593749999 0.2336923390625 0.1003798140625 0.23572444843749998 0.06782420156249999
0 0.1950823015625 0.781334778125 0.0203210734375 0.7921866546875 0.0101605359375 0.8545849171875 0.186953871875 0.8383071078125001 0.1950823015625 0.781334778125
0 0.41454988750000005 0.765056975 0.21133915781249998 0.765056975 0.2052428375 0.8328811703125 0.41048567187499996 0.83016820625 0.41454988750000005 0.765056975
0 0.42877464062500004 0.661964190625 0.23572444843749998 0.6429734125000001 0.23166023125000001 0.718936515625 0.4206462078125 0.716223546875 0.42877464062500004 0.661964190625
0 0.6136964015624999 0.7352143250000001 0.442999390625 0.70808464375 0.4348709609375 0.7867607171875 0.6055679734375 0.7948996187499999 0.6136964015624999 0.7352143250000001
0 0.6401138000000001 0.8383071078125001 0.42877464062500004 0.8084644593749999 0.4348709609375 0.879001628125 0.6360495828125 0.8925664687499999 0.6401138000000001 0.8383071078125001
0 0.186953871875 0.8979924015625 0.0162568578125 0.8708627218749999 0.0101605359375 0.9413998921875001 0.1767933359375 0.968529571875 0.186953871875 0.8979924015625
0 0.39219670624999997 0.8518719484374999 0.2052428375 0.8600108499999999 0.2052428375 0.9278350515625 0.3901646015625 0.9224091140624999 0.39219670624999997 0.8518719484374999
0 0.8372282046875 0.83016820625 0.6441780109375 0.784047746875 0.634017475 0.843733046875 0.82300345625 0.8979924015625 0.8372282046875 0.83016820625
0 1 0.7542050984374999 0.8433245296875 0.7596310359375 0.8372282046875 0.813890396875 0.9957325750000001 0.8057514890625 1 0.7542050984374999
0 0.8677098140625 0.9007053718750001 0.6584027640625 0.8925664687499999 0.6543385484375001 0.9522517625000001 0.8595813859374999 0.9576777015625 0.8677098140625 0.9007053718750001
0 0.6441780109375 0.9034183406249999 0.432838853125 0.8952794374999999 0.4308067453125 0.976668475 0.638081690625 0.9739555046874999 0.6441780109375 0.9034183406249999
0 0.39829303125000004 0.3743895828125 0.13005486875 0.39880629375 0.1361511890625 0.4530656546875 0.39829303125000004 0.4232230046875 0.39829303125000004 0.3743895828125
0 0.71936598125 0.3581117734375 0.43690306874999996 0.40423223124999996 0.44706360624999997 0.474769396875 0.723430196875 0.415084103125 0.71936598125 0.3581117734375
0 0.9530583203124999 0.2794357015625 0.7661044515625 0.325556159375 0.76813655625 0.3798155203125 0.955090428125 0.3418339640625 0.9530583203124999 0.2794357015625
0 0.5263157875 0.23060227812499998 0.36171509999999996 0.2550189890625 0.36781142031249997 0.30656538125 0.5283478953125 0.2875746078125 0.5263157875 0.23060227812499998
0 0.9957325750000001 0.5290287578124999 0.8047144906250001 0.5507325 0.8148750265625001 0.6185567015625 0.9896362515625 0.5914270203124999 0.9957325750000001 0.5290287578124999
0 0.9611867484375001 0.154639175 0.7498475906250001 0.1627780765625 0.76407234375 0.21975040781250002 0.9611867484375001 0.2061855671875 0.9611867484375001 0.154639175
0 0.7356228421875 0.2034725984375 0.566957934375 0.233315246875 0.5791505796875 0.29300054062499997 0.7396870546875001 0.2712967984375 0.7356228421875 0.2034725984375
0 0.540540540625 0.154639175 0.36781142031249997 0.170916984375 0.380004065625 0.23602821718749997 0.5425726484375 0.227889309375 0.540540540625 0.154639175
0 0.82300345625 0.415084103125 0.6177606171875001 0.4530656546875 0.6238569375 0.5181768859375 0.8189392390625001 0.48562126875 0.82300345625 0.415084103125
0 0.820971346875 0.4883342375 0.625889046875 0.54801953125 0.6421459031250001 0.5995659234375 0.835196096875 0.5507325 0.820971346875 0.4883342375
0 0.4308067453125 0.569723278125 0.23166023125000001 0.569723278125 0.2336923390625 0.6348345109375 0.4267425328125 0.6239826390625 0.4308067453125 0.569723278125
0 0.21337126718750002 0.5453065671874999 0.048770575 0.5453065671874999 0.044706359375 0.5995659234375 0.20117862187500002 0.5995659234375 0.21337126718750002 0.5453065671874999
0 0.20727494531250001 0.6266956031250001 0.0426742546875 0.6185567015625 0.034545821875 0.6809549640625 0.191018084375 0.6945198046875001 0.20727494531250001 0.6266956031250001
0 0.2052428375 0.6945198046875001 0.0284495015625 0.6945198046875001 0.018288965625 0.7596310359375 0.19305019375000002 0.7677699375 0.2052428375 0.6945198046875001
0 0.416581996875 0.5018990765625 0.2397886609375 0.48290830468749996 0.23775655156250003 0.5453065671874999 0.41454988750000005 0.5561584374999999 0.416581996875 0.5018990765625
0 0.7417191625 0.29300054062499997 0.5608616140625 0.29842647968749997 0.5507010765625 0.3608247421875 0.73765495 0.36625067968749997 0.7417191625 0.29300054062499997
0 0.5385084328125 0.3147042890625 0.38610038593749996 0.3147042890625 0.3779719578125 0.382528484375 0.5385084328125 0.37167661406249997 0.5385084328125 0.3147042890625
0 0.384068278125 0.30656538125 0.197114409375 0.2848616390625 0.1950823015625 0.34454693281250004 0.380004065625 0.35539880468749996 0.384068278125 0.30656538125
0 0.7498475906250001 0.138361365625 0.55882950625 0.138361365625 0.566957934375 0.200759628125 0.7437512703125 0.1899077578125 0.7498475906250001 0.138361365625
0 0.9754115015625 0.08138904062499999 0.76813655625 0.1030927828125 0.7701686640625 0.168204015625 0.9794757187500001 0.13564839687500002 0.9754115015625 0.08138904062499999
0 0.2214996953125 0.200759628125 0.048770575 0.1871947890625 0.0508026828125 0.23602821718749997 0.2214996953125 0.227889309375 0.2214996953125 0.200759628125
0 0.573054259375 0.078676071875 0.7478154859374999 0.056972329687500003 0.745783378125 0.013564840625 0.5750863625 0.0217037421875 0.573054259375 0.040694520312499996 0.573054259375 0.078676071875
0 0.3779719578125 0.06511123125 0.21133915781249998 0.1166576234375 0.2194675875 0.165491046875 0.38610038593749996 0.1139446546875 0.3779719578125 0.06511123125
0 0.847388740625 0.70265870625 0.6319853703125 0.70808464375 0.6360495828125 0.7731958765625 0.8494208499999999 0.748779165625 0.847388740625 0.70265870625
0 0.8067465953124999 0.6348345109375 0.648242228125 0.6049918609375 0.652306440625 0.6673901234375 0.7965860578124999 0.6945198046875001 0.8067465953124999 0.6348345109375
0 0.652306440625 0.64026044375 0.45112781875 0.6239826390625 0.45112781875 0.689093871875 0.6462101203125 0.7107976140625001 0.652306440625 0.64026044375
0 0.9977646828125 0.3771025515625 0.81284291875 0.3743895828125 0.81284291875 0.4367878453125 0.991668359375 0.44492674687499995 0.9977646828125 0.3771025515625
0 0.19305019375000002 0.3418339640625 0.034545821875 0.33369506250000003 0.040642146875 0.39338035625 0.1889859765625 0.382528484375 0.19305019375000002 0.3418339640625
0 0.2052428375 0.4693434640625 0.0467384671875 0.463917525 0.040642146875 0.5317417265625 0.197114409375 0.537167659375 0.2052428375 0.4693434640625
0 1 0.64839935 0.8453566328125 0.6348345109375 0.8372282046875 0.7053716750000001 0.991668359375 0.718936515625 1 0.64839935
0 0.35765088437500003 0.22517634531250003 0.1808575484375 0.23602821718749997 0.1849217640625 0.290287571875 0.34952245625 0.2794357015625 0.35765088437500003 0.22517634531250003
0 0.9449298921875 0.21432446875000002 0.76407234375 0.2387411796875 0.7722007718749999 0.3147042890625 0.9408656796875 0.2957135109375 0.9449298921875 0.21432446875000002
0 0.6015037609375 0.472056428125 0.442999390625 0.480195334375 0.44706360624999997 0.5290287578124999 0.6299532625 0.5263157890625 0.6015037609375 0.472056428125
0 1 0.83016820625 0.853485065625 0.8328811703125 0.86161349375 0.8979924015625 0.9977646828125 0.9332609890624999 1 0.83016820625
0 0.5466368609375001 0.040694520312499996 0.39829303125000004 0.0325556140625 0.3698435296875 0.086814975 0.5344442203125 0.0976668453125 0.5466368609375001 0.040694520312499996
0 0.755943915625 0.0623982625 0.5567973984375 0.086814975 0.55882950625 0.138361365625 0.755943915625 0.11937059218749999 0.755943915625 0.0623982625
0 0.9571225359375 0.018990778125 0.7884576296875 0.0379815515625 0.7823613093749999 0.1003798140625 0.9571225359375 0.078676071875 0.9571225359375 0.018990778125
0 0.186953871875 0.1302224640625 0.0609632203125 0.1302224640625 0.0508026828125 0.17362995312500001 0.186953871875 0.1763429171875 0.186953871875 0.1302224640625