0 0.459256246875 0.086814975 0.23572444843749998 0.08952794375 0.23166023125000001 0.1871947890625 0.44909571093749995 0.18448182500000002 0.459256246875 0.086814975
0 0.7153017687500001 0.09495388125000001 0.5019305015625 0.1003798140625 0.50599471875 0.2034725984375 0.7112375515625 0.1871947890625 0.7153017687500001 0.09495388125000001
0 0.4450314984375 0.2794357015625 0.215403375 0.29300054062499997 0.2214996953125 0.3608247421875 0.4450314984375 0.33640803125 0.4450314984375 0.2794357015625
0 0.7356228421875 0.1926207265625 0.5791505796875 0.200759628125 0.5791505796875 0.2767227375 0.731558625 0.2685838296875 0.7356228421875 0.1926207265625
0 0.7478154859374999 0.35539880468749996 0.5954074359375 0.35539880468749996 0.5872790078125 0.4422137828125 0.7335907328125 0.45577862343750003 0.7478154859374999 0.35539880468749996
0 0.7396870546875001 0.5181768859375 0.59743954375 0.5018990765625 0.5832147953125 0.5995659234375 0.723430196875 0.6185567015625 0.7396870546875001 0.5181768859375
0 0.36781142031249997 0.3418339640625 0.2194675875 0.37167661406249997 0.2255639109375 0.46120455624999995 0.3779719578125 0.41779707187500004 0.36781142031249997 0.3418339640625
0 0.3698435296875 0.5046120468749999 0.20930705 0.5344546953125 0.217435478125 0.6239826390625 0.38203617031250003 0.58328811875 0.3698435296875 0.5046120468749999
0 0.38610038593749996 0.6782419953125001 0.22353180312499998 0.6999457421875 0.227596015625 0.7731958765625 0.39626092343749997 0.748779165625 0.38610038593749996 0.6782419953125001
0 0.562893721875 0.6782419953125001 0.4226783171875 0.659251221875 0.4186141046875 0.7352143250000001 0.5649258265625 0.7406402625 0.562893721875 0.6782419953125001
0 0.5791505796875 0.5317417265625 0.41048567187499996 0.5154639171875 0.406421459375 0.58057515 0.57102215 0.5968529593749999 0.5791505796875 0.5317417265625
0 0.5649258265625 0.37167661406249997 0.416581996875 0.3635377109375 0.406421459375 0.43407487656250004 0.5547652937499999 0.4530656546875 0.5649258265625 0.37167661406249997
0 0.75391180625 0.6836679328125 0.59743954375 0.6782419953125001 0.5954074359375 0.7542050984374999 0.75391180625 0.7596310359375 0.75391180625 0.6836679328125
0 0.5567973984375 0.21975040781250002 0.41048567187499996 0.1871947890625 0.39219670624999997 0.257731959375 0.536476325 0.2957135109375 0.5567973984375 0.21975040781250002
0 0.21133915781249998 0.2821486703125 0.3637472046875 0.260444928125 0.36781142031249997 0.1926207265625 0.21337126718750002 0.2061855671875 0.21133915781249998 0.2034725984375 0.21133915781249998 0.2821486703125
0 0.45112781875 0.5995659234375 0.23775655156250003 0.61584373125 0.249949196875 0.6945198046875001 0.45722414218749996 0.661964190625 0.45112781875 0.5995659234375
0 0.73765495 0.6104177984375 0.4897378578125 0.61584373125 0.5019305015625 0.689093871875 0.73765495 0.6809549640625 0.73765495 0.6104177984375
0 0.442999390625 0.4367878453125 0.23572444843749998 0.45577862343750003 0.2336923390625 0.5317417265625 0.43893517812500005 0.507325015625 0.442999390625 0.4367878453125
0 0.7173338765625 0.2794357015625 0.49989839375 0.30927835 0.49786628593750004 0.3608247421875 0.731558625 0.3581117734375 0.7173338765625 0.2794357015625
0 0.73765495 0.4476397171875 0.50599471875 0.472056428125 0.49176996562499997 0.52088985625 0.745783378125 0.5181768859375 0.73765495 0.4476397171875
0 0.9530583203124999 0.46663049531249995 0.9002235328125 0.4395008140625 0.8859987796875 0.49376017499999997 0.9489941078124999 0.5100379796875 0.9530583203124999 0.46663049531249995
0 0.981507821875 0.290287571875 0.898191425 0.260444928125 0.890062996875 0.325556159375 0.96931518125 0.34725990156250003 0.981507821875 0.290287571875
0 0.9794757187500001 0.41779707187500004 0.9042877453125 0.3879544234375 0.8941272078125 0.4367878453125 0.9632188578124999 0.4693434640625 0.9794757187500001 0.41779707187500004
0 0.9489941078124999 0.34725990156250003 0.8941272078125 0.33369506250000003 0.8839666718749999 0.3743895828125 0.9388335718749999 0.39338035625 0.9489941078124999 0.34725990156250003
0 0.9855720390625 0.5425935984375 0.9042877453125 0.5100379796875 0.8920951046875001 0.55344546875 0.9632188578124999 0.58328811875 0.9855720390625 0.5425935984375
0 0.8006502734375 0.382528484375 0.8372282046875 0.40423223124999996 0.8839666718749999 0.396093325 0.8839666718749999 0.35539880468749996 0.835196096875 0.37167661406249997 0.81284291875 0.352685840625 0.8006502734375 0.382528484375
0 0.81284291875 0.29842647968749997 0.8412924203125 0.3038524125 0.879902459375 0.30927835 0.8880308875 0.2658708609375 0.8514529578125 0.27400976875 0.8189392390625001 0.2658708609375 0.81284291875 0.29842647968749997
0 0.8067465953124999 0.18176885625 0.8108108109375 0.1899077578125 0.808778703125 0.21432446875000002 0.8372282046875 0.2170374375 0.8961593171875 0.2116115046875 0.9002235328125 0.168204015625 0.8595813859374999 0.1790558859375 0.8067465953124999 0.18176885625
0 0.9957325750000001 0.141074334375 0.92054460625 0.138361365625 0.9022556406250001 0.2034725984375 0.987604146875 0.2034725984375 0.9957325750000001 0.141074334375
0 0.9185124984374999 0.2061855671875 0.8880308875 0.233315246875 0.9469620000000001 0.260444928125 0.9571225359375 0.21432446875000002 0.9185124984374999 0.2061855671875
0 0.808778703125 0.45577862343750003 0.8433245296875 0.48562126875 0.8839666718749999 0.47748236562499996 0.8859987796875 0.4395008140625 0.835196096875 0.45577862343750003 0.8108108109375 0.4232230046875 0.808778703125 0.45577862343750003
0 0.8108108109375 0.2685838296875 0.7762649890625 0.2550189890625 0.7661044515625 0.2875746078125 0.798618165625 0.3038524125 0.8108108109375 0.2685838296875
0 0.0528347921875 0.263157896875 0.1137980078125 0.2658708609375 0.16053647499999998 0.257731959375 0.152408046875 0.21975040781250002 0.1117659 0.23602821718749997 0.0548668953125 0.22517634531250003 0.0528347921875 0.263157896875
0 0.0508026828125 0.30656538125 0.05893111250000001 0.3119913203125 0.056899003125 0.352685840625 0.11583011562500001 0.35539880468749996 0.1666328 0.33640803125 0.1503759375 0.30113944843749996 0.10566957968749999 0.322843190625 0.0508026828125 0.30656538125
0 0.0650274328125 0.4367878453125 0.12192643593750001 0.44492674687499995 0.1666328 0.42051003593749997 0.152408046875 0.3771025515625 0.1178622234375 0.396093325 0.07112375625 0.3906673921875 0.0650274328125 0.4367878453125
0 0.0650274328125 0.5236028203124999 0.1320869734375 0.5181768859375 0.1706970109375 0.48290830468749996 0.1585043703125 0.45035268593750005 0.10566957968749999 0.4883342375 0.0650274328125 0.48562126875 0.0650274328125 0.5236028203124999
0 0.0101605359375 0.39338035625 0.056899003125 0.37167661406249997 0.0467384671875 0.328269128125 0.0060963203124999995 0.34725990156250003 0.008128428125 0.34997287187500004 0.0101605359375 0.39338035625
0 0.044706359375 0.385241453125 0 0.42593597499999997 0.0101605359375 0.45577862343750003 0.05893111250000001 0.4313619125 0.044706359375 0.385241453125
0 0.0508026828125 0.49104720625000003 0.004064215625 0.5317417265625 0.0020321078125 0.58328811875 0.062995325 0.54801953125 0.0508026828125 0.49104720625000003