0 0 0.168942590625 0.136476159375 0.1393857421875 0.1351275 0.10377909062499999 0 0.12839984843750002 0 0.168942590625
0 0.168886390625 0.8835328140625001 0.034288596875 0.9121498765625 0.0408122015625 0.9771591515625 0.16631526875 0.94657866875 0.168886390625 0.8835328140625001
0 0.403817671875 0.8306507921874999 0.184649659375 0.8632821453125 0.18545033125 0.9377617859375 0.4065149953125 0.9018640953125001 0.403817671875 0.8306507921874999
0 0.40794834843750005 0.7166455109375 0.1976735421875 0.7270651015625 0.20155097500000002 0.810038521875 0.405082196875 0.7767513312500001 0.40794834843750005 0.7166455109375
0 0.6153570078125 0.7663317421875 0.428305596875 0.7643417984374999 0.4280947015625 0.8509078765625 0.613080915625 0.8323176234374999 0.6153570078125 0.7663317421875
0 0.6550599375 0.873810746875 0.42387989062500003 0.8754070390625 0.43812567187499996 0.9508688421875 0.6565771421875 0.9332639374999999 0.6550599375 0.873810746875
0 0.39426601250000004 1 0.3891501046875 0.928321140625 0.1884006171875 0.9671620734375 0.19169586562500002 1 0.39426601250000004 1
0 0.8667678234375 0.8333382531250001 0.6535427265625 0.8143575500000001 0.649074953125 0.880669746875 0.8588017765625 0.9091231515624999 0.8667678234375 0.8333382531250001
0 0.9969854828125 0.731713746875 0.8656721218750001 0.7559185734375 0.8649976515625 0.8156980781250001 0.996735571875 0.7891495953125001 0.9969854828125 0.731713746875
0 0.73828033125 0.9882383421875 0.9049262984374999 0.9634268546874999 0.9073137687499999 0.90488428125 0.6806856296875 0.92967449375 0.6827928953125 0.9950077421874999 0.73828033125 0.9882383421875
0 0.6592832984375 1 0.667303609375 0.9988058765625001 0.6665239796875 0.9437188031250001 0.43770415937499996 0.9688353265625 0.44004842499999997 1 0.6592832984375 1
0 0.34380012656250003 0.4098972140625 0.057153609375000004 0.4794308546875 0.0696292140625 0.5372524828125 0.3491106390625 0.46281771875000005 0.34380012656250003 0.4098972140625
0 0.6883154125 0.34069950000000004 0.388687365625 0.43603756718750003 0.4073165078125 0.5108467296875 0.6988943734374999 0.401787465625 0.6883154125 0.34069950000000004
0 0.93180280625 0.21791261875 0.73518371875 0.29791395 0.743275965625 0.3563882015625 0.9407801390625 0.28520694999999996 0.93180280625 0.21791261875
0 0.46623946250000003 0.23351795000000003 0.291368634375 0.28640960625 0.30354920937499996 0.3412912015625 0.47462674375 0.2949322359375 0.46623946250000003 0.23351795000000003
0 0.8013130078125 0.5357363421875 0.8196471171875 0.6076054828124999 0.9977655375 0.5524390390625 0.9980278359374999 0.492156190625 0.9971710546875 0.48361814531249997 0.8013130078125 0.5357363421875
0 0.926998209375 0.08136605625 0.6999485625 0.12412275312500001 0.721485925 0.1835791515625 0.9326037515625 0.1372266015625 0.926998209375 0.08136605625
0 0.6890322359375001 0.17050737031250002 0.510368096875 0.2299317078125 0.530008803125 0.2926544546875 0.70079130625 0.2433554546875 0.6890322359375001 0.17050737031250002
0 0.47332042812499997 0.1489129609375 0.2887977859375 0.1942897859375 0.3090285546875 0.26289258437499996 0.4834778734375 0.227967409375 0.47332042812499997 0.1489129609375
0 0.8062867015625 0.3857981015625 0.5890574078124999 0.4599161734375 0.6027131296875 0.5294979093750001 0.8095740796875001 0.462891465625 0.8062867015625 0.3857981015625
0 0.8120607906249999 0.4655051859375 0.6081501265625 0.5615119046875 0.6312891046875 0.6147619375 0.83418820625 0.530841640625 0.8120607906249999 0.4655051859375
0 0.40010905937499996 0.6163582359374999 0.18532440781249998 0.648336965625 0.19459677343749998 0.71857133125 0.4016262734375 0.6758114328125 0.40010905937499996 0.6163582359374999
0 0.162944034375 0.624813528125 0.007773075 0.647916534375 0.013673646875 0.7067170953125 0.1556945203125 0.685571978125 0.162944034375 0.624813528125
0 0.16521984843749998 0.7139933203125 0.015883084375000002 0.7287346453125 0.0228540171875 0.7982016125 0.15506211718750001 0.7901045390625 0.16521984843749998 0.7139933203125
0 0.170403878125 0.7878203421875 0.0239996421875 0.809618090625 0.03133968125 0.882763253125 0.1652195671875 0.8691589890625 0.170403878125 0.7878203421875
0 0.3773915875 0.54514171875 0.18465021875 0.552950803125 0.18924419374999998 0.6208977703125 0.3811004796875 0.6042686015625 0.3773915875 0.54514171875
0 0.7053432140625 0.26654937031250003 0.5108737390625 0.30147133125000003 0.5067009921875 0.37072355 0.7089256265625 0.3465827640625 0.7053432140625 0.26654937031250003
0 0.48853542812499995 0.32270095468750004 0.3241594203125 0.347174465625 0.3227684125 0.4219804265625 0.4947310296875 0.38444154531249997 0.48853542812499995 0.32270095468750004
0 0.3210826515625 0.338680690625 0.117087853125 0.3451813140625 0.1213867984375 0.41018824687500005 0.32200980625 0.39225383125 0.3210826515625 0.338680690625
0 0.69729330625 0.0976625 0.491275378125 0.128335971875 0.5068277515624999 0.19465136562500002 0.6963238109375001 0.154501971875 0.69729330625 0.0976625
0 0.7224554249999999 0.12673967343749998 0.9446581390625 0.057849034375 0.940901096875 0.0366057703125 0.8104350046875 0.0315299890625 0.713183059375 0.056505303124999996 0.7224554249999999 0.12673967343749998
0 0 0.3066543484375 0.137192415625 0.2795249546875 0.1342421296875 0.25012466875 0 0.25944494375 0 0.3066543484375
0 0.49600163906250005 0.01929695 0.49599611406250005 0.0202107578125 0.5001265125 0.061371151562500004 0.6327443859375 0.0246169328125 0.49600163906250005 0.01929695
0 0.288250075 0.07799710625 0.1141378484375 0.160615359375 0.1282150796875 0.21223061875 0.3023273109375 0.129612365625 0.288250075 0.07799710625
0 0.8638598828124999 0.6935253421875001 0.632131853125 0.733994640625 0.643595890625 0.803902690625 0.8710670500000001 0.7431795171875 0.8638598828124999 0.6935253421875001
0 0.812650571875 0.626550909375 0.6384542062499999 0.6196630562500001 0.6496232234375 0.686631078125 0.80818279375 0.6928630953125 0.812650571875 0.626550909375
0 0.6466729375 0.6572307921875 0.4279264328125 0.6718956687500001 0.4350071171875 0.7424563546875 0.6477686390625 0.734650471875 0.6466729375 0.6572307921875
0 0.7976885296875 0.41094989843749996 0.9879186843750001 0.3914161234375 0.9805441515625001 0.31792716875 0.7909028734375 0.3433292421875 0.7976885296875 0.41094989843749996
0 0 0.4789758703125 0.1189421546875 0.45232759062500005 0.1189000921875 0.407574534375 0 0.41908311875 0 0.4789758703125
0 0 0.570455978125 0.0064067515625 0.6343007640625 0.1445255046875 0.61860395 0.14591651249999998 0.5437979890625 0 0.560446690625 0 0.570455978125
0 0.9975075671875 0.6117268984375 0.8542924875000001 0.6203509546875 0.8531965125 0.69809694375 0.9971694078125 0.6894438984375 0.9975075671875 0.6117268984375
0 0.2837399578125 0.254721921875 0.0942438984375 0.2948713140625 0.10452783125000001 0.353019253125 0.28087380624999997 0.3148277421875 0.2837399578125 0.254721921875
0 0.9159553984375 0.148657190625 0.7235511265625 0.2041593484375 0.7405786421875 0.28517489375 0.9204228953125 0.23751066875000001 0.9159553984375 0.148657190625
0 0.5735891640624999 0.4831068703125 0.4035232015625 0.5173794218750001 0.41321707500000004 0.569647303125 0.6101732609375 0.53733905625 0.5735891640624999 0.4831068703125
0 0.9966236640625 0.8148688937499999 0.8845962937499999 0.8336677640625 0.9004437015625 0.902923190625 0.9961952984375 0.9133178375 0.9966236640625 0.8148688937499999
0 0.3763402390625 0.0329532859375 0.3050156421875 0.04357261875 0.281843584375 0.10282259062500002 0.460549790625 0.088151309375 0.46750426875000006 0.02445283125 0.3763402390625 0.0329532859375
0 0.491275378125 0.128335971875 0.7018031515625001 0.076103359375 0.6968869625 0.0271123984375 0.6552126171875 0.025491056249999998 0.4834781546875 0.07280174687499999 0.491275378125 0.128335971875
0 0 0.2413430671875 0.094328315625 0.22921174687499998 0.08931283125 0.1792312703125 0 0.19252882031250002 0 0.2413430671875