0 0.9901044796875 0.11566308593750001 0.9438884109375 0.1208688984375 0.9226829421874999 0.18629215625 0.9859512296874999 0.1825420546875 0.9901044796875 0.11566308593750001
0 0.98484578125 0.2003428 0.8922300828124999 0.2210182859375 0.8918712390625 0.27641701093750004 0.9808234796875 0.2651132078125 0.98484578125 0.2003428
0 0.9800169109375 0.2781011515625 0.854393125 0.3019699765625 0.8558354578125 0.352737153125 0.9763638796875 0.3369252140625 0.9800169109375 0.2781011515625
0 0.9751629109375 0.35626415625 0.8257662859374999 0.3646862546875 0.8252156093749999 0.4314734953125 0.9705183328125001 0.4310548390625 0.9751629109375 0.35626415625
0 0.778552234375 0.5078835734375 0.961052171875 0.5153163203125 0.9660901093750001 0.5023616875 0.9698054171875 0.44253480156249997 0.7853235109375001 0.4468910109375 0.778552234375 0.5078835734375
0 0.7487121921875 0.557376703125 0.9336431671875 0.5857962265625 0.9570203171875 0.5256838828125 0.7661234796875 0.5126050546875 0.7487121921875 0.557376703125
0 0.8990527500000001 0.674742546875 0.9227372546874999 0.6138398546875 0.926608375 0.6011111140625001 0.7475114109375001 0.5604643984375001 0.7148736921875 0.6225991093750001 0.8990527500000001 0.674742546875
0 0.6888526828125 0.6840623203125 0.8577430265625001 0.75095448125 0.8831636515625 0.6910351203125 0.720493890625 0.6299376453125001 0.6888526828125 0.6840623203125
0 0.65480990625 0.7443623984375 0.8382775828125 0.831020703125 0.8644310046875001 0.7637694109375001 0.6898616140625 0.692363140625 0.65480990625 0.7443623984375
0 0.81848284375 0.8819211906250001 0.8321482031249999 0.8467818828125001 0.6540176765625 0.757294765625 0.6225683125 0.8000309250000001 0.8075270203124999 0.901871046875 0.81848284375 0.8819211906250001
0 0.7764678171875 0.9633691953125 0.7998101984375 0.9299363015625 0.8043531921874999 0.918254390625 0.6300021046875 0.8190487578125 0.5911313640625 0.8590779375 0.753098546875 0.9643900234375 0.7764678171875 0.9633691953125
0 0.7293177765625 0.9654288281250001 0.5985651609375 0.8780957656249999 0.5570885984375 0.9193780125 0.6282696515625 0.9698428671875 0.7293177765625 0.9654288281250001
0 0.7187657453125 0.204020953125 0.896011828125 0.1840558234375 0.9252514953125001 0.13610654687499998 0.7379782031250001 0.1546177609375 0.7187657453125 0.204020953125
0 0.6817334578125 0.28835112500000004 0.8615853703124999 0.267132934375 0.8831869640625 0.195243484375 0.6977272703125 0.225434003125 0.6817334578125 0.28835112500000004
0 0.6517015671874999 0.3492327734375 0.8131084062499999 0.3318637078125 0.8261002703125 0.27666582812499996 0.662291875 0.30021029375 0.6517015671874999 0.3492327734375
0 0.6352992078125 0.402305234375 0.8007293593749999 0.4018285828125 0.7964769265625 0.34739213750000003 0.6477031140625 0.3649620515625 0.6352992078125 0.402305234375
0 0.6100704375 0.4508360734375 0.7576683171874999 0.468975559375 0.7706601875 0.413777684375 0.625884828125 0.415618315625 0.6100704375 0.4508360734375
0 0.5794505890625 0.52957241875 0.7274570109375 0.557556565625 0.7582935625 0.5000534062499999 0.6096867390625 0.473613109375 0.5794505890625 0.52957241875
0 0.5668548390625 0.5783041124999999 0.6914088078125 0.617565859375 0.7320807140625 0.5729051328125 0.5940890515625 0.5300640546875 0.5668548390625 0.5783041124999999
0 0.5189782609375 0.6414910390624999 0.6631905109375 0.6901268046875 0.683207625 0.6441020890625 0.5514241359375001 0.5907448484375 0.5189782609375 0.6414910390624999
0 0.50898834375 0.6889696671875 0.6229271453125 0.7446321953124999 0.6650041046874999 0.7018061015625 0.536426828125 0.645651940625 0.50898834375 0.6889696671875
0 0.4779599421875 0.7578613437499999 0.59630575 0.8076392578125 0.6375780421874999 0.7614346796875 0.5208291359375 0.7021028828125 0.4779599421875 0.7578613437499999
0 0.45015019218749996 0.840266953125 0.53462021875 0.90633473125 0.574691734375 0.8632178515625 0.48521432343750004 0.8045785390625 0.45015019218749996 0.840266953125
0 0.42793579218750005 0.8973893984375 0.5160081515625 0.9541940734375001 0.5542785 0.9157087468749999 0.45016262031250004 0.8565778015625 0.42793579218750005 0.8973893984375
0 0.5667732921875 0.20807693437500002 0.70072921875 0.2177147546875 0.7195331296874999 0.1584668953125 0.5803779734375001 0.167646059375 0.5667732921875 0.20807693437500002
0 0.5602062921875001 0.273991828125 0.6608744015625 0.2820648125 0.6824884109375 0.22648622343749997 0.5719973796875 0.2218816515625 0.5602062921875001 0.273991828125
0 0.5077060203125 0.32183019218750003 0.6348409578124999 0.3272171765625 0.6504510828125001 0.287077075 0.5201099218749999 0.2844870109375 0.5077060203125 0.32183019218750003
0 0.5043452390625001 0.3849481671875 0.620252203125 0.391968934375 0.640065046875 0.341021890625 0.5269681828125 0.337670390625 0.5043452390625001 0.3849481671875
0 0.47329198437500003 0.4212181484375 0.57256746875 0.44376734687499997 0.6022156671875 0.4056627296875 0.4873052140625 0.39063193281249997 0.47329198437500003 0.4212181484375
0 0.3134696140625 0.4127224796875 0.2886493859375 0.4710979875 0.4098052859375 0.5245451671875 0.5804470890625 0.5215623859375 0.590833125 0.4676175734375 0.4426099953125 0.418400246875 0.3134696140625 0.4127224796875
0 0.294857546875 0.4605818234375 0.2620031296875 0.5014833515625 0.3970176921875 0.5846653796875 0.5756812546875001 0.58284573125 0.5768447546875 0.530825484375 0.4254526875 0.5333376171875 0.294857546875 0.4605818234375
0 0.25278059375 0.5034079218749999 0.21392228124999998 0.5597479453124999 0.3483240265625 0.6281629765625001 0.5217759328125 0.6288494609375 0.5379864421875 0.5871655109375 0.4104553859375 0.5882447140625 0.25278059375 0.5034079218749999
0 0.23778328593750003 0.5583150109374999 0.20093041718750002 0.6149458234375 0.3279232234375 0.69696471875 0.5139957234375 0.681541203125 0.5119530109375 0.632317875 0.3745990203125 0.6368654874999999 0.23778328593750003 0.5583150109374999
0 0.2201801515625 0.6144751765625001 0.1873257296875 0.65537670625 0.31594029218749997 0.7604634140625001 0.4955879328125 0.7343228828125 0.49956153125 0.685971903125 0.35219277656250003 0.7053764484375 0.2201801515625 0.6144751765625001
0 0.2061793546875 0.6613722390625 0.163105890625 0.7122083671875 0.2774905265625 0.8266481015625 0.47398634843750004 0.8062123234374999 0.4675366296875 0.7628736140625 0.32195660937500004 0.7613357656249999 0.2061793546875 0.6613722390625
0 0.1833645625 0.72003853125 0.14649926093750001 0.7603584921875 0.24665396875 0.884151265625 0.43632881250000005 0.859464653125 0.4459226140625 0.8184522078124999 0.2895231609375 0.8283928046875 0.1833645625 0.72003853125
0 0.1434973125 0.7680777421875 0.110234359375 0.79913460625 0.23506715625000002 0.9411837734375 0.43936803593749996 0.9006779453125 0.42230315625000003 0.873740015625 0.2576900984375 0.8939059968749999 0.1434973125 0.7680777421875
0 0.40187595781249996 0.38150673125 0.48629628125 0.3823311171875 0.5041161140625 0.3474041359375 0.41066509843750004 0.3371158046875 0.40187595781249996 0.38150673125
0 0.1577505578125 0.262933078125 0.1377210109375 0.2926469421875 0.1966834328125 0.30445814375 0.32845449531250004 0.3415045359375 0.343068109375 0.309374471875 0.217313359375 0.273200425 0.1577505578125 0.262933078125
0 0.412262 0.327561921875 0.49589007812499997 0.341318671875 0.5026737812500001 0.2966369609375 0.42927716718750003 0.2892564609375 0.412262 0.327561921875
0 0.43849970312500003 0.28733189062500003 0.538759265625 0.2855602109375 0.5485573390625 0.2494700984375 0.451504 0.24844486406250002 0.43849970312500003 0.28733189062500003
0 0.170358734375 0.23051223125 0.16135289531250002 0.25366998125 0.2341615421875 0.2789051796875 0.354692203125 0.3012745078125 0.36769649531250004 0.26238748125 0.249375546875 0.24523126562500003 0.170358734375 0.23051223125
0 0.329667703125 0.3547276875 0.3892305046875 0.364995034375 0.40082974531250004 0.3242733703125 0.3456863703125 0.3244322546875 0.329667703125 0.3547276875
0 0.1596759890625 0.42141001093749997 0.2453343640625 0.46807923906250004 0.2705755671875 0.43585924218749994 0.18311602656249998 0.39382156562500004 0.1596759890625 0.42141001093749997
0 0.1368487703125 0.46376545625 0.21549432343750002 0.5175723703124999 0.252960015625 0.47570855468750006 0.1584752078125 0.424497715625 0.1368487703125 0.46376545625
0 0.12204331718749999 0.5072840390625 0.2038950828125 0.55829403125 0.22372034843750002 0.5236578328125 0.1444744171875 0.4713947734375 0.12204331718749999 0.5072840390625
0 0.1086429015625 0.55263725 0.1678344484375 0.6019924765625 0.19969235937500002 0.5691009796875 0.1362856609375 0.5142418515625 0.1086429015625 0.55263725
0 0.083209859375 0.5962457609375 0.16025851093750001 0.6596065546875 0.1983245890625 0.616198890625 0.11846582812499999 0.54916883125 0.083209859375 0.5962457609375
0 0.0890591828125 0.6411283203125 0.1450569328125 0.7095913125 0.168088421875 0.672158203125 0.1122949421875 0.60861754375 0.0890591828125 0.6411283203125
0 0.20332498906250002 0.33640833593749997 0.17268028124999998 0.3825229796875 0.250112625 0.423106746875 0.40371440625000005 0.42580773125000004 0.4099101453125 0.3989807140625 0.29760551562500004 0.3826968484375 0.20332498906250002 0.33640833593749997
0 0.032149667187499995 0.7055170390625001 0.0975496203125 0.7701846609375 0.13753016093749998 0.7498415578125 0.0790801984375 0.6673026515625 0.032149667187499995 0.7055170390625001
0 0.0491896765625 0.49363848125 0.0875566875 0.53711046875 0.1138911140625 0.5184930234375 0.0686710734375 0.469385465625 0.0491896765625 0.49363848125
0 0.0851165109375 0.4063558625 0.1424510109375 0.43462088593750003 0.1720852859375 0.4008282140625 0.11162556718750001 0.36848246875 0.0851165109375 0.4063558625
0 0.056507567187499996 0.322400940625 0.1035853484375 0.35280634843750003 0.1296538703125 0.3221242265625 0.07767490625 0.29826332031249997 0.056507567187499996 0.322400940625
0 0.0592889890625 0.46065218281250003 0.103482546875 0.510591059375 0.12419552656249999 0.4755048234375 0.08937762031249999 0.437808121875 0.0592889890625 0.46065218281250003
0 0.008102120312499999 0.5983333234375 0.058773296875000006 0.661907953125 0.0794862765625 0.626821715625 0.025249348437500003 0.5663576406249999 0.008102120312499999 0.5983333234375
0 0.0266611609375 0.4051182421875 0.06531648906250001 0.43316757031249997 0.0850316296875 0.4124595859375 0.0469214375 0.375511546875 0.0266611609375 0.4051182421875
0 0.5551731203125 0.24287374218750002 0.5544741140625 0.1994434796875 0.4902079796875 0.1928331203125 0.47525411406250007 0.23128570312500002 0.5032298953125001 0.24075822656249998 0.5551731203125 0.24287374218750002