0 0.1264172890625 0.5732327859375 0.057207329687499996 0.6417333703125 0.1537155734375 0.652106859375 0.192719715625 0.5974915421875 0.1264172890625 0.5732327859375
0 0.2187566375 0.6682107859374999 0.2082586703125 0.6421741140624999 0.14198297499999998 0.7017558125 0.05051572343750001 0.7100282234375 0.0471743734375 0.7581490578125 0.1419963453125 0.7436760359375 0.2187566375 0.6682107859374999
0 0.39747770312499997 0.5965363953125 0.2904893171875 0.6160198593749999 0.30393045937499996 0.6610844640625 0.40840058125 0.6392647546875 0.39747770312499997 0.5965363953125
0 0.3958226265625 0.6695037390625 0.29260940625 0.6855048796875 0.29723885 0.7293793171875 0.400452065625 0.7133781828125 0.3958226265625 0.6695037390625
0 0.3857718421875 0.7300257921875 0.291786321875 0.735961953125 0.2888654265625 0.7868010671875 0.389560378125 0.7684636828125 0.3857718421875 0.7300257921875
0 0.595539621875 0.6499026921875 0.5170796906249999 0.6586012078125 0.5229660359375 0.6966570671875 0.6018419671874999 0.676703421875 0.595539621875 0.6499026921875
0 0.49736739375 0.6845497296875 0.42101418281249997 0.72081303125 0.42774589374999994 0.7782788546875 0.503674190625 0.7253238640624999 0.49736739375 0.6845497296875
0 0.61653110625 0.688002625 0.5183544140625 0.7086762609374999 0.5250816703125001 0.7521686671875 0.623674353125 0.7202399109375001 0.61653110625 0.688002625
0 0.6480561984375 0.8639265046875 0.5309992109375 0.888038390625 0.5410900937500001 0.9532770156250001 0.6560448125 0.9155737453125001 0.6480561984375 0.8639265046875
0 0.8045511546874999 0.8298377968749999 0.679943825 0.8609143546875 0.6891893453125 0.9067430156249999 0.8188332078125 0.880338953125 0.8045511546874999 0.8298377968749999
0 0.9551642156250001 0.7716666359375 0.8255159031250001 0.78409728125 0.8381250484375 0.85167215625 0.9648391015625 0.8481603859375 0.9551642156250001 0.7716666359375
0 0.6886307640625 0.47084907343750004 0.6068339390624999 0.5416418328125 0.6446123703125 0.5906589484375 0.7272545609375001 0.5392761515625 0.6886307640625 0.47084907343750004
0 0.9470820328125 0.4265778125 0.8774516218749999 0.4923601203125 0.9131322390625 0.541759265625 0.9886400859375 0.48608600468749996 0.9470820328125 0.4265778125
0 0.49027315 0.8060199421875 0.37698687343750004 0.8126760828125 0.382877678125 0.8647053546875 0.48776825625000003 0.8456039171875 0.49027315 0.8060199421875
0 0.3218873828125 1 0.34220063437500003 0.9363943953125 0.24401058125000002 0.9151477968749999 0.18941371875 1 0.3218873828125 1
0 0.1894044140625 1 0.22219601562500002 0.9275049375 0.1189783453125 0.9295326671874999 0.079629596875 1 0.1894044140625 1
0 0.1365616375 0.8061523078124999 0.0556012640625 0.8684082078124999 0.07743365468749999 0.9119446984374999 0.1550393125 0.85588940625 0.1365616375 0.8061523078124999
0 0.2620232390625 0.8224325359375 0.15797357343750001 0.8469705203125001 0.163023471875 0.8935632453125001 0.26329797187500004 0.8725075890625 0.2620232390625 0.8224325359375
0 0.62578108125 0.7478046984375 0.5141766171875 0.7653339484374999 0.5251039546875 0.8220357078125 0.629994528125 0.8029342765624999 0.62578108125 0.7478046984375
0 0.73818635 0.609951328125 0.642107471875 0.6302429265625 0.644223109375 0.68575453125 0.7453385124999999 0.6701354265624999 0.73818635 0.609951328125
0 0.338823634375 0.8727279578125 0.3354822921875 0.9208487859375 0.4219219234375 0.9358507078124999 0.43952749999999996 0.8823373953125 0.339664540625 0.8781645046875 0.338823634375 0.8727279578125
0 1 0.6576490781250001 0.9123358937500001 0.676056796875 0.90689673125 0.7245596609375 0.9908403828125 0.8070923703125 1 0.7988265671875 1 0.6576490781250001
0 0.7297817359375001 0.5695592140625 0.7780625859375 0.6585864109374999 0.8816739796874999 0.575436515625 0.8132559140625 0.4956661609375 0.7297817359375001 0.5695592140625
0 0.7792437515625 0.4152198859375 0.711706690625 0.46664675468750005 0.7352164390625 0.5070829484375 0.8178541703125 0.44172674531249995 0.7792437515625 0.4152198859375
0 0.3534771296875 0.7722398953125 0.3048248328125 0.8342019171875 0.3161637109375 0.8656751406250001 0.38789193437499997 0.7995108125 0.3534771296875 0.7722398953125
0 0.5988448828124999 1 0.62669773125 0.9907891984375 0.6132521375 0.9317511828124999 0.5079500203125 0.9760811609375001 0.5106581343750001 1 0.5988448828124999 1