0 0.47775749999999995 0.3977123125 0.022707509375 0.43328512343750003 0.0278065875 0.5305813171875 0.03618815625 0.578389234375 0.0768554125 0.687725 0.5298454859375 0.648251325 0.4802512484375 0.4740264359375 0.47775749999999995 0.3977123125
0 1 0.32445996718750003 0.527692678125 0.3720897109375 0.5304949031249999 0.48120829374999996 0.5622464453125 0.6467945328125 1 0.5875284265625 1 0.32445996718750003
0 1 0.5710380921875 0.5710135546874999 0.6347116234375 0.583367059375 0.7206976875 0.9648256234374999 0.6767975453124999 1 0.5797705 1 0.5710380921875
0 0.511346871875 0.8531860921875 0.45454087187500003 0.7620056234375 0.24526184374999999 0.7945677843750001 0.34855788125 0.8715197015625 0.511346871875 0.8531860921875
0 0.6993380546875 0.8233793296874999 0.6829159671875 0.7297087984374999 0.482089078125 0.7639139859374999 0.5313813390625 0.8588040234375001 0.6993380546875 0.8233793296874999
0 0.9078329125 0.8018668078125 0.9325788984375001 0.6946565734375 0.7237690734375 0.7298950328125 0.7220335046875 0.8286528390625 0.9078329125 0.8018668078125
0 0.3342382890625 0.2931223078125 0.026194528124999998 0.3056237109375 0.02946595 0.41741860624999994 0.324519784375 0.392913390625 0.3342382890625 0.2931223078125
0 0.6557476875 0.248770609375 0.336899265625 0.29277788125000004 0.3627119125 0.3934440453125 0.6749849953125 0.35849895 0.6557476875 0.248770609375
0 0.7303963765625 0.3485897296875 0.996598990625 0.3038781234375 0.981018559375 0.21500839843750003 0.6909638671875 0.26337161875000004 0.7303963765625 0.3485897296875
0 0.505794390625 0.26270579375 0.9781924546875 0.1988884453125 0.9603555968749999 0.09714820625000001 0.487180528125 0.1720559859375 0.505794390625 0.26270579375
0 0.015584578125000002 0.297371490625 0.471985821875 0.2561336875 0.45384115625000004 0.1681601828125 0.01084738125 0.2069803484375 0.015584578125000002 0.297371490625
0 0.6199275546874999 0.07549989375 0.3280039078125 0.10233699062499999 0.3452101703125 0.18495789375 0.6396405640625 0.141374146875 0.6199275546874999 0.07549989375
0 0.2979625828125 0.019461471875 0.023478201562500002 0.054989440625 0.0174533984375 0.13158505468749998 0.4472788171875 0.084161578125 0.438993903125 0.00586 0.2979625828125 0.019461471875
0 0.5181535828125 0 0.461220146875 0.00845720625 0.48625511406250005 0.07364260156249999 0.9182723078125001 0.0231983984375 0.9101875406250001 0 0.5181535828125 0
0 1 0.8246193343750001 0.979518646875 0.8226954953125001 0.8937373484375 0.86116895 0.9126726749999999 0.8915624359375001 0.9834265046875 0.8605081328124999 1 0.8609551421875 1 0.8246193343750001
0 1 0.8629892484375 0.9727825828125001 0.861885834375 0.9242550046875 0.895537334375 0.9402143859375001 0.9400011781250001 0.9909337484374999 0.90332895 1 0.9031943437500001 1 0.8629892484375
0 0.68816034375 0.924303371875 0.6040320453125 0.9199480453125 0.60396551875 0.9504456515624999 0.69033639375 0.9490662437499999 0.68816034375 0.924303371875
0 0.7748431921875001 0.918528009375 0.6994320093749999 0.9206666374999999 0.7042853296875 0.9483496421875 0.7773925734375 0.9454203484375 0.7748431921875001 0.918528009375
0 0.6768964359375 0.8724055921874999 0.5910241921875 0.870453784375 0.5907709999999999 0.8998866515625 0.6758965734375 0.8975795359375001 0.6768964359375 0.8724055921874999
0 0.7586594359375 0.869444821875 0.690845371875 0.8716890046874999 0.6902188437500001 0.8989924031250001 0.763824725 0.8927318812499999 0.7586594359375 0.869444821875
0 0.727636678125 0.9518605140625 0.6767607890625 0.9519122890625 0.6778782015625 0.9768121828125 0.7290660640625 0.9723644546875001 0.727636678125 0.9518605140625
0 0.8363028578125 0.9356174859375 0.8349322515625 0.9401504640624999 0.8620246781249999 0.909421440625 0.847145 0.886302871875 0.8239137796874999 0.914354334375 0.8363028578125 0.9356174859375
0 0.84049155 0.81747495 0.80287670625 0.837588128125 0.8151404765624999 0.8643119671875 0.853877903125 0.8320756703125 0.84049155 0.81747495
0 0.9104099640625 0.9075142484375001 0.8647019453125001 0.9123415828124999 0.87036329375 0.9508089312499999 0.91906055 0.9445057890624999 0.9104099640625 0.9075142484375001
0 1 0.7791178624999999 0.9607439453125 0.7746877390625 0.8954153171874999 0.815810334375 0.9100443859375 0.849850265625 0.9672772609375 0.811953325 1 0.8143810406249999 1 0.7791178624999999
0 1 0.701165784375 0.9557730734375 0.696930890625 0.9545226015624999 0.7330261921875 1 0.7387522984375 1 0.701165784375
0 1 0.6341249859375 0.97191098125 0.6284196421875 0.9615700640625 0.655891540625 0.978257628125 0.6646205000000001 1 0.6671611609375 1 0.6341249859375
0 1 0.744172321875 0.9685328984374999 0.7388350140625 0.9700850046875 0.7723897843749999 0.96460515625 0.7720101703125 1 0.77809138125 1 0.744172321875
0 0.8076609078124999 0.9142802390625 0.77739515625 0.92690884375 0.7930828671875 0.9608117484375001 0.8217913390625 0.95165139375 0.8076609078124999 0.9142802390625