0 0.27019171875 0.79610200625 0.1221674890625 0.8343641281249999 0.129787 0.9115560703125001 0.26689706874999997 0.8846783203124999 0.27019171875 0.79610200625
0 0.4071149890625 0.8248690703125 0.276195425 0.844416396875 0.28934650781250004 0.9319931734375 0.416686075 0.9074478015624999 0.4071149890625 0.8248690703125
0 0.550577140625 0.793548653125 0.424530209375 0.8411960703125001 0.43476022968750005 0.9060595328125001 0.5583582296875 0.8736283531250001 0.550577140625 0.793548653125
0 0.70495345 0.750843853125 0.5899822734375 0.7899946609375 0.5915728640625 0.8774047890625001 0.7172966265625 0.823981859375 0.70495345 0.750843853125
0 0.8542577234375001 0.7649500703125 0.7412633343749999 0.7509550828125 0.7339039453125 0.8258700765625001 0.855686734375 0.8494724421875001 0.8542577234375001 0.7649500703125
0 0.2593279890625 0.69042123125 0.12595949687500002 0.7251847890625001 0.12624483125 0.818759153125 0.2780106359375 0.788382846875 0.2593279890625 0.69042123125
0 0.4126969921875 0.71818875625 0.2808079421875 0.7204095515625 0.280770115625 0.808208403125 0.4095639203125 0.8096528328125 0.4126969921875 0.71818875625
0 0.5585954562500001 0.7009183906249999 0.42377274062500003 0.709692140625 0.437246978125 0.8030444359375 0.55692921875 0.78910598125 0.5585954562500001 0.7009183906249999
0 0.2678310546875 0.60645424375 0.12941572968749998 0.639496225 0.13100632343750002 0.726906353125 0.2707269 0.6877001218750001 0.2678310546875 0.60645424375
0 0.40753901406250004 0.5965142890624999 0.286551528125 0.61661699375 0.28716002500000004 0.715966871875 0.4127096 0.68892248125 0.40753901406250004 0.5965142890624999
0 0.4345253265625 0.6954200187499999 0.43941057499999997 0.6942538328125 0.5591054171875001 0.6510490828125 0.5535990640625 0.5821316796875 0.42576214375 0.6272800703125 0.4345253265625 0.6954200187499999
0 0.7029285546875 0.5377053140625 0.5666263890625001 0.579021846875 0.576197478125 0.6616005765625 0.5827111406250001 0.6600456609375 0.5792927265625 0.657935353125 0.7128228015625 0.6260595515625 0.7029285546875 0.5377053140625
0 0.7001186406250001 0.634944903125 0.5809085359374999 0.6868129171875 0.5968317046875 0.7649489671875 0.7106718203125 0.7055838718749999 0.7001186406250001 0.634944903125
0 0.8424245000000001 0.6419427625 0.7191622703125 0.6508831671875 0.72238128125 0.7379045703125 0.8453203484375 0.723188646875 0.8424245000000001 0.6419427625
0 0.8700697453125 0.723133225 0.8732887484375 0.810154628125 0.9825710578125 0.7726166734375 0.9830553671875 0.7514356734375001 0.9770604281249999 0.6888138265625 0.8700697453125 0.723133225
0 0.8549670859375 0.6301696609375 0.8638918484375001 0.701197365625 0.9851962593750001 0.6578044234375 0.9853961109375 0.6490638843750001 0.972387190625 0.5758026218750001 0.8549670859375 0.6301696609375
0 0.9567871875 0.5034420765625 0.841654425 0.539705121875 0.856769690625 0.603402403125 0.9572467093749999 0.5706379234375001 0.9567871875 0.5034420765625
0 0.547943740625 0.48106022499999995 0.4264589 0.5217659484375 0.4342399921875 0.601845646875 0.5578379859375 0.5694144750000001 0.547943740625 0.48106022499999995
0 0.6892927296875 0.441465275 0.5598273921875 0.487002396875 0.5690753171875 0.563805609375 0.7048927375 0.5138258078125 0.6892927296875 0.441465275
0 0.8181243531250001 0.3551108390625 0.6984295078125 0.3983155890625 0.7011637734375 0.47667371718749996 0.823618096875 0.4532945328125 0.8181243531250001 0.3551108390625
0 0.6741774640625 0.37776799375 0.55839838125 0.40248001875000006 0.553152146875 0.48566955156249997 0.6860358953125 0.4422427375 0.6741774640625 0.37776799375
0 0.54195264375 0.4034795578125 0.41964729062500006 0.459012775 0.4264589 0.5217659484375 0.5490874140625001 0.47200823124999997 0.54195264375 0.4034795578125
0 0.42031883125 0.41203123125 0.4214498953125 0.43224551875 0.546353146875 0.39365010312500004 0.5361231296875 0.328786634375 0.414476709375 0.366604603125 0.42031883125 0.41203123125
0 0.6691684609374999 0.2882475703125 0.5481683640624999 0.3376165515625 0.5595420546875001 0.39342801875 0.670274309375 0.3669944234375 0.6691684609374999 0.2882475703125
0 0.801219090625 0.2889145390625 0.6903252546875 0.312460378125 0.6899642703125 0.3944837171875 0.8060665109375 0.3755472109375 0.801219090625 0.2889145390625
0 0.9403792734374999 0.4166427625 0.8215049421874999 0.44501999375 0.8274960328125 0.5226006671875 0.9548356078125 0.4980552953125 0.9403792734374999 0.4166427625
0 0.80075956875 0.2217186984375 0.6856268062499999 0.25798174375 0.6802316046875 0.3090172375 0.8090380078124999 0.281195378125 0.80075956875 0.2217186984375
0 0.5324067765625 0.26236825625 0.41548401406249996 0.296132275 0.41741037812500004 0.360051628125 0.5393799640625 0.3280091734375 0.5324067765625 0.26236825625
0 0.6794489140625 0.23604588437500001 0.5543840796875 0.2717535515625 0.5572925328125 0.323733146875 0.6823573671875 0.2880254875 0.6794489140625 0.23604588437500001
0 0.7950916328125001 0.1499135390625 0.6791509718750001 0.17173780156250001 0.6831904890625 0.2439316984375 0.7939227453125 0.217498103125 0.7950916328125001 0.1499135390625
0 0.6482488953125001 0.0913248015625 0.5482440109375 0.1620188328125 0.5744350218750001 0.21721949375 0.6617357484374999 0.1554108078125 0.6482488953125001 0.0913248015625
0 0.08993727343749999 0.43529845468749995 0.08909154687500001 0.5086585390625 0.1626555828125 0.5847400890625 0.3870537625 0.5253199359375 0.36187006093749996 0.3996469546875 0.08993727343749999 0.43529845468749995
0 0.5113004140624999 0.1210903015625 0.41016446406249996 0.1715700453125 0.428698140625 0.23737762187500003 0.528852 0.198837628125 0.5113004140624999 0.1210903015625
0 0.9358802296875 0.277253025 0.8069122453125 0.30218712187499996 0.8143701734375 0.3764913203125 0.9415481625 0.3490581921875 0.9358802296875 0.277253025
0 0.910870715625 0.1252015125 0.8063163531249999 0.1735709546875 0.8170311109374999 0.24709768593749998 0.930050715625 0.202560103125 0.910870715625 0.1252015125
0 0.76844109375 0.027517032812499998 0.650225690625 0.03817900625 0.660940453125 0.11170573749999999 0.7734627046875 0.0877711796875 0.76844109375 0.027517032812499998
0 0.798037909375 0.114094275 0.9079622625000001 0.073221903125 0.8995394640625 0.009326128125 0.896108403125 0.0092905578125 0.7944831328124999 0.0505636609375 0.798037909375 0.114094275
0 0.7804611109375 0.09487952499999999 0.6705493640625 0.106485609375 0.6771993921874999 0.16635101875 0.7871111359375 0.1547449359375 0.7804611109375 0.09487952499999999
0 0.6269431296875 0.0349579546875 0.520101425 0.10143139062499999 0.53815035625 0.15857570468749999 0.6436868125 0.09826650625 0.6269431296875 0.0349579546875
0 0.53453804375 0.0055419171875 0.5375418562500001 0.05922582656249999 0.651692525 0.034902525000000004 0.6501167375 0.0067401984375 0.53453804375 0.0055419171875
0 0 0.2916008078125 0.0066027453125 0.3615492828125 0.08179519843750001 0.43724210937499997 0.1908990390625 0.41119724375000005 0.1593380390625 0.3484995 0.187058928125 0.25409225 0.18218628750000002 0.225992146875 0 0.2752877953125 0 0.2916008078125
0 0.35825456875 0.09909828281250001 0.19507724531249998 0.16146198750000001 0.2096951625 0.24576228281249998 0.373841971875 0.200725109375 0.35825456875 0.09909828281250001
0 0.1708252015625 0.14091439687500001 0.01368940625 0.163793628125 0.013490003125 0.24870473125 0.1782831328125 0.2152185828125 0.1708252015625 0.14091439687500001
0 0.34124093125 0.03819524375 0.21722921562500003 0.06779885937499999 0.1985334859375 0.0757734296875 0.1928025109375 0.1502996921875 0.3486456578125 0.1043184234375 0.34124093125 0.03819524375
0 0.463119953125 0.0091007375 0.40780393125 0.022305576562500002 0.40857387031250003 0.08415992343749999 0.5292382015625 0.058281710937499995 0.523234496875 0.0099673203125 0.463119953125 0.0091007375
0 0.6623547875 0.0068670765625 0.663414596875 0.0379569296875 0.7793552625 0.0161326609375 0.77890443125 0.0080754234375 0.6623547875 0.0068670765625
0 0.19840739999999998 0.36843628906250003 0.21564843125 0.4111418140625 0.3486811546875 0.39986903281249997 0.3878994921875 0.45195985937499994 0.4110456875 0.3937605890625 0.3520136359375 0.223493859375 0.1968168125 0.2810261609375 0.19840739999999998 0.36843628906250003
0 0.3923862234375 1 0.3972940609375 0.9442665968749999 0.170646359375 0.9339918781250001 0.171468003125 1 0.3923862234375 1