0 0.5666666671875 0.21915584531249999 0.4681818171875 0.2272727265625 0.46363636406250003 0.2840909109375 0.5651515171875 0.2597402625 0.5666666671875 0.21915584531249999
0 0.65757575625 0.24621211875000001 0.540909090625 0.26515151718749996 0.54242424375 0.308441559375 0.65757575625 0.2813852796875 0.65757575625 0.24621211875000001
0 0.6636363640625 0.430194803125 0.55151515 0.422077921875 0.55151515 0.47077922031249997 0.6636363640625 0.47077922031249997 0.6636363640625 0.430194803125
0 0.6651515171875 0.5248917734375 0.55606060625 0.5167748921875 0.55151515 0.565476190625 0.6651515171875 0.570887446875 0.6651515171875 0.5248917734375
0 0.5772727265625 0.565476190625 0.46212121406250006 0.5817099578125 0.45757575624999997 0.627705625 0.5787878796875 0.61958874375 0.5772727265625 0.565476190625
0 0.8242424234374999 0.43831169062499997 0.69393939375 0.47077922031249997 0.69242424375 0.5221861484375 0.8272727265625001 0.49242424375000005 0.8242424234374999 0.43831169062499997
0 0.8348484828125 0.33279220781249996 0.689393940625 0.3544372328125 0.69242424375 0.422077921875 0.8348484828125 0.3896103875 0.8348484828125 0.33279220781249996
0 0.953030303125 0.36796536875 0.8121212140624999 0.40584415468749996 0.796969696875 0.446428571875 0.953030303125 0.422077921875 0.953030303125 0.36796536875
0 0.8166666671874999 0.1461038984375 0.69242424375 0.1623376609375 0.6863636359374999 0.2137445890625 0.8181818171874999 0.197510821875 0.8166666671874999 0.1461038984375
0 0.8181818171874999 0.251623375 0.69848485 0.251623375 0.690909090625 0.311147184375 0.8212121203124999 0.29491342187499997 0.8181818171874999 0.251623375
0 0.9181818171874999 0.173160171875 0.804545453125 0.21103895781249998 0.804545453125 0.24891775 0.9242424234375 0.2137445890625 0.9181818171874999 0.173160171875
0 0.6696969703125 0.38149350625 0.595454546875 0.3841991375 0.5818181828125 0.424783546875 0.6712121203125 0.424783546875 0.6696969703125 0.38149350625
0 0.5772727265625 0.4572510828125 0.46212121406250006 0.4978355 0.46363636406250003 0.5438311671875 0.5772727265625 0.50865800625 0.5772727265625 0.4572510828125
0 0.5727272734375 0.35984848281250004 0.460606059375 0.4139610421875 0.46212121406250006 0.4572510828125 0.5772727265625 0.40854978593749997 0.5727272734375 0.35984848281250004
0 0.45 0.3517316015625 0.38030302968749996 0.3409090890625 0.3727272734375 0.3841991375 0.445454546875 0.3950216421875 0.45 0.3517316015625
0 0.4303030296875 0.5113636374999999 0.3651515171875 0.49512986875 0.35151515 0.5357142859375 0.4272727265625 0.554653678125 0.4303030296875 0.5113636374999999
0 0.3378787859375 0.5952380953125 0.22878787968749997 0.5925324703125 0.2272727265625 0.6439393921875001 0.3333333328125 0.6520562796875 0.3378787859375 0.5952380953125
0 0.3242424234375 0.500541125 0.2227272734375 0.5113636374999999 0.2257575765625 0.554653678125 0.3196969703125 0.546536796875 0.3242424234375 0.500541125
0 0.3151515171875 0.43290043437500003 0.2212121203125 0.430194803125 0.21969697031250002 0.47077922031249997 0.30757575625 0.4653679640625 0.3151515171875 0.43290043437500003
0 0.45151515 0.4680735953125 0.396969696875 0.40854978593749997 0.3787878796875 0.45183982812499995 0.43787878593749996 0.5140692625 0.45151515 0.4680735953125
0 0.4272727265625 0.6060606078124999 0.35606060624999997 0.5871212140625001 0.35151515 0.625 0.4227272734375 0.6412337671875 0.4272727265625 0.6060606078124999
0 0.34090909062499997 0.33008657812500003 0.2712121203125 0.303030303125 0.2681818171875 0.3463203453125 0.3272727265625 0.38149350625 0.34090909062499997 0.33008657812500003
0 0.295454546875 0.37608225 0.2257575765625 0.373376625 0.2212121203125 0.422077921875 0.29393939375 0.424783546875 0.295454546875 0.37608225
0 0.40757575625 0.4680735953125 0.3166666671875 0.446428571875 0.30606060625 0.50595238125 0.41060605937499994 0.50865800625 0.40757575625 0.4680735953125
0 0.960606059375 0.4843073578125 0.8121212140624999 0.500541125 0.80151515 0.5627705656249999 0.9621212140625 0.554653678125 0.960606059375 0.4843073578125
0 0.7787878796875 0.49512986875 0.69848485 0.546536796875 0.703030303125 0.5817099578125 0.790909090625 0.5330086609375 0.7787878796875 0.49512986875
0 0.95151515 0.2678571421875 0.80606060625 0.297619046875 0.803030303125 0.3517316015625 0.95 0.33008657812500003 0.95151515 0.2678571421875
0 0.6636363640625 0.2759740234375 0.5893939406250001 0.297619046875 0.5803030296875 0.3382034640625 0.6666666671875 0.324675328125 0.6636363640625 0.2759740234375
0 0.85 0.6412337671875 0.7045454531249999 0.670995671875 0.6878787859375 0.7224025953125001 0.84393939375 0.7061688328125 0.85 0.6412337671875
0 0.69242424375 0.7521645 0.5696969703125 0.7629870125 0.55757575625 0.817099565625 0.6878787859375 0.800865803125 0.69242424375 0.7521645
0 0.8393939406250001 0.7656926421875 0.70151515 0.7765151484375 0.7 0.8360389578125 0.8378787859375001 0.8279220781250001 0.8393939406250001 0.7656926421875
0 0.9878787859375 0.8306277078125 0.85151515 0.817099565625 0.8378787859375001 0.88203463125 0.9878787859375 0.8928571421875 0.9878787859375 0.8306277078125
0 0.8681818171875 0.8847402625 0.7242424234375 0.8928571421875 0.7196969703125 0.946969696875 0.8757575765625001 0.9415584406249999 0.8681818171875 0.8847402625
0 0.70757575625 0.8603896125 0.5757575765625 0.8495671015624999 0.55757575625 0.8982683984375001 0.703030303125 0.9117965359375001 0.70757575625 0.8603896125
0 0.5863636359375 0.8901515171875 0.460606059375 0.930735928125 0.45909090937499997 0.9686147203125 0.59242424375 0.9496753281249999 0.5863636359375 0.8901515171875
0 0.5848484828125 0.8116883093749999 0.45757575624999997 0.8252164531249999 0.45757575624999997 0.8712121187499999 0.5818181828125 0.8495671015624999 0.5848484828125 0.8116883093749999
0 0.454545453125 0.7765151484375 0.5878787859375 0.7683982671875 0.5909090906250001 0.7278138515625 0.46363636406250003 0.7332251078125 0.46212121406250006 0.7332251078125 0.454545453125 0.7765151484375
0 0.40151515 0.814393940625 0.3348484828125 0.8035714281249999 0.3242424234375 0.8468614703125 0.4 0.8658008625000001 0.40151515 0.814393940625
0 0.4166666671875 0.9090909109374999 0.3363636359375 0.8874458875 0.3242424234375 0.944264071875 0.41515151718750004 0.9713203453125001 0.4166666671875 0.9090909109374999
0 0.3121212140625 0.7954545468750001 0.204545453125 0.8252164531249999 0.20151515 0.87391775 0.3166666671875 0.8468614703125 0.3121212140625 0.7954545468750001
0 0.3196969703125 0.8955627671874999 0.21060605937500002 0.9090909109374999 0.2136363640625 0.952380953125 0.3196969703125 0.946969696875 0.3196969703125 0.8955627671874999
0 0.9757575765625001 0.75757575625 0.8666666671875 0.75757575625 0.8651515171874999 0.8252164531249999 0.9803030296875 0.822510821875 0.9757575765625001 0.75757575625
0 0.9818181828125001 0.6872294343750001 0.8166666671874999 0.6980519468749999 0.8181818171874999 0.7629870125 0.9818181828125001 0.75757575625 0.9818181828125001 0.6872294343750001
0 0.5621212140625 0.670995671875 0.46363636406250003 0.673701296875 0.45606060625 0.7305194828125 0.560606059375 0.7169913390625 0.5621212140625 0.670995671875
0 0.689393940625 0.7088744578124999 0.60151515 0.7088744578124999 0.59393939375 0.7629870125 0.689393940625 0.7629870125 0.689393940625 0.7088744578124999
0 0.9242424234375 0.10822510781250001 0.8257575765625 0.12987013125 0.8318181828125001 0.18939394062499998 0.9257575765625001 0.1623376609375 0.9242424234375 0.10822510781250001
0 0.5621212140625 0.305735928125 0.45757575624999997 0.324675328125 0.454545453125 0.373376625 0.5681818171875 0.3571428578125 0.5621212140625 0.305735928125
0 0.6757575765625 0.565476190625 0.59242424375 0.573593071875 0.5893939406250001 0.6141774875 0.6772727265625 0.6114718625 0.6757575765625 0.565476190625
0 0.1076484234375 0.859617071875 0.17284395 0.8663857078125 0.1880057 0.8636782500000001 0.19103805000000001 0.8271276078125 0.172085859375 0.8311887859375 0.111438859375 0.8244201484375001 0.1076484234375 0.859617071875
0 0.0917285859375 0.936779546875 0.162988809375 0.9462556421875 0.1940704 0.936779546875 0.193312309375 0.9042900828124999 0.15464985 0.905643809375 0.0932447640625 0.901582625 0.0917285859375 0.936779546875
0 0.1106807734375 0.9002288984375 0.159956459375 0.9097049937499999 0.19786083593749998 0.9029363578125 0.19710275 0.867739434375 0.1637469 0.87180061875 0.11219695 0.867739434375 0.1106807734375 0.9002288984375
0 0.1106807734375 0.785162046875 0.17890865 0.7797471375 0.2001351 0.7783934109375 0.2008931859375 0.7418427624999999 0.1705696859375 0.7431964875 0.114471209375 0.7486113984375 0.1106807734375 0.785162046875
0 0.29944455937500003 0.8893990781250001 0.403302546875 0.9029363578125 0.42528708281250005 0.8907528031249999 0.42377090937500006 0.8433723390625 0.3926893234375 0.8623245234375 0.306267346875 0.8460797921875001 0.29944455937500003 0.8893990781250001
0 0.2804923734375 0.94760936875 0.21453875937500003 0.95437800625 0.21453875937500003 0.9922823812500001 0.278976196875 0.9949898328125 0.2804923734375 0.94760936875
0 0.282008546875 0.7553800421875 0.21529685 0.777039684375 0.2122645 0.8284813328125 0.28579898593749997 0.800053053125 0.282008546875 0.7553800421875
0 0.1895218734375 0.46568231562499995 0.11826165 0.4710972265625 0.11219695 0.5062941484375 0.1864895234375 0.5062941484375 0.1895218734375 0.46568231562499995
0 0.10840651406249999 0.5699193515625 0.1864895234375 0.5929327203125 0.21302258593749998 0.5888715359375001 0.21453875937500003 0.5523208875 0.1826990859375 0.5550283453125 0.1076484234375 0.5401373390625 0.10840651406249999 0.5699193515625
0 0.11977782343750001 0.583456625 0.05761465 0.602408809375 0.05458229999999999 0.640313184375 0.12205208593750001 0.621361 0.11977782343750001 0.583456625
0 0.1880057 0.625422184375 0.10613225 0.625422184375 0.10613225 0.6565579171875 0.1857314359375 0.6660340125 0.1880057 0.625422184375
0 0.2986864734375 0.5482597078125 0.221361546875 0.5523208875 0.218329196875 0.59834763125 0.29792838593750004 0.5969938984375001 0.2986864734375 0.5482597078125
0 0.424528996875 0.55367461875 0.317638659375 0.5482597078125 0.314606309375 0.5915789874999999 0.41846429687500003 0.6051162671875 0.424528996875 0.55367461875
0 0.09930946406249999 0.4751584109375 0.0470014234375 0.5008792375 0.0523080359375 0.5320149765625 0.1015837234375 0.511709059375 0.09930946406249999 0.4751584109375
0 0.1053741640625 0.5062941484375 0.04548525 0.54555225 0.0538242140625 0.5712730781250001 0.10916459999999999 0.5333687031250001 0.1053741640625 0.5062941484375
0 0.187247609375 0.4223630296875 0.13493957343750002 0.43183912500000005 0.129632959375 0.467036046875 0.1834571734375 0.4643285890625 0.187247609375 0.4223630296875
0 0.190279959375 0.5103553328125 0.13493957343750002 0.5062941484375 0.12887487343749998 0.5401373390625 0.1880057 0.5523208875 0.190279959375 0.5103553328125
0 0.1857314359375 0.3573841078125 0.1311491359375 0.374982565625 0.1319072234375 0.40341084531250004 0.1826990859375 0.3871661125 0.1857314359375 0.3573841078125
0 0.1038579859375 0.43183912500000005 0.04548525 0.46297486250000003 0.0409367234375 0.5022329640625001 0.10461607343749998 0.47245095781249996 0.1038579859375 0.43183912500000005
0 0.0523080359375 0.6051162671875 0.0985513734375 0.5848103515624999 0.09551902343749999 0.5482597078125 0.0477595140625 0.579395440625 0.0492756859375 0.583456625 0.0523080359375 0.6051162671875
0 0.11826165 0.7838083218749999 0.056856564062500003 0.7878695 0.0530661234375 0.8284813328125 0.11826165 0.8244201484375001 0.11826165 0.7838083218749999
0 0.1053741640625 0.8650319828124999 0.0523080359375 0.8663857078125 0.0477595140625 0.897521446875 0.1015837234375 0.901582625 0.1053741640625 0.8650319828124999
0 0.08718006406249999 0.8961677140625 0.0500337734375 0.9097049937499999 0.0485176 0.9408407328124999 0.08718006406249999 0.9313646375 0.08718006406249999 0.8961677140625
0 0.10992268593750001 0.9746839218750001 0.162988809375 0.989574921875 0.196344659375 0.9719764640624999 0.1940704 0.9340720890625 0.156924109375 0.9489630953124999 0.10916459999999999 0.9408407328124999 0.10992268593750001 0.9746839218750001
0 0.1076484234375 0.936779546875 0.0485176 0.9449019109375 0.046243335937500005 0.9760376484375 0.1068903359375 0.9706227374999999 0.1076484234375 0.936779546875
0 0.6962836765625 1 0.69476340625 0.9610278453125 0.5792228828125 0.9528835421874999 0.5792228828125 1 0.6962836765625 1
0 0.8209458203125 0.936594934375 0.7251688093750001 0.9637426124999999 0.731249890625 1 0.8270269000000001 0.9800312203124999 0.8209458203125 0.936594934375
0 0.98209444375 0.9393097031250001 0.846790409375 0.96645738125 0.846790409375 1 0.9942566062499999 0.9881755234374999 0.98209444375 0.9393097031250001
0 0.39679047968750003 0.7031248921875 0.31925670625 0.7302725718749999 0.32837832968749997 0.7709940890625 0.39831075 0.738416875 0.39679047968750003 0.7031248921875
0 0.1431682203125 0.3629542265625 0.1876764765625 0.35500632187500003 0.22995932031250002 0.380174678125 0.23663555625 0.3563309703125 0.18248384687500002 0.3192407625 0.140201003125 0.3404351671875 0.1431682203125 0.3629542265625
0 0.3961889328125 0.7552070828125 0.2971417 0.7636294640625 0.2971417 0.7804742328125001 0.2987138796875 0.774859309375 0.2987138796875 0.8001264640624999 0.4009054703125 0.802933921875 0.43234903593749996 0.811356309375 0.43077685624999995 0.7552070828125 0.3961889328125 0.7552070828125