0 1 0.161312353125 0.99391285625 0.159992615625 0.9143965218749999 0.1334712890625 0.8809505765625 0.232642859375 0.9347183890625 0.249491525 1 0.254909653125 1 0.161312353125
0 1 0.257402 0.9652779031250001 0.2511616859375 0.8798729281250001 0.2446797046875 0.885145915625 0.3229854546875 0.973206584375 0.345538646875 1 0.34682024375 1 0.257402
0 1 0.35547890312499997 0.9929509624999999 0.3536735765625 0.9346415640625001 0.3418181921875 0.883144534375 0.322472884375 0.8609754531249999 0.341420853125 0.8547789921875 0.41063274375000003 0.9190925249999999 0.424025853125 0.969127 0.4368401609375 1 0.4447470328125 1 0.35547890312499997
0 1 0.48168557031250003 0.9759009531249999 0.4755135765625 0.938144165625 0.4627654875 0.8886485171875 0.44393274375 0.844887596875 0.42964694843749995 0.8364203390625 0.5013554671875 0.8933826781249999 0.5282569171875 0.9451491187500001 0.5445930125 1 0.563498975 1 0.48168557031250003
0 1 0.6009742890625 0.9784798265625 0.5839114484375 0.9016191906250001 0.5734613265624999 0.8409235046875001 0.54252551875 0.8157524828125 0.6407381609375 0.8787189625 0.6691773328124999 0.9372977718750001 0.67802350625 1 0.7070002890625 1 0.6009742890625
0 1 0.72363126875 0.9686270968749999 0.7168293593749999 0.9156675171875 0.6909530578124999 0.81921641875 0.64778173125 0.8079395515625001 0.7280053265624999 0.862361690625 0.760412628125 0.9155906859374999 0.783279725 0.99287085625 0.8073374484375 1 0.7277079296875 1 0.72363126875
0 0.8083244625000001 0.7465731734375 0.79612385625 0.8142473390625 0.8583976015625 0.8732912109375001 0.9233654578125 0.9022429484375 0.9776490890625 0.9207122249999999 0.9825905890625 0.9221637046875 0.9912710765625 0.825206346875 0.9514871015624999 0.8085965453125 0.8940659406250001 0.7802884484375 0.8387077250000001 0.7542089546875 0.8083244625000001 0.7465731734375
0 0.9753527375000001 0.9337260828125 0.9300962546875 0.9085334875 0.889114478125 0.8861359234374999 0.83892263125 0.8621470578125001 0.7840762625 0.8337309109375 0.774532271875 0.9410806218750001 0.834958546875 0.9750256343749999 0.8680031484375 0.992597475 0.9763701234375001 0.9916436984375 0.9814163859375 0.9352790390625 0.9753527375000001 0.9337260828125
0 0.78996333125 0.062201640625 0.7842684828125 0.1463174109375 0.8236033218750001 0.1871735578125 0.8577422625000001 0.217464346875 0.8739456234375 0.1508153203125 0.825681525 0.0953594671875 0.8008189109374999 0.06498185937499999 0.78996333125 0.062201640625
0 0.7711825640625001 0.1552788265625 0.758404725 0.27513475625 0.7911283515624999 0.29280545468749997 0.828299071875 0.3176610640625 0.8490440125 0.24601875624999997 0.8062452328124999 0.1981190390625 0.7711825640625001 0.1552788265625
0 0.766640978125 0.160272109375 0.715952190625 0.1318991671875 0.66849633125 0.0674156671875 0.6517157328125001 0.1862464484375 0.6791962125000001 0.19944089062499998 0.726536571875 0.2423473203125 0.7557490171875 0.2590635515625 0.766640978125 0.160272109375
0 0.67719509375 0.358995365625 0.7134893265625 0.3652124671875 0.7369670515625 0.37738175625000003 0.7432790078125 0.3297469234375 0.7415854578125 0.2800618140625 0.7029049359374999 0.25476430156249996 0.6504841781249999 0.22286957031250001 0.64867538125 0.3116744484375 0.643710475 0.3442632109375 0.67719509375 0.358995365625
0 0.6443647968749999 0.35982185312500004 0.624081596875 0.3577053328125 0.62977790625 0.408415603125 0.6333189234375001 0.4831995578125 0.6585286140625 0.498890640625 0.697363046875 0.49960187187500005 0.738468271875 0.49781647500000004 0.7335801953125001 0.43807857656250004 0.7245354484375001 0.40190180781249996 0.7001339921875 0.3771830890625 0.6443647968749999 0.35982185312500004
0 0.8163294656250001 0.42848935312499997 0.772568546875 0.4142035453125 0.7410853015625001 0.3999839609375 0.7417012078125 0.4617059296875 0.7544793015625 0.5019170578125001 0.7947762921875 0.5091592953124999 0.8206787156249999 0.4942456796875 0.8163294656250001 0.42848935312499997
0 0.81415183125 0.5157895765625 0.7330144484375001 0.5001782625 0.7247740046875 0.5730147109375 0.7239358765625 0.6399938390625 0.7723592671875 0.6368892828125 0.7992542625 0.6437773531250001 0.8065922375 0.5829843328125001 0.81415183125 0.5157895765625
0 0.6546800296875 0.6333462828124999 0.69697839375 0.6411010890625 0.719686296875 0.6161346859375 0.7198402078125 0.5915484171875 0.71895489375 0.5328356609375 0.6699980640625001 0.5079845062499999 0.630894225 0.510282475 0.631240715625 0.5750136609375 0.6249287546875 0.6226484812499999 0.6546800296875 0.6333462828124999
0 0.6147679484374999 0.644671890625 0.6170003171875 0.6883385828125 0.615345440625 0.7525571921875 0.6161152578125 0.789692878125 0.6440190640625 0.7752918390625 0.67392425 0.761403365625 0.70155864375 0.7500115328125 0.7065235515625 0.71742276875 0.6996340937500001 0.6571723015625001 0.6676120296875 0.6489711406249999 0.6353205546875 0.6437791921875 0.6147679484374999 0.644671890625
0 0.789734559375 0.6340747171875 0.76864311875 0.640985846875 0.7223419953125 0.6322058968750001 0.718531821875 0.7204982046875 0.751747025 0.7382395703125 0.788464584375 0.7168611796875 0.7926212546875 0.6933000578125 0.789734559375 0.6340747171875
0 0.737454690625 0.834699975 0.7408550671875 0.8370310125 0.77595615625 0.833707890625 0.7789196828125 0.8006065578125 0.7869636140625 0.7564935125 0.74493465625 0.7457294937500001 0.710911215625 0.7370157625 0.7035216015625 0.7966874359375 0.7157608765625 0.84291699375 0.737454690625 0.834699975
0 0.682584084375 0.7790122890625 0.6446733859375 0.7908504749999999 0.591944796875 0.8081282828124999 0.5990652546875 0.911532878125 0.6401704703125 0.9097474812499999 0.6834309921874999 0.8838883781250001 0.6920137453125 0.8337569109375 0.682584084375 0.7790122890625
0 0.6738512203125 0.9943062687499999 0.68427789375 0.9887644671875 0.678559928125 0.8971477437500001 0.63828459375 0.9308119609375 0.5777703046875 0.9281908203125001 0.5817255 0.995117096875 0.6738512203125 0.9943062687499999
0 0.1085533984375 0 0.10803341875000001 0.0162220453125 0.1770040296875 0.046198935937500005 0.2677203984375 0.0848233265625 0.34350338593749996 0.1073102890625 0.4682816140625 0.1084850828125 0.5384453734375 0.1480021796875 0.6559494921875 0.2304257109375 0.6555645765625 0.211857865625 0.663685334375 0.0754181609375 0.59779375 0.03391699375 0.5468511109375 0 0.1085533984375 0
0 0.5607302078124999 0.31069832656249996 0.6199633390625 0.335103134375 0.6302780640625001 0.2884934484375 0.6304703859375 0.217743846875 0.5454887453125 0.183666378125 0.50988725 0.1468445890625 0.4240973640625 0.12179476250000001 0.3291088265625 0.0851544359375 0.224767715625 0.06150987812499999 0.141902940625 0.0495220515625 0.09972007656250001 0.06334430156250001 0.0810920078125 0.1570762375 0.131780809375 0.18544917968750002 0.1775431109375 0.20024756406250002 0.3034760640625 0.257125890625 0.3972714625 0.28422601875 0.49360705937500005 0.305820275 0.5607302078124999 0.31069832656249996
0 0.3376152578125 0.44748374999999996 0.46039210625000004 0.4481459671875 0.55926790625 0.464234378125 0.6221188859375 0.47109649375 0.609802534375 0.3571265453125 0.54564290625 0.3191471609375 0.49333764375 0.30882949375 0.444380821875 0.28397833281249996 0.3627091953125 0.2815307046875 0.2777275515625 0.24745324375000002 0.2088724359375 0.2390534171875 0.1388241734375 0.221113384375 0.087981465625 0.21732670468749998 0.0591155125 0.2653416609375 0.061040064062499996 0.358180903125 0.0973342921875 0.36439799375000004 0.167767465625 0.400905878125 0.27584192343749997 0.4285847828125 0.3376152578125 0.44748374999999996
0 0.6095720421874999 0.6341065390625 0.6088790515625 0.5046441796875001 0.6062233515625 0.4885729671875 0.499342034375 0.47043426874999994 0.3944621015625 0.452808134375 0.2998584703125 0.4347356609375 0.2046005171875 0.4011045453125 0.08598034375 0.3768811921875 0.061348143749999993 0.4690754109375 0.0655818984375 0.5132546734375001 0.10614830156249999 0.5174877046875 0.16711339375 0.5454142953125001 0.245552084375 0.5839724671875001 0.3941929484375 0.615884403125 0.46678140625 0.6283185890625 0.5309794484375 0.620134640625 0.6095720421874999 0.6341065390625
0 0.497187 0.65457501875 0.4133985 0.6300377687500001 0.2970491140625 0.6033177750000001 0.20579391875000003 0.5707118078125 0.0622334625 0.5277881671875 0.0401030515625 0.660639865625 0.096411071875 0.6719826859375 0.15348890625 0.7204611921875 0.299589571875 0.75787898125 0.4391472671875 0.79977748125 0.4978799875 0.784037384375 0.5969097031249999 0.7755395187499999 0.5820531484375 0.6670754296875 0.497187 0.65457501875
0 0.175234665625 0.7291087046875 0.061040571875000005 0.6783150124999999 0.021710415625 0.80604849375 0.021820314062500002 0.8101287562499999 0.10507116093749999 0.8496586671875 0.217802703125 0.8939213531249999 0.3099816265625 0.9390767500000001 0.4495393265625 0.98097524375 0.5130830468750001 0.957232653125 0.57770440625 0.9214532171875 0.567389428125 0.8079958390625 0.5077329703125 0.8111865125 0.5066553218750001 0.8232233656249999 0.402853034375 0.793560384375 0.2799606859375 0.771321103125 0.175234665625 0.7291087046875
0 0.012212398437499999 0.45341306406250004 0.0396023859375 0.460427903125 0.054343190625 0.387247878125 0.0446441234375 0.335512475 0.021166067187500002 0.3279202625 0.0116847421875 0.4338226734375 0.012212398437499999 0.45341306406250004
0 0.0163963734375 0.608752609375 0.0404492875 0.56530399375 0.0491859578125 0.49058624999999995 0.012907440624999999 0.47921802500000005 0.0163963734375 0.608752609375
0 0.02040910625 0.75773451875 0.0312508859375 0.7137805515625 0.0314432125 0.6430309421875 0.017245096874999997 0.64026348125 0.02040910625 0.75773451875
0 0.8180233515625 0.29969351875 0.7525953734375 0.262261775 0.736243059375 0.387292596875 0.8345136140625 0.42279813437499997 0.8445633859375 0.32836450625 0.8180233515625 0.29969351875
0 0.678497978125 0.974663153125 0.77033291875 0.9284048203124999 0.7800012203125 0.8383761796875 0.7822900125000001 0.8332608531249999 0.6940741140625 0.8390960453125 0.678497978125 0.974663153125