0 0.1636376640625 0.062070854687499996 0.07854934062499999 0.0760628546875 0.054545348437499995 0.09791260625 0.0658408484375 0.143795196875 0.16602600781250001 0.0765968703125 0.1636376640625 0.062070854687499996
0 0.7520044375 0.520297225 0.6371940546875 0.5749817703125 0.65683475625 0.637394590625 0.761993340625 0.5753459328125 0.7520044375 0.520297225
0 0.7412566515625 0.5906908984375 0.6476465250000001 0.656808021875 0.6682988062499999 0.7071194890625 0.750950525 0.6428043703124999 0.7412566515625 0.5906908984375
0 0.7477472765625001 0.6552661296875 0.6459604953125 0.7286953265625 0.6650111421875 0.78523766875 0.7637211640625 0.7033631578125 0.7477472765625001 0.6552661296875
0 0.744459621875 0.7333843140625 0.65405274375 0.7870396796875 0.673398425 0.8465172578125 0.7623301546875 0.7781857078125001 0.744459621875 0.7333843140625
0 0.7594219375 0.793582690625 0.6338217015625001 0.87391155625 0.655359059375 0.9330287359374999 0.748084096875 0.8581058984375 0.7594219375 0.793582690625
0 0.696147525 0.0162472421875 0.6938414749999999 0.052461225 0.8116442140625001 0.071878415625 0.8019978953125 0.018717662500000003 0.696147525 0.0162472421875
0 0.8159010875 0.09206466875 0.7284868484375 0.0646666125 0.7386442984375 0.14355762968750002 0.8215066296875 0.1478341859375 0.8159010875 0.09206466875
0 0.8161117093750001 0.1606563421875 0.747874596875 0.16889356718749998 0.7390234625 0.23599160156250001 0.8106323703125 0.2391349328125 0.8161117093750001 0.1606563421875
0 0.8166591421874999 0.43208778593749997 0.749897171875 0.4550011859375 0.769537878125 0.5174140109375001 0.8187664078125 0.49738381406250004 0.8166591421874999 0.43208778593749997
0 0.8105053281249999 0.5703523265625 0.7567669625 0.61201038125 0.762077475 0.66484466875 0.8235709999999999 0.6338463484375 0.8105053281249999 0.5703523265625
0 0.8174598156249999 0.5065499265625 0.7644379828125001 0.5331713984374999 0.7738368234374999 0.582349634375 0.8236554125 0.568189915625 0.8174598156249999 0.5065499265625
0 0.9101845671875 0.586782253125 0.8428325375 0.6038251906250001 0.851809878125 0.6709752531250001 0.9125868609375001 0.6550135218750001 0.9101845671875 0.586782253125
0 0.8914707359375 0.7330796859375 0.81889233125 0.7867870781249999 0.8351612390625001 0.8378193421875 0.8974977859375001 0.7708773703125 0.8914707359375 0.7330796859375
0 0.9012075171875 0.364477034375 0.8234450750000001 0.34444307812499997 0.831832353125 0.40572266875 0.8927778859375 0.413603246875 0.9012075171875 0.364477034375
0 0.9146529031249999 0.210094690625 0.826606534375 0.1320767921875 0.8153951718749999 0.1756929265625 0.891303025 0.24377189375000002 0.9146529031249999 0.210094690625
0 0.8972882859375 0.0816650390625 0.9103962984375 0.0347532578125 0.890817646875 0.0207906125 0.8265051515625 0.019289634375 0.8249207734375 0.0488089328125 0.8972882859375 0.0816650390625
0 0.9087102640625 0.1066405734375 0.829599159375 0.051023370312500003 0.8301048062499999 0.12255028125 0.8937055968750001 0.15684799375 0.9087102640625 0.1066405734375
0 0.8936632515625 0.2672537921875 0.829303853125 0.20324329843750003 0.8116860000000001 0.27178294375 0.8849386015625 0.3134447640625 0.8936632515625 0.2672537921875
0 0.9018396390625 0.41509687656249994 0.8314108453125 0.42369450000000003 0.8342346468749999 0.4739539328125 0.888900171875 0.4858509546875 0.9018396390625 0.41509687656249994
0 0.8943371640625 0.5177781625 0.8360468828125001 0.5363147296874999 0.8413573953125001 0.58914900625 0.90154433125 0.567316803125 0.8943371640625 0.5177781625
0 0.9978698781249999 0.5128928593750001 0.9793911812499999 0.5216943203125 0.986008290625 0.5653624828125 0.9976677859375 0.5593386796875001 0.9978698781249999 0.5128928593750001
0 0.9980278359374999 0.476589971875 0.9936288281250001 0.43282424218750004 0.9924571265625 0.43003317343749997 0.9537654874999999 0.46623318593749996 0.9713409953125 0.5080993375 0.9979992609374999 0.4831577859375 0.9980278359374999 0.476589971875
0 0.9527536421875 0.6334897078124999 0.9012069578125 0.674787359375 0.90344070625 0.7191763265625 0.95878069375 0.6712873874999999 0.9527536421875 0.6334897078124999
0 0.9657593578125001 0.544595640625 0.9136478109375 0.5477635624999999 0.9204382484375 0.595259078125 0.9661979921875 0.589084640625 0.9657593578125001 0.544595640625
0 0.944605840625 0.48460828593749994 0.900696328125 0.48912812343749995 0.90081068125 0.5404221406249999 0.9468374624999999 0.536904471875 0.944605840625 0.48460828593749994
0 0.95233116875 0.4009673421875 0.990407953125 0.40077978593749997 0.9857419125 0.3543573765625 0.9426986265625 0.3552895171875 0.95233116875 0.4009673421875
0 0.9572145125 0.248926534375 0.92610405 0.2202839328125 0.90748726875 0.25575338125 0.9499089078124999 0.286586978125 0.9572145125 0.248926534375
0 0.9493938703125 0.30152538125 0.905846840625 0.2695265109375 0.8864479828125 0.3172776125 0.9317117234375001 0.3462935171875 0.9493938703125 0.30152538125
0 0.9707565546874999 0.72471910625 0.9064563109374999 0.7771531578124999 0.9207811890625001 0.819358696875 0.9834982359375 0.771236 0.9707565546874999 0.72471910625
0 0.8152228984375001 0.812410725 0.748214075 0.8679908484375 0.7647134531249999 0.9017367921874999 0.8266293906250001 0.845643809375 0.8152228984375001 0.812410725
0 0.9149547265625 0.197755034375 0.97287679375 0.2263623484375 0.9663248031249999 0.1611766296875 0.9194175046874999 0.1207639609375 0.9149547265625 0.197755034375
0 0.1659831015625 0.49731300625 0.209395196875 0.5080767921875 0.2481288984375 0.5166261515625 0.2956293234375 0.5237338984375 0.290613840625 0.473834859375 0.220606559375 0.4644606578125 0.175297815625 0.45699249999999997 0.1659831015625 0.49731300625
0 0.6065113656250001 0.1145618984375 0.5088973234374999 0.11867862968750001 0.4015894125 0.0706818875 0.3322563234375 0.15667689375 0.40685758437499997 0.233921965625 0.44592838281249997 0.2901559265625 0.503207096875 0.2837207140625 0.5622139125000001 0.2501475625 0.62762721875 0.1916508984375 0.6065113656250001 0.1145618984375
0 0.3726757859375 0.2484941015625 0.3149334953125 0.22815178125000002 0.3138375203125 0.3059095625 0.3407277359375 0.3074552140625 0.3981749953125 0.324862309375 0.4332839453125 0.36384524687500003 0.48474622343749996 0.3882040171875 0.5217097515625 0.37914194375 0.5810116015625 0.348504028125 0.6394283578125 0.30906040468749996 0.6344128734375001 0.259161365625 0.599598953125 0.22311366875 0.561623853125 0.24427709062499997 0.512985378125 0.270177753125 0.46742367187499995 0.30452373593750004 0.4222414078125 0.276148521875 0.3726757859375 0.2484941015625
0 0.505651453125 0.3967013484375 0.4583195796875 0.41343590468749997 0.42439074374999997 0.386193915625 0.374235059375 0.352669028125 0.3265660875 0.321718978125 0.3062929796875 0.3638414890625 0.332466659375 0.3804237359375 0.376763840625 0.39999323593749997 0.4203444796875 0.4345993265625 0.44668670937500005 0.47502387031250004 0.49637881562499997 0.48177121874999995 0.5010572015625 0.4839856453125 0.546492428125 0.47054674218750003 0.5885558609375 0.445727275 0.6274160421875 0.43336956249999997 0.6279640343749999 0.3944906734375 0.6081968453125 0.35298492187499997 0.5743100796875 0.370492303125 0.5373465421875 0.3795543703125 0.505651453125 0.3967013484375
0 0.317925571875 0.4574086859375 0.36281280625 0.4828486625 0.3949714703125 0.4924792296875 0.443525534375 0.53223499375 0.4967579796875 0.5742051859374999 0.5259663578125 0.5544833765625 0.56233983125 0.5395508312499999 0.6253084999999999 0.5232287015625 0.622316146875 0.4491269546875 0.5479675671875001 0.4852229265625 0.48719058437499996 0.5011846453125 0.43791998750000005 0.476465478125 0.37474070625 0.42419593281249995 0.32049669375 0.394327090625 0.317925571875 0.4574086859375
0 0.362896940625 0.5723473984375 0.40049259687500005 0.61390516875 0.464978475 0.6570086015625 0.5223836687500001 0.6296663265625 0.5799574078124999 0.6261663484375 0.624929059375 0.5859498984375 0.6124534500000001 0.5283263484375 0.517663209375 0.582702521875 0.45132274843750003 0.5876441015625 0.40525539843749997 0.5504631734375 0.36327638281249996 0.5096262015625 0.325385696875 0.465133196875 0.3087794078125 0.5215714890625 0.362896940625 0.5723473984375
0 0.32960023125000004 0.595725253125 0.364119121875 0.62883771875 0.399228071875 0.6678206578125 0.42965862968749996 0.7045891625 0.4934279703125 0.7627291734375 0.5238164656250001 0.754748309375 0.5715698484375 0.7200419328125001 0.6258982765625001 0.6842543421875 0.6266992265625 0.6035613203125 0.5586306640625 0.6356408421874999 0.5130689578125 0.6699868203125 0.466748646875 0.674620021875 0.39669929375 0.6204964546875 0.32766151250000003 0.5542715281249999 0.32960023125000004 0.595725253125
0 0.33562728124999996 0.63352294375 0.3193160203125 0.6928964718749999 0.3759202609375 0.74624721875 0.42110252499999995 0.7746224374999999 0.47522005937499995 0.8253983484375 0.5411390078125 0.838428590625 0.5763323734375 0.8117550953125001 0.6181007765625 0.7840003984374999 0.6461290421875 0.752537634375 0.6396384125 0.6879624046874999 0.6123266890625 0.704388578125 0.5598949125 0.736880534375 0.52090824375 0.770145303125 0.450732415625 0.7369287921875001 0.395603315625 0.6982542296875 0.33562728124999996 0.63352294375
0 0.45511549531249995 0.8913631515624999 0.5247012734375 0.9187091859375001 0.577428071875 0.8891524828125 0.637446453125 0.843477978125 0.6353391890625 0.77818194375 0.5580823984375 0.8296748984375 0.49760043749999994 0.8485718703125 0.4489198984375 0.8297231734375 0.4089640125 0.76468349375 0.3425814828125 0.7248757078125 0.3401368453125 0.7670502421875 0.40668792031249995 0.8307003312499999 0.45511549531249995 0.8913631515624999
0 0.28846478593749997 0.20863429843749998 0.255884609375 0.2169755671875 0.217319453125 0.2322685109375 0.17626759218750002 0.24498661875 0.1736964703125 0.30806821875 0.22250349218749998 0.3060098484375 0.26106864218750003 0.2907169046875 0.2958405 0.2820152359375 0.295503403125 0.23433062968749999 0.28846478593749997 0.20863429843749998
0 0.227181878125 0.3082242859375 0.17618318125000001 0.31064305000000003 0.16455030625 0.372231021875 0.193632209375 0.3734162703125 0.241259109375 0.35961695 0.28467120625 0.3703807421875 0.294871 0.3388659609375 0.28635724375 0.2984934375 0.227181878125 0.3082242859375
0 0.2170241515625 0.3844884375 0.1785854703125 0.3788743140625 0.1656460078125 0.4496284046875 0.20568630625 0.44901164062500004 0.24513654687500003 0.442524409375 0.28007695 0.45766504531249996 0.2999285546875 0.43351436562499995 0.2949130671875 0.3836153265625 0.2170241515625 0.3844884375
0 0.22313533125 0.511784859375 0.18001827343750001 0.503956309375 0.1596186765625 0.5669858765625 0.20990084062499997 0.5796037015625 0.26840173125 0.629658809375 0.3088635421875 0.611070225 0.3074728109375 0.5307376015624999 0.259550878125 0.5416016796875 0.22313533125 0.511784859375
0 0.2188781765625 0.6467537640625001 0.170619146875 0.6099332359375 0.14334948281249998 0.67110878125 0.1885317484375 0.699484 0.22494729375000003 0.7293008140625 0.2797813609375 0.765040140625 0.276957559375 0.7147807015625001 0.2586655125 0.687951140625 0.2188781765625 0.6467537640625001
0 0.306081525 0.7607153140625 0.2619528953125 0.7649881125 0.21150218125000003 0.7285279890624999 0.1603349375 0.7071044609375 0.139345290625 0.7642635624999999 0.177067428125 0.7849142640625 0.21596968125 0.817305921875 0.2724053734375 0.846814365625 0.3122771296875 0.822355303125 0.306081525 0.7607153140625
0 0.09344760156250001 0.1303042640625 0.059855860937500005 0.15074688125 0.067653084375 0.20615599375000002 0.0984630875 0.1802032984375 0.1514849203125 0.1535818375 0.190935159375 0.1470946015625 0.1863411890625 0.0792237359375 0.14908262187500002 0.0853505671875 0.09344760156250001 0.1303042640625
0 0.1081148953125 0.187567409375 0.06196312968749999 0.2160429046875 0.06727364218750001 0.268877190625 0.086408709375 0.25976309531249997 0.1268705125 0.2411745109375 0.164255559375 0.2141406125 0.164803546875 0.17526171875000002 0.1433082515625 0.160893909375 0.1081148953125 0.187567409375
0 0.161431475 0.3190363421875 0.13074795 0.32408196562499997 0.10545935312500002 0.3163054375 0.08514417656249999 0.3136785734375 0.0733427609375 0.3514242421875 0.09074971875 0.369448090625 0.11544825624999999 0.37135415156249996 0.15329687812499998 0.3710977921875 0.16189504999999998 0.3458138765625 0.161431475 0.3190363421875
0 0.075450025 0.4167202703125 0.09635526093749999 0.42521760625000005 0.12383553750000001 0.43263372968749997 0.157890853125 0.4389686515625 0.152580340625 0.3861343765625 0.1210117359375 0.3823742921875 0.0891481015625 0.375678971875 0.075450025 0.4167202703125
0 0.45625493749999996 0.0825789046875 0.51766405 0.117237021875 0.6024230375 0.11821794375000001 0.6608818578125 0.1235236796875 0.7061906046875001 0.13099183125 0.707455134375 0.0770763484375 0.6211789375000001 0.016669876562499998 0.6138944953125 0.014327556250000002 0.47385090781250006 0.01105910625 0.423256790625 0.0193788546875 0.45625493749999996 0.0825789046875
0 0.3089064453125 0.190354090625 0.3208343453125 0.131701359375 0.28020398750000003 0.1264476453125 0.23476876406249997 0.13988655625 0.20556038281250003 0.1596083765625 0.16640516875 0.1690308421875 0.177279159375 0.2328852703125 0.2076676515625 0.2249044046875 0.24433615468749997 0.2129070953125 0.2760312390625 0.19576011875 0.3089064453125 0.190354090625
0 0.5964733156250001 1 0.626570390625 0.9950508093750001 0.63845774375 0.9865317859375 0.6291853828125 0.9164464890625 0.56697531875 0.9624813984375 0.53485871875 0.9976002078124999 0.48107828125 0.9945088984374999 0.42417901249999995 0.9382229093750001 0.38439168125 0.8970255390625 0.34005242812500003 0.8327066734375 0.3263543578125 0.8737479718750001 0.3753719953125 0.940281275 0.413557709375 0.987709528125 0.4213826390625 1 0.5964733156250001 1
0 0.6996997015625 0.221571775 0.7257048359375 0.2143117140625 0.7299196421875 0.1897486015625 0.726379303125 0.154525753125 0.7155473828125001 0.135420696875 0.6823771515625 0.13789149375 0.6538853109375 0.1425767140625 0.629355315625 0.1645129546875 0.6250140296875 0.20998312968750002 0.649586084375 0.232796253125 0.678077925 0.228111028125 0.6996997015625 0.221571775
0 0.667119525 0.229913034375 0.6406928828125 0.25514492187500004 0.657551853125 0.31204766875 0.6826719031249999 0.2959818875 0.7146620203125 0.2817701515625 0.7245667859375 0.24732012343749998 0.7210264453125 0.212097275 0.6991096421874999 0.21570129843750002 0.667119525 0.229913034375
0 0.72958226875 0.29721916875 0.6967070671875 0.302625196875 0.6594485078125001 0.308752028125 0.6227800046875 0.32074933125 0.62471871875 0.36220305625 0.6389224375 0.3926886625 0.6649275671875 0.38542860156250003 0.7265896390625 0.378272590625 0.730804453125 0.3537094890625 0.72958226875 0.29721916875
0 0.6302398484375 0.48362900625 0.6565400125 0.4793041859375 0.6813650296875 0.46030317343749994 0.7123435796875001 0.4581927859375 0.7390652515625 0.435896140625 0.7351033984375 0.41864511249999997 0.7488014656249999 0.377603809375 0.7290763484375 0.38084742656250004 0.6940094625000001 0.3866138546875 0.671502609375 0.38434739375000004 0.646087534375 0.3974779375 0.6319258859375 0.41174169687499995 0.6360562859375001 0.452835021875 0.6302398484375 0.48362900625
0 0.7476213578124999 0.365862859375 0.76970670625 0.3861011453125 0.8047735875 0.3803347140625 0.8177551171875 0.35433 0.815226340625 0.3070057921875 0.7721092765625001 0.29917724218749997 0.7398241343749999 0.310453753125 0.7476213578124999 0.365862859375
0 0.748042584375 0.503046196875 0.743912184375 0.4619528703125 0.7241870671874999 0.4651964890625 0.699657075 0.48713274218749997 0.6590267234375 0.48187902187500004 0.642673390625 0.49650318593750004 0.64039729375 0.5625200171875 0.6697742265625 0.5666405109375 0.7068642390625001 0.5366713703125 0.746019453125 0.5272489046875 0.748042584375 0.503046196875
0 0.160147046875 0.450894909375 0.1288030625 0.45027067968749995 0.10113221875 0.44326398281249996 0.0738082859375 0.4289771625 0.07244097499999999 0.479763521875 0.09933638593750001 0.489786965625 0.1263746296875 0.5012315390625 0.15361695 0.5039748546875 0.14631155468749998 0.48495155 0.160147046875 0.450894909375
0 0.128292803125 0.509583803125 0.0982140171875 0.50008383125 0.098030315625 0.5304509546875 0.11778352031249999 0.5445380953125001 0.13180259218749998 0.5552343140625 0.1570042765625 0.56987011875 0.1604529578125 0.550523021875 0.1551882015625 0.5196072359375 0.128292803125 0.509583803125
0 0.14920897500000002 0.631825803125 0.14402582343749998 0.612453528125 0.12427261406250001 0.59836638125 0.0982138828125 0.5752038203125001 0.09470395781249999 0.6046732921875 0.09592829375 0.6275857984375001 0.1147632234375 0.64326855625 0.1337409953125 0.6603724375 0.1461888109375 0.6554362859375 0.14920897500000002 0.631825803125
0 0.0743180078125 0.6701440109375 0.0931529375 0.6858267703125 0.1141101171875 0.7011605453125 0.1352101421875 0.71791544375 0.15102504218749999 0.682088690625 0.125884596875 0.6573305109375001 0.093887646875 0.63947828125 0.0743180078125 0.6701440109375
0 0.07950129375000001 0.614396309375 0.0622376140625 0.6143459328125 0.043117 0.595820921875 0.02499628125 0.5872437921875 0.01922125625 0.6156411187499999 0.035362575 0.625988359375 0.0520752609375 0.64202010625 0.0739507234375 0.6557582640625 0.08101130625 0.6401510671875 0.07950129375000001 0.614396309375
0 0.08856179374999999 0.54356488125 0.0775220203125 0.5410464265625 0.039178684375 0.545907028125 0.022119084375 0.5371553984374999 0.015078865625000002 0.574428471875 0.0375869375 0.5837287578125 0.059462398437499994 0.597466915625 0.07658323125 0.5960961625000001 0.08582730625 0.57001760625 0.08856179374999999 0.54356488125
0 0.083786803125 0.5067901015625 0.06997180625 0.487392634375 0.0455659375 0.49140595468750004 0.02179266875 0.49098140468749996 0.0111405546875 0.524514578125 0.0310978453125 0.529900465625 0.046320878125 0.5418433265625 0.06889018125 0.5410212421875 0.0816849125 0.5288049609375001 0.083786803125 0.5067901015625
0 0.062217520312499996 0.442440078125 0.0590953828125 0.4328411859375 0.0378728859375 0.436331028125 0.022384537500000003 0.4432117921875 0.017242126562499998 0.46717125312499996 0.021996748437499998 0.48228015781250005 0.0360770546875 0.4828540109375 0.0497288359375 0.4791644828125 0.061462440625 0.467122696875 0.062217520312499996 0.442440078125
0 0.1706555078125 0.8666605625000001 0.185286815625 0.8512530453125 0.19495941562500002 0.829437859375 0.1862459703125 0.8178691734375001 0.161472815625 0.807496746875 0.142352196875 0.7889717359375 0.123945790625 0.7775523546875001 0.0998664703125 0.752619690625 0.08674518437499999 0.7937819609375001 0.1217214328125 0.8198119609375001 0.14763731875 0.8415533984374999 0.1706555078125 0.8666605625000001
0 0.177736465625 0.8727192359375 0.148780046875 0.8529224046874999 0.1225172484375 0.838461090625 0.0957443109375 0.8081928984375001 0.083112790625 0.8434961734374999 0.10604937343750001 0.8570598421875 0.12686371406250002 0.8709724890625001 0.1493105421875 0.8903951515624999 0.17161453437500002 0.9083966859375 0.177736465625 0.8727192359375
0 0.3121726265625 0.954624696875 0.3067446640625 0.9006219156249999 0.278665659375 0.9110177078125 0.2661974796875 0.8942880000000001 0.238302184375 0.87431666875 0.2074275921875 0.846167578125 0.20512163437500003 0.8768836796875 0.229343790625 0.9032374781250001 0.25583104218749997 0.930663409375 0.278788 0.9658929546874999 0.3121726265625 0.954624696875
0 0 0.3724320734375 0.01530371875 0.3620331234375 0.034322360937500004 0.34734876406250004 0.03350618125 0.3070337640625 0.006202621875 0.3144128203125 0 0.32075162968750004 0 0.3724320734375
0 0.1668609828125 0.292327859375 0.16151462656249999 0.2498685671875 0.1472914796875 0.24787359062499997 0.1250078609375 0.2515379265625 0.10435673125 0.2607122859375 0.08086914218749999 0.2631299828125 0.07844070625 0.3140908421875 0.1039077015625 0.30990302187499996 0.11996741562499999 0.3087067578125 0.1534948859375 0.2988596296875 0.1668609828125 0.292327859375
0 0.07137917187500001 0.8555379656250001 0.084663671875 0.8374626859375001 0.08682679062500001 0.8053254609374999 0.0607680625 0.7821628984375 0.0540340296875 0.7688241015624999 0.0331380875 0.7433679609375 0.021057559375 0.762689865625 0.022853256250000002 0.79128688125 0.037586524999999996 0.8090887359375 0.05621738281250001 0.8334727421875 0.07137917187500001 0.8555379656250001
0 0.23144607968750003 0.6558626515625 0.252688940625 0.6740386796875 0.28497157500000003 0.6947331578125 0.31037733125 0.7006677078125 0.3139688609375 0.6827417421875001 0.31596877343749996 0.6275175109375 0.28080881562500004 0.6318546296875 0.2529951265625 0.623426809375 0.224528465625 0.597770978125 0.18616476875000001 0.5809657078125 0.17998159687499998 0.626765528125 0.200653096875 0.6392570562500001 0.23144607968750003 0.6558626515625