0 0.117964890625 0.7847594828125 0.028309023437500004 0.8296343765625 0.061841367187499996 0.9150344640625001 0.200496 0.8694036296875 0.117964890625 0.7847594828125
0 0.0770126015625 1 0.188034871875 0.9661730296875 0.188017753125 0.9122350593749999 0.0500373125 0.9463429828125 0.04165675 1 0.0770126015625 1
0 0.4080037234375 0.8323043 0.3229014875 0.8845707468749999 0.363792796875 0.968151746875 0.4633215546875 0.9094800828125 0.4080037234375 0.8323043
0 0.500664878125 0.7980427703124999 0.5470753984375001 0.880259453125 0.6152200578125 0.7924379296875 0.548972328125 0.7548717640625 0.500664878125 0.7980427703124999
0 0.261578921875 0.4994214125 0.200576140625 0.511661859375 0.19691378125 0.5665093703124999 0.268372221875 0.5460062234375 0.261578921875 0.4994214125
0 0.32443855781250003 0.540664146875 0.27254305156249997 0.5676877234375 0.26800653125 0.6142341296875 0.3340371796875 0.5780383171875 0.32443855781250003 0.540664146875
0 0.18665808281250001 0.59459609375 0.10813207031250001 0.6196853703125 0.117639265625 0.6741165125 0.18725796875 0.6540681296875 0.18665808281250001 0.59459609375
0 0.452637528125 0.5032960125 0.40354734062500003 0.521108940625 0.41063203125000003 0.5704607875 0.46737256250000003 0.5535958062499999 0.452637528125 0.5032960125
0 0.3129430109375 0.6286776765625001 0.2620130828125 0.6469453703125 0.26483551875 0.6916726875 0.326221109375 0.6651422874999999 0.3129430109375 0.6286776765625001
0 0.2733600234375 0.7009217359375 0.21691087812499998 0.7205537468750001 0.2119915515625 0.7813901000000001 0.2926486875 0.7586130875 0.2733600234375 0.7009217359375
0 0.44240949687500003 0.5911543703125 0.3896557421875 0.6129094359375 0.3949199921875 0.6537289703125 0.44970520625 0.6329241875 0.44240949687500003 0.5911543703125
0 0.2555499265625 0.614105840625 0.19902263281250002 0.6091972875 0.1897217296875 0.6492599234374999 0.2515512890625 0.658667553125 0.2555499265625 0.614105840625
0 0.3667103828125 0.7434914234375001 0.30979140312500003 0.7532041234375 0.3081691375 0.7928210828125 0.36979409375 0.78194509375 0.3667103828125 0.7434914234375001
0 0.35204051875000003 1 0.3572281640625 0.9927505765625 0.325265515625 0.9643404828125 0.28884698124999997 1 0.35204051875000003 1
0 0.5275203671875001 0.9041772171875 0.4585704453125 0.9371980875 0.4699290828125 0.980868453125 0.5359531171875 0.938403759375 0.5275203671875001 0.9041772171875
0 0.48968842968750004 0.8016909828125 0.4313898 0.8349838 0.46931528125 0.9200176125 0.549159125 0.871231846875 0.48968842968750004 0.8016909828125
0 0.483287140625 0.7684147234375 0.427309359375 0.7778947703125 0.41851119531250003 0.8410721999999999 0.47423760625 0.8200347593749999 0.483287140625 0.7684147234375
0 0.3219509265625 0.8228204874999999 0.274891121875 0.8344533828125 0.25751989062499997 0.8895829296875 0.3143365703125 0.8697284234374999 0.3219509265625 0.8228204874999999
0 0.3874489375 0.527760840625 0.340342359375 0.548119953125 0.34372421875 0.5894048125 0.40356032812500003 0.56154170625 0.3874489375 0.527760840625
0 0.37573364531250003 0.6090886765625 0.3307053 0.621671853125 0.3168474921875 0.6643133640625 0.3819858640625 0.640949340625 0.37573364531250003 0.6090886765625
0 0.442473778125 0.6376166359375001 0.396755609375 0.6619898703125 0.39627038593749997 0.694063546875 0.452788921875 0.671377853125 0.442473778125 0.6376166359375001
0 0.1812041953125 0.660080059375 0.11294409375 0.6813108765625 0.10914129218749999 0.718561959375 0.187903625 0.69618750625 0.1812041953125 0.660080059375
0 0.6187433484375 0.80755289375 0.707037453125 0.848182146875 0.7632110734374999 0.8313914828125 0.74877748125 0.7768616875000001 0.6788220703125 0.763652946875 0.6187433484375 0.80755289375
0 0.79132415625 0.9057788703125 0.7540037140625 0.8540016874999999 0.6960967703125001 0.8726732531250001 0.6302510546875 0.852638853125 0.6235779015625 0.8993141296875 0.7121146140625 0.923906553125 0.79132415625 0.9057788703125
0 0.7767532312500001 0.73073030625 0.7293017453124999 0.756984446875 0.7754933937499999 0.8196407171875 0.85806728125 0.7876094124999999 0.7767532312500001 0.73073030625
0 0.8497835984375 0.7547984703124999 0.9248074140625 0.8161373640624999 0.974386253125 0.8061216234374999 0.9770004953125 0.7310041640625 0.9708997546875 0.7219544124999999 0.8497835984375 0.7547984703124999
0 0.3351248828125 0.4985742 0.35183255468749997 0.5380174359375001 0.4316763953125 0.4892316765625 0.397085996875 0.454208946875 0.3351248828125 0.4985742
0 0.5927435234375 0.8357665296875 0.5486738953125 0.9033055171875001 0.5642913046875 0.9415658234375 0.6204941796875 0.8608604640624999 0.5927435234375 0.8357665296875
0 0.468844784375 0.6862906875 0.423676128125 0.7250525125 0.4647526015625 0.7483048296875 0.5145804640625 0.7171059359374999 0.468844784375 0.6862906875
0 0.823357065625 0.6872563875 0.878019484375 0.7478187296875001 0.936224565625 0.731978346875 0.933392221875 0.7050820828125001 0.8764089609375001 0.6683325171875001 0.823357065625 0.6872563875
0 0.241347203125 0.6626423828125 0.1937934140625 0.6787547125 0.18414759687499999 0.7247123765625 0.24913689843750003 0.699932759375 0.241347203125 0.6626423828125
0 0.20341873437500002 0.72430599375 0.1167819171875 0.754436746875 0.11575593749999999 0.7997160703125 0.2075459453125 0.7726688171875 0.20341873437500002 0.72430599375
0 0.25765741875 0.5424152062500001 0.20406476875 0.5745447359375 0.2093757921875 0.606638053125 0.2672272109375 0.5690984593749999 0.25765741875 0.5424152062500001
0 0.268332359375 1 0.33001826093750003 0.9544509874999999 0.312603253125 0.8716093296875 0.2521240859375 0.9025362765624999 0.26101280781249997 0.9686038234375 0.24896696875000002 1 0.268332359375 1
0 0.1556283046875 0.46306033593749996 0.11111145781250001 0.526352553125 0.1758669015625 0.5452040171875 0.19719875781250001 0.4818332234375 0.1556283046875 0.46306033593749996
0 0.194299140625 0.55517210625 0.12950567968749999 0.5726411 0.1325893984375 0.611094759375 0.19817498125 0.5919775234375 0.194299140625 0.55517210625
0 0.4366102609375 0.737832140625 0.387463465625 0.729646740625 0.3776218078125 0.7829150171875 0.42597647656250004 0.7927486703125 0.4366102609375 0.737832140625
0 0.40338776875000004 0.798332459375 0.3357707234375 0.8164994359375 0.33390584687499997 0.8721532234374999 0.40156966406250005 0.8452600406249999 0.40338776875000004 0.798332459375