0 0.4102956171875 0.20833333125000003 0.3211009171875 0.192099565625 0.3185524984375 0.24891774687499998 0.42176350781250005 0.2353896109375 0.4102956171875 0.20833333125000003
0 0.51732925625 0.197510825 0.42303771562500003 0.1893939421875 0.42431192656250005 0.24350649375 0.5262487250000001 0.23268398124999998 0.51732925625 0.197510825
0 0.6281855265625 0.156926409375 0.528797146875 0.178571428125 0.5300713546875 0.22456709687499998 0.626911315625 0.192099565625 0.6281855265625 0.156926409375
0 0.721202853125 0.17045454531249998 0.6294597343749999 0.20021644843750003 0.634556575 0.24080086406249998 0.7288481124999999 0.22456709687499998 0.721202853125 0.17045454531249998
0 0.8422528046875 0.197510825 0.7415902140624999 0.2110389609375 0.7390417953124999 0.2570346296875 0.8422528046875 0.2462121234375 0.8422528046875 0.197510825
0 0.8448012234375 0.25432900625 0.7428644249999999 0.2705627734375 0.7492354734375 0.3111471890625 0.8448012234375 0.2976190453125 0.8448012234375 0.25432900625
0 0.8409785937500001 0.3138528109375 0.7466870546875 0.3219696953125 0.7441386328124999 0.365259740625 0.8460754343750001 0.365259740625 0.8409785937500001 0.3138528109375
0 0.8435270125000001 0.3625541109375 0.7517838921875 0.3787878765625 0.7530581046875 0.41666666875 0.85372069375 0.3950216421875 0.8435270125000001 0.3625541109375
0 0.721202853125 0.24080086406249998 0.6332823640624999 0.24350649375 0.6320081562500001 0.3030303046875 0.7390417953124999 0.2705627734375 0.721202853125 0.24080086406249998
0 0.7339449546875 0.34902597343749997 0.6358307859375001 0.3625541109375 0.626911315625 0.411255409375 0.7441386328124999 0.40854978593749997 0.7339449546875 0.34902597343749997
0 0.7390417953124999 0.40584415625 0.6256371046875 0.411255409375 0.6243628953125 0.457251084375 0.7454128437499999 0.43560605781249995 0.7390417953124999 0.40584415625
0 0.6192660546875 0.2353896109375 0.5249745171875 0.2516233765625 0.5237003062500001 0.29491342187499997 0.6332823640624999 0.2705627734375 0.6192660546875 0.2353896109375
0 0.6243628953125 0.305735928125 0.5300713546875 0.3030303046875 0.5237003062500001 0.3436147203125 0.6281855265625 0.3382034609375 0.6243628953125 0.305735928125
0 0.6218144734375 0.3544372265625 0.5262487250000001 0.34902597343749997 0.514780834375 0.39231601875 0.6179918437499999 0.40854978593749997 0.6218144734375 0.3544372265625
0 0.514780834375 0.3219696953125 0.430682975 0.2895021625 0.4192150859375 0.33008657812500003 0.514780834375 0.3571428578125 0.514780834375 0.3219696953125
0 0.5109582046875001 0.376082253125 0.41539245625000004 0.34902597343749997 0.41156982500000006 0.400432903125 0.5109582046875001 0.40313852656250004 0.5109582046875001 0.376082253125
0 0.512232415625 0.41396103906250004 0.4192150859375 0.41396103906250004 0.40902140625000005 0.4626623375 0.512232415625 0.457251084375 0.512232415625 0.41396103906250004
0 0.6179918437499999 0.411255409375 0.5224260953125001 0.40854978593749997 0.5249745171875 0.4626623375 0.61289500625 0.4626623375 0.6179918437499999 0.411255409375
0 0.4128440359375 0.29491342187499997 0.3236493359375 0.305735928125 0.3236493359375 0.3571428578125 0.42303771562500003 0.34902597343749997 0.4128440359375 0.29491342187499997
0 0.7823649328125 0.5113636359375 0.6523955140625 0.5113636359375 0.6511213062500001 0.5708874484375001 0.7772680953125 0.57900433125 0.7823649328125 0.5113636359375
0 0.7658002046875 0.5898268375 0.644750253125 0.6006493500000001 0.642201834375 0.6466450187499999 0.76452599375 0.6331168828125 0.7658002046875 0.5898268375
0 0.7568807343749999 0.6466450187499999 0.6498470953125 0.6628787859374999 0.634556575 0.711580084375 0.7568807343749999 0.7061688312500001 0.7568807343749999 0.6466450187499999
0 0.7556065234375 0.7034632015625 0.644750253125 0.7224025968750001 0.6294597343749999 0.7656926421875 0.7594291531249999 0.74134199375 0.7556065234375 0.7034632015625
0 0.7543323156249999 0.798160175 0.6472986765625001 0.8035714281249999 0.63710499375 0.8712121234374999 0.761977575 0.8387445906250001 0.7543323156249999 0.798160175
0 0.886850153125 0.608766234375 0.7861875625 0.606060603125 0.7734454640624999 0.6655844156249999 0.884301734375 0.6466450187499999 0.886850153125 0.608766234375
0 0.8944954125000001 0.6737012984375 0.7708970421875 0.6737012984375 0.7607033640624999 0.7061688312500001 0.8906727828125 0.7224025968750001 0.8944954125000001 0.6737012984375
0 0.899592253125 0.781926409375 0.7708970421875 0.7548701296875 0.769622834375 0.8089826812500001 0.9008664625 0.8333333312500001 0.899592253125 0.781926409375
0 0.8817533125000001 0.8820346296875 0.7607033640624999 0.8766233765625 0.7492354734375 0.9361471890624999 0.8792048921875001 0.9469696953125 0.8817533125000001 0.8820346296875
0 0.7568807343749999 0.8549783578125 0.6485728843749999 0.8793290062500001 0.6460244640624999 0.919913421875 0.7568807343749999 0.8955627734375 0.7568807343749999 0.8549783578125
0 0.6320081562500001 0.6899350656250001 0.5377166140625 0.6872294343750001 0.5275229359375 0.7386363640625 0.6498470953125 0.73051948125 0.6320081562500001 0.6899350656250001
0 0.6332823640624999 0.7440476171875 0.512232415625 0.7494588765625 0.5109582046875001 0.8116883109374999 0.6358307859375001 0.7873376624999999 0.6332823640624999 0.7440476171875
0 0.6167176359375001 0.8468614734375001 0.5135066265625 0.8549783578125 0.5084097859375001 0.9145021625 0.6332823640624999 0.8847402593749999 0.6167176359375001 0.8468614734375001
0 0.6358307859375001 0.9009740265625 0.5224260953125001 0.9226190453124999 0.5211518875000001 0.9848484875000001 0.65621814375 0.930735928125 0.6358307859375001 0.9009740265625
0 0.4102956171875 0.6574675328125 0.44724770625000004 0.6980519484375 0.5211518875000001 0.7142857140625 0.5389908250000001 0.6818181812499999 0.49821610781250003 0.6520562796875 0.4166666671875 0.619588746875 0.4102956171875 0.6574675328125
0 0.5058613671875001 0.757575759375 0.40774719531250003 0.7440476171875 0.4026503578125 0.8008657984375 0.5058613671875001 0.8116883109374999 0.5058613671875001 0.757575759375
0 0.401376146875 0.37067099375 0.3172782875 0.3625541109375 0.30963302812500004 0.41937229218749994 0.4192150859375 0.41937229218749994 0.401376146875 0.37067099375
0 0.38735983749999997 0.9090909093749999 0.44215086562500006 0.919913421875 0.5135066265625 0.955086578125 0.5135066265625 0.919913421875 0.49184505468750006 0.86850649375 0.3950050984375 0.8522727265625001 0.38735983749999997 0.9090909093749999
0 0.26248725624999997 0.9226190453124999 0.160550459375 0.9090909093749999 0.14780835781249999 0.9604978375 0.26121304843750004 0.9848484875000001 0.26248725624999997 0.9226190453124999
0 0.31472986875000003 0.305735928125 0.2178899078125 0.2976190453125 0.2153414890625 0.3598484875 0.3109072390625 0.351731603125 0.31472986875000003 0.305735928125
0 0.37079510781249997 0.47348485 0.417940878125 0.4626623375 0.3975535171875 0.43290043437500003 0.31600407656249996 0.41937229218749994 0.3109072390625 0.4626623375 0.37079510781249997 0.47348485
0 0.3019877671875 0.43831168906249995 0.22171253750000003 0.40584415625 0.20897043750000002 0.46536796718750006 0.31600407656249996 0.492424240625 0.3019877671875 0.43831168906249995
0 0.9709480125000001 0.6872294343750001 0.9136085625 0.7196969671875 0.9480122328125 0.7954545453125 1 0.74134199375 0.9709480125000001 0.6872294343750001
0 0.956931703125 0.8252164484375 0.9136085625 0.77651515 0.903414884375 0.8116883109374999 0.9454638140625 0.873917746875 0.956931703125 0.8252164484375
0 0.9505606515625 0.898268396875 0.908511721875 0.8333333312500001 0.8932212015625 0.863095240625 0.9378185531250001 0.944264071875 0.9505606515625 0.898268396875
0 0.2828746171875 0.20021644843750003 0.265035678125 0.20021644843750003 0.2471967375 0.202922078125 0.22426095781250002 0.2218614734375 0.2204383265625 0.2678571421875 0.2599388375 0.2516233765625 0.27777777656249997 0.2353896109375 0.3045361859375 0.2570346296875 0.3172782875 0.2516233765625 0.305810396875 0.21645021406249998 0.2828746171875 0.20021644843750003
0 0.22171253750000003 0.2705627734375 0.214067278125 0.24080086406249998 0.1936799171875 0.22456709687499998 0.178389396875 0.22456709687499998 0.156727828125 0.213744590625 0.135066259375 0.213744590625 0.13634046718749998 0.23268398124999998 0.119775740625 0.259740259375 0.14016309843750002 0.2651515125 0.1592762484375 0.259740259375 0.1834862390625 0.2624458890625 0.20514780781250003 0.273268396875 0.22171253750000003 0.2705627734375
0 0.16819571875 0.2651515125 0.14780835781249999 0.2705627734375 0.127421 0.2895021625 0.14016309843750002 0.3165584421875 0.16309887812499999 0.3138528109375 0.1834862390625 0.305735928125 0.20387360000000002 0.3084415578125 0.21024464843750001 0.2895021625 0.1911314984375 0.273268396875 0.16819571875 0.2651515125
0 0.17711518906249998 0.319264071875 0.15800203906250002 0.3273809546875 0.13251783749999999 0.32467532499999996 0.11340468749999999 0.34090909062499997 0.12996941875 0.37067099375 0.15163098749999998 0.365259740625 0.1720183484375 0.365259740625 0.197502546875 0.365259740625 0.2076962296875 0.3436147203125 0.19877675781249998 0.319264071875 0.17711518906249998 0.319264071875
0 0.1809378203125 0.5248917734375 0.1554536171875 0.53300865625 0.1286952078125 0.5303030328125 0.10830785000000001 0.5275974031249999 0.0828236484375 0.5357142859375 0.064984709375 0.5627705656249999 0.07900101875 0.595238096875 0.1019367984375 0.5925324671875 0.12996941875 0.57900433125 0.14908256875 0.57900433125 0.16946992968750002 0.595238096875 0.1809378203125 0.5708874484375001 0.1809378203125 0.5248917734375
0 0.1809378203125 0.625 0.16692150781249998 0.608766234375 0.138888890625 0.6006493500000001 0.11467889843750001 0.5979437203125 0.09301732968750001 0.6033549812500001 0.0637104984375 0.6114718640625 0.067533128125 0.6222943703125 0.0688073390625 0.643939396875 0.086646278125 0.6385281359375 0.1121304796875 0.643939396875 0.14780835781249999 0.6466450187499999 0.1809378203125 0.6493506499999999 0.1809378203125 0.625
0 0.3516819578125 0.4978355 0.322375128125 0.49512987031250005 0.3172782875 0.5167748890625 0.2981651375 0.5465367984375 0.3325688078125 0.5762987015625 0.3542303765625 0.5681818187500001 0.37844036718749996 0.5600649343749999 0.40902140625000005 0.5708874484375001 0.403924565625 0.5059523828125 0.37844036718749996 0.5005411234375 0.3516819578125 0.4978355
0 0.27650356875000004 0.5275974031249999 0.2510193671875 0.50865800625 0.22426095781250002 0.503246753125 0.19877675781249998 0.50865800625 0.1860346578125 0.5465367984375 0.21279306718750002 0.573593071875 0.2484709484375 0.5627705656249999 0.27777777656249997 0.5844155843750001 0.2968909265625 0.5762987015625 0.2981651375 0.5275974031249999 0.27650356875000004 0.5275974031249999
0 0.29561671875 0.6358225125 0.287971459375 0.595238096875 0.2726809390625 0.5817099546875 0.24974515937500003 0.5817099546875 0.2319062171875 0.57900433125 0.197502546875 0.5708874484375001 0.194954128125 0.5817099546875 0.18221202812499998 0.6168831171875 0.20514780781250003 0.6331168828125 0.2319062171875 0.6277056296875 0.26248725624999997 0.6277056296875 0.2828746171875 0.6385281359375 0.29561671875 0.6358225125
0 0.2663098875 0.6331168828125 0.24464831875 0.6331168828125 0.22426095781250002 0.6331168828125 0.20387360000000002 0.6331168828125 0.1898572875 0.6385281359375 0.175840978125 0.6682900453125 0.20005096875 0.6980519484375 0.2319062171875 0.6845238109375 0.25484199687500003 0.6845238109375 0.290519878125 0.69534631875 0.29434250781250004 0.67099566875 0.2828746171875 0.6466450187499999 0.2663098875 0.6331168828125
0 0.2663098875 0.69534631875 0.235728846875 0.69534631875 0.211518859375 0.6980519484375 0.1911314984375 0.69534631875 0.1720183484375 0.7061688312500001 0.17711518906249998 0.746753246875 0.20514780781250003 0.74134199375 0.22808358750000002 0.7332251109375 0.2561162078125 0.7386363640625 0.27777777656249997 0.74134199375 0.27905198750000004 0.7142857140625 0.2663098875 0.69534631875
0 0.1618246703125 0.69534631875 0.127421 0.6872294343750001 0.0891947 0.69534631875 0.0586136609375 0.6980519484375 0.059887868749999996 0.7386363640625 0.07517838906249999 0.7386363640625 0.0993883796875 0.7494588765625 0.122324159375 0.7494588765625 0.14016309843750002 0.7332251109375 0.1643730890625 0.7521645 0.1618246703125 0.69534631875
0 0.13251783749999999 0.74134199375 0.1044852203125 0.74134199375 0.062436290625 0.7521645 0.05606523906250001 0.7900432921875 0.10321100937500001 0.781926409375 0.127421 0.781926409375 0.1592762484375 0.792748915625 0.1707441375 0.77651515 0.160550459375 0.7494588765625 0.13251783749999999 0.74134199375
0 0.1936799171875 0.49512987031250005 0.18476045000000002 0.45454545468749996 0.1452599390625 0.451839825 0.11085626875000001 0.44913420156250006 0.0739492265625 0.48705398125 0.100662590625 0.5113636359375 0.138888890625 0.51948051875 0.1936799171875 0.49512987031250005
0 0.38098878593749996 0.6926406953125 0.350407746875 0.6845238109375 0.33002038906250003 0.6845238109375 0.303261978125 0.6872294343750001 0.29306829687499997 0.71699134375 0.3045361859375 0.746753246875 0.3236493359375 0.7494588765625 0.3491335375 0.74134199375 0.3746177375 0.7440476171875 0.40647298750000005 0.7440476171875 0.3975535171875 0.6926406953125 0.38098878593749996 0.6926406953125
0 0.401376146875 0.5762987015625 0.38098878593749996 0.5654761890625 0.3618756359375 0.5762987015625 0.3376656484375 0.5708874484375001 0.3134556578125 0.573593071875 0.3019877671875 0.5925324671875 0.3045361859375 0.6331168828125 0.3211009171875 0.6331168828125 0.35677879843750004 0.6331168828125 0.37716615625 0.619588746875 0.4026503578125 0.619588746875 0.41539245625000004 0.608766234375 0.401376146875 0.5762987015625
0 0.4765545359375 0.573593071875 0.5300713546875 0.5708874484375001 0.514780834375 0.5059523828125 0.456167178125 0.4978355 0.42176350781250005 0.49512987031250005 0.4128440359375 0.549242421875 0.4765545359375 0.573593071875
0 0.5542813453125001 0.52218615 0.5517329265625001 0.538419915625 0.5415392453125001 0.57900433125 0.5632008171875 0.6114718640625 0.6090723765625 0.619588746875 0.6587665656249999 0.5979437203125 0.6383792046875 0.5600649343749999 0.6179918437499999 0.51948051875 0.577217125 0.52218615 0.5542813453125001 0.52218615
0 0.49439347656250004 0.57900433125 0.4638124375 0.5708874484375001 0.42813455625 0.5762987015625 0.42431192656250005 0.619588746875 0.44215086562500006 0.619588746875 0.4841997953125 0.6385281359375 0.5186034640625 0.630411253125 0.545361875 0.6141774875 0.5249745171875 0.5925324671875 0.49439347656250004 0.57900433125
0 0.6167176359375001 0.6358225125 0.5861365968750001 0.6358225125 0.5632008171875 0.641233765625 0.5262487250000001 0.630411253125 0.5300713546875 0.6872294343750001 0.5581039750000001 0.6845238109375 0.5784913359375 0.6845238109375 0.6116207953125 0.6791125515624999 0.6434760453124999 0.6574675328125 0.6332823640624999 0.6331168828125 0.6167176359375001 0.6358225125
0 0.34276248593749997 0.798160175 0.2968909265625 0.7954545453125 0.29434250781250004 0.8360389609375 0.346585115625 0.8333333312500001 0.37079510781249997 0.8360389609375 0.3975535171875 0.8603896109375 0.38990825625 0.817099565625 0.37079510781249997 0.792748915625 0.34276248593749997 0.798160175
0 0.2599388375 0.798160175 0.2268093796875 0.7873376624999999 0.18476045000000002 0.77651515 0.16946992968750002 0.8062770578125 0.18221202812499998 0.822510825 0.22426095781250002 0.8360389609375 0.25739041875 0.8414502140625 0.2866972484375 0.849567096875 0.27905198750000004 0.817099565625 0.2599388375 0.798160175
0 0.21916411875000003 0.8360389609375 0.1936799171875 0.8306277078125 0.17711518906249998 0.8387445906250001 0.156727828125 0.8766233765625 0.18221202812499998 0.8874458890625 0.20897043750000002 0.8847402593749999 0.2319062171875 0.8874458890625 0.26758409843750003 0.8928571421875 0.28160040625 0.8522727265625001 0.2471967375 0.8360389609375 0.21916411875000003 0.8360389609375
0 0.34276248593749997 0.6277056296875 0.312181446875 0.643939396875 0.30071355624999996 0.6818181812499999 0.34021406718749997 0.6791125515624999 0.36569826562499996 0.6845238109375 0.41156982500000006 0.6872294343750001 0.40902140625000005 0.625 0.37206931875000004 0.6277056296875 0.34276248593749997 0.6277056296875