0 0.480179440625 0.267837921875 0.472790209375 0.3676451453125 0.739338228125 0.44609300625000003 0.743862884375 0.34104898281249996 0.480179440625 0.267837921875
0 0.9975112796875001 0.392147140625 0.74376469375 0.34100304531250003 0.7388410999999999 0.4480167984375 0.9966504703125001 0.5035291859375 0.9975112796875001 0.392147140625
0 0.99658225 0.5123564546875 0.8522504546875 0.4921232984375 0.8387575515625001 0.600105640625 0.9956950265625 0.6271565109374999 0.99658225 0.5123564546875
0 0.65025001875 0.4289580734375 0.641844421875 0.5263266453125001 0.8337488437499999 0.581123275 0.8509001453125 0.4849933421875 0.65025001875 0.4289580734375
0 0.47543340624999997 0.368913471875 0.4618947578125 0.4526990171875 0.6346165218750001 0.5345634265625 0.6470103578125 0.43395453437500003 0.47543340624999997 0.368913471875
0 0.7112097234375 0.6797285734375 0.9803090640625 0.764467534375 0.9956778999999999 0.6293726453125 0.995804728125 0.612961921875 0.7138513765625001 0.5625839046875 0.7112097234375 0.6797285734375
0 0.4509085453125 0.5492698421875 0.6107888734375 0.646683 0.701795003125 0.666363528125 0.724009925 0.5437317015625001 0.4582155296875 0.461558303125 0.4509085453125 0.5492698421875
0 0.8094283546875 0.826056140625 0.9671421562500001 0.880207028125 0.9783589328125 0.7816095062499999 0.820442728125 0.7174979375 0.8094283546875 0.826056140625
0 0.6026310406250001 0.7301327640624999 0.69525409375 0.784759809375 0.8067063546875 0.8188317015625 0.8135518765624999 0.7193662749999999 0.6136172421875 0.633562028125 0.6026310406250001 0.7301327640624999
0 0.4479166453125 0.5403475109375 0.44033361875 0.6539651734375 0.602840271875 0.7257957421875 0.6142764171875 0.62776778125 0.4479166453125 0.5403475109375
0 0.9535141156250001 1 0.9677558328125 0.8748127140624999 0.6939919515625 0.7723735281249999 0.6791067984375 0.8797349328124999 0.7880358328125 0.9553978765625001 0.8975501453125 1 0.9535141156250001 1
0 0.4253180671875 0.6333281453125 0.42289612656250003 0.7485415171875001 0.6757418734375 0.8953752984375001 0.694594921875 0.7905540625 0.4253180671875 0.6333281453125
0 0.8914967046875001 1 0.78825555625 0.9534664890625001 0.7820368875 1 0.8914967046875001 1
0 0.7763718328125 1 0.7843567203124999 0.964257196875 0.5853570671874999 0.8467525 0.5739314140625 0.9471860953125001 0.66465611875 1 0.7763718328125 1
0 0.41694038750000006 0.7187093484375 0.40655725781249996 0.833460746875 0.5651704734375 0.9512160906249999 0.59070973125 0.85840400625 0.41694038750000006 0.7187093484375
0 0.8840288015625 0.14754211875 0.6906657390625 0.1257723421875 0.6808192578125001 0.21232470781249999 0.8864829109375 0.221607078125 0.8840288015625 0.14754211875
0 0.67370675 0.13138946093749998 0.5180634890625 0.0968457859375 0.5026634703124999 0.1843962578125 0.6583452796875 0.2026615734375 0.67370675 0.13138946093749998
0 0.48164282812500003 0.1778974828125 0.498833115625 0.07461021875 0.4360977046875 0.030581478125 0.3748278546875 0.026284909375 0.358502765625 0.1126768546875 0.48164282812500003 0.1778974828125
0 0.444095734375 0.3644877359375 0.3092132953125 0.322787275 0.29638302968749997 0.435567634375 0.4409577578125 0.4558291625 0.444095734375 0.3644877359375
0 0.42284380156249995 0.45565911249999996 0.2172957984375 0.3975416734375 0.1980168578125 0.519188534375 0.40364196249999995 0.5447492640625 0.42284380156249995 0.45565911249999996
0 0 0.446127521875 0.185456440625 0.5180203875 0.20029824999999998 0.4194371515625 0.0103481671875 0.3198481453125 0 0.4108104328125 0 0.446127521875
0 0 0.590945303125 0.2327814171875 0.6439683375 0.2592885109375 0.5544216453125 0 0.45631944999999996 0 0.590945303125
0 0.4156056265625 0.55116300625 0.27833615312500004 0.5304449375 0.2640525484375 0.6400609375 0.405460765625 0.6403381796875001 0.4156056265625 0.55116300625
0 0.40542222031249997 0.656616534375 0.1825397421875 0.639295725 0.1621058390625 0.7551554328125001 0.3952773578125 0.7457917078125 0.40542222031249997 0.656616534375
0 0 0.7333976625 0.1383997953125 0.7722618484375 0.152683403125 0.6626458546875 0 0.6154420218750001 0 0.7333976625
0 0.3826783875 0.760901915625 0.2485754328125 0.7601681296875 0.235186959375 0.861915725 0.37197532031249997 0.8390443203125001 0.3826783875 0.760901915625
0 0 0.8759491625000001 0.21852634375000002 0.8649100453124999 0.2272178578125 0.7725705109375001 0 0.766178753125 0 0.8759491625000001
0 0.65089269375 1 0.651201209375 0.9986764656249999 0.40935820156249997 0.845171578125 0.39164825312499996 0.921147725 0.503032746875 1 0.65089269375 1
0 0.1787057171875 0.9443676015625 0.2187412765625 0.95674505 0.365035521875 0.9319254156250001 0.362283040625 0.8604832531250001 0.13313461875 0.8982412249999999 0.1787057171875 0.9443676015625
0 0.295796290625 0.3132091625 0.0271379546875 0.1722628765625 0.012251682812500001 0.303115915625 0.27044415312500003 0.4085430109375 0.295796290625 0.3132091625
0 0.23915450312500003 0.17352062968749998 0.039730709375 0.061570225 0.0285593546875 0.15976849375 0.21965428281250002 0.2652335734375 0.23915450312500003 0.17352062968749998
0 0.4530470828125 0.2858037703125 0.268933746875 0.18272721875 0.247941634375 0.2875541625 0.43884057812500005 0.3628630453125 0.4530470828125 0.2858037703125