0 0.20484496874999997 0.136094546875 0.229690409375 0.029386815625 0.167980921875 0.01449399375 0.15923510624999998 0.008407118750000001 0.0671481140625 0.0035452078125000003 0.0554479328125 0.069274809375 0.0853083859375 0.084498303125 0.13964319218750001 0.10795114218749999 0.20484496874999997 0.136094546875
0 0.45996784999999996 0.10529635781249999 0.4668182515625 0.024646546875 0.2352415390625 0.0124200171875 0.2344133625 0.01381061875 0.24922306718749998 0.073047375 0.33063009062500004 0.0758917625 0.407314165625 0.0943123515625 0.45996784999999996 0.10529635781249999
0 0.4112917484375 0.1048366078125 0.36213035 0.107103178125 0.30271731874999996 0.090265796875 0.24414485 0.079662828125 0.23188234218749998 0.1595080296875 0.30529935468749997 0.185325828125 0.3787163703125 0.211143625 0.445989378125 0.2166946671875 0.4529484375 0.1228171125 0.4112917484375 0.1048366078125
0 0.450322225 0.2361796671875 0.42364011875 0.22172692187499998 0.365422909375 0.220084684375 0.3168768421875 0.207937875 0.26121616875 0.18097694687500002 0.2188141140625 0.1890968921875 0.20584107812500002 0.25102061249999996 0.29821025625 0.290890440625 0.3826242640625 0.3097117375 0.430555 0.336271946875 0.450322225 0.2361796671875
0 0.094589409375 0.1090549109375 0.053198456250000005 0.0819119765625 0.041255248437499996 0.1490068515625 0.104676165625 0.18386785781249998 0.1535774953125 0.2049754109375 0.1992117671875 0.233480178125 0.22030485 0.13689598281249998 0.14530190625 0.1309442265625 0.094589409375 0.1090549109375
0 0.09125266875 0.2044959828125 0.03565004375 0.1804959109375 0.0181980671875 0.2785380890625 0.075723103125 0.2917383921875 0.1145980359375 0.31438979218749996 0.1743663265625 0.3401879171875 0.1954594140625 0.24360372031250002 0.145102184375 0.23067514218750002 0.09125266875 0.2044959828125
0 0.414540134375 0.426240678125 0.42101390156249996 0.3350894640625 0.3769307171875 0.330740578125 0.3202994453125 0.309232309375 0.2804539171875 0.292033565625 0.2183891609375 0.26818 0.19645551562500002 0.35852979218750003 0.267090771875 0.3890184765625 0.328800259375 0.4039112921875 0.377086259375 0.4394322375 0.414540134375 0.426240678125
0 0.125204925 0.3424544875 0.0767888890625 0.3186206125 0.021613520312500002 0.2889333578125 0.006568507812500001 0.343870940625 0.0015357328125 0.372144196875 0.036743642187499995 0.40115277968749996 0.078885634375 0.4164069578125 0.1480649875 0.45507463125000003 0.1713244953125 0.36823293437500004 0.125204925 0.3424544875
0 0.4129542046875 0.4461067265625 0.3169627015625 0.40467338125 0.2552532125 0.389780565625 0.19981776406250001 0.383467428125 0.1830923734375 0.455514703125 0.21012974843749999 0.478928178125 0.2696728078125 0.48407850625000004 0.33306342187500004 0.5114401484375 0.3983952359375 0.5278964875 0.4129542046875 0.4461067265625
0 0.7094923734374999 0.1278618875 0.6080673937500001 0.08408325625 0.5528920234375 0.05439600625 0.49347898749999997 0.03755863125 0.46876358281249997 0.132579296875 0.5034008578125 0.168080559375 0.5664362125 0.1864814703125 0.627175103125 0.206826934375 0.6838063703125 0.2283352078125 0.7094923734374999 0.1278618875
0 0.5544686140625 0.1989306125 0.4703146734375 0.156735184375 0.44860625625 0.2677327671875 0.5510018343749999 0.30605874375000003 0.5923032640625 0.3150785171875 0.6665608390625 0.3471307328125 0.6872986609375 0.24158579218749998 0.6085782015625 0.2017356484375 0.5544686140625 0.1989306125
0 0.6738054796874999 0.3502577734375 0.5895215 0.3197494046875 0.5274567515624999 0.2958958453125 0.4598284796875 0.281384071875 0.44067659062500003 0.3670629640625 0.506233634375 0.4041671078125 0.561183775 0.41320655312500004 0.6092445468750001 0.42807969687499997 0.6591164796875 0.4437346015625 0.6738054796874999 0.3502577734375
0 0.6392192171875 0.555513946875 0.65921166875 0.4760694640625 0.621177303125 0.4596524765625 0.557786684375 0.4322908328125 0.49209961093750004 0.40687375625 0.43498304374999996 0.388091809375 0.4200688078125 0.46092083281249996 0.498303971875 0.503497303125 0.54177181875 0.522259578125 0.5924843109375 0.5441488875 0.6392192171875 0.555513946875
0 0.6216184218749999 0.6653487265625 0.643196803125 0.566038203125 0.5816173499999999 0.539458328125 0.5363383390625 0.5199142921875 0.48429998750000003 0.4945168921875 0.4214898625 0.49676377968749996 0.4105532125 0.580117071875 0.4584839484375 0.6066772796875 0.5197081375 0.6242964171875001 0.5637913234374999 0.628645303125 0.6216184218749999 0.6653487265625
0 0.20087422031250002 0.5747502921875001 0.2833470359375 0.6044768984375 0.3183744171875 0.6049169765625 0.37306449218750004 0.637330546875 0.3958038625 0.5972371015625 0.3764012359375 0.5418894828124999 0.30382478281249997 0.5223060953124999 0.2600016734375 0.49458308281249996 0.218084909375 0.49997670312500003 0.175327590625 0.4991359109375 0.177494015625 0.5088784046875 0.16911389375000002 0.566913 0.20087422031250002 0.5747502921875001
0 0.47659555156250005 0.6144948921875 0.4127196421875 0.589859571875 0.3940530515625 0.6728121421875 0.48377050781250003 0.7056657921875 0.5435387984375 0.7314639046875 0.5978736109375 0.7549167437500001 0.6283777640625 0.6712020953125 0.5264674796875 0.630149796875 0.47659555156250005 0.6144948921875
0 0.6079000156250001 0.7533729046875 0.5131043390625 0.7271347031250001 0.45514720468750003 0.7021183390625 0.39030069218749996 0.682935678125 0.37499635468750003 0.7908258921875 0.409538440625 0.7939922921875 0.46351798750000006 0.8084843921875 0.5261980703125 0.817924559375 0.5863216296875 0.8526834171875001 0.6079000156250001 0.7533729046875
0 0.265035709375 0.6963902078124999 0.3089888625 0.7124261484375001 0.3585055234375 0.719120315625 0.37571621718750003 0.6443467203125001 0.35579345625 0.6357473453125 0.2692130203125 0.607183546875 0.2002588859375 0.589163684375 0.1501268859375 0.5968829109375 0.1529689953125 0.668568803125 0.19245925625 0.676806821875 0.22470488125000002 0.6819177796875 0.265035709375 0.6963902078124999
0 0.2397746578125 0.7177804109375 0.1447537515625 0.6708944171875 0.13514296875 0.7577557921875 0.22004227968749998 0.7738507625 0.270269471875 0.7984664046875001 0.339223603125 0.8164862671875 0.362353075 0.7413316375 0.2999330546875 0.7085173453125 0.2397746578125 0.7177804109375
0 0.5581836296875 0.8464096546875 0.4969594375 0.8287905062500001 0.4507098265625 0.81469913125 0.377292815625 0.7888813328125 0.37324554375 0.866400921875 0.4539072015625 0.8953457671875 0.509697909375 0.91061963125 0.56416275625 0.9223853984374999 0.5835398703125 0.857354303125 0.5581836296875 0.8464096546875
0 0.738364 0.1139017265625 0.7326473578125 0.1730859765625 0.817416634375 0.2008680171875 0.8536398390625 0.21650324375 0.9039970671875001 0.229431815625 0.9482102906250001 0.2220936375 0.9511220828125 0.20573567812500002 0.738364 0.1139017265625
0 0.8307355984375 0.312305671875 0.8827739484375 0.337703071875 0.9309647515625 0.34088914843749996 0.941416103125 0.260262190625 0.8931301062499999 0.22474124374999999 0.83866525625 0.2129754765625 0.76705940625 0.187939440625 0.71379038125 0.191368809375 0.7015278734375 0.2712140125 0.756347984375 0.2919405234375 0.7889488703125 0.3060122265625 0.8307355984375 0.312305671875
0 0.8908846578125 0.46744325 0.9153399921875 0.395796703125 0.8869767640624999 0.3688751375 0.8250420437500001 0.3333345171875 0.7535662249999999 0.2966114109375 0.6968049171875 0.286790203125 0.6863535671875 0.3674171671875 0.7319878421875 0.395921934375 0.7827003390625 0.41781125 0.8353540203125001 0.4287952625 0.8908846578125 0.46744325
0 0.9106773890625 0.487729690625 0.8215752640625 0.44046264218750003 0.7595105125 0.4166090890625 0.6829564765625 0.386501446875 0.662964028125 0.46594592187500006 0.7194652593749999 0.49914125625 0.7719889171875 0.5218123390625 0.8358648265624999 0.5464476546875 0.885606725 0.57378961875 0.9106773890625 0.487729690625
0 0.844790590625 0.5620435234375 0.7850222984374999 0.5362453984375 0.73201335 0.5163006546875 0.6691080359375 0.48621267812499996 0.65309316875 0.576181421875 0.740028865625 0.6137059640625 0.8007677640624999 0.634051434375 0.8676506609375 0.6746636671874999 0.8787173390625 0.5796233156249999 0.844790590625 0.5620435234375
0 0.7227578265625 0.6121227625000001 0.6547742953125 0.5886502499999999 0.6338112406249999 0.67354738125 0.73112860625 0.718488815625 0.7757922875000001 0.7524462328125 0.849434528125 0.798911828125 0.8683611890625 0.6925851375 0.793748346875 0.6515721906249999 0.7227578265625 0.6121227625000001
0 0.745973153125 0.7337036375 0.64587403125 0.6934330953125001 0.6318003625 0.7724965359375 0.7195766265625 0.8162554828124999 0.77245554375 0.847887303125 0.82750088125 0.8892616125 0.8550932359375001 0.8219049171874999 0.8322935203125 0.785641565625 0.745973153125 0.7337036375
0 0.6954162046875 0.8205059828125 0.6293738656250001 0.7861281609375 0.60854085 0.8593382328124999 0.71623988125 0.9116965531250001 0.757896575 0.9296770656250001 0.8180201296874999 0.9644359218749999 0.8355860828124999 0.8986230718750001 0.7565103578125 0.849812190625 0.6954162046875 0.8205059828125
0 0.8110347250000001 1 0.8136524375 0.9889728578125 0.7365179140625 0.9292566671875001 0.6709608703125001 0.8921525296875 0.611192578125 0.8663544046875 0.583955484375 0.9426718390625 0.6573047828125 1 0.8110347250000001 1
0 0.5612059140625 1 0.5698214640625 0.94537849375 0.5209201375 0.9242709343750001 0.44096900781250004 0.913247559375 0.36441496875 0.883139921875 0.3398295984375 0.9664735234374999 0.43017797968749993 1 0.5612059140625 1
0 0.1998594453125 0.7886255171875 0.1369541296875 0.758537553125 0.1197434328125 0.8333111375 0.2106567203125 0.881359934375 0.274662665625 0.8943081968750001 0.33491626406249997 0.91737999375 0.345852909375 0.834026703125 0.2620542328125 0.8007920125 0.1998594453125 0.7886255171875
0 0 0.5003493156250001 0.0661029796875 0.5430004171875 0.134441775 0.5754336671875 0.1644606296875 0.4944453453125 0.0473505359375 0.4292174765625 0 0.40162755937499994 0 0.5003493156250001
0 0 0.5941056671875 0.060729849999999995 0.617011921875 0.12725748750000002 0.6486634171875 0.1457940359375 0.5773979109375 0.0280686109375 0.526583434375 0 0.5158780171874999 0 0.5941056671875
0 0 0.7053872328125 0.0577483703125 0.7214137265625 0.1166760984375 0.740977434375 0.131590334375 0.6681484109375 0.08679662187500001 0.645878053125 0.0080761609375 0.6060279046875 0 0.6034927796875 0 0.7053872328125
0 0 0.7925157140625 0.0440299609375 0.8094378984375 0.10247239374999999 0.831727940625 0.11738662656250001 0.7588989109375001 0 0.716905440625 0 0.7925157140625
0 0.9977712640625 0.2458433921875 0.9668071890625001 0.227184921875 0.9540593812499999 0.309756453125 0.996806259375 0.32942888125 0.9977712640625 0.2458433921875
0 0.9395004140625 0.3915462140625 0.9481661109375 0.43051621406249996 0.995372103125 0.453651196875 0.9967956578124999 0.330347190625 0.944873546875 0.31753470781250004 0.9395004140625 0.3915462140625
0 0.9953303109375 0.457271196875 0.9834187171875 0.4516040828125 0.9265273734375 0.453469934375 0.9121936343750001 0.5559075 0.9538503234375 0.5738880125 0.9937849562500001 0.5911252140625 0.9953303109375 0.457271196875
0 0.893752271875 0.65950786875 0.922600803125 0.6837031125 0.9837492984375 0.6984605421875 0.9931558546874999 0.6456161546875 0.993785078125 0.5911146375 0.9936958546874999 0.5910867625 0.9456350828125 0.5762136124999999 0.9015518968749999 0.5718647328124999 0.893752271875 0.65950786875
0 0.96249435 0.8178671546875 0.9826358265625 0.7047158390625 0.9425235703125001 0.6923024875 0.8997662484375001 0.691461690625 0.8873737046875 0.782993953125 0.96249435 0.8178671546875
0 0.9454283265625 0.9137411125 0.9628990937499999 0.8155933984375 0.9217857515625001 0.7978474171875 0.8746955828124999 0.777521625 0.8626582984375 0.8780146249999999 0.9454283265625 0.9137411125
0 0.930073834375 1 0.944457728125 0.9191937671874999 0.9051555515624999 0.902229546875 0.85395775625 0.883066559375 0.8387834562500001 0.9792697078125 0.8974123234375 1 0.930073834375 1
0 0.6599005828125 1 0.61196345625 0.9606326671875 0.5954521421875001 1 0.6599005828125 1