0 0.48388345 0.8084574796874999 0.595889115625 0.755336778125 0.5948869296875 0.688500590625 0.4811826671875 0.7614885484375 0.48388345 0.8084574796874999
0 0.37671596093750004 0.8180826046874999 0.50838008125 0.744519221875 0.501909821875 0.6958136109375 0.3728700390625 0.7779610203125 0.37671596093750004 0.8180826046874999
0 0.3496515734375 0.61091505625 0.4790636390625 0.5702388265625 0.47373851875 0.5146858609375 0.34521397343750004 0.5646209171875001 0.3496515734375 0.61091505625
0 0.33756035624999997 0.5035702078125001 0.4634987875 0.46424356875 0.46338412812499996 0.40666621562499994 0.332531078125 0.45110351406250004 0.33756035624999997 0.5035702078125001
0 0.4338582125 0.418137778125 0.56408135625 0.34833547187499997 0.564262534375 0.2938443953125 0.426204596875 0.3570870625 0.4338582125 0.418137778125
0 0.164661325 0.6731848125 0.3104776078125 0.578116875 0.30659346875 0.518802840625 0.1552708875 0.612808903125 0.164661325 0.6731848125
0 0.16404135625 0.798273153125 0.328409178125 0.7088023328124999 0.317539546875 0.6329950421875 0.1578287171875 0.73346136875 0.16404135625 0.798273153125
0 0.0247236125 0.81078581875 0.1821059453125 0.70482174375 0.19503653125 0.651779625 0.0188068140625 0.74906030625 0.0247236125 0.81078581875
0 0.2029878296875 0.9849438546875 0.24589283750000002 0.9818115765625001 0.345940178125 0.92927750625 0.3472664921875 0.8679390687499999 0.1979383484375 0.9451641593750001 0.2029878296875 0.9849438546875
0 0.19202155 0.8834386453124999 0.32923018593750003 0.8301296046875001 0.3314058015625 0.7588575421875 0.1838144765625 0.8354078265625 0.19202155 0.8834386453124999
0 0.079822934375 0.9939354796875 0.1217312125 0.9908759796875 0.212090515625 0.9236596046875001 0.20794875625000003 0.8804517359374999 0.0745860390625 0.9738823609375 0.079822934375 0.9939354796875
0 0.34802941875000004 0.6691672015625 0.43283766718749994 0.6330158265625 0.4440314296875 0.58064850625 0.34155916249999996 0.620461590625 0.34802941875000004 0.6691672015625
0 0.44569180937499997 0.5415888062499999 0.5732523953124999 0.44401001406249996 0.5664862984375 0.39221813125 0.44007085312500005 0.48294957656250004 0.44569180937499997 0.5415888062499999
0 0.46155250312499996 0.650670340625 0.5841602515625001 0.5390097640625 0.5776899921875 0.49030415312500003 0.45101692968749996 0.5971417640625 0.46155250312499996 0.650670340625
0 0.6031222953125 0.6052705281249999 0.6841992953125 0.5865749171875 0.6881499453125001 0.5338205140625 0.6035993093750001 0.553865721875 0.6031222953125 0.6052705281249999
0 0.6082463765624999 0.41440788125 0.6847046 0.40390922187499995 0.69589836875 0.351541903125 0.606986578125 0.363677875 0.6082463765624999 0.41440788125
0 0.7050212515625 0.277570653125 0.830368 0.23207147187500002 0.8264838609374999 0.1727574375 0.704019065625 0.210734465625 0.7050212515625 0.277570653125
0 0.7310070109375 0.379517125 0.84619046875 0.32196055625 0.8379833953125001 0.27392974375 0.7311881859375 0.32502604218750003 0.7310070109375 0.379517125
0 0.74882391875 0.45262522968749996 0.8568024843750001 0.41387402812499996 0.8541017046875 0.366905090625 0.7539579296875 0.4122159234375 0.74882391875 0.45262522968749996
0 0.5886643640625 0.473235465625 0.6576982953125 0.5168407984375001 0.6738066703125 0.45936281250000005 0.59926645 0.4146956046875 0.5886643640625 0.473235465625
0 0.601365615625 0.3050386390625 0.6850669500000001 0.2949270625 0.6861356468750001 0.24969480625 0.6027301515625 0.262892653125 0.601365615625 0.3050386390625
0 0.7305399265625 0.5813752703125 0.813391965625 0.5811973187499999 0.8121321625 0.5304673125 0.7405503296875 0.516662846875 0.7305399265625 0.5813752703125
0 0.777615190625 0.5086646453125 0.8578046671875 0.4807102078125 0.857690003125 0.423132846875 0.7740268953125 0.45243688125 0.777615190625 0.5086646453125
0 0.6390320890625001 0.45366631875 0.7456079 0.43786864531249997 0.751257146875 0.36524699374999997 0.63112085625 0.40872178437500006 0.6390320890625001 0.45366631875
0 0.0077870421875 0.6792042015625 0.17175155 0.596802090625 0.1771049609375 0.521094159375 0.00011215468749999999 0.5991378609375 0.0077870421875 0.6792042015625
0 0.210553228125 0.5881290906250001 0.2969836359375 0.49372555625 0.2879272640625 0.4556283609375 0.1925169265625 0.5503196046875 0.210553228125 0.5881290906250001
0 0.0374065109375 0.924303221875 0.2008868171875 0.8255735765625 0.1984436546875 0.762498465625 0.0323390109375 0.8526440828125 0.0374065109375 0.924303221875
0 0.3665144453125 0.7868327640625 0.449251821875 0.7290774515625 0.455235128125 0.678734528125 0.35771569375 0.7326293890625 0.3665144453125 0.7868327640625
0 0.11294741875 0.4531857078125 0.276427728125 0.3544560625 0.289911771875 0.2883940484375 0.112794534375 0.37641589531249997 0.11294741875 0.4531857078125
0 0.28144707812499997 0.256469409375 0.4209459921875 0.1894656671875 0.428923740625 0.1223417640625 0.2813324140625 0.1988920484375 0.28144707812499997 0.256469409375
0 0.11149651093749999 0.3064934375 0.2683636078125 0.232741721875 0.26359195 0.1641688546875 0.106429015625 0.23483430625 0.11149651093749999 0.3064934375
0 0 0.27965924375 0.0919810109375 0.25325258281249996 0.1005122171875 0.1731087921875 0 0.204726284375 0 0.27965924375
0 0.052427635937499995 0.12968725625 0.0654800109375 0.18351846562500002 0.22959022031249998 0.11015383281249999 0.2290463328125 0.061066403125 0.052427635937499995 0.12968725625
0 0.2522452984375 0.1397663546875 0.40453184062499997 0.093404034375 0.42004854218750004 0.02975349375 0.2518347953125 0.0791027296875 0.2522452984375 0.1397663546875
0 0.38622113593749996 0 0.37790586406250004 0.0032306937500000002 0.387936515625 0.0518334859375 0.45872751562499997 0 0.38622113593749996 0
0 0.39825269375 0.1406606875 0.5426662203125 0.0685462703125 0.5376369453125001 0.0160795828125 0.397584565625 0.096103221875 0.39825269375 0.1406606875
0 0.4004764578125 0.2390344171875 0.545777503125 0.1761788328125 0.547514321875 0.1755040421875 0.5514649765625 0.12274963125 0.399512496875 0.1913906875 0.4004764578125 0.2390344171875
0 0.6044497171875001 0 0.6081118531249999 0.055923846875 0.6857152125 0.038577832812500004 0.691008965625 0 0.6044497171875001 0
0 0 0.3594163265625 0.0811213015625 0.32789863124999996 0.0754621234375 0.25006693750000003 0 0.2812201109375 0 0.3594163265625
0 0 0.439708625 0.1449447828125 0.37352836875 0.136107809375 0.30013254218749996 0 0.3576742703125 0 0.439708625
0 0.4396886390625 0.2910250484375 0.5522859812500001 0.244076903125 0.554757434375 0.17589111875000002 0.43639618281250003 0.23788356249999998 0.4396886390625 0.2910250484375
0 0.2896541515625 0.30450022187500003 0.3903896078125 0.2653619375 0.39315690000000003 0.2002624375 0.283737353125 0.2427747078125 0.2896541515625 0.30450022187500003
0 0.4796270265625 0.7076722640625001 0.5973965999999999 0.6395072640625 0.5955451203125001 0.5826047078125 0.4670587984375 0.6517322156249999 0.4796270265625 0.7076722640625001
0 0.32096503125 0.461999653125 0.4156025109375 0.41562693125 0.41463855 0.36798320156250003 0.314198934375 0.41020775625 0.32096503125 0.461999653125
0 0.8589454890624999 0 0.84289019375 0.007301229687499999 0.8460177359375001 0.049331721875 0.8806295421874999 0.034282465625 0.9443431515625 0.003121346875 0.9443682203125 0 0.8589454890624999 0
0 0.7681664765625 0 0.7423253609375 0.0207461875 0.751554996875 0.070016 0.8256582984374999 0.015597943750000001 0.825099965625 0 0.7681664765625 0
0 0.8892487250000001 0.3592800828125 0.97034224375 0.32136643125000003 0.973445690625 0.2785167296875 0.8882841125000001 0.3116041671875 0.8892487250000001 0.3592800828125
0 0.9708337328125 0.204252125 0.878810840625 0.212776625 0.84884005 0.2292261109375 0.8510985968749999 0.27159424374999996 0.8873003765625 0.25432554218750003 0.9749591703125 0.2378864578125 0.9708337328125 0.204252125
0 0.977886675 0.1322107984375 0.9495670578125001 0.1516505625 0.9563186 0.193874721875 0.9820404843749999 0.175544409375 0.977886675 0.1322107984375
0 0.873520371875 0.17639156250000002 0.96737190625 0.1399278546875 0.96396745 0.104411715625 0.8716867640625001 0.129053278125 0.873520371875 0.17639156250000002
0 0.7550841312500001 0.3137033609375 0.8432776359374999 0.27463288124999996 0.8417209421875 0.2207802359375 0.7506244109375 0.25777525 0.7550841312500001 0.3137033609375
0 0.6102387671875 0.3635727078125 0.733359240625 0.322144034375 0.7320985859375 0.27137976406250003 0.6115659765625 0.30219284687500003 0.6102387671875 0.3635727078125
0 0.8965923531250001 0.40768097187499996 0.9555169140625001 0.37357544374999996 0.95775136875 0.33106336875000003 0.896348709375 0.35812325 0.8965923531250001 0.40768097187499996
0 0.8834950734374999 0.30865975625000003 0.9473758218749999 0.28864553437499996 0.9506272875 0.2473400140625 0.8815134421874999 0.2597772921875 0.8834950734374999 0.30865975625000003
0 0.9054352953125001 0.48112636093749994 0.9660787281250001 0.43674288125 0.9621013140624999 0.40465272187499995 0.9056548375 0.44580388906249996 0.9054352953125001 0.48112636093749994
0 0.6256941703125001 0.18074284062499998 0.71160274375 0.1152448609375 0.6966940390625 0.07285680624999999 0.620092578125 0.1411627984375 0.6256941703125001 0.18074284062499998
0 0.9536164578124999 0.4558163546875 0.9034656906249999 0.48470492343749993 0.8522448921875 0.47482706874999997 0.8471990500000001 0.5049986671875 0.913328690625 0.52318963125 0.9594800703124999 0.48018206250000006 0.9536164578124999 0.4558163546875
0 0.7275129921875 0.0264143125 0.6100637953125 0.0687246046875 0.5730991125 0.073121215625 0.5810407953125 0.13646974375 0.6206889296875 0.12106543125 0.733305853125 0.067345784375 0.7314640031249999 0.0481311734375 0.7302757640624999 0.055236243750000004 0.7275129921875 0.0264143125