0 0.566335596875 0.8282156546874999 0.5540241484374999 0.7686526546875 0.4658455078125 0.6450655484375 0.250489971875 0.8055553515625 0.3096732140625 0.9344650046874999 0.35031576875 0.945820121875 0.566335596875 0.8282156546874999
0 0.39747628125 0.5957928140625001 0.395162109375 0.5558982921875 0.32311198124999996 0.4723578296875 0.2055785046875 0.534252234375 0.230386559375 0.6184008515625 0.282207984375 0.6787750531250001 0.39747628125 0.5957928140625001
0 0.8362243203125 0.49643815468749997 0.8283452109375 0.44143743124999996 0.714100640625 0.387146053125 0.63056120625 0.45355214843749997 0.62764259375 0.49978313906249994 0.74301975 0.5646184359374999 0.8362243203125 0.49643815468749997
0 0.3198503625 0.386942 0.3688893203125 0.43976309531249996 0.5372477765625 0.37391489375 0.52686935625 0.3139970484375 0.4901418484375 0.3207389515625 0.4229052109375 0.2820101328125 0.3244188546875 0.3377201921875 0.3198503625 0.386942
0 0.7717974375 0.2636608078125 0.703155921875 0.3219562546875 0.839142934375 0.450207165625 0.9193826093749999 0.389782696875 0.7717974375 0.2636608078125
0 0.68998945 0.67649525 0.6906428859375 0.609176425 0.5707843796875001 0.5209721593750001 0.47291332031250005 0.6007608671875 0.4703268546875 0.668434521875 0.5581733484375 0.7705789515625 0.68998945 0.67649525
0 0.0176556328125 0.6198195265625001 0.033987128125 0.771859021875 0.23845080937500002 0.638424165625 0.22510476875 0.605930621875 0.19398034375 0.5363812546875 0.0176556328125 0.6198195265625001
0 0.19075129375 0.78157789375 0.045032378125 0.874685734375 0.0568203671875 0.9844270421875001 0.2313067078125 0.8655237874999999 0.19075129375 0.78157789375
0 0.6217728015625 0.26163264375 0.6116775234375 0.20435078125 0.5502889640624999 0.1833641390625 0.437988278125 0.2389220796875 0.4320530515625 0.29377068125 0.4870762375 0.310549871875 0.6217728015625 0.26163264375
0 0.006613934375 0.3869433828125 0.150631609375 0.3346781109375 0.1399210359375 0.25331759531250003 0.0051240390625 0.29977808437500003 0.006613934375 0.3869433828125
0 0.1844023546875 0.465564665625 0.172041903125 0.38719496875 0.007954448437500001 0.46536927656250004 0.00887354375 0.5191402234375 0.0124609921875 0.5347585265625 0.1844023546875 0.465564665625
0 0.2998558046875 0.34760502656250003 0.16874214062499998 0.39317660625 0.17303834375 0.45152297812500003 0.3080670546875 0.424048415625 0.2998558046875 0.34760502656250003
0 0.41299507812499997 0.1897508671875 0.392902515625 0.112800521875 0.31869606250000004 0.155989765625 0.2506589875 0.128159696875 0.2345413359375 0.1983172125 0.31054466875000003 0.2085572234375 0.41299507812499997 0.1897508671875
0 0.5427801484375 0.0584086171875 0.41934959374999997 0.083754159375 0.4239779421875 0.1635432015625 0.554008015625 0.1262343984375 0.5427801484375 0.0584086171875
0 0.561740121875 0.12481504843749999 0.47423663281249995 0.154317446875 0.47796653906250003 0.20739185624999998 0.5682524953125 0.18544256406249998 0.561740121875 0.12481504843749999
0 0.9586202859374999 0.49816207500000004 0.9568724062499999 0.46353951562500006 0.90816559375 0.43216107968750006 0.847207184375 0.47023048437500004 0.83330570625 0.54266914375 0.8805967812500001 0.5608676859374999 0.9586202859374999 0.49816207500000004
0 0.5764746046875 0.3720901109375 0.5548791640624999 0.3545506546875 0.5063193546875 0.3795922765625 0.5247130359375001 0.44072675468750006 0.5894503546875 0.4745384515625 0.7180156906249999 0.40524306875000005 0.7040543593749999 0.34867087812499997 0.664778534375 0.33168896875 0.5764746046875 0.3720901109375
0 0.40242592187500004 0.5868203671875001 0.2698093828125 0.691802825 0.2360004875 0.6523137390625 0.17805869531250001 0.6817655312500001 0.2231444578125 0.807887084375 0.44793097656249997 0.6617938078125001 0.40242592187500004 0.5868203671875001
0 0.4320530515625 0.29377068125 0.423558653125 0.21469131406250003 0.3419032390625 0.26193587812499997 0.28796364531249996 0.236893909375 0.283727296875 0.30755838281250003 0.33130152343749997 0.3283929046875 0.4320530515625 0.29377068125
0 0.975097375 0.24784560625 0.9068261515625 0.23618625 0.8958922843750001 0.28120060625 0.9650129484375001 0.3007678984375 0.975097375 0.24784560625
0 0.9213047734375 0.2792237078125 0.841435390625 0.269693371875 0.8445990078125 0.3174958296875 0.910136765625 0.340408771875 0.9213047734375 0.2792237078125
0 0.998142753125 0.35228544687499996 0.9932514687499999 0.3067496390625 0.9265865625 0.29169393125 0.9283834453124999 0.34512318125 0.9969378156250001 0.359418515625 0.998142753125 0.35228544687499996
0 0.9441090937500001 0.1245121484375 0.883003684375 0.10616148437499999 0.8770684578125 0.161010090625 0.9395406015625 0.1737339578125 0.9441090937500001 0.1245121484375
0 0.81813021875 0.12613387812500002 0.7656553515625 0.1330784953125 0.759436984375 0.1852911171875 0.8196929531249999 0.19573384062500002 0.81813021875 0.12613387812500002
0 0.6686445890625 0.3309792984375 0.6541169609375 0.2691351484375 0.6231395359375 0.2560058453125 0.5569483390625 0.3004117234375 0.542148421875 0.3461357546875 0.5891563515625 0.36169831406249997 0.6686445890625 0.3309792984375
0 0.819072078125 0.5936651328125 0.7005530203125 0.7014356921875 0.7180972578125 0.7546622281250001 0.8294015078125 0.6347762875 0.819072078125 0.5936651328125
0 0.28202841875 0.2917425109375 0.0942906921875 0.3423323984375 0.10250194531250001 0.4187757921875 0.29023966875 0.3681858984375 0.28202841875 0.2917425109375
0 0.9194098953125 0.188181075 0.8403409484375001 0.1677519890625 0.8288897937499999 0.226301075 0.9101749109374999 0.249011303125 0.9194098953125 0.188181075
0 0.40939328125 0.098439196875 0.40280445625 0.0370999515625 0.3427530546875 0.018933909375 0.24580833124999998 0.0700889359375 0.24895913281249998 0.1278893609375 0.3122289296875 0.14754957500000002 0.40939328125 0.098439196875
0 0.7209020265625 0.06627644687499999 0.6958517468750001 0.0750447234375 0.6974271484375001 0.10394494218749999 0.7149805109375 0.096552834375 0.7209020265625 0.06627644687499999
0 0.803165390625 0.22005728125 0.7502476796875001 0.22560123437500001 0.74370528125 0.264331425 0.8066794328125001 0.2527715421875 0.803165390625 0.22005728125