0 0 0.8707193109375 0.1574378125 0.92273335625 0.1876370125 0.8545773109375 0.028761142187499998 0.7631712562499999 0 0.76203829375 0 0.8707193109375
0 0 0.74889505 0.0237392 0.752531278125 0.1749822875 0.8354284218749999 0.19338887031250002 0.7786437609375 0.036855132812500004 0.6730434390625 0 0.673536578125 0 0.74889505
0 0 0.6457187671875 0.0648371828125 0.640377571875 0.20095267031250003 0.7601874109375 0.2276601828125 0.6941707671875 0.0836432171875 0.5537888 0 0.5756469281250001 0 0.6457187671875
0 0 0.51888645625 0.1207940625 0.47924796093750005 0.2564411296875 0.60189665 0.26888890781249997 0.5401497281250001 0.1342476796875 0.43878860625 0 0.46394716718750006 0 0.51888645625
0 0.8888661828125001 1 0.8746056046874999 0.976760528125 0.5877226703125 0.867012571875 0.5746757125 0.9734656890625001 0.6323611671875 1 0.8888661828125001 1
0 0.934254475 1 0.9610030046875 0.8378931671875 0.9328356375 0.774471378125 0.6268779703125 0.7392489999999999 0.6229998078125 0.80382715 0.6232685124999999 0.8158903562500001 0.6467042578125 0.8655435499999999 0.8612137499999999 0.9483872718749999 0.9061404703125 1 0.934254475 1
0 0.9503671328125 0.6545318171875001 0.6634224328125 0.613616478125 0.6572021453125 0.692388871875 0.9613550875 0.7659319328125 0.9503671328125 0.6545318171875001
0 0.9783419703125 0.5260680718749999 0.6948142078124999 0.5192113109375 0.6907363296875 0.598691521875 0.9758073296875001 0.650962278125 0.9783419703125 0.5260680718749999
0 0.4315194046875 0.70464285625 0.4228880078125 0.77064424375 0.433000875 0.81888945625 0.5978973046875 0.8464251781250001 0.6109442625 0.7399720671875001 0.4315194046875 0.70464285625
0 0.6618791953125001 0.5682024828125 0.4947713796875 0.5129936828125 0.48881979218750005 0.6038292937499999 0.6385196421875 0.64131244375 0.6618791953125001 0.5682024828125
0 0.7639632171875 0.40135701093750004 0.7728705296875 0.44321671093750004 0.9981765453125 0.46446129375 0.998709625 0.34228945 0.7594714625 0.3190455890625 0.7639632171875 0.40135701093750004
0 0.5432005296875 0.8493098171875 0.4025387375 0.8118190328124999 0.3849382625 0.904793321875 0.532027275 0.9444075218749999 0.5432005296875 0.8493098171875
0 0.3820515078125 0.799063278125 0.27225130000000003 0.7388388 0.2548505546875 0.8169110281249999 0.36391362968749996 0.86791115 0.3820515078125 0.799063278125
0 0.4174593953125 0.694010521875 0.297684275 0.639471371875 0.2879163078125 0.7260525171875 0.4022010546875 0.77279055625 0.4174593953125 0.694010521875
0 0.4703370203125 0.53785080625 0.3594002328125 0.4982060828125 0.3424679078125 0.57343945625 0.46411673281250004 0.61662320625 0.4703370203125 0.53785080625
0 0.7300223703125 0.42906061093750003 0.5797851171875 0.36745104375 0.5633212203125 0.4398455671875 0.7171061578125 0.49364639375 0.7300223703125 0.42906061093750003
0 0.3089193 0.47554105625 0.3253831921875 0.403146528125 0.207612525 0.29538464375 0.0441285875 0.35513024375 0.048282657812500004 0.3984131890625 0.1875319578125 0.34862264375 0.3089193 0.47554105625
0 0.37492006718750004 0.3356913828125 0.2720772703125 0.20591885 0.2296357703125 0.25775650625 0.3453330203125 0.3917758671875 0.37492006718750004 0.3356913828125
0 0.6465230171874999 0.236825728125 0.6262427296874999 0.30496579375 0.777947025 0.28922619374999997 0.8316379671874999 0.2650539890625 0.8300947296875 0.21964 0.6465230171874999 0.236825728125