0 0.18618246562500002 0.1891230546875 0.1496089421875 0.19876233125 0.14596112187500002 0.1988545875 0.1437817078125 0.22565370156250003 0.1604924765625 0.23845284218749999 0.188702453125 0.24615326093749998 0.2193615625 0.24838283749999998 0.24793660156250003 0.2686947875 0.2784050109375 0.2883578703125 0.2982160125 0.28214745625000004 0.306996375 0.2611912875 0.31143422656249997 0.24635482656250002 0.298188746875 0.22715766875 0.275519965625 0.21871612499999998 0.2352631921875 0.1971971359375 0.21070103125 0.1894044625 0.18618246562500002 0.1891230546875
0 0.1729560859375 0.2486549453125 0.14843751562500002 0.24837353750000002 0.123632909375 0.2742423703125 0.1246926609375 0.280826440625 0.124319440625 0.2919541796875 0.1306425078125 0.30020811406250003 0.1592257109375 0.2967807984375 0.1765875828125 0.2960412234375 0.196763640625 0.3024423421875 0.22954224218750002 0.3178400765625 0.2696600828125 0.340564559375 0.28490245000000003 0.3266568265625 0.2753047859375 0.30736741875 0.26118208125 0.28789195156249997 0.23906904999999998 0.274628440625 0.22327909375 0.2696188703125 0.1963631484375 0.2585802875 0.1729560859375 0.2486549453125
0 0.1965293546875 0.31236458749999996 0.17155038281249999 0.308188390625 0.14643246875 0.30521768437499996 0.1305907578125 0.3164361203125 0.1209331765625 0.3371139734375 0.119639140625 0.340452140625 0.1204646046875 0.3569584625 0.1300186796875 0.3687366140625 0.144983171875 0.35723987031250004 0.16409948125 0.3570569125 0.1912933046875 0.3656845109375 0.21774883906250003 0.372828309375 0.24291034374999998 0.3833102765625 0.26691675 0.3959249078125 0.28100402343750003 0.384149853125 0.27810265156249997 0.36198664062499997 0.25973278906249997 0.33991413593750003 0.2398346046875 0.3311020328125 0.221091515625 0.3201572546875 0.1965293546875 0.31236458749999996
0 0.138052596875 0.3700359078125 0.12350491875 0.37791618437499996 0.11472455781249999 0.39887234843749997 0.1282915078125 0.4231697828125 0.14329959375 0.41918429843749994 0.16038359062500002 0.42085570624999996 0.1859183125 0.420209934375 0.206094375 0.426611059375 0.24016701562499998 0.4386706203125 0.26763871093749997 0.44488723906249994 0.2710168171875 0.42346670625 0.2644676203125 0.4013957453125 0.24835619531250003 0.39128589687500004 0.2186696515625 0.3806178796875 0.201125253125 0.37505168437499997 0.173792496875 0.36762958125 0.155370875 0.36178508125 0.138052596875 0.3700359078125
0 0.11447395 0.4562731140625 0.120380203125 0.46814352656249997 0.1379246046875 0.4737097171875 0.1558858203125 0.47565943437499997 0.173847034375 0.4776091578125 0.19384056249999998 0.47770450468750003 0.2118017734375 0.47965422343749997 0.2435206328125 0.4884678796875 0.2571910890625 0.48030930468750005 0.25719925312499997 0.45657003749999997 0.23319284375 0.4439554015625 0.2026290859375 0.4330090765625 0.1618601515625 0.4238233046875 0.1178084609375 0.4273413265625 0.11447395 0.4562731140625
0 0.10739627656249999 0.4940139125 0.0950634421875 0.50634558125 0.0670278328125 0.5286902015625 0.0725608625 0.5516883375 0.08308750312499999 0.5550280484375001 0.1091262265625 0.5657883265625 0.1287982890625 0.5607834078125 0.14795819062499999 0.5681117125 0.17648963281250002 0.5809124078125001 0.20839102812500002 0.5960318203125 0.22944430468750002 0.60271125 0.23521978125 0.592047890625 0.2388757609375 0.568216375 0.23537504375 0.5433638640625 0.2169098328125 0.530008103125 0.1844526921875 0.5197106515625001 0.14599395312500002 0.5062595375 0.10739627656249999 0.4940139125
0 0.33694446875 0.31692684843749996 0.3569379953125 0.31702220625 0.392582546875 0.32333262500000004 0.42767134687499997 0.3344650109375 0.4393176484375 0.3044215265625 0.45114648749999997 0.280683815625 0.43254234062499997 0.26853354375 0.3823582703125 0.246364125 0.3421886828125 0.2398676515625 0.31462164062500003 0.24236778750000001 0.30865546875 0.2704646578125 0.2898960546875 0.3069984078125 0.3022643203125 0.3259172609375 0.33694446875 0.31692684843749996
0 0.2978618984375 0.3720042390625 0.323075153125 0.366258190625 0.35184088281250003 0.36913664062499996 0.389561340625 0.38110395625 0.416477284375 0.39214254375 0.42862758593750006 0.3735050984375 0.4274370671875 0.34438725 0.394241640625 0.3326059890625 0.36210597187500004 0.327408809375 0.330430703125 0.3261064125 0.3025857890625 0.3310175328125 0.27921415625 0.3523427125 0.283270625 0.37237325 0.2978618984375 0.3720042390625
0 0.386956953125 0.435258815625 0.425372096875 0.44119867343749997 0.430782515625 0.4179237765625 0.41767597656250005 0.39752112031250003 0.38669539375 0.390191265625 0.3597794578125 0.379152684375 0.3199313359375 0.3777564890625 0.28802178437500003 0.38637633125000004 0.27083428593750003 0.417160934375 0.2984449140625 0.42217205937499996 0.34036894218749997 0.4292251578125 0.386956953125 0.435258815625
0 0.281717825 0.4568514515625 0.2966305625 0.4615827125 0.319533625 0.4601020109375 0.3588695890625 0.47383143437499997 0.3797403359375 0.47420510312499997 0.4095658203125 0.483667625 0.4180683015625 0.46512244062499997 0.41433329687500003 0.45019218437499997 0.3884771046875 0.4457376734375 0.36654660625 0.438779934375 0.333533715625 0.4333044453125 0.292764784375 0.4241186734375 0.2788600390625 0.4421994953125 0.281717825 0.4568514515625
0 0.45052265625 0.349212315625 0.46742412031249997 0.3445779625 0.503668015625 0.35357766874999996 0.5418052890625 0.3619285046875 0.5609651875 0.369256815625 0.61231571875 0.37642037031250003 0.614453921875 0.333659015625 0.5823466875000001 0.305585625 0.5528790078125 0.294958978125 0.5213326796875 0.2862281296875 0.49219402343749996 0.2808164234375 0.4709886984375 0.279199309375 0.449018828125 0.29125492343750004 0.4376939875 0.32639867968749997 0.45052265625 0.349212315625
0 0.426499925 0.38407620625 0.44773573437499997 0.3970614125 0.4755288984375 0.40837829843750006 0.5059101328125 0.413018859375 0.5386451437499999 0.42090533125 0.5623300859375 0.4284196953125 0.588507746875 0.4379744671875 0.6043494609375 0.4267560375 0.6052784375 0.4108063421875 0.5979909578125 0.38725158125000003 0.5772155546875 0.37816116875 0.534553246875 0.369624271875 0.5083755859375 0.3600694953125 0.4755016328125 0.353388515625 0.453936190625 0.3590423046875 0.426499925 0.38407620625
0 0.4593493984375 0.4619749890625 0.476711265625 0.46123541250000005 0.5069535546874999 0.4670814671875 0.5509534921875 0.47979145624999997 0.5867369796874999 0.4848963796875 0.60627010625 0.4810969515625 0.59445759375 0.45735613593749996 0.5825497390625001 0.44233207031250005 0.5607581749999999 0.4341688421875 0.535640265625 0.431198140625 0.5019844375 0.4155220984375 0.461076565625 0.40754182656250004 0.450637109375 0.4192246203125 0.44088417968750004 0.448619228125 0.4593493984375 0.4619749890625
0 0.4260940546875 0.49016099999999996 0.43656894218750003 0.509728728125 0.45716181562499997 0.5125133749999999 0.49806968749999997 0.520493646875 0.5375445812499999 0.5330175765625 0.568568753125 0.5478586953125 0.5849144609375 0.5480462984375001 0.59078529375 0.528666184375 0.5828031250000001 0.5111388796874999 0.568680421875 0.49166341874999997 0.5476271453125 0.484983984375 0.5204333250000001 0.4763563859375 0.4967483875 0.468842021875 0.46798265624999996 0.4659635765625 0.43515229375000003 0.466793853125 0.4260940546875 0.49016099999999996
0 0.4209097578125 0.5272529234375 0.42446222968749997 0.53587741875 0.43655262031250003 0.5572072546875 0.4574233671875 0.5575809125 0.484617190625 0.566208515625 0.5251082453125 0.5778052609375 0.557470034375 0.5968194734375001 0.59334070625 0.61694691875 0.6003666328125 0.5954341296875 0.5851405859375001 0.5618633265625 0.5631664921875 0.5473943265625001 0.5421132140625 0.540714890625 0.50000665625 0.5273560374999999 0.4701811765625 0.5178935046875 0.43689040625000003 0.514829 0.4209097578125 0.5272529234375
0 0.43081257031250003 0.599121140625 0.450988628125 0.6055222609375 0.4764280078125 0.6135932453125 0.5100402421875 0.6217580265625 0.5422195078125001 0.6344664671875 0.58141653125 0.6494013796875 0.59301108125 0.6355859015624999 0.579904534375 0.6151832546875 0.552945 0.5966334125 0.518733421875 0.5857793375 0.4851211875 0.577614559375 0.43248798749999995 0.5609159781249999 0.42606140625 0.5851180593749999 0.43081257031250003 0.599121140625
0 0.2810340734375 0.5653472234375 0.30587410937500004 0.5707289078125 0.3426737578125 0.5749066578125 0.3697286375 0.58473975 0.40943782031250003 0.5873414343750001 0.42440231562499997 0.575844690625 0.42321179375 0.5467268421875 0.38096629375 0.5345734734375001 0.32159321093750004 0.5132374343749999 0.2759777734375 0.49876533749999996 0.26221196875 0.5156406687499999 0.2436868359375 0.5422521796875001 0.249219871875 0.5652503203125 0.2810340734375 0.5653472234375
0 0.25936512500000003 0.6034570265625 0.28342328906250003 0.5998436515625001 0.30184490625 0.6056881578125 0.34935372187499997 0.6195113859375 0.38693524687499997 0.632684190625 0.410116190625 0.6287925046875 0.4243423984375 0.6158119625 0.4215799609375 0.5924432609375 0.3986768984375 0.5939239625 0.3562924640625 0.58297608125 0.2971019140625 0.567945809375 0.263672203125 0.5660867984375 0.24505989375 0.57767579375 0.23803396875 0.59918858125 0.25936512500000003 0.6034570265625
0 0.2472066640625 0.645833734375 0.28266868437500003 0.6458383796875 0.3054764015625 0.653074434375 0.33631803437499996 0.6616097828124999 0.37477678124999997 0.675060890625 0.40441972656249997 0.6782176515625 0.40729383593749996 0.6453910765625 0.35378341875 0.628414190625 0.314768921875 0.61978504375 0.2742778625 0.6081882937499999 0.24583360937499998 0.6104101203125001 0.2267527296875 0.6418435984374999 0.23602892656250002 0.6560327390625 0.2472066640625 0.645833734375
0 0.230201690625 0.682924109375 0.25028240625 0.6980419734375001 0.2718914375 0.699899434375 0.2879592703125 0.7024980328125 0.35098017187499997 0.7237418156250001 0.38196074687500003 0.7310716734375 0.3904632296875 0.712526478125 0.4063485390625 0.7088193046875 0.409448765625 0.6898097546875 0.3952743046875 0.68656229375 0.3688187734375 0.6794184890625 0.3358058796875 0.673943 0.30450383593749997 0.661512875 0.27481729375 0.650844853125 0.2456347546875 0.6515828796875 0.230201690625 0.682924109375
0 0.41911450781250004 0.6453926296875 0.43434871875000003 0.65522416875 0.4609431921875 0.6611624734375 0.48638257031250004 0.66923345625 0.5276119109375 0.6823140046875 0.5618670781249999 0.7006793421874999 0.5807572734375 0.686679359375 0.5919867578125 0.6602523484375 0.5680239453125 0.6551489734375 0.524440825 0.6388225109375 0.49064605937500005 0.6243519625 0.4520483796875 0.6121063375 0.432193784375 0.6108054890625 0.4186541015625 0.6414978484375 0.41911450781250004 0.6453926296875
0 0.42131303124999997 0.697322559375 0.4388574296875 0.7028887546875 0.477455109375 0.715134375 0.5047878671875 0.722556484375 0.554329003125 0.7345253484375001 0.5677733359375 0.7125497453125 0.561728140625 0.70188483125 0.536427703125 0.692608359375 0.5076183828125 0.6822186515625 0.46814348125 0.6696947171875001 0.44431960625 0.663385853125 0.41624856718750003 0.654479940625 0.417117621875 0.6784975156249999 0.42131303124999997 0.697322559375
0 0.38837916093749997 0.730608853125 0.38796234375 0.73422533125 0.399453390625 0.7528658703125 0.4232772734375 0.7591747343749999 0.4587392890625 0.7591793859375 0.48607204687500005 0.7666014999999999 0.5246261375 0.7713358593749999 0.5510380828125 0.7709684015625 0.560235253125 0.7463957546875 0.5473112375 0.7322988703125 0.520994640625 0.7239495812500001 0.4724696671875 0.7110535375 0.44352140625 0.7018693203125 0.41401739531250004 0.6975070703124999 0.40154562499999996 0.7110442390625 0.38837916093749997 0.730608853125
0 0.0833926453125 0.6076068640625001 0.11072540625 0.6150289671875 0.13861391875 0.6176291093749999 0.17735053125 0.6286692390625 0.21054595312500002 0.6404504953125 0.22703060625 0.6394326140625 0.23271889843750002 0.613746728125 0.18474967656250002 0.5960287171875 0.14979981250000002 0.5836908421875 0.114572078125 0.5737639515625 0.0803605 0.562909875 0.059898403125 0.582659 0.0610453359375 0.6042655921875 0.0833926453125 0.6076068640625001
0 0.07294503125 0.6430289234375001 0.1027705078125 0.6524914515625 0.1210531875 0.6595414453124999 0.15438754999999998 0.67011720625 0.1890595359375 0.684866065625 0.21768632812500002 0.6889500109375 0.2221759375 0.65788554375 0.20181734843750002 0.6451786625 0.1566623125 0.6346013421875 0.12771405 0.6254171203125 0.10624396093749999 0.6223541625 0.0751244453125 0.6162298046875 0.0644071125 0.6303235875000001 0.07294503125 0.6430289234375001
0 0.22756186718750002 0.705828440625 0.2268235859375 0.704344640625 0.22727583281250002 0.731978690625 0.23710778124999998 0.7413458640624999 0.25054395625 0.743109521875 0.2778767140625 0.7505316296875 0.29980721093749996 0.7574893703125001 0.3474549640625 0.770107103125 0.3743273203125 0.7736344296875 0.389760378125 0.7422932015625 0.3713387578125 0.7364486953125 0.3355116796875 0.7238325156250001 0.3027330734375 0.70843479375 0.26944230468749997 0.7053702765625001 0.24589629999999998 0.6966504234374999 0.22756186718750002 0.705828440625
0 0.0777915390625 0.6483152546875 0.062045168750000004 0.6508169453125 0.06508548125 0.6717746578125 0.0726072421875 0.6854071796875 0.0840110984375 0.68902520625 0.1040482234375 0.6966318203124999 0.1287493171875 0.7032189953125 0.158114390625 0.7087867390625 0.17829045 0.7151878593750001 0.20636149218750002 0.7240937656249999 0.2187379140625 0.719273353125 0.20650859062500002 0.699149015625 0.18836484375 0.6908935265625 0.1624650578125 0.6789277609375 0.1282534796875 0.668073684375 0.0985669375 0.65740566875 0.0777915390625 0.6483152546875
0 0.6235175234375 0.41034507031249995 0.6639649875 0.4144305703125 0.693469 0.41879282656249994 0.7396401921875 0.42844295624999995 0.779254028125 0.439761396875 0.79329770625 0.4204750875 0.783100703125 0.398496375 0.768751875 0.3652038796875 0.7426695578125 0.346932359375 0.7042544109375 0.34099250468750003 0.6709636406249999 0.3379279890625 0.6462625421875 0.331340815625 0.631524171875 0.35665458125 0.6168293984375001 0.38947960937500004 0.6235175234375 0.41034507031249995
0 0.605027828125 0.46820710937500004 0.6280698328125001 0.46552091874999996 0.6612652546875 0.4773021734375 0.68315215625 0.47674865781250003 0.7193524609375 0.4782371140625 0.757489734375 0.4865879515625 0.7712555390625 0.469712625 0.7622572140625 0.45311250000000003 0.7459632578125001 0.43669689062500006 0.720341346875 0.422320146875 0.6993316640625 0.42315197343750005 0.6547759765625 0.41526394531250005 0.621806671875 0.41729971250000003 0.5984350390625 0.438624890625 0.605027828125 0.46820710937500004
0 0.6170147078125 0.52199295625 0.6384412078125 0.5175446578125 0.690197184375 0.5339649234375 0.7398336640625 0.5372170328125 0.7814798171875 0.5466811140625001 0.7737319375 0.5192315703125 0.7559614140625001 0.49984835937499994 0.739893578125 0.497249765625 0.690630325 0.48286991874999996 0.6546643046875 0.4714592234375 0.6176303703125 0.47720372343750006 0.5935204578125 0.49704510312499994 0.5955446125 0.51893 0.6170147078125 0.52199295625
0 0.646363453125 0.575039228125 0.68505648125 0.5785681031250001 0.726146878125 0.5928541468749999 0.7557898328125 0.5960109015625 0.7727430515625 0.5751485375 0.748831984375 0.5538171578125 0.7194669140625 0.54824941875 0.6782375734375 0.5351688703125 0.6329436015625001 0.5257970328125 0.5905510078125 0.5385884234375 0.590725375 0.56863345625 0.6175977265625 0.5721607765625001 0.646363453125 0.575039228125
0 0.6067768859375 0.61871058125 0.6469900703125 0.6327183093750001 0.68715965625 0.6392147828125 0.7192953281250001 0.6444119625 0.7570157859375 0.6563792765625001 0.7822290421875 0.6506332390625 0.7730481953125 0.6277273484375 0.756988515625 0.6013894890625 0.7336686375 0.60648666875 0.70167190625 0.6000839953125 0.653285871875 0.58598245625 0.612377996875 0.5780021734375 0.6053520781249999 0.5995149671875 0.6067768859375 0.61871058125
0 0.590839825 0.6386457546875 0.588156409375 0.6540388375 0.6023744640625 0.6647975546875 0.6384794171875 0.6750027609375 0.6599495125 0.6780657171875 0.704227328125 0.688364728125 0.7308218015625 0.6943030328125 0.7535859265625 0.6940278265625001 0.7652758234375 0.6714955984375 0.7590916953125 0.66203616875 0.7092726875 0.65247829375 0.6838333046875 0.644407315625 0.640293778125 0.635592109375 0.59948125 0.6188950875 0.590839825 0.6386457546875
0 0.5972773515625 0.7169119953124999 0.6360139640625 0.7279521250000001 0.6654743828125 0.7248031203124999 0.7083192234375 0.7396457828125 0.7454403390625 0.748923809375 0.7567651796875 0.7137800484375 0.7329413 0.7074711796875001 0.69535978125 0.694298375 0.656762096875 0.68205275 0.60546653125 0.669527271875 0.58980734375 0.6870514671875 0.5789946718750001 0.7098620046875 0.5972773515625 0.7169119953124999
0 0.5941689609374999 0.7596608093749999 0.611852296875 0.7640215109375 0.6384031796875 0.762448559375 0.6639379062499999 0.76180279375 0.7069216796875 0.7754399671875001 0.7412721984374999 0.7850885484375 0.7560541671875 0.7672860375 0.7428086828125 0.7480888796875 0.7160752687499999 0.743356065625 0.6868491296875 0.7365828265625 0.64871185625 0.7282319890625 0.5994486015625 0.713852146875 0.5812531015625 0.7218246625 0.567852359375 0.7513115265625 0.5941689609374999 0.7596608093749999
0 0.6258279015625 0.8084417453125001 0.6722769640624999 0.8156808968749999 0.7189085625 0.829225809375 0.73991825 0.828393984375 0.750262359375 0.8254279296875 0.7432527609374999 0.799462190625 0.72086185625 0.7886096625000001 0.699070296875 0.780446434375 0.6602383328125 0.7781230484375 0.6196083359375 0.76773179375 0.583824846875 0.7626268640625 0.5581430234375 0.788217396875 0.5860751296875 0.79832879375 0.6258279015625 0.8084417453125001
0 0.801723953125 0.4893756953125 0.8552425359375 0.4826133203125 0.8876560781249999 0.48539952187499996 0.9279128546875001 0.5069185046875 0.93789190625 0.4913409234375 0.9294057421874999 0.4624075875 0.917045640625 0.4197494671875 0.889947171875 0.40240512031250003 0.8424383515624999 0.388581890625 0.7993592296875 0.3836614734375 0.787304265625 0.3935821625 0.792047265625 0.4313245046875 0.7809131218750001 0.449034765625 0.779471984375 0.477317684375 0.801723953125 0.4893756953125
0 0.780697940625 0.537686059375 0.8240549453125 0.5401954953125 0.85060583125 0.5386225437500001 0.89506616875 0.555227315625 0.9173181359375 0.56728533125 0.9358786921875 0.5719243421875 0.9351049843749999 0.539190015625 0.9254637265625 0.5123893484375001 0.8944395578125001 0.49754823437500006 0.8630421671875 0.493834853125 0.8176528515625 0.4931797828125 0.7782651359375 0.4956783640625 0.7716996218750001 0.521085940625 0.780697940625 0.537686059375
0 0.8757946015625 0.60409429375 0.8977250968750001 0.6110520328125 0.9274116453125 0.6217200546874999 0.9303729296875 0.6039159890625 0.9083552453125 0.581935734375 0.87964126875 0.5628292765625 0.8608028390625 0.5606012546875 0.823820659375 0.5501177390625 0.7950985234375 0.55475054375 0.7696073906249999 0.5629075765625 0.7731880828125 0.6000606515625 0.796054765625 0.5937906359375 0.8225620593749999 0.58470641875 0.8586234218750001 0.5874003703125 0.8757946015625 0.60409429375
0 0.7803874171875 0.6350540984374999 0.826602203125 0.6522154890625 0.870419609375 0.6586197125 0.8911950109375001 0.6677101249999999 0.9277603750000001 0.6818101140625 0.928967221875 0.663449434375 0.9209414718750001 0.638410875 0.8949027421875 0.627650603125 0.8620287921875001 0.6209696250000001 0.8305878124999999 0.609744984375 0.8105506921875 0.602138375 0.775549078125 0.6060285000000001 0.772309909375 0.62624354375 0.7803874171875 0.6350540984374999
0 0.7859558828125001 0.6893027546875 0.812089953125 0.6913462874999999 0.8421933078125001 0.6983978265624999 0.8772821046875 0.7095302125 0.8945050421875 0.7099961296874999 0.9225760749999999 0.7189020375 0.922488890625 0.703879515625 0.9159832968750001 0.6893198203125 0.88597528125 0.6735515265625 0.82983320625 0.6557397125 0.807485890625 0.6523984453125 0.77774759375 0.657958434375 0.7770011515624999 0.680213896875 0.7859558828125001 0.6893027546875
0 0.7609169953125 0.7250938375 0.777167359375 0.7339981953125 0.8174758875 0.7392891796875001 0.8446261140625 0.740405515625 0.8764839109375 0.748013684375 0.9017843515624999 0.7572901515625 0.9352576453125 0.7666604234375 0.9322173359375 0.74570270625 0.9080283984375 0.7267823046874999 0.881112453125 0.7157437234375 0.85774898125 0.713329640625 0.827367753125 0.70868908125 0.7968039874999999 0.69774275 0.7666488828125 0.7069192171875 0.7609169953125 0.7250938375
0 0.76876021875 0.743826625 0.7529620968749999 0.7625563265624999 0.7564192265624999 0.7798975703125001 0.7809813828125 0.7876902390625 0.8125177062500001 0.7901981250000001 0.84580848125 0.7932626359375 0.8862995343750001 0.8048593859375 0.9225434296874999 0.8138590984375 0.9346937343749999 0.7952216515625 0.9066744484375 0.7700877453125 0.8885307062500001 0.7618322546875 0.8604596640625 0.7529263484375 0.8372351296874999 0.7493067765625 0.81955179375 0.7449460703125 0.798637453125 0.7370611515625 0.76876021875 0.743826625
0 0.5097924171875 0.805366375 0.5403125890625 0.8088014515624999 0.5411979687499999 0.7853404890625 0.5023224140625 0.7755058484374999 0.47221905937499997 0.7684543046875 0.43948404375 0.76056783125 0.3999138 0.7567606515625 0.39967065625 0.7588702656249999 0.388874996875 0.7657541625000001 0.411630965625 0.7892182171875 0.4427504796875 0.7953425765625 0.4655146015625 0.7950673703125 0.5097924171875 0.805366375
0 0.08444916875 0.49386125 0.1769645859375 0.514269515625 0.2488355984375 0.5524032125 0.2530075390625 0.5000659734374999 0.2135278875 0.4875405328125 0.16120240624999999 0.4734948640625 0.1148719015625 0.464136521875 0.08444916875 0.49386125
0 0.41127714062500004 0.48256422343749994 0.3503080421875 0.47088680937499994 0.30246889375 0.458264484375 0.2664362421875 0.44811029375 0.25979360156250003 0.457704853125 0.2561777421875 0.48062953750000004 0.272231359375 0.494666234375 0.3459491328125 0.5167765328125 0.41381223125 0.533196440625 0.4274728171875 0.49536835312500005 0.41127714062500004 0.48256422343749994
0 0.7559928046875 0.8244601203125 0.788152278125 0.8359407765625001 0.8338678749999999 0.8427788203125001 0.8736316453124999 0.852839125 0.9152870859375 0.854556109375 0.919122675 0.82127675 0.7516875546875 0.7901690375 0.7559928046875 0.8244601203125