0 0.2368782875 0.2678909125 0.2238540515625 0.24464923437500002 0.20024762499999998 0.22140755781250002 0.17989725781250002 0.199389125 0.15222075625 0.1944961421875 0.121288196875 0.20428211406250002 0.0976817671875 0.2250773 0.087099578125 0.2495422234375 0.0659351921875 0.2850163609375 0.0691912515625 0.305811546875 0.1001238109375 0.2776768859375 0.1221022109375 0.2629979296875 0.1505927265625 0.2617746828125 0.1872233890625 0.2666676671875 0.2140858765625 0.28256986875 0.2368782875 0.2678909125
0 0.2132718625 0.3180440109375 0.22873814218750002 0.30091856250000004 0.2230400359375 0.2923558359375 0.20838777031250003 0.2850163609375 0.188037403125 0.2801233765625 0.1660590078125 0.2727839015625 0.144894621875 0.2727839015625 0.121288196875 0.2764536390625 0.09849578125 0.28868609843750004 0.07488935625000001 0.30703479218749996 0.0740753421875 0.327829978125 0.1001238109375 0.3180440109375 0.1180321375 0.2996953171875 0.1408245484375 0.2984720703125 0.1652449921875 0.2984720703125 0.188037403125 0.3033650546875 0.2132718625 0.3180440109375
0 0.21571390468749999 0.3266067328125 0.1912934625 0.3155975140625 0.1701290796875 0.3045883 0.14326659218749999 0.302141809375 0.11966016718750001 0.3045883 0.10663593125 0.3155975140625 0.0805874578125 0.331499715625 0.10337987343749999 0.35474139375 0.13024235625 0.35107165625 0.1660590078125 0.349848409375 0.20268966875 0.3669738578125 0.2336222296875 0.3669738578125 0.21652792031249998 0.34740191875000004 0.21571390468749999 0.3266067328125
0 0.2238540515625 0.41223396718750005 0.2214120078125 0.38776904375 0.2092017859375 0.36942035 0.188037403125 0.3669738578125 0.163616959375 0.3608576234375 0.13919652031250002 0.3608576234375 0.115590090625 0.3608576234375 0.096867753125 0.3755365796875 0.08465753125 0.3902155359375 0.091983665625 0.407340978125 0.1098919890625 0.407340978125 0.1408245484375 0.4024479953125 0.169315065625 0.4012247484375 0.20024762499999998 0.4134572125 0.2238540515625 0.43058265625000003 0.2238540515625 0.41223396718750005
0 0.192921490625 0.47584276562500005 0.217341934375 0.490521721875 0.2319942 0.48807522968750006 0.2279241265625 0.45994056875 0.2092017859375 0.4379221359375 0.1945495203125 0.4195734421875 0.1807112734375 0.4097874703125 0.1587328734375 0.4097874703125 0.1310563703125 0.411010721875 0.09849578125 0.411010721875 0.08221548749999999 0.4391453828125 0.058609062499999996 0.4685032890625 0.06349314843750001 0.4856287375 0.07977344374999999 0.4770660109375 0.10175184374999999 0.4648335515625 0.1318703859375 0.46361030625 0.15710484375 0.46361030625 0.178269225 0.4648335515625 0.192921490625 0.47584276562500005
0 0.22955215624999997 0.5247726125 0.21082981875 0.5039774265625 0.2043176984375 0.48807522968750006 0.19617755312500001 0.47951250312499993 0.1774552109375 0.47217302656250004 0.15791885781249998 0.47217302656250004 0.12535826875 0.47217302656250004 0.09361169531249999 0.47094978125000003 0.0854715453125 0.489298475 0.0683772359375 0.4990844421875 0.0862855640625 0.523549365625 0.1172181234375 0.519879628125 0.144894621875 0.521102875 0.1823393015625 0.523549365625 0.2140858765625 0.53578183125 0.23443624375 0.5553537703125 0.22955215624999997 0.5247726125
0 0.2311801859375 0.581041940625 0.23443624375 0.5553537703125 0.2132718625 0.5455677984375 0.18640937500000002 0.5321120921875 0.1733851375 0.530888846875 0.1505927265625 0.5284423546875 0.12291622499999999 0.5284423546875 0.0952397234375 0.527219103125 0.08221548749999999 0.5578002625 0.07000526562500001 0.5785954484375 0.091983665625 0.573702459375 0.1164041046875 0.56147 0.1440806078125 0.5565770156250001 0.166873021875 0.5565770156250001 0.18640937500000002 0.5639164921875001 0.2092017859375 0.5724792125 0.2311801859375 0.581041940625
0 0.20675974218749998 0.61529283125 0.2238540515625 0.6348647703125 0.22222602187499998 0.606730109375 0.2205979921875 0.5834884312499999 0.20757375625000002 0.568809475 0.188037403125 0.5626932453125 0.163616959375 0.5578002625 0.1318703859375 0.5639164921875001 0.09849578125 0.5785954484375 0.0716332984375 0.6018371250000001 0.07570337031249999 0.6079533546875 0.0781454140625 0.617739321875 0.096867753125 0.606730109375 0.126172284375 0.6006138796875 0.1489646984375 0.6006138796875 0.171757109375 0.6018371250000001 0.20675974218749998 0.61529283125
0 0.2271101125 0.647097234375 0.21245784687499997 0.633641525 0.1969915671875 0.621409059375 0.176641196875 0.6091766015625 0.14977871250000002 0.606730109375 0.12291622499999999 0.606730109375 0.0960537375 0.6165160765625 0.083843515625 0.633641525 0.0659351921875 0.6617761859375 0.0789594296875 0.681348125 0.10663593125 0.6691156671875 0.13919652031250002 0.66666916875 0.1676870359375 0.66666916875 0.2092017859375 0.667892415625 0.23606427343749997 0.65932969375 0.2271101125 0.647097234375
0 0.21164383281250002 0.722938496875 0.22955215624999997 0.7070362953125 0.2271101125 0.681348125 0.21571390468749999 0.6703389125 0.1953635375 0.6654459234375001 0.17582718125000002 0.6691156671875 0.1457086359375 0.6715621578125 0.1139620625 0.6715621578125 0.0887276078125 0.6837946171875 0.0618651203125 0.7119292781250001 0.08140147343750001 0.7327244640624999 0.09361169531249999 0.73884069375 0.10500790156249999 0.7302779734375 0.1310563703125 0.7290547265625 0.1489646984375 0.7204920046875001 0.1774552109375 0.719268759375 0.21164383281250002 0.722938496875
0 0.1945495203125 0.776761328125 0.21815594843750002 0.773091590625 0.2311801859375 0.7559661421875 0.2238540515625 0.741287190625 0.21815594843750002 0.72783148125 0.1969915671875 0.72783148125 0.1701290796875 0.7302779734375 0.1505927265625 0.73150121875 0.1245442546875 0.7363942015625 0.10256585781250001 0.7425104375 0.0773314 0.7510731578125001 0.0569810328125 0.769421853125 0.07488935625000001 0.7816543109375 0.0781454140625 0.7816543109375 0.0952397234375 0.780431065625 0.11314804687499999 0.77553808125 0.1343124328125 0.77553808125 0.163616959375 0.77553808125 0.1945495203125 0.776761328125
0 0.2205979921875 0.7828775578125 0.2059457265625 0.780431065625 0.1807112734375 0.7779845734374999 0.1546628 0.7743148359375 0.115590090625 0.7828775578125 0.08465753125 0.7914402843749999 0.0773314 0.8146819624999999 0.0683772359375 0.8367003937499999 0.0691912515625 0.84037013125 0.09361169531249999 0.8391468859375 0.12780031249999999 0.8342539015625 0.1628029453125 0.8269144203125001 0.20838777031250003 0.8244679296875 0.2303661703125 0.8073424812500001 0.2205979921875 0.7828775578125
0 0.37607480781249997 0.28379311406249996 0.35735246875 0.2629979296875 0.341072175 0.24587248125 0.3280479375 0.22752379218750002 0.297115378125 0.22630054687499998 0.2743229671875 0.22140755781250002 0.2580426734375 0.2348632671875 0.2433904078125 0.24587248125 0.2425763921875 0.264221175 0.23525025781250003 0.2801233765625 0.24176237500000003 0.297248825 0.262926759375 0.2996953171875 0.2930453046875 0.2996953171875 0.33048998125 0.3033650546875 0.358166484375 0.3107045296875 0.3809588953125 0.3082580375 0.37607480781249997 0.28379311406249996
0 0.37200473437500003 0.3217137484375 0.35002633437499997 0.3082580375 0.3231638515625 0.3045883 0.3028134796875 0.2935790875 0.2718809203125 0.2960255796875 0.244204421875 0.3045883 0.22873814218750002 0.320490503125 0.2401343453125 0.335169453125 0.2580426734375 0.3339462078125 0.2832771265625 0.3290532234375 0.318279759375 0.3339462078125 0.3459562625 0.3412856890625 0.3752607921875 0.3400624375 0.37200473437500003 0.3217137484375
0 0.345142246875 0.3449554265625 0.3199077890625 0.338839190625 0.29630136406249996 0.3376159453125 0.260484715625 0.3400624375 0.2319942 0.3449554265625 0.2376923015625 0.368197103125 0.251530553125 0.368197103125 0.27920705468749996 0.36942035 0.3142096875 0.36942035 0.3370021015625 0.36575061249999996 0.36223655625 0.35107165625 0.345142246875 0.3449554265625
0 0.3443282328125 0.385322546875 0.3247918796875 0.3804295625 0.2954873484375 0.3730900875 0.2621127453125 0.368197103125 0.2450184359375 0.37920631718750003 0.2425763921875 0.411010721875 0.270252890625 0.4171269515625 0.28978924687499996 0.41590370468750004 0.31583771562499996 0.414680459375 0.34351421875 0.42446642656250005 0.36223655625 0.42324317968749997 0.35735246875 0.40611773281249997 0.3443282328125 0.385322546875
0 0.333746040625 0.4281361640625 0.31583771562499996 0.422019934375 0.2857191703125 0.422019934375 0.25315858125 0.41835019687499997 0.2368782875 0.42935940937500006 0.2271101125 0.447708103125 0.22873814218750002 0.46972653593749997 0.26129873125 0.46361030625 0.2865331859375 0.46361030625 0.3223498359375 0.46972653593749997 0.337816115625 0.45994056875 0.3508403484375 0.440368628125 0.333746040625 0.4281361640625
0 0.3703767046875 0.4954147046875 0.35735246875 0.4831822453125 0.3394441453125 0.47094978125000003 0.3142096875 0.46728004375000004 0.27920705468749996 0.46728004375000004 0.2433904078125 0.46361030625 0.23443624375 0.4807357484375 0.219783978125 0.5015309343750001 0.23525025781250003 0.5259958578124999 0.253972596875 0.5296656015625001 0.2767650109375 0.527219103125 0.31339567343749997 0.5259958578124999 0.3492123203125 0.530888846875 0.358166484375 0.5113169078124999 0.3703767046875 0.4954147046875
0 0.3606085265625 0.5785954484375 0.3630505703125 0.5590235078125 0.3589804984375 0.5382283218749999 0.3280479375 0.541898059375 0.3011854515625 0.5382283218749999 0.26618281875 0.5333353390625 0.2336222296875 0.5321120921875 0.23443624375 0.568809475 0.24176237500000003 0.5847116781249999 0.2718809203125 0.57981869375 0.29223129062500003 0.57981869375 0.31258165781249997 0.5785954484375 0.3345600546875 0.5834884312499999 0.3606085265625 0.5785954484375
0 0.35002633437499997 0.606730109375 0.347584290625 0.58715816875 0.31909377499999997 0.58715816875 0.297115378125 0.5847116781249999 0.267810846875 0.5834884312499999 0.23932033125 0.5859349234375 0.22873814218750002 0.6018371250000001 0.2328082140625 0.625078803125 0.2507165375 0.6299717874999999 0.2694388765625 0.6311950328125 0.29630136406249996 0.633641525 0.3174657453125 0.628748540625 0.3483983046875 0.640981 0.3540964109375 0.6275252953125 0.35002633437499997 0.606730109375
0 0.3418861890625 0.6434274921875 0.31502370156250004 0.640981 0.2906032625 0.6324182781250001 0.26129873125 0.6360880156250001 0.23443624375 0.6373112625 0.23606427343749997 0.664222678125 0.244204421875 0.675231896875 0.2645547890625 0.6801248796875 0.299557421875 0.67400865 0.321535821875 0.6801248796875 0.342700203125 0.6703389125 0.3418861890625 0.6434274921875
0 0.3345600546875 0.7327244640624999 0.3516543671875 0.7241617437500001 0.35328239687499996 0.6984735734374999 0.3483983046875 0.6789016343750001 0.331303996875 0.6874643546875 0.3101396140625 0.681348125 0.2857191703125 0.6789016343750001 0.25560062499999997 0.6789016343750001 0.23525025781250003 0.6911340921875 0.22222602187499998 0.6886876015625 0.2238540515625 0.7082595406250001 0.2319942 0.726608234375 0.2507165375 0.7327244640624999 0.2816490984375 0.7327244640624999 0.3101396140625 0.7302779734375 0.3345600546875 0.7327244640624999
0 0.3646786 0.746180175 0.3540964109375 0.72783148125 0.3280479375 0.73150121875 0.29792939218750003 0.73150121875 0.26618281875 0.73517095625 0.2328082140625 0.73517095625 0.219783978125 0.760859125 0.22955215624999997 0.77553808125 0.24664646562499998 0.7841008031250001 0.27839304062500003 0.780431065625 0.3142096875 0.77553808125 0.3516543671875 0.769421853125 0.3646786 0.746180175
0 0.35328239687499996 0.7706450984375001 0.333746040625 0.7743148359375 0.3093256 0.773091590625 0.2816490984375 0.7779845734374999 0.2450184359375 0.7816543109375 0.23525025781250003 0.7963332671875001 0.22873814218750002 0.8159052078125001 0.2588566875 0.8293609125 0.2816490984375 0.8281376671875 0.301999465625 0.8244679296875 0.33211801093750004 0.8244679296875 0.35246838125 0.8110122234375 0.358166484375 0.7902170374999999 0.35328239687499996 0.7706450984375001
0 0.47131453125 0.4134572125 0.4607323421875 0.3902155359375 0.44852212031249994 0.3730900875 0.430613796875 0.36575061249999996 0.41840357499999997 0.364527365625 0.395611159375 0.35963437656249997 0.3638645859375 0.35963437656249997 0.3459562625 0.36575061249999996 0.33863013125 0.3804295625 0.3508403484375 0.3975550109375 0.3736327640625 0.411010721875 0.3972391890625 0.414680459375 0.4281717484375 0.4195734421875 0.45584825156250003 0.4379221359375 0.47131453125 0.4134572125
0 0.45584825156250003 0.4501545953125 0.4460800765625 0.43669889062499995 0.4289857640625 0.42324317968749997 0.40782138124999995 0.414680459375 0.38258692656250004 0.4134572125 0.3638645859375 0.4207966890625 0.355724440625 0.4379221359375 0.36223655625 0.4574940703125 0.3638645859375 0.48195899999999997 0.3874710140625 0.4770660109375 0.411077440625 0.4844054921875 0.44933613437500003 0.4929682125 0.46968650156249997 0.5076471687499999 0.46643044375000003 0.462387059375 0.45584825156250003 0.4501545953125
0 0.47701263593750004 0.534558584375 0.46643044375000003 0.5186563828125 0.45096416406250006 0.5003076890625 0.43956795625 0.4831822453125 0.41433350156250004 0.47951250312499993 0.38991305781249996 0.4831822453125 0.37281874843749996 0.486851984375 0.3663066296875 0.5137633984375001 0.367120646875 0.5223261203125 0.36956269062499997 0.53945156875 0.398867221875 0.5296656015625001 0.427357734375 0.53945156875 0.451778178125 0.5455677984375 0.47131453125 0.5712559671874999 0.47701263593750004 0.534558584375
0 0.46805847343749996 0.5749257109375 0.4477081046875 0.5492375359375 0.430613796875 0.5443445515625001 0.415147515625 0.534558584375 0.386657 0.534558584375 0.367120646875 0.541898059375 0.3565384546875 0.5590235078125 0.3703767046875 0.5785954484375 0.408635396875 0.57981869375 0.4436380296875 0.5944976453125 0.4672444578125 0.6140695843749999 0.47457058906249994 0.58715816875 0.46805847343749996 0.5749257109375
0 0.47131453125 0.6532134640625 0.4688724875 0.6299717874999999 0.45991832343750005 0.6091766015625 0.44038197031250004 0.592051153125 0.41840357499999997 0.581041940625 0.3947971453125 0.581041940625 0.3663066296875 0.5822651859375 0.3638645859375 0.6079533546875 0.3687486765625 0.6275252953125 0.3850289703125 0.6275252953125 0.4192175890625 0.6299717874999999 0.4411959859375 0.6397577546875 0.4623603703125 0.6617761859375 0.47131453125 0.6532134640625
0 0.41433350156250004 0.6263020484374999 0.38909904375000004 0.6263020484374999 0.3703767046875 0.6275252953125 0.35491042500000003 0.6311950328125 0.3492123203125 0.6483204812500001 0.3492123203125 0.6703389125 0.37200473437500003 0.6715621578125 0.3947971453125 0.6715621578125 0.435497884375 0.66666916875 0.4501501484375 0.6581064484375 0.4411959859375 0.6446507375 0.4281717484375 0.6299717874999999 0.41433350156250004 0.6263020484374999
0 0.4411959859375 0.681348125 0.41677554531250005 0.6789016343750001 0.3972391890625 0.6801248796875 0.36956269062499997 0.675231896875 0.3565384546875 0.6911340921875 0.35735246875 0.7107060328125 0.3752607921875 0.7290547265625 0.393169115625 0.7253849890625 0.41677554531250005 0.726608234375 0.4411959859375 0.7180455140625 0.45991832343750005 0.7082595406250001 0.45747627968750004 0.693580590625 0.4411959859375 0.681348125
0 0.46643044375000003 0.726608234375 0.4411959859375 0.7290547265625 0.417589559375 0.7302779734375 0.39398313125 0.7302779734375 0.3663066296875 0.7376174484375 0.358166484375 0.7584126343750001 0.3606085265625 0.7792078203125 0.386657 0.7792078203125 0.410263425 0.773091590625 0.43468386875 0.76452886875 0.45991832343750005 0.7620823718749999 0.46643044375000003 0.726608234375
0 0.44038197031250004 0.769421853125 0.4216596328125 0.769421853125 0.40619335312500005 0.773091590625 0.3809588953125 0.776761328125 0.3589804984375 0.7865473 0.358166484375 0.8134587156249999 0.38421495625 0.8220214374999999 0.4289857640625 0.8134587156249999 0.4477081046875 0.8085657265625 0.46968650156249997 0.8048959890624999 0.46805847343749996 0.7792078203125 0.4582902953125 0.76452886875 0.44038197031250004 0.769421853125
0 0.551087975 0.462387059375 0.5185273859375 0.46361030625 0.492478915625 0.45994056875 0.47619862187499995 0.4807357484375 0.4688724875 0.5039774265625 0.47457058906249994 0.527219103125 0.4965489890625 0.5186563828125 0.551087975 0.5247726125 0.5958587859375 0.5296656015625001 0.5836485640625 0.5039774265625 0.5657402406250001 0.48195899999999997 0.551087975 0.462387059375
0 0.5869046250000001 0.56147 0.5763224328125001 0.5480142890625 0.5592281234375001 0.54312130625 0.5453898734375 0.527219103125 0.5250395046875 0.5247726125 0.5063171640624999 0.5247726125 0.4867808109375 0.5296656015625001 0.4827107375 0.5565770156250001 0.49817701875 0.56147 0.5112012546875 0.5602467546875001 0.531551621875 0.56147 0.550273959375 0.566362984375 0.56736826875 0.581041940625 0.5755084187499999 0.5712559671874999 0.5869046250000001 0.56147
0 0.560856153125 0.5724792125 0.5405057859375 0.56147 0.5274815484375 0.5578002625 0.5006190625 0.56147 0.48108270937500003 0.568809475 0.48352475312500004 0.58715816875 0.48759482500000006 0.6055068640625 0.5160853421875 0.606730109375 0.5405057859375 0.606730109375 0.56248418125 0.6140695843749999 0.5852765921875 0.6311950328125 0.5852765921875 0.6030603718750001 0.5779504625 0.5859349234375 0.560856153125 0.5724792125
0 0.5885326546874999 0.6324182781250001 0.5657402406250001 0.6165160765625 0.55353001875 0.606730109375 0.5193414 0.606730109375 0.49166489843749994 0.6116230921875 0.47619862187499995 0.6055068640625 0.472942559375 0.617739321875 0.472942559375 0.647097234375 0.4688724875 0.6703389125 0.5038751203125 0.67400865 0.533993665625 0.6691156671875 0.5494599453125 0.667892415625 0.5657402406250001 0.66666916875 0.5909746984375001 0.6764551421875 0.6015568906250001 0.6581064484375 0.5885326546874999 0.6324182781250001
0 0.56248418125 0.6715621578125 0.5429478296875 0.667892415625 0.5177133703125001 0.66666916875 0.48759482500000006 0.667892415625 0.4802686953125 0.6837946171875 0.4631743859375 0.704589803125 0.4794546796875 0.713152525 0.509573225 0.7107060328125 0.5462038875 0.7180455140625 0.5869046250000001 0.7241617437500001 0.6015568906250001 0.7094827875 0.579578490625 0.6862411093749999 0.56248418125 0.6715621578125
0 0.5274815484375 0.7094827875 0.502247090625 0.7119292781250001 0.48352475312500004 0.726608234375 0.475384603125 0.7437336828125 0.48352475312500004 0.760859125 0.512829284375 0.7633056234375 0.54376184375 0.7596358796875 0.5738803890625 0.7571893875 0.590160684375 0.73884069375 0.5657402406250001 0.7168222671875 0.550273959375 0.7094827875 0.5274815484375 0.7094827875
0 0.5348076796875 0.7547428968750001 0.4989910328125 0.7547428968750001 0.4843387671875 0.7743148359375 0.48108270937500003 0.7975565140625 0.509573225 0.8134587156249999 0.531551621875 0.8110122234375 0.5616701671875 0.80367274375 0.58934666875 0.7841008031250001 0.5738803890625 0.7584126343750001 0.560856153125 0.7584126343750001 0.5348076796875 0.7547428968750001
0 0.472942559375 0.3327229625 0.4648024140625 0.31926725624999996 0.454220221875 0.305811546875 0.4387539421875 0.30091856250000004 0.4241016765625 0.287462853125 0.408635396875 0.28379311406249996 0.3882850296875 0.28379311406249996 0.3834009421875 0.297248825 0.36956269062499997 0.3143742671875 0.376888821875 0.33027647031249996 0.39398313125 0.33027647031249996 0.40782138124999995 0.3339462078125 0.422473646875 0.3376159453125 0.44200999999999996 0.3363927 0.456662265625 0.35474139375 0.472942559375 0.3327229625
0 0.45747627968750004 0.35107165625 0.43793992656249997 0.3412856890625 0.422473646875 0.3339462078125 0.4029372953125 0.3290532234375 0.376888821875 0.331499715625 0.367120646875 0.35963437656249997 0.4021232796875 0.3571878859375 0.42979978125 0.36575061249999996 0.4501501484375 0.3755365796875 0.475384603125 0.385322546875 0.4672444578125 0.36575061249999996 0.45747627968750004 0.35107165625
0 0.5616701671875 0.46728004375000004 0.5852765921875 0.447708103125 0.5641122109375 0.42935940937500006 0.563298196875 0.4171269515625 0.55353001875 0.40611773281249997 0.5348076796875 0.3975550109375 0.5168993562499999 0.3938852734375 0.4965489890625 0.3938852734375 0.46561642968749994 0.3938852734375 0.46805847343749996 0.411010721875 0.47457058906249994 0.4195734421875 0.46154635624999996 0.43669889062499995 0.46643044375000003 0.45994056875 0.49410694531250005 0.45382433281249995 0.5396917703125 0.45871732187500003 0.5616701671875 0.46728004375000004
0 0.9717740734375001 0.5088390765625 0.9570894875 0.49456043125000004 0.9346307093749999 0.49456043125000004 0.9216737203124999 0.4997526671875 0.9104443312500001 0.5244157875 0.9234013203125 0.5231177265625 0.9415411015625 0.5179254921875 0.9579532875 0.5192235468749999 0.9743654734374999 0.5348002562499999 0.9950966515624999 0.5283099625000001 0.9907776546875 0.5036468421875 0.9717740734375001 0.5088390765625
0 0.97522926875 0.5399924921875 0.9657274796875001 0.5360983109374999 0.952770490625 0.5244157875 0.936358309375 0.5244157875 0.9216737203124999 0.537396371875 0.91130813125 0.5620594921875 0.9225375203124999 0.5685497875000001 0.9380859046875001 0.559463371875 0.955361890625 0.555569196875 0.97522926875 0.5633575515625 0.9942328515625001 0.555569196875 0.9933690546875 0.5283099625000001 0.97522926875 0.5399924921875
0 0.9899138546874999 0.56076143125 0.9804120656249999 0.5685497875000001 0.9665912796875 0.5659536671875001 0.9424049015625 0.5659536671875001 0.9234013203125 0.569847846875 0.9138995265625001 0.5906167875 0.9190823234375 0.6035973765625 0.9346307093749999 0.5906167875 0.9510428953125001 0.5880206671875 0.9605446843750001 0.5984051421875 0.981275865625 0.6022993171875 0.9950966515624999 0.5906167875 0.9899138546874999 0.56076143125
0 0.9311755125 0.41278272187500004 0.907852934375 0.4023982515625 0.8992149421875 0.408888546875 0.8802113593750001 0.42316719062499997 0.863799178125 0.4439361359375 0.865526775 0.46210895625 0.879347559375 0.45821478125 0.8992149421875 0.45561866718750005 0.9199461234375 0.46989731093750003 0.933766909375 0.46859925156250004 0.9259927156250001 0.43484972187500004 0.9311755125 0.41278272187500004
0 0.8983511421875001 0.49456043125000004 0.8879855531249999 0.48807013593750004 0.8707095703125001 0.48547401562500003 0.8586163812500001 0.49456043125000004 0.863799178125 0.51273325625 0.879347559375 0.511435196875 0.8957597453125 0.511435196875 0.907852934375 0.5192235468749999 0.9190823234375 0.5322041359374999 0.9138995265625001 0.497156546875 0.8983511421875001 0.49456043125000004
0 0.8649503484375 0.5132812625 0.857398734375 0.506297846875 0.8463617593749999 0.49844149687500006 0.8364865703125 0.501060278125 0.823706915625 0.511535409375 0.8144126187499999 0.5220105359375 0.8126699374999999 0.5316127374999999 0.8173170875 0.5377232296875001 0.8283540625000001 0.5228834640625 0.840552825 0.52113760625 0.8510089046875 0.52375639375 0.8626267750000001 0.5281210265625 0.8649503484375 0.5132812625
0 0.857398734375 0.533358590625 0.8475235453125001 0.5246293171875 0.8393910359375001 0.5246293171875 0.825449596875 0.530739809375 0.8161553015624999 0.5420878640625 0.8161553015624999 0.5551817765625 0.8231260218750001 0.55343591875 0.8370674656249999 0.5429607921875 0.849266225 0.551690065625 0.8620458843750001 0.5508171359375 0.8608840953125 0.53946908125 0.857398734375 0.533358590625
0 0.856817840625 0.559546409375 0.8486853343749999 0.551690065625 0.8353247859374999 0.5499442125 0.8231260218750001 0.55343591875 0.8091845781250001 0.5630381203125 0.8126699374999999 0.574386175 0.8219642359374999 0.572640321875 0.834743890625 0.56652983125 0.848104440625 0.5682756828125 0.8608840953125 0.575259103125 0.86320766875 0.56652983125 0.856817840625 0.559546409375
0 0.8504280140624999 0.5831154484375001 0.8422955046875 0.574386175 0.8271922765624999 0.5735132453125 0.8190597671875001 0.5761320328124999 0.8109272578125 0.5883530109375 0.81789798125 0.5988281421874999 0.8324203156250001 0.5935905796875 0.845780865625 0.59533643125 0.8556560546875 0.6093032671875 0.8637885640625 0.5988281421874999 0.8585605234375 0.591844721875 0.8504280140624999 0.5831154484375001
0 0.8893478765625 0.572640321875 0.880053578125 0.570021540625 0.8713401781250001 0.5787508140625001 0.8643694578125001 0.5909717921875 0.8748255374999999 0.6014469234375001 0.8928332359375 0.6040657046875 0.9096791453125 0.612794978125 0.9108409312499999 0.5962093609375 0.9044511046875 0.5883530109375 0.8986421703125 0.5804966671875 0.8893478765625 0.572640321875
0 0.9038702109375001 0.526375175 0.8934141312499999 0.51590004375 0.8812153671875 0.5132812625 0.8719210734375 0.5150271203125001 0.8637885640625 0.5281210265625 0.8713401781250001 0.5377232296875001 0.880053578125 0.5359773718749999 0.8893478765625 0.5368503 0.899223065625 0.5420878640625 0.9120027203125 0.551690065625 0.9143262953125 0.533358590625 0.9038702109375001 0.526375175
0 0.845780865625 0.6005739953125 0.834743890625 0.6005739953125 0.8196406625 0.6005739953125 0.8109272578125 0.612794978125 0.8167361921875 0.61977839375 0.831839421875 0.6189054703125 0.8411337203125001 0.6206513218749999 0.8556560546875 0.6258888859375 0.855075159375 0.618032540625 0.8510089046875 0.6084303390625 0.845780865625 0.6005739953125
0 0.8794726875000001 0.6058115578125001 0.8725019640625 0.6058115578125001 0.8655312437499999 0.6136679078125 0.8597223093749999 0.6232701031250001 0.8725019640625 0.63287230625 0.885281621875 0.6285076671875001 0.8998039562500001 0.6389827984374999 0.9073555703125 0.63287230625 0.9032893156249999 0.6232701031250001 0.8939950218750001 0.6171596125 0.8794726875000001 0.6058115578125001
0 0.8817962625 0.637236940625 0.8707592843749999 0.631126453125 0.8614649890624999 0.636364015625 0.8608840953125 0.65120378125 0.87424464375 0.65644134375 0.891671446875 0.6599330546875 0.905032 0.6704081796875 0.908517359375 0.65120378125 0.8980612765625 0.64072865 0.8893478765625 0.637236940625 0.8817962625 0.637236940625
0 1 0.3954360765625 0.9886806546875 0.3954360765625 0.9712538515625001 0.3910714375 0.9526652625 0.3910714375 0.944532753125 0.4006736390625 0.9358193531250001 0.41114876562499997 0.9294295234375 0.4277343875 0.924201484375 0.442574153125 0.9509225812500001 0.43995536562500004 0.9683493859375 0.4364636609375 0.9846144000000001 0.437336584375 0.9991367375 0.43122609218749997 0.9991367375 0.41376754687500006 1 0.3954360765625
0 0.8160011671875 0.521858671875 0.8116375234375001 0.5131154859375 0.8047284250000001 0.5054652015625 0.795273865625 0.5054652015625 0.78545566875 0.5081974484375 0.7767283859375 0.51092969375 0.7676374625 0.521858671875 0.7669101890625 0.532241196875 0.7767283859375 0.5333340984375 0.783273846875 0.5344269953125 0.795273865625 0.5382521359375 0.8054556984374999 0.5409843828125 0.8101829781250001 0.5311483 0.8160011671875 0.521858671875
0 0.8 0.5469945359375 0.7934545453124999 0.5442622953125 0.7854545453124999 0.53770491875 0.7723636359375 0.5371584703125001 0.7672727265625 0.542076503125 0.7683636359375 0.5513661203125 0.77818181875 0.5530054640625 0.7876363640624999 0.5557377046875 0.7934545453124999 0.5666666671875 0.8043636359375 0.5628415296875 0.8094545453125 0.5546448093749999 0.8 0.5469945359375
0 0.779109265625 0.5689148687500001 0.7717974984375 0.56647316875 0.7628608984375 0.57379825625 0.760423640625 0.5884484265625 0.78317135625 0.5847858796875001 0.7872334515625 0.5933318140625 0.7953576328125 0.6030985906249999 0.8002321453125001 0.5860067265625 0.7912955421875 0.5762399515625 0.779109265625 0.5689148687500001
0 0.9935877265625 0.4749096234375 0.9838387046875001 0.4749096234375 0.9740896875 0.48467639843750004 0.9521543890625 0.4749096234375 0.9391556953125001 0.47246792343750005 0.92696941875 0.47246792343750005 0.915595559375 0.48223470468749996 0.9220949046875001 0.5017682625 0.9424053671875001 0.49444317968749996 0.9586537343750001 0.4956640265625 0.977339359375 0.510314190625 0.992775309375 0.502989109375 0.9952125640625 0.488338940625 0.9935877265625 0.4749096234375
0 0.5620461015625 0.386514059375 0.532601465625 0.37219872187499997 0.500558778125 0.3630889671875 0.4702481234375 0.3643903609375 0.46418599218749995 0.387815453125 0.4650520109375 0.399528 0.5048888687499999 0.3930210265625 0.5447257265625 0.41774751875 0.57676841875 0.42555588593750004 0.5663761921875 0.412541940625 0.5620461015625 0.386514059375
0 0.9690748625 0.6155594265625 0.9595486578125 0.5999426999999999 0.945692359375 0.5973399078125 0.930104025 0.5973399078125 0.9145156875 0.6129566390625001 0.9171137453125 0.6311761578125 0.9378981921875 0.6129566390625001 0.9543525453124999 0.6194636124999999 0.9690748625 0.6311761578125 0.9933233859374999 0.6259705796875 0.9933233859374999 0.6168608203125 0.9690748625 0.6155594265625
0 0.9024151453125 0.55363504375 0.895115915625 0.544975475 0.8870483484375 0.5420889515625 0.8751390796875 0.5432435578125 0.8697607015625 0.55363504375 0.8701448734375001 0.5657584375 0.8839749890625 0.5646038250000001 0.8970367671874999 0.5692222625000001 0.9066410140625001 0.5784591359375 0.9135560734375 0.5721087875 0.9093302031249999 0.56114 0.9024151453125 0.55363504375
0 0.6356971640625 0.4576415515625 0.6223882328125 0.46705320156249996 0.608296425 0.48587650781249997 0.6122108140625 0.5035233546875 0.63334853125 0.5035233546875 0.64822321875 0.507052721875 0.6552691203125 0.49411170000000004 0.6560520000000001 0.4729354859375 0.6537033640625001 0.4599944640625 0.6356971640625 0.4576415515625
0 0.62786838125 0.509405634375 0.6169080874999999 0.52234665625 0.6169080874999999 0.535287678125 0.6231711125 0.5458757875 0.6349142875 0.5458757875 0.6474403375 0.549405153125 0.6552691203125 0.5411699624999999 0.65448624375 0.51528791875 0.6380458 0.509405634375 0.62786838125 0.509405634375
0 0.6372629203125 0.5505816125 0.6239539890625 0.5505816125 0.61847384375 0.55764035 0.6114279375 0.570581371875 0.6239539890625 0.57646365 0.6341314078125 0.57646365 0.6466574625 0.575287196875 0.6521376078125 0.5741107375000001 0.65135473125 0.562346175 0.64822321875 0.551758065625 0.6372629203125 0.5505816125
0 0.6239539890625 0.579993021875 0.6153423265625 0.587051759375 0.6090793015625 0.59763986875 0.62160535625 0.60705151875 0.6325656515625 0.60705151875 0.6474403375 0.60705151875 0.6521376078125 0.601169234375 0.649788975 0.58352239375 0.63648004375 0.5823459343749999 0.6239539890625 0.579993021875
0 0.6481860515625 0.618743175 0.6433983125 0.6154225515625 0.6352959890625 0.6121019234375 0.6286668140625 0.6121019234375 0.6183547640625 0.6126553609375 0.6117255859374999 0.6181897375000001 0.6117255859374999 0.6281516125 0.6157767484375001 0.636453175 0.6154084625 0.6370066125 0.625352225 0.636453175 0.6341911265625 0.6358997375000001 0.6463446140625 0.6358997375000001 0.6503957781249999 0.632025678125 0.650764065625 0.6237241140625 0.6481860515625 0.618743175
0 0.655551803125 0.6608044265624999 0.6518689265625001 0.6552700546875 0.6426617375 0.649182240625 0.6294033890625 0.6419875515625 0.6198279125 0.649182240625 0.613567025 0.6596975515625 0.6109890109375 0.67076630625 0.6224059234375 0.6696594265625 0.6316131125 0.665785365625 0.6426617375 0.67021286875 0.6496592031249999 0.6774075515625 0.657024953125 0.675747240625 0.655551803125 0.6608044265624999
0 0.6526230843749999 0.6853440984375 0.643630246875 0.679552453125 0.630783334375 0.6718302671874999 0.623717534375 0.676656634375 0.6127976578125 0.689205190625 0.615367040625 0.7027190156249999 0.6346374078125 0.6998231968749999 0.641060865625 0.7007884703125 0.6474843203125 0.71816339375 0.6590465375 0.7133370218749999 0.660973575 0.6930662843750001 0.6526230843749999 0.6853440984375
0 0.6050914875 0.5693994484375 0.5938187484374999 0.568853 0.5847278296875 0.57049235 0.5785460078125 0.5808748687499999 0.5749096406249999 0.5907109453125 0.5781823703125 0.5967218796875 0.588000559375 0.5950825359375 0.6021823921875 0.5967218796875 0.6116369453125 0.5912573937500001 0.6127278578124999 0.5803284203125 0.6050914875 0.5693994484375
0 0.7780227421875 0.6164824484375 0.7636702875 0.613786459375 0.75410198125 0.6272663984375 0.7546999999999999 0.636253021875 0.7642683046875 0.6353543609375001 0.7774247234375 0.6353543609375001 0.7834049125 0.64973295625 0.8031395421875 0.6353543609375001 0.788189065625 0.6308610484375 0.7780227421875 0.6164824484375
0 0.817492 0.6254690703125 0.80911973125 0.6326583718750001 0.8103157703124999 0.644340984375 0.8372266249999999 0.6452396453125 0.8527751203125 0.6506316234375 0.8533731375 0.636253021875 0.842608796875 0.624570409375 0.826462284375 0.620975759375 0.817492 0.6254690703125
0 0.9652026953125 0.6425436609374999 0.9568304296875001 0.63445569375 0.940683915625 0.6371516828125 0.9227433453125 0.6425436609374999 0.9113809859374999 0.6560235953125 0.9107829640625 0.670402196875 0.9335076875 0.6623142343749999 0.950252221875 0.6614155687500001 0.9628106187500001 0.6730981796875 0.9747709999999999 0.6695035296875 0.9759670359375001 0.6524289453125001 0.9652026953125 0.6425436609374999
0 0.7325732984375 0.5418934640625 0.7487198109375 0.5445894484375 0.7618762296875 0.5445894484375 0.7660623640625001 0.537400153125 0.758886134375 0.5230215515625 0.73795546875 0.5239202125 0.7325732984375 0.5418934640625
0 0.734965375 0.56615735 0.73436735625 0.5859279234375 0.745729715625 0.5850292625 0.7552980218750001 0.590421234375 0.758288115625 0.5823332734375 0.7558960406249999 0.5724479890625 0.747523775 0.567954671875 0.734965375 0.56615735