0 0.764440084375 0.5717763921875 0.8290861812499999 0.5696187421875 0.822621571875 0.532938746875 0.759591625 0.530781103125 0.6399963468750001 0.4984164015625 0.6189863671875 0.5394116906249999 0.764440084375 0.5717763921875
0 0.7612077796875 0.617086975 0.8242377218750001 0.6149293250000001 0.8161569609375 0.5760916859375 0.7547431703124999 0.5782493296875 0.60605715 0.5609881546875 0.604440996875 0.5933528609375001 0.7612077796875 0.617086975
0 0.764440084375 0.81774811875 0.8177731125 0.776752834375 0.8096923515625001 0.7357575468750001 0.7547431703124999 0.772437540625 0.599592540625 0.737915190625 0.5963602359375 0.7702798921875 0.764440084375 0.81774811875
0 0.376563509375 0.6062987375 0.4509065171875 0.5825646234375 0.44444191093749996 0.548042278125 0.3830281203125 0.5588305109375 0.31030125937499997 0.5545152171875001 0.31030125937499997 0.5825646234375 0.376563509375 0.6062987375
0 0.475148803125 0.491943459375 0.47353265312500004 0.535096396875 0.583431015625 0.541569334375 0.5882794703124999 0.504889340625 0.475148803125 0.491943459375
0 0.45898728125000005 0.5760916859375 0.44929036718750004 0.6149293250000001 0.5688856453125 0.63434814375 0.5737341 0.59766815 0.45898728125000005 0.5760916859375
0 0.44929036718750004 0.6667128499999999 0.4395934515625 0.6990775515625 0.5688856453125 0.724969309375 0.57211795 0.6969199015624999 0.44929036718750004 0.6667128499999999
0 0.44444191093749996 0.7487034234375 0.44120960625 0.7789104796874999 0.5656533390625 0.8069598859375 0.57211795 0.7810681234375 0.44444191093749996 0.7487034234375
0 0.213332115625 0.7033928453125 0.20848366093749998 0.737915190625 0.29575588750000004 0.750861071875 0.2973720421875 0.729284603125 0.213332115625 0.7033928453125
0 0.10504990781250001 0.5653034484374999 0.0969691421875 0.6041410921875 0.1713121546875 0.5998257984375 0.17454445937500002 0.5653034484374999 0.10504990781250001 0.5653034484374999
0 0.211715965625 0.535096396875 0.2100998109375 0.5609881546875 0.2909074328125 0.5804069796875 0.2941397375 0.5458846281249999 0.211715965625 0.535096396875
0 0.2197967265625 0.5955105046875 0.2100998109375 0.6365057937499999 0.28767512812499996 0.649451675 0.2941397375 0.62140226875 0.2197967265625 0.5955105046875
0 0.764440084375 0.7163387218749999 0.8113085015625 0.6904469640625 0.8113085015625 0.6667128499999999 0.7418139499999999 0.6710281390625 0.6076733015625 0.6365057937499999 0.6028248453125 0.6861316703125 0.764440084375 0.7163387218749999
0 0.604440996875 0.8220634125 0.5979763859375 0.8565857625 0.751510865625 0.882477525 0.748278559375 0.8522704687499999 0.604440996875 0.8220634125
0 0.3119174125 0.6969199015624999 0.3086851078125 0.733599896875 0.3894927265625 0.768122246875 0.39272503125 0.731442253125 0.3119174125 0.6969199015624999
0 0.213332115625 0.6710281390625 0.20525135468750003 0.7033928453125 0.3022204984375 0.724969309375 0.30383665312499997 0.6990775515625 0.213332115625 0.6710281390625
0 0.135756803125 0.48331287187500005 0.1082822125 0.5070469890625 0.192322134375 0.526465809375 0.20201905 0.49410110781250005 0.135756803125 0.48331287187500005
0 0.0743430109375 0.44663287656249995 0.0452522671875 0.48331287187500005 0.1098983625 0.49625875312499995 0.1260598875 0.4617364078125 0.0743430109375 0.44663287656249995
0 0.0307068953125 0.530781103125 0.0307068953125 0.556672865625 0.0888883828125 0.5653034484374999 0.0937368375 0.541569334375 0.0307068953125 0.530781103125
0 0.2650489921875 0.48331287187500005 0.21818057500000002 0.517835221875 0.3086851078125 0.541569334375 0.3183820234375 0.500574046875 0.2650489921875 0.48331287187500005
0 0.1066660578125 0.720654015625 0.10020144843750001 0.750861071875 0.1713121546875 0.755176365625 0.16807985 0.729284603125 0.1066660578125 0.720654015625
0 0.017777675 0.6257175625 0.016161525 0.649451675 0.0775753171875 0.6580822625 0.0775753171875 0.6386634375 0.017777675 0.6257175625
0 0.103433753125 0.6667128499999999 0.103433753125 0.6990775515625 0.1713121546875 0.6947622578125 0.1713121546875 0.6688704953125 0.103433753125 0.6667128499999999
0 0.5963602359375 0.6969199015624999 0.589895625 0.729284603125 0.7498947140625 0.768122246875 0.7547431703124999 0.720654015625 0.5963602359375 0.6969199015624999
0 0.7725208453125 0.5156775765625 0.8355507875000001 0.530781103125 0.8387830921875 0.49625875312499995 0.7725208453125 0.4768399328125 0.6496932625 0.4423175875 0.6286832812500001 0.4789975828125 0.7725208453125 0.5156775765625
0 0.365250440625 0.47252463906250003 0.323230478125 0.513519928125 0.40242194531250003 0.5458846281249999 0.46221958750000003 0.5027316953125001 0.365250440625 0.47252463906250003
0 0.2909074328125 0.4423175875 0.26343284218749996 0.47252463906250003 0.34424045937500003 0.4984164015625 0.365250440625 0.46605170156250003 0.2909074328125 0.4423175875
0 0.31514971875 0.63434814375 0.3086851078125 0.6645552015625 0.3781796609375 0.6926046078125 0.3911088796875 0.6537669687500001 0.31514971875 0.63434814375
0 0.29465555625 0.6375474796875 0.39219670624999997 0.64839935 0.44096728125 0.61584373125 0.44909571093749995 0.5778621796875 0.38813249375000003 0.6022788921875 0.3068482 0.5914270203124999 0.29465555625 0.6375474796875
0 0.898191425 0.5046120468749999 0.8453566328125 0.507325015625 0.8494208499999999 0.5425935984375 0.9022556406250001 0.5398806281249999 0.898191425 0.5046120468749999
0 0.8819345671875001 0.6104177984375 0.8250355640624999 0.6511123140625 0.8453566328125 0.6836679328125 0.8961593171875 0.64839935 0.8819345671875001 0.6104177984375
0 0.7071733390625 0.39338035625 0.6584027640625 0.42593597499999997 0.7803292 0.48290830468749996 0.847388740625 0.45035268593750005 0.7071733390625 0.39338035625
0 0.50537450625 0.4426467890625 0.4892989734375 0.472156571875 0.60685129375 0.5016663609374999 0.6189079421875 0.4654498046875 0.50537450625 0.4426467890625
0 0.8791305984375001 0.6881145515625 0.8309040078125 0.73640329375 0.838941771875 0.77530255625 0.88917780625 0.713600278125 0.8791305984375001 0.6881145515625
0 0.9384091203124999 0.5794648859375 0.899225015625 0.5995851953125 0.9072627796875 0.641167165625 0.954484653125 0.61836415 0.9384091203124999 0.5794648859375
0 0.9816121078125001 0.49361823749999995 0.945442165625 0.5056904234374999 0.948456328125 0.5325175 0.9866357140625001 0.5231280203125 0.9816121078125001 0.49361823749999995
0 0.9253477531250001 0.7337205875 0.89822029375 0.7685957890624999 0.9122863828125001 0.795422865625 0.94142328125 0.757864959375 0.9253477531250001 0.7337205875
0 0.9253477531250001 0.6626288296875 0.8962108531249999 0.6867732015625 0.9072627796875 0.717624340625 0.9394138421875 0.6894559078125 0.9253477531250001 0.6626288296875
0 0.87511171875 0.749816834375 0.8228662437500001 0.8088364078125 0.86606923125 0.8463943140625 0.8921919687500001 0.763230371875 0.87511171875 0.749816834375
0 0.3044303671875 0.7685957890624999 0.3858127453125 0.7981055718750001 0.4310251734375 0.7860333859375 0.4310251734375 0.752499540625 0.3817938609375 0.7699371390625 0.3114634125 0.7417687109375 0.3044303671875 0.7685957890624999
0 0.576709671875 0.65323935 0.45614319375 0.62104685625 0.449110146875 0.6599461234375 0.5726907921875 0.69347996875 0.576709671875 0.65323935
0 0.5897710421875 0.552637809375 0.47121399999999997 0.5284934375 0.45915735468749996 0.5700754078125 0.579723834375 0.598243840625 0.5897710421875 0.552637809375
0 0.7716254859375 0.6223882109375001 0.607856015625 0.5995851953125 0.5988135296875 0.6398258140624999 0.7676066015624999 0.6760423656250001 0.7716254859375 0.6223882109375001
0 0.8931966906250001 0.5432483296874999 0.838941771875 0.548613746875 0.8409512124999999 0.5901957171875 0.8972155718750001 0.5808062421875 0.8931966906250001 0.5432483296874999
0 0.795738784375 0.3755790921875 0.741483865625 0.3997234640625 0.84296065625 0.43325730937499995 0.8821447609374999 0.4024061703125 0.795738784375 0.3755790921875
0 0.9213288687500001 0.41581971093750003 0.87511171875 0.430574603125 0.8861636453124999 0.4654498046875 0.9343902390625001 0.44935355625 0.9213288687500001 0.41581971093750003
0 0.917309984375 0.4614257421875 0.8600409078125001 0.464108453125 0.8590361859375 0.4989836546875 0.922333590625 0.49495959218749996 0.917309984375 0.4614257421875