0 0.7178037500000001 0.1996567859375 0.7123797796875 0.264517190625 0.8380372875000001 0.26874400625 0.9567413765625 0.34560760625000003 0.9672740640624999 0.2827342078125 0.8598070375000001 0.2046603375 0.7178037500000001 0.1996567859375
0 0.7261764734375 0.27825455625 0.7197328734374999 0.3482992078125 0.820876984375 0.36531507812499997 0.9259472875 0.408971753125 0.9298418093749999 0.3518877359375 0.8336223953124999 0.30051188125 0.7261764734375 0.27825455625
0 0.7096889 0.3527639375 0.6986463921875 0.418229471875 0.799454153125 0.4462761796875 0.9229200453124999 0.5082493421875001 0.9373683578125 0.444108471875 0.8261591609375 0.37574078593750004 0.7096889 0.3527639375
0 0.6955980484375 0.46169051093749996 0.69391625 0.5168447359375 0.794214190625 0.5474835671875 0.9163135375 0.5977635625 0.9200346078124999 0.5322408265624999 0.8018508843750001 0.4806933765625 0.6955980484375 0.46169051093749996
0 0.891626690625 0.6021138875000001 0.7872396640625 0.564303803125 0.6884711718750001 0.525888578125 0.6767453953125 0.5855075281250001 0.77909315625 0.6336861234375 0.8896085296875 0.66829895 0.8928197765625001 0.6053683546874999 0.891626690625 0.6021138875000001
0 0.6680679703125 0.6016654265625 0.654812746875 0.669060753125 0.7481361609375 0.7165198265625 0.8657995109375 0.7427511296875 0.8683274921875 0.6739739499999999 0.7780735265625001 0.6388703812500001 0.6680679703125 0.6016654265625
0 0.6595850999999999 0.6820785953125 0.636806271875 0.7792547921875 0.7297827765625 0.8098364328125 0.845396309375 0.8185279781249999 0.8469046562500001 0.7549350453125 0.7489928875 0.7308051296875 0.6595850999999999 0.6820785953125
0 0.6402120828125 0.7805794546875 0.627466675 0.8453826578125 0.7287947984375001 0.8987455171875001 0.8433887015625 0.912621309375 0.8418275968750001 0.83667288125 0.7374511234375001 0.8267710625 0.6402120828125 0.7805794546875
0 0.7215050187500001 0.982413134375 0.746826884375 0.9865774265624999 0.821442309375 0.9852702078125001 0.823474209375 0.9299894890625 0.7296515296874999 0.9130308203125 0.6400702828125 0.8558655671875 0.6194936234374999 0.923203696875 0.7215050187500001 0.982413134375
0 0.6298258171875 0.330073078125 0.69180311875 0.3318553203125 0.7130630515624999 0.27036378125 0.6277654484374999 0.2846250453125 0.6298258171875 0.330073078125
0 0.6090757015625 0.38897249375 0.6957504 0.41431267343749995 0.7013478281250001 0.35789099375 0.6111044140625 0.35069570156249996 0.6090757015625 0.38897249375
0 0.6012761046875 0.475232246875 0.6775599171875 0.48815972968750004 0.6887758734375 0.43113290937500004 0.606700075 0.4103718484375 0.6012761046875 0.475232246875
0 0.5839318015625 0.5354563265625 0.6656712390624999 0.5672482296875 0.674674478125 0.5121512140625 0.5985535671875 0.4797541734375 0.5839318015625 0.5354563265625
0 0.578507825 0.600316725 0.642372040625 0.6391082859375 0.66039961875 0.584730803125 0.588704153125 0.5484741625 0.578507825 0.600316725
0 0.5499370078125 0.6896593421875 0.632869540625 0.7247057140625001 0.6462982203125 0.6657490953125 0.564385325 0.625518471875 0.5499370078125 0.6896593421875
0 0.5468992125 0.7610286625 0.6044616265625 0.7945787703125 0.6209597578125 0.7479776625000001 0.5582886312500001 0.7124405625 0.5468992125 0.7610286625
0 0.5186542046875 0.81143216875 0.60399401875 0.9088040062499999 0.6235510453125 0.8466501234375 0.5436668578125 0.7681427140625 0.5186542046875 0.81143216875
0 0.5633914140625 0.24842560156250001 0.6331999734375 0.247672921875 0.64594538125 0.18286971875 0.5655830328125 0.1906792578125 0.5633914140625 0.24842560156250001
0 0.55030965 0.3242596453125 0.618925115625 0.3202525 0.6257156312500001 0.26708528125000003 0.5492689109375 0.2736273546875 0.55030965 0.3242596453125
0 0.5322820671875 0.378637134375 0.5978386375 0.3901827578125 0.6058222421874999 0.34026999999999996 0.5385627687500001 0.3280620453125 0.5322820671875 0.378637134375
0 0.532303171875 0.434453690625 0.5874794109375 0.4614948765625 0.5954630109375 0.4115821125 0.5365446046875 0.3942471015625 0.532303171875 0.434453690625
0 0.518538134375 0.5044411453125 0.569451828125 0.5158723703125 0.5803314296875 0.46987639375 0.5272050109374999 0.46037496562499997 0.518538134375 0.5044411453125
0 0.55756315 0.5949608703125 0.5743976375 0.537328921875 0.5721849171875 0.53925871875 0.5130930593749999 0.5134849890625001 0.4989811046875 0.5665950171875 0.55756315 0.5949608703125
0 0.47127756718749997 0.6981312187500001 0.5365083281249999 0.7486159609375 0.5506202796874999 0.6955059328125001 0.49662658281249994 0.6438109265625 0.47127756718749997 0.6981312187500001
0 0.43071254843749995 0.5874795953125 0.47414190625 0.6183231859375 0.49864474999999997 0.577625859375 0.44942340312500006 0.538948696875 0.43071254843749995 0.5874795953125
0 0.4823669 0.30620510156249997 0.5337904140624999 0.3150442015625 0.5519914484374999 0.2691054328125 0.48933087343750004 0.26147660156249997 0.4823669 0.30620510156249997
0 0.46470733593749997 0.433276578125 0.52378865 0.431142034375 0.526327175 0.39027311249999996 0.4660527765625 0.3891532015625 0.46470733593749997 0.433276578125
0 0.4376085890625 0.8133951187499999 0.50301280625 0.8723185734375001 0.5196843921875 0.8341561859375 0.459898709375 0.7746275953125 0.4376085890625 0.8133951187499999
0 0.49068686875 0.24526150000000002 0.5504514484375 0.24897354531250002 0.5628604968750001 0.1952011859375 0.50088319375 0.1934189375 0.49068686875 0.24526150000000002
0 0.24683508281250002 0.16157895 0.3445839484375 0.2051784265625 0.3481421078125 0.1591252578125 0.25992740625 0.1136531859375 0.24683508281250002 0.16157895
0 0.35072284374999996 0.22988944375 0.354465015625 0.22018326406250002 0.2373009296875 0.16345155 0.232549675 0.2062502578125 0.3446050484375 0.260994978125 0.35072284374999996 0.22988944375
0 0.223546440625 0.26134728125 0.33253236249999996 0.3037364890625 0.34017960468749997 0.2648545671875 0.2322133140625 0.21728110156249997 0.223546440625 0.26134728125
0 0.1987072390625 0.31307545000000003 0.3235291234375 0.3588335109375 0.3310029109375 0.31151287656250004 0.2027752203125 0.26443014531250003 0.1987072390625 0.31307545000000003
0 0.19361963124999998 0.36690499375 0.317248421875 0.40940861249999994 0.3191036828125 0.36269310625 0.2048355890625 0.3098781859375 0.19361963124999998 0.36690499375
0 0.1929574625 0.41687496562500004 0.3034728328125 0.45148779218749996 0.30209573437500004 0.4118863421875 0.20264397031249998 0.367624534375 0.1929574625 0.41687496562500004
0 0.1844640375 0.46937985937500004 0.2835688953125 0.49676423593749996 0.287810328125 0.45655765156249994 0.19040838124999998 0.4298356015625 0.1844640375 0.46937985937500004
0 0.27728819374999997 0.54733933125 0.2822353921875 0.5046564609375 0.17765242187500002 0.466730534375 0.17017863125 0.5140511625 0.27728819374999997 0.54733933125
0 0.16082848125 0.552270753125 0.2747496640625 0.5882082421875 0.2750754734375 0.5492691234375 0.1693219 0.49976586562499997 0.16082848125 0.552270753125
0 0.42801111562500005 0.6478180734375 0.462242675 0.6695034093750001 0.4852160671875 0.636582478125 0.45132086875 0.6038662921875 0.42801111562500005 0.6478180734375
0 0.3797671984375 0.49232354999999994 0.4019085109375 0.4588397984375 0.363910134375 0.433138140625 0.343322921875 0.472568 0.3797671984375 0.49232354999999994
0 0.466226234375 0.39759192187500003 0.47181828281250004 0.3691595171875 0.41853433906250004 0.351138365625 0.41309982031250003 0.38809049375 0.466226234375 0.39759192187500003
0 0.40691408593749995 0.68984005625 0.446601271875 0.7303898265625001 0.46736194375 0.6993986796875 0.42205622343750004 0.6594540453125 0.40691408593749995 0.68984005625
0 0.40071187343750003 0.49767939375000003 0.43426016093750003 0.5135181515625 0.45553064218749995 0.47993488125 0.41227475 0.45753000625 0.40071187343750003 0.49767939375000003
0 0.37470069375000004 0.6019696515625 0.40978897812500004 0.6379402921875 0.43225255156250003 0.6076114890625 0.39716426562499996 0.5716408375 0.37470069375000004 0.6019696515625
0 0.42074244062500005 0.7873022421875 0.4495078171875 0.7622148937500001 0.44116675 0.7673419499999999 0.4164587953125 0.7158757296875 0.395524675 0.7384281515625 0.42074244062500005 0.7873022421875
0 0.3677835515625 0.32023757812500003 0.41699434375 0.331006478125 0.42532485781249996 0.29797114062499996 0.3706689921875 0.29624610156250003 0.3677835515625 0.32023757812500003
0 0.470004021875 0.35559311875 0.5298591125 0.375280534375 0.532582809375 0.3314305171875 0.4786489515625 0.31763887031250004 0.470004021875 0.35559311875
0 0.383591728125 0.5429378484375 0.4256967203125 0.5808707531249999 0.4424486234375 0.5316986453125 0.3972781453125 0.5033517015625 0.383591728125 0.5429378484375
0 0.346707825 0.6884695109375001 0.38980421718749997 0.739362634375 0.4089719921875 0.701908415625 0.3705956828125 0.66901850625 0.346707825 0.6884695109375001
0 0.33585600000000004 0.582182021875 0.3311027203125 0.5818030390625 0.3340211046875 0.580280465625 0.30676140625000003 0.5615574265625 0.2847378875 0.5835299265625 0.31927384999999997 0.6059442921875 0.33585600000000004 0.582182021875
0 0.36368305625 0.650162521875 0.39953861874999996 0.68386838125 0.414544634375 0.655573725 0.38701937656249996 0.6215151296875 0.36368305625 0.650162521875
0 0.4253850828125 0.3364425625 0.4692359546875 0.3534980109375 0.47480859999999997 0.3071633265625 0.4315092609375 0.2993042703125 0.4253850828125 0.3364425625
0 0.3369054921875 0.5642998546875 0.37012864218749997 0.59338910625 0.39017615625 0.56346255625 0.363530634375 0.53693161875 0.3369054921875 0.5642998546875
0 0.29798444062499996 0.54017994375 0.3323038625 0.5696955906250001 0.348182825 0.5309622078125 0.313430325 0.5156491296875 0.29798444062499996 0.54017994375
0 0.4287583875 0.2712887140625 0.4712964546875 0.29501905625 0.48607914531249996 0.2558592921875 0.45231125 0.2355400453125 0.4287583875 0.2712887140625