0 0.156812940625 0.1682755453125 0.1203070203125 0.1813292640625 0.1166100515625 0.1817309046875 0.1161210046875 0.20967400625 0.13390712031250002 0.22153002812499997 0.1630382078125 0.22713961249999998 0.194303615625 0.22687665781250002 0.2246162484375 0.24551944374999998 0.2568091125 0.26333121875 0.2765198921875 0.255235809375 0.2840852796875 0.2327913484375 0.2876361125 0.21705043750000003 0.2729561921875 0.1982761796875 0.2494023125 0.19143395000000002 0.20715394374999999 0.17252099999999998 0.1817198203125 0.16650978125 0.156812940625 0.1682755453125
0 0.1472149484375 0.23105223593750002 0.122308071875 0.23281800625 0.098792384375 0.2616958484375 0.10029151249999999 0.2684271296875 0.1006282046875 0.2799852640625 0.1075775046875 0.28800466875 0.1363719046875 0.2820561234375 0.153948371875 0.27983325312499996 0.174840684375 0.28477104531249997 0.2091043515625 0.2979706625 0.2512891953125 0.3181439890625 0.2658674 0.3024585453125 0.2548844484375 0.2832826515625 0.23929616406249998 0.2642937140625 0.21599635625000002 0.25240994375 0.1996458484375 0.24854559062499998 0.171613671875 0.2393695390625 0.1472149484375 0.23105223593750002
0 0.1752408953125 0.29506879218750004 0.149616215625 0.29283871875 0.1239280125 0.291869028125 0.108568484375 0.3048190109375 0.10009473124999999 0.32704878593750003 0.09899581562500001 0.3306152421875 0.1008951515625 0.34764428125 0.11135086406250001 0.359043190625 0.12580203125 0.34587851718749996 0.1451952203125 0.344085021875 0.173354428125 0.350740309375 0.2006687953125 0.3559205171875 0.2268842484375 0.36466719062499997 0.25206429531249996 0.37571994375 0.26560710468750004 0.362340578125 0.26123675625 0.33962596562499997 0.24117018437499999 0.31830320156249997 0.2204049046875 0.3108446453125 0.20067502343750002 0.3010800171875 0.1752408953125 0.29506879218750004
0 0.11958963593750001 0.3597149890625 0.1053290203125 0.3690985171875 0.09776363593750001 0.391542978125 0.11309784062499999 0.41557345 0.128076259375 0.4101857640625 0.1455256875 0.4104836578125 0.1714044484375 0.4076722015625 0.19229676406250001 0.4126099890625 0.22765934375 0.4222431453125 0.2559455921875 0.42637766250000003 0.2579972921875 0.403905465625 0.2499299765625 0.3815924890625 0.23292517968749998 0.372471909375 0.2021044078125 0.36391218593749997 0.1839371765625 0.3596184546875 0.15571444375000001 0.35422355625 0.13663884843750002 0.349715140625 0.11958963593750001 0.3597149890625
0 0.10120029999999999 0.4510233765625 0.1079590359375 0.4628239265625 0.126126271875 0.46711765781250003 0.1444840640625 0.46763024218749993 0.1628418515625 0.46814282656249995 0.1831434 0.46656401093750005 0.20150119218749998 0.46707659531249995 0.23426572812500002 0.4735449265625 0.2476179765625 0.46394671875000004 0.2460997484375 0.4393553875 0.2209197 0.428302640625 0.1891905640625 0.419528225 0.147215371875 0.4134337921875 0.10272475156250001 0.42077419687499995 0.10120029999999999 0.4510233765625
0 0.0964426125 0.49071155624999996 0.0847165234375 0.5045202859375 0.05769443125 0.5300186234375001 0.06478986406250001 0.553377303125 0.0756902046875 0.5559535453125 0.1028140125 0.5649148984375 0.12246127968750001 0.5580798765625 0.14238172031250002 0.564063365625 0.17216709218749998 0.57492916875 0.2055224 0.5879140953124999 0.2273230796875 0.5930665734375 0.23250006875 0.5815361796875 0.2346788078125 0.55654321875 0.22952713593750002 0.5310931453125 0.2099242953125 0.5188077468750001 0.1763149125 0.5108643484375001 0.1364105234375 0.5001577640625 0.0964426125 0.49071155624999996
0 0.3180695484375 0.2880129546875 0.3383711 0.2864341515625 0.3749596359375 0.289980084375 0.4112941046875 0.29856754531249996 0.42118436406250004 0.2664693984375 0.4316653953125 0.24088784843750002 0.4119990359375 0.22986283125 0.35963165625000004 0.2111091015625 0.3184377875 0.20775012343750002 0.290615271875 0.212652971875 0.2863657359375 0.24225809062499998 0.2696723046875 0.28167610625 0.28344386875 0.3002356796875 0.3180695484375 0.2880129546875
0 0.281938515625 0.3483448984375 0.307162984375 0.340277225 0.3365481515625 0.3408452859375 0.3756077 0.350076809375 0.403639871875 0.3592528484375 0.4147751921875 0.3389275109375 0.411694315625 0.30886529218750003 0.3772400921875 0.2994468140625 0.344285 0.29675963437499997 0.3120477078125 0.29806828125 0.28409815625 0.30549189375 0.2617449078125 0.32954290468749997 0.2671506515625 0.34995144375 0.281938515625 0.3483448984375
0 0.3764463203125 0.4063923765625 0.415823459375 0.4093219828125 0.41981892343749994 0.38475839375 0.40520252343749996 0.364723753125 0.373282828125 0.3597304890625 0.34525065625 0.35055444375 0.30471107656249996 0.3524516796875 0.2728739953125 0.36405807343749996 0.257406528125 0.39738886562500003 0.2857562921875 0.400263 0.32876687968749996 0.40405135937500003 0.3764463203125 0.4063923765625
0 0.271006628125 0.43758962968750004 0.2864487765625 0.441239303125 0.3096024484375 0.43778378125 0.3504152 0.44870505625 0.37162511249999997 0.44734093750000004 0.4025094125 0.45464027500000004 0.40994775937499994 0.434716584375 0.40519629999999995 0.41956425781249995 0.37866325624999997 0.41711949375 0.35595421250000003 0.41175233125000005 0.32209075625 0.4088504609375 0.28011556875 0.40275602812500005 0.2671635234375 0.4226519890625 0.271006628125 0.43758962968750004
0 0.43543875625000006 0.31192637031250003 0.45229741562500003 0.3057076734375 0.4896672796875 0.31198905625 0.528917384375 0.3174394265625 0.5488378203125001 0.32342290937499996 0.6014243515625 0.326534746875 0.60084514375 0.282060409375 0.5664479 0.2556742015625 0.53585194375 0.24713897187499997 0.503267871875 0.2407419328125 0.4733412515625 0.2375810671875 0.45171175625000004 0.23768521874999998 0.43018536875 0.2520165953125 0.4209493875 0.289370965625 0.43543875625000006 0.31192637031250003
0 0.41329516406250005 0.350056275 0.43568660000000003 0.3617253484375 0.46462713593749994 0.371116084375 0.49576551249999995 0.37337389375 0.529501928125 0.378796528125 0.5540276921875 0.3845930671875 0.5812150203125 0.3922940453125 0.5965745515624999 0.37934405 0.5964919359375 0.3627443984375 0.5875797765625 0.33895634218750004 0.5659061359375 0.3312831015625 0.5220507 0.3260196796875 0.494863371875 0.31831870156250003 0.4610634359375 0.31415645468750003 0.43953593125 0.321822478125 0.41329516406250005 0.350056275
0 0.4516497796875 0.42799250625 0.46922624375 0.42576963437500004 0.5003010921875 0.42928783125000003 0.5457826921875 0.43876177031249997 0.5824347515625 0.44104731406250003 0.6020185 0.43547267968750003 0.5885010125 0.41187157343749997 0.575447259375 0.3973078375 0.5528017359375 0.3906802859375 0.5271135359375 0.3897106015625 0.49194150781249996 0.3762962984375 0.4499028 0.371462246875 0.44005695625 0.384439965625 0.4320469359375 0.41570710625 0.4516497796875 0.42799250625
0 0.41970475937499996 0.45997970156249995 0.43159607656250004 0.47937028593750003 0.45267894843749995 0.48052693281250003 0.494717659375 0.485360978125 0.53559393125 0.49502187031249995 0.5680408765625 0.5077921187500001 0.5846454640625 0.50661494375 0.589358728125 0.4860471859375 0.5801289765625001 0.46856104531250004 0.5645406921875 0.44957210156249994 0.5427400125 0.4444196296875 0.5145808078125 0.4377643421875 0.490055040625 0.431967809375 0.46066987656249997 0.4313997578125 0.4273971875 0.435014478125 0.41970475937499996 0.45997970156249995
0 0.4168273125 0.4988368703125 0.4209880078125 0.5074726015625 0.43463253125 0.5285529437500001 0.455842440625 0.5271888140625001 0.48400165624999997 0.5338441015625001 0.5258498078125 0.5424592921875 0.559922915625 0.5594400625 0.597629471875 0.5772795734375 0.6033781406250001 0.5544057359375001 0.5857634765624999 0.520908521875 0.5625271875 0.5077643765625 0.5407265078125 0.5026119046875 0.49712515156250003 0.49230695 0.46624085937500004 0.4850076125 0.43225036406250006 0.48462650625 0.4168273125 0.4988368703125
0 0.43150101249999995 0.572451640625 0.452393328125 0.5773894328125 0.478735815625 0.5836153421875 0.5133805921875 0.5892526625000001 0.5468629359375 0.5997168312500001 0.587612171875 0.6118984828125 0.5984934125 0.5966146796875 0.5838770125 0.5765800390625 0.5553175875 0.5596270109375 0.5198914875 0.5512542359375 0.48524670781249996 0.5456169156249999 0.43074501249999997 0.532735725 0.4257776640625 0.5583450109375 0.43150101249999995 0.572451640625
0 0.2772891875 0.5500338265625 0.30285035625 0.55352428125 0.34047428750000003 0.554764140625 0.368569984375 0.562679803125 0.40904604375 0.56204295 0.423497215625 0.5488782703124999 0.420416340625 0.5188160390625 0.3767514640625 0.5097714718749999 0.3151099125 0.492652021875 0.2678751078125 0.4814883265625 0.25498658750000003 0.5001239046875 0.23789294375 0.5292441796875 0.24498838437499998 0.5526028593750001 0.2772891875 0.5500338265625
0 0.257743640625 0.5913285562499999 0.281932715625 0.5855669546875 0.3010083078125 0.5900753703125 0.35012335625 0.6004080625 0.389119384375 0.6108999609375 0.4124000953125 0.6049236859375 0.426006415625 0.59028394375 0.4216995921875 0.5663089375 0.3985459203125 0.5697644609375 0.3548175234375 0.5619802640625 0.293766740625 0.551377415625 0.25971272343749996 0.5522566906249999 0.24156459218749998 0.56582300625 0.2358159234375 0.5886968421875001 0.257743640625 0.5913285562499999
0 0.24812655156250002 0.6362452140625 0.2841243234375 0.6332745390625 0.307741728125 0.6388563875 0.3395979 0.645110034375 0.3795022921875 0.6558166187500001 0.4097958234375 0.656599365625 0.41060246874999995 0.6223543546875 0.3551924125 0.609258478125 0.315033940625 0.603593421875 0.2731857875 0.59497821875 0.2444549078125 0.5996663765625 0.22710719531249998 0.6338281796875 0.23743586875 0.647747865625 0.24812655156250002 0.6362452140625
0 0.2332498484375 0.6760926015625001 0.2546058953125 0.690067753125 0.2766606484375 0.690178696875 0.29313819531249996 0.6915222984375 0.358476715625 0.70824010625 0.3903964125 0.7132333656250001 0.397834759375 0.69330966875 0.413721540625 0.68813666875 0.4156462046875 0.6681852296875 0.4010488953125 0.6660106234375001 0.37373453125 0.660830415625 0.339871071875 0.6579285453125 0.3072970921875 0.6476790625 0.27647632031249997 0.6391193421875 0.2469005953125 0.6423324328125 0.2332498484375 0.6760926015625001
0 0.4226017234375 0.6213641296875 0.43869816406249995 0.630270021875 0.46607604374999995 0.6341898484375 0.49241853593749996 0.6404157578125 0.5351115281250001 0.650506021875 0.5710648796875 0.66665578125 0.58934005625 0.650568696875 0.599039759375 0.6222517015625 0.5743869593750001 0.6189759328125 0.5290959203125001 0.6057208375 0.49386036874999995 0.5935669156250001 0.45389245625 0.5841207078124999 0.433654428125 0.584439140625 0.42188392031250005 0.6173682984375 0.4226017234375 0.6213641296875
0 0.4281727078125 0.6749719890625 0.446339940625 0.67926571875 0.4863078515625 0.6887119265625 0.5145305796875 0.6941068265625 0.5655893921875 0.7023481234375 0.5778236234375 0.6784563265625 0.5710013593750001 0.6679161578125 0.5447223953125 0.6604298703125 0.5148099765625 0.65208483125 0.4739337078125 0.6424239375 0.4493444234375 0.6378877859375 0.42027685625 0.6310178203125 0.422703440625 0.6558238265624999 0.4281727078125 0.6749719890625
0 0.3968819765625 0.7122154093749999 0.396691415625 0.71599655625 0.4095546203125 0.7343414375 0.4341439046875 0.738877590625 0.4701416765625 0.7359069265625 0.4983644046875 0.74130183125 0.53780506875 0.74297105 0.564592184375 0.74037428125 0.572348128125 0.7141486734375 0.5583224953125 0.7006306296875 0.5310716484375 0.694190034375 0.4809847234375 0.6849030390624999 0.451008784375 0.6778183875 0.42077877656249996 0.6757752578125 0.40898917656249995 0.6908443765625 0.3968819765625 0.7122154093749999
0 0.07938094375 0.610392415625 0.107603671875 0.6157873140625 0.13608047968749998 0.6161406796875 0.1761119078125 0.62432650625 0.21056613125 0.633744971875 0.2272342359375 0.631307415625 0.23135673125 0.6042230625 0.1815238796875 0.5898945453125 0.1452529359375 0.5800467015625 0.1088549515625 0.57271961875 0.0734288515625 0.5643468484375 0.053927720312500003 0.5865211515625 0.056481351562500004 0.6088063984375001 0.07938094375 0.610392415625
0 0.07105333124999999 0.6479614609375 0.10193762343749999 0.6552607984375001 0.1209496953125 0.6610296015625 0.15546744375 0.669187690625 0.1916113484375 0.6815562984375 0.220933 0.6833847359375 0.2234928484375 0.650829478125 0.20200976874999999 0.639375090625 0.15549276875 0.6322072249999999 0.125516828125 0.6251225671875 0.10352559531250001 0.6237512421875 0.071542384375 0.620018359375 0.0615695046875 0.6355168546875001 0.07105333124999999 0.6479614609375
0 0.23204299218750002 0.7000398703124999 0.23119814375 0.6985647984375001 0.2334341796875 0.7271519609375 0.2440169203125 0.73603010625 0.2577693875 0.736729640625 0.2859921203125 0.7421245390625 0.3087011515625 0.7474917015625 0.3578797234375 0.7565640109375 0.38538464375000003 0.7579630734375 0.3990353921875 0.7242029046875 0.3799598 0.7196944890625 0.3427804921875 0.7096319609374999 0.30851682343750003 0.6964323484375 0.27452633125000003 0.6960512421875 0.250064084375 0.6889943140625 0.23204299218750002 0.7000398703124999
0 0.07631294375 0.6530307296875 0.0604896796875 0.6569433484375 0.0649235515625 0.678397590625 0.0734355 0.6918878984375 0.0852442 0.6946788203125001 0.1060729953125 0.70087699375 0.13157064375 0.70562783125 0.16173712812500002 0.7089313421875 0.18262944375 0.7138691296874999 0.2116970203125 0.7207391015625 0.2239503515625 0.7147073421875 0.2102423125 0.69488739375 0.1912937515625 0.6878582140625 0.164233459375 0.677636471875 0.128807359375 0.669263696875 0.09798657968749999 0.660703965625 0.07631294375 0.6530307296875
0 0.614976759375 0.3607362140625 0.65629766875 0.3615744328125 0.6865276765625 0.36361755625000003 0.7340165562500001 0.36973972499999996 0.7749563484374999 0.3781402359375 0.7879719046875 0.35698389375 0.776207628125 0.33507254531249997 0.7595013234375 0.3017900171875 0.7318502640625 0.2850516796875 0.6924731234375 0.2821220734375 0.65848263125 0.281740965625 0.632984984375 0.27699011875 0.6196518359375001 0.3044483765625 0.60684593125 0.3396836125 0.614976759375 0.3607362140625
0 0.5999286046875 0.4222247921875 0.6231457953125 0.41750889375 0.657600015625 0.426927365625 0.6797818078125 0.42451755 0.7166244203125001 0.42302195 0.755874528125 0.4284723203125 0.7687630484375 0.40983674687500005 0.758561415625 0.3933962984375 0.74096585625 0.3777591296875 0.7140325953125 0.36501661875 0.6927591640624999 0.3676411234375 0.6470234953125 0.36320870781250003 0.6136872875 0.3680838265625 0.5913340359375 0.3921348265625 0.5999286046875 0.4222247921875
0 0.6155550796875 0.4769338203125 0.63701906875 0.47052817343750003 0.6906124 0.4831946734375 0.7412074796875 0.48239860625000003 0.78409103125 0.488707725 0.77446106875 0.46092383750000004 0.7551758203125 0.442336534375 0.7386982718749999 0.4409929375 0.6877665078125 0.4302308703125 0.6505236765625 0.42142871875 0.6132999515625001 0.4304866234375 0.59010185625 0.4530625625 0.5935638437499999 0.47556249375000004 0.6155550796875 0.4769338203125
0 0.6487580234375 0.529419978125 0.6882622046875 0.5298288203125 0.7308916796875 0.541179471875 0.7611852078125 0.5419622140625 0.7770528875 0.5189291625 0.7514091078125 0.49883905000000006 0.7212426234375 0.4955355453125 0.6785496281250001 0.48544528124999997 0.6319691078125 0.4795377921875 0.5897589359375 0.4963449328125 0.59186793125 0.5274528593750001 0.6193728562499999 0.5288519265625 0.6487580234375 0.529419978125
0 0.6113819359375 0.57797910625 0.6531030515625 0.5891150625 0.6942969203125 0.5924740453124999 0.7272520078125 0.595161225 0.766311559375 0.604392746875 0.7915360312499999 0.596325078125 0.78074363125 0.573368034375 0.762747859375 0.54743311875 0.73940363125 0.55466978125 0.7065120515625 0.5507222140625 0.6564886484375 0.5401748375000001 0.6144499406249999 0.5353407859375 0.608701271875 0.5582146234375001 0.6113819359375 0.57797910625
0 0.59648613125 0.5999664546875 0.5947520234375 0.6161367421875 0.609876584375 0.6260883203125001 0.647182928125 0.633630084375 0.6691741640625 0.635001415625 0.7147827999999999 0.6419545953125 0.742160684375 0.6458744265624999 0.765250840625 0.6436792921875 0.7756683515625 0.6193581296875 0.7687825687500001 0.6100783375 0.717596728125 0.6043578093749999 0.691254240625 0.5981318984375 0.6464904437500001 0.5926537921875 0.6039880046875 0.5787823765625 0.59648613125 0.5999664546875
0 0.6080536359375001 0.6804994546875001 0.6480850593749999 0.688685275 0.6777878203125 0.682951421875 0.7222340234375 0.6947314437500001 0.76051224375 0.7012275109375 0.7697482234375 0.6638731453125 0.74515894375 0.65933699375 0.7061629125 0.648845090625 0.666195 0.63939888125 0.613319471875 0.6307282187500001 0.5985507078125 0.650194803125 0.58904155625 0.6747306515625 0.6080536359375001 0.6804994546875001
0 0.6076471999999999 0.7250422140625 0.6258779484375 0.7280755625 0.6527285843749999 0.7242184046875 0.6786073406249999 0.7214069546874999 0.7231170640625 0.7319265953125 0.758606684375 0.7390389890625 0.772467084375 0.7193577078125 0.75778716875 0.70058345 0.730345759375 0.69792400625 0.7002427875 0.69336011875 0.6609926796875001 0.6879097468750001 0.6100609125 0.6771476859375001 0.5921033312499999 0.6869328421875001 0.5803963484375 0.71860161875 0.6076471999999999 0.7250422140625
0 0.642920940625 0.77291621875 0.690536859375 0.77651761875 0.738743540625 0.7866356234375 0.7600169718750001 0.78401111875 0.77032654375 0.780070753125 0.7615414234375 0.7537619375 0.7381145765625 0.7443989375 0.71546905625 0.73777139375 0.67590135625 0.7386229328125 0.633989684375 0.73126811875 0.597337628125 0.7289825734375001 0.572913571875 0.7576457359375001 0.601917628125 0.765776090625 0.642920940625 0.77291621875
0 0.8009559156250001 0.42764851718749997 0.8548477515625 0.4161530671875 0.8879298796875 0.41631949375 0.93017824375 0.43523242656249994 0.9393062796875 0.4182588703125 0.9288314765625 0.388999921875 0.9135416875000001 0.3458490171875 0.8849187515624999 0.3301563703125 0.8358037046875 0.3198236796875 0.7917577125 0.318341409375 0.7801586640625 0.32962938125 0.7874002359375 0.36832733125 0.7772367953125 0.38760697187500004 0.7775925875 0.417025140625 0.8009559156250001 0.42764851718749997
0 0.7827189406249999 0.47945567968749997 0.82689196875 0.47841718593750004 0.8537426046875 0.47456003437499994 0.8999420078125 0.48802980937499996 0.9233053359375001 0.49865319062499996 0.9424444484375 0.501901225 0.9395541312500001 0.46805784843750003 0.9280439234375001 0.44110497187500003 0.8955969843749999 0.428334725 0.8634867312500001 0.4271226125 0.817369940625 0.43025249375 0.77754816875 0.4361455625 0.7725173078124999 0.46301522500000003 0.7827189406249999 0.47945567968749997
0 0.8835217562500001 0.5402663375000001 0.9062307953125 0.5456335 0.9370515765625 0.554193225 0.9389127203125 0.5355021734375 0.9151491796875 0.5145810453124999 0.8847730359374999 0.4971986515625 0.8655068874999999 0.49647138125 0.8272921796875 0.4887149328125 0.798434259375 0.49592385468750005 0.7730827515625001 0.5065122921875 0.779106571875 0.5446973703125 0.8019153484375 0.53628383125 0.828238740625 0.524649696875 0.86501783125 0.5244144828125 0.8835217562500001 0.5402663375000001
0 0.7886648078125 0.5803417421875 0.8366809359375 0.59424089375 0.8815717718749999 0.5971982359375 0.9032454124999999 0.604871478125 0.941269559375 0.616409078125 0.9413139796875001 0.5972886515625 0.931556984375 0.572025534375 0.9044331718749999 0.5630641734374999 0.8706332359375001 0.558901921875 0.8379957359375 0.5499128265625 0.8171669406250001 0.5437146515625 0.781886971875 0.5506811453125 0.7798987921875 0.571892965625 0.7886648078125 0.5803417421875
0 0.7978057203125 0.636068725 0.8244658046875 0.635992725 0.85547713125 0.640771309375 0.8918115953125 0.6493587640625 0.90932454375 0.6483962812499999 0.938392115625 0.655266246875 0.937337615625 0.63971228125 0.9297975562499999 0.62517628125 0.8983224875 0.6113603421875 0.8401873484375001 0.5976204046875 0.8172877484375001 0.5960343875 0.7874579515625 0.6042890062499999 0.7881313359375001 0.6274052703125 0.7978057203125 0.636068725
0 0.7746902437500001 0.6752443265625 0.7917585593750001 0.6831045171875 0.8330159437500001 0.68520311875 0.8606479078125 0.684081409375 0.893475959375 0.689289359375 0.9197549281249999 0.6967756515625 0.9543361875 0.703673359375 0.9499023234375 0.68221911875 0.9241315078125 0.6646497703125 0.89609933125 0.6554737296875001 0.87222785625 0.6549334046874999 0.8410894843750001 0.6526755953125 0.8093603484375 0.6439011796874999 0.7793399921875 0.6559369546875 0.7746902437500001 0.6752443265625
0 0.7838564765625 0.6939908484374999 0.7690241953125 0.7147178265624999 0.7736486203124999 0.7323909093750001 0.7990827484375 0.7384021296875 0.831256515625 0.738353859375 0.8652470078125001 0.738734971875 0.9070951640624999 0.7473501687499999 0.9444650234375 0.7536315499999999 0.955600340625 0.7333062140625 0.9255417921875001 0.7096219046875001 0.9065932359375 0.70259271875 0.8775256640625001 0.695722753125 0.8537177046875 0.6939220500000001 0.8354869562499999 0.6908887015625 0.8137497953124999 0.6844758484375 0.7838564765625 0.6939908484374999
0 0.5249356406250001 0.7794666625 0.5561375359375 0.7804640953125 0.55552766875 0.7560874546874999 0.5154327203125 0.7491620171875 0.48442138437500004 0.7443834375 0.45068496874999997 0.738960803125 0.41027242812500003 0.738337275 0.41016126875000003 0.74054294375 0.399645259375 0.74857955 0.42425364062500004 0.7709757421875 0.45623685625 0.7747086234375 0.47932700468749995 0.7725134890625001 0.5249356406250001 0.7794666625
0 0.0731392 0.4924788203125 0.168363859375 0.5058563765625 0.2437721953125 0.539327253125 0.2446416765625 0.4847629609375 0.20376047968750002 0.4751008984375 0.149741740625 0.46494194375 0.1021099046875 0.45913539375 0.0731392 0.4924788203125
0 0.40417562343749996 0.45335370781249995 0.3415350359375 0.44637319687500004 0.2921618921875 0.43731219687499995 0.2549322234375 0.42981720156250003 0.2488062484375 0.44031321874999996 0.2466099203125 0.46436346562499997 0.26380854375 0.47755656249999995 0.340061171875 0.49427443281250005 0.4100048046875 0.5055890671875 0.42143919218750003 0.4652581234375 0.40417562343749996 0.45335370781249995
0 0.776081284375 0.778587421875 0.8094645796875 0.7877814265625 0.856310159375 0.7910288875 0.8973212484375 0.79811355 0.9397160687499999 0.7963969609375 0.9414695999999999 0.761602253125 0.769506 0.7434277703125 0.776081284375 0.778587421875