0 0.9976423015625 0.4698135453125 0.989673190625 0.4002376640625 0.7692696546875 0.3781411703125 0.78554364375 0.535015815625 0.9838407015625 0.550479559375 0.9976423015625 0.4698135453125
0 0.47725468437499996 0.550273 0.485934915625 0.596474553125 0.737246440625 0.4979252234375 0.749557475 0.45749464531250006 0.47725468437499996 0.550273
0 0.4714624890625 0.2038743484375 0.48425100781249997 0.3007355390625 0.758243475 0.22270927031249999 0.780553040625 0.1364498421875 0.4714624890625 0.2038743484375
0 0.13252167343750001 0.262139821875 0.2138166734375 0.3654524734375 0.4560904234375 0.30632859843750004 0.4513789265625 0.1764453359375 0.13252167343750001 0.262139821875
0 0.47955334531249993 0.3632617765625 0.197662628125 0.4314966125 0.2034605953125 0.4969083421875 0.4854043671875 0.4439281453125 0.47955334531249993 0.3632617765625
0 0.4977430703125 0.788316571875 0.5186086140625 0.8521556968749999 0.6793889859375 0.8211101187500001 0.6991542203125001 0.7570112828125 0.4977430703125 0.788316571875
0 0.46861366875000005 0.3269165859375 0.520111459375 0.4363248546875 0.766228228125 0.3515874203125 0.7727943421875 0.2609997625 0.46861366875000005 0.3269165859375
0 0.7781678750000001 0.2043743546875 0.9656094812499999 0.19014484843749999 0.9517794921875 0.069399446875 0.9115527531250001 0.0664662953125 0.7603633640624999 0.078511553125 0.7781678750000001 0.2043743546875
0 0 0.581997440625 0.1916132203125 0.482221184375 0.185265103125 0.3528404734375 0 0.474843625 0 0.581997440625
0 0 0.6109022953125 0.0100067875 0.6982684609375001 0.25407029375 0.539397196875 0.2553689859375 0.5359442296875 0.21029198125 0.48259388124999997 0 0.5914993875000001 0 0.6109022953125
0 0.4693172171875 0.717636428125 0.2833980765625 0.8694062499999999 0.3062381796875 0.9356932296875 0.484650059375 0.7923370265624999 0.4693172171875 0.717636428125
0 0.212850146875 0.6528427890625 0.27084138593749996 0.744986184375 0.46497710000000003 0.6945356515625 0.46894583437500004 0.610853940625 0.212850146875 0.6528427890625
0 0.503705975 0.6185052828125001 0.5396390953125 0.680771809375 0.739645440625 0.6224102171875 0.7796730078125 0.54292688125 0.503705975 0.6185052828125001
0 0.22115899687499999 0.5922618546875 0.2595833828125 0.6171131515625 0.45901996718750004 0.58336 0.47229175 0.5365260328125 0.5188127687499999 0.4397778296875 0.50860201875 0.42458811250000006 0.258251246875 0.516734053125 0.22115899687499999 0.5922618546875
0 0.1558138859375 0.8352829406250001 0.120749253125 0.92851324375 0.12903849218750002 0.9565097437500001 0.2955499453125 0.78321174375 0.2541371875 0.7470613484374999 0.1558138859375 0.8352829406250001
0 0.6696084453125 0.6469705984375 0.6829136734375 0.7039687046875 0.8620879265625 0.685600053125 0.9211852468749999 0.6246944734375 0.6696084453125 0.6469705984375
0 0.496073 0.684987059375 0.4732663421875 0.7225321515625 0.496000334375 0.7583098421875001 0.674160775 0.731089946875 0.64212373125 0.6584645 0.496073 0.684987059375
0 0.7812958015625 0.350014815625 0.9848589859375 0.3582063296875 0.972981621875 0.2545087046875 0.7808183125 0.21272304531250003 0.7812958015625 0.350014815625