0 0.9312104343750001 0.86837283125 0.9794443875000001 0.882503859375 0.982248496875 0.7699105484375 0.956700840625 0.76743479375 0.9312104343750001 0.86837283125
0 0.8576633875 0.8074778703125001 0.9264537875000001 0.8197616906249999 0.9586578687499999 0.75306475 0.9519976828125 0.7049570000000001 0.9090633015625 0.6941470265625 0.8599948171875 0.696041234375 0.8106098062499999 0.6813961359375 0.7318782203125 0.6828232765625 0.7139484765625 0.795614396875 0.7987072015625001 0.8092163859375001 0.8576633875 0.8074778703125001
0 0.7395502515625 0.567203809375 0.73589924375 0.6263498703125 0.724687565625 0.6736428421875 0.7627048375000001 0.677441646875 0.8189639765625 0.6847278703125 0.8718395390625 0.6818268749999999 0.9147739187499999 0.6926368484375 0.9494076078125 0.686248434375 0.970876996875 0.6417837984375 0.97257098125 0.5970077875 0.9433848640625 0.5714800656250001 0.9000269968750001 0.5718640921875 0.84831495 0.568916390625 0.788618740625 0.565309603125 0.7395502515625 0.567203809375
0 0.9884840265625 0.5195351734375 0.9886344499999999 0.5134952171875 0.9829400578125 0.47236357656249994 0.9678722171875 0.4347907609375 0.9336085390625 0.44385182656250005 0.8632311234375001 0.44861070156249994 0.7993578296875 0.4433380484375 0.7438387093750001 0.4413971296875 0.745844821875 0.5128996625 0.7357966625000001 0.554343940625 0.7970264 0.554774684375 0.8362071906249999 0.5527247828124999 0.8928363375 0.5626836625 0.9445483843750001 0.5656313640625 0.975798496875 0.549055734375 0.9884840265625 0.5195351734375
0 0.7595483921875 0.3125700921875 0.7566373953125 0.37706145625 0.7480692828125 0.42919633749999997 0.802848384375 0.42579195625 0.8389621125 0.43009414687499997 0.8891406312499999 0.436217896875 0.940852675 0.439165603125 0.98421055 0.4387815703125 0.9742202750000001 0.36661995625 0.9619029609374999 0.306155734375 0.906330353125 0.31808146718749997 0.8264887359375 0.3114906515625 0.7595483921875 0.3125700921875
0 0.7526251671875 0.2340563859375 0.758491840625 0.290685478125 0.7881549421875 0.29115254375 0.8444675703125 0.2845721140625 0.9071773453124999 0.2956934671875 0.960422921875 0.295465125 0.9555058140625 0.28845395156250003 0.94778908125 0.2184615921875 0.9457294812500001 0.1608257125 0.88899335625 0.178600146875 0.83384424375 0.1793318796875 0.7554826703125 0.1834316734375 0.7526251671875 0.2340563859375
0 0.616600615625 0.89062070625 0.6838574890625 0.9060805765625 0.706967371875 0.8307065874999999 0.6938565546875 0.7787637171874999 0.5976231203125 0.782048734375 0.535283353125 0.7736000375 0.46263239218749996 0.7761896515625 0.45792483749999996 0.8134510984375 0.445126146875 0.8777867718750001 0.5534673406249999 0.8906933531250001 0.616600615625 0.89062070625
0 0.4714679421875 0.6547214890624999 0.4579292328125 0.713711859375 0.46041232968749995 0.760153734375 0.50525024375 0.7704603156250001 0.5531552171875 0.774414809375 0.5987866359375 0.7762000375 0.6535657359375 0.7727956515625001 0.71135840625 0.77690583125 0.7199265234375 0.7247709453125 0.71849996875 0.7002136796875 0.6745625343749999 0.6536524406249999 0.6110592515625 0.651052434375 0.5293140968750001 0.644965015625 0.4714679421875 0.6547214890624999
0 0.4652847359375 0.5815530875 0.467714353125 0.6418616203124999 0.5502530109375 0.6394276953125 0.6053486359375 0.6525626140624999 0.66129125625 0.6433095328125 0.725164546875 0.648582184375 0.7352661984375 0.5932712546875 0.7335231156249999 0.5521746796875 0.70248695 0.513283690625 0.6198948015625 0.5295842765625001 0.5507343921875 0.5146277984375 0.4849040734375 0.523725190625 0.4652847359375 0.5815530875
0 0.4768173375 0.4510601796875 0.4796169578125 0.5140413640625 0.5522679187499999 0.51145175 0.6024464375 0.5175755 0.6602391046875 0.5216856796875 0.729929984375 0.49771484218750006 0.752299853125 0.41699555468750005 0.7193601468749999 0.37860795625 0.667594615625 0.3895269078125 0.6067348921875 0.3917688203125 0.5481487125 0.3961799953125 0.4850154421875 0.396252640625 0.4768173375 0.4510601796875
0 0.48062880625000004 0.3503141578125 0.48691898125 0.39574925 0.5295368328125 0.3900199125 0.5938336234375 0.384098565625 0.6813428765625 0.3748091578125 0.74146258125 0.367221940625 0.7565883062500001 0.29118887031249996 0.7366568453125 0.2327382234375 0.6860013406250001 0.251675125 0.6144604109375 0.2622827015625 0.5501636203125 0.2682040484375 0.46413440625 0.288184065625 0.48062880625000004 0.3503141578125
0 0.4676784453125 0.2567713203125 0.48475679843749997 0.266107440625 0.5749631 0.24779328750000001 0.644176996875 0.2488831140625 0.6834112671875 0.23296655937500002 0.742790953125 0.2200340375 0.7411548484375 0.15120415781250002 0.7333846312500001 0.0950784515625 0.6637472359375 0.10518263593749999 0.5974934265625 0.1254740265625 0.5190783640625 0.143440478125 0.4512910234375 0.1669079234375 0.4676784453125 0.2567713203125
0 0.729261034375 0.0795459296875 0.7431653609375 0.1229674515625 0.74485495 0.1779306796875 0.8027011046875 0.16817420156250001 0.85404314375 0.1684492546875 0.8959209734375 0.1573746140625 0.9442494421875001 0.150135103125 0.9308269609375 0.053182059375 0.8642833140624999 0.049380140625 0.832792096875 0.0577080328125 0.7818200734375 0.060105624999999996 0.729261034375 0.0795459296875
0 0.44177772812500005 0.06968564687499999 0.424908921875 0.104622140625 0.4479609296875 0.1428540484375 0.525952496875 0.136081603125 0.60246401875 0.1186185484375 0.682782615625 0.10014870625000001 0.7148262359374999 0.0750517234375 0.7152920703125 0.040867646875000004 0.5972140109375 0.0341213484375 0.5529229421874999 0.0458341734375 0.5133186546874999 0.059078070312499995 0.44177772812500005 0.06968564687499999
0 0.1793173796875 0.9674737125 0.26486961249999996 0.9725543484375001 0.333713496875 0.970971521875 0.41926572812499996 0.9760521625 0.4422151546875 0.9422781359375 0.45263332187499994 0.9035065109374999 0.43375840312499997 0.866940478125 0.3679815734375 0.8621712171875 0.3036847875 0.868092565625 0.24927569374999997 0.8741696031249999 0.18651242968749998 0.8769149015625001 0.1793173796875 0.9674737125
0 0.2578482046875 0.7222954781250001 0.1942914375 0.7335621296875 0.183079759375 0.780855109375 0.19270002656250002 0.8503440703124999 0.247109115625 0.8442670328125 0.2995611828125 0.8525600375 0.3695685890625 0.845128515625 0.43264837187499994 0.8589225218750001 0.4525842328125 0.8176339296874999 0.45348470937499996 0.781379265625 0.44418096875 0.728429609375 0.40119310468749997 0.73148629375 0.328595628125 0.72020925 0.2578482046875 0.7222954781250001
0 0.1880547484375 0.6742603796875 0.1977819890625 0.7160160375 0.2643523296875 0.7122639515625 0.30728670468749997 0.72307391875 0.3761305890625 0.7214910921875 0.45031508125 0.7157254296875 0.4710979296875 0.6520488375 0.45000295 0.5994468796875 0.3853361515625 0.60269558125 0.3119451703125 0.599939890625 0.24421131406250002 0.6095406796875 0.18599514374999998 0.6166245046875 0.1880547484375 0.6742603796875
0 0.185152546875 0.539273265625 0.1993733953125 0.5992341031249999 0.276941465625 0.6036556515625 0.3427717828125 0.5945582609375 0.39490732500000003 0.5863119625000001 0.4538635109375 0.5845734453125 0.47543987187500003 0.5123755 0.4623290546875 0.460432625 0.4136305734375 0.4649994890625 0.34060959999999996 0.46491645156250005 0.2588109609375 0.472695684375 0.2024983328125 0.47927611406250004 0.185152546875 0.539273265625
0 0.1870113875 0.3531580546875 0.1867974421875 0.4086246796875 0.19573117499999998 0.45890167968749995 0.23221491875 0.465876521875 0.29154111562499996 0.46681066250000003 0.346690228125 0.46607892343749996 0.42240824374999997 0.45713722343749996 0.4727472203125 0.4216610046875 0.4715346125 0.34163712031250004 0.4420319734375 0.29957008749999997 0.3868293765625 0.3141684734375 0.33543385312499996 0.3277600765625 0.26881003125 0.3453788265625 0.1870113875 0.3531580546875
0 0.1741101203125 0.3454877984375 0.2407339453125 0.3278690546875 0.2821882828125 0.32798841875 0.32099905781250004 0.3232658703125 0.388362903125 0.3109924296875 0.45080964375 0.29170781562500003 0.45451414375 0.21869510937499997 0.43225563906250003 0.1719418484375 0.35690763125 0.18355620625 0.2982679734375 0.20183403281249998 0.21260876718750002 0.22448670625 0.14757195781250002 0.22506274999999998 0.1741101203125 0.3454877984375
0 0.25300656250000003 0.20272145625000002 0.3165633296875 0.1914548046875 0.3667953328125 0.183711896875 0.41977787187500004 0.1530775921875 0.4128011625 0.08843053749999999 0.31725425937499996 0.11092752187499999 0.26887230624999997 0.132033690625 0.20230196875 0.1357857765625 0.1337211203125 0.1677745703125 0.14757195781250002 0.22506274999999998 0.1818356390625 0.21600168437499997 0.25300656250000003 0.20272145625000002
0 0.6325252640625 1 0.691351771875 0.984443265625 0.695171740625 0.9307935265625 0.6899381124999999 0.9072430484374999 0.64166313125 0.9006159015625 0.5690121703125001 0.9032055218749999 0.5039753609375001 0.903781565625 0.45644039999999997 0.9024997234375001 0.45278938750000003 0.9616457828125 0.4428341359375 1 0.6325252640625 1
0 0.176100309375 1 0.1769368609375 0.993037765625 0.1858215 0.9574421843750001 0.14172360781249999 0.9524809078124999 0.1036528484375 0.962548765625 0.0664290859375 0.9502286140624999 0.037235615625 0.9531537546875001 0.0437211515625 1 0.176100309375 1
0 0.168854515625 0.8206335109375 0.11523893437499999 0.8181892015625 0.063049903125 0.8403021515625 0.0194680078125 0.8248150375 0.0357176234375 0.9421890265625 0.08091736875 0.9408561625 0.12464525625 0.9431447875 0.169166646875 0.9369120593750001 0.1678470625 0.8846214890624999 0.19037299218749998 0.8620414671875001 0.168854515625 0.8206335109375
0 0.0486729890625 0.7222020484375 0.004268879687499999 0.7150289296875 0.0175472203125 0.8109408312499999 0.056706240625 0.8087337171875 0.1183059890625 0.811837109375 0.1715515578125 0.811608771875 0.177846128125 0.757304625 0.18334719375 0.7115218265625 0.11185974843749999 0.7082627453125 0.0486729890625 0.7222020484375
0 0 0.684194021875 0.0000821125 0.6847871359375 0.0020385078125 0.6846655546875 0.053010534374999994 0.6822679515625001 0.126401515625 0.6850236468750001 0.17816705 0.6741046953125001 0.191496209375 0.57084170625 0.1677041828125 0.5272644953125 0.08928912343749999 0.5452309453125 0.0321829890625 0.560332728125 0 0.5688435546874999 0 0.684194021875
0 0 0.559925984375 0.0363600703125 0.5619985921875 0.0854820421875 0.546237728125 0.17346828281249999 0.5118876625000001 0.178229325 0.460759559375 0.1590378796875 0.40765421718750006 0.0897705 0.4204310484375 0.0395384921875 0.42817395156250004 0 0.4467860375 0 0.559925984375
0 0 0.4233277828125 0.030074290625 0.41682426093749997 0.10621580625 0.3966885546875 0.153434240625 0.38143108125 0.1745336203125 0.33429379843749996 0.1659164109375 0.30055610312500003 0.14820500781249998 0.2581413640625 0.09717949218750001 0.2744056203125 0.0115202953125 0.29705828749999996 0 0.3001048484375 0 0.4233277828125
0 0 0.277315978125 0.0081901984375 0.27300441875 0.0618592671875 0.2615820765625 0.127319578125 0.24981203281250003 0.12943705781249998 0.193842015625 0.1093986234375 0.16312467343749998 0.0530325078125 0.1835717609375 0.009991159375 0.20049509843750002 0 0.2010432609375 0 0.277315978125
0 0.8632670265625 0.8337010046875 0.809281434375 0.8285840375 0.7571458921875001 0.8368303375 0.7134180109375 0.8345417125000001 0.7079169453125 0.8803245109375 0.717274178125 0.9194075046875 0.7468837875000001 0.9337412281249999 0.791775190625 0.9301811578124999 0.8518414062499999 0.9364605984375001 0.8716168062499999 0.9367719734375 0.923012325 0.9231803703124999 0.9300469187499999 0.8742215265625 0.9187861515625 0.83564191875 0.8632670265625 0.8337010046875
0 0.4267959375 1 0.41773219843750004 0.9792282015625 0.3466147640625 0.978641771875 0.256461953125 0.9830892718750001 0.1925154453125 1 0.4267959375 1