0 0.3816289609375 1 0.421304853125 0.9735441125 0.41761272656250004 0.9075377765624999 0.36145088125 0.9119192437500001 0.268469584375 0.94524225625 0.1547188640625 0.9687738625 0.1584330109375 1 0.3816289609375 1
0 0.2678501015625 0.8494460921875 0.19545705625 0.8895947625 0.204642296875 0.9559535 0.337700084375 0.9049764281250001 0.3883489296875 0.9056435531249999 0.42821768593750004 0.8967551125 0.41971444687500004 0.8377680453125 0.37108262187499996 0.820974065625 0.331277140625 0.8113893296875 0.2678501015625 0.8494460921875
0 0.3178301125 0.8251472375000001 0.33013953906250004 0.8187577171875 0.400846025 0.8184162765625 0.3935811921875 0.75705511875 0.350944028125 0.7505877046875 0.32217353437499996 0.740885 0.3066643078125 0.7502640796875 0.24361172031249997 0.7620678421875 0.187988821875 0.7866746250000001 0.124202675 0.821077434375 0.13268875468750002 0.8859311046875 0.186533028125 0.8771403953125001 0.21401201718750001 0.8765437437499999 0.3178301125 0.8251472375000001
0 0.27800383906250004 0.6912598296875 0.3172126125 0.660871190625 0.38915050625 0.6850512234374999 0.38404049375 0.619487071875 0.34513668124999997 0.598220065625 0.309785028125 0.588261821875 0.2509289328125 0.62171725625 0.20487518906250002 0.6476341453125001 0.149182234375 0.6651796578125 0.1194374265625 0.672150553125 0.12695200625 0.7395759203125001 0.1622421265625 0.7304061843749999 0.20417940625000003 0.7266903874999999 0.27800383906250004 0.6912598296875
0 0.2909389015625 0.44128451249999995 0.23314389531250002 0.48511271093749997 0.1683961640625 0.5078052109375 0.10453023125000001 0.53253213125 0.11326776875 0.593809559375 0.17909465 0.58116863125 0.29864774843749997 0.5244485921875001 0.331053584375 0.52902538125 0.3468236609375 0.5192772437500001 0.3394435453125 0.4695159140625 0.2909389015625 0.44128451249999995
0 0.29640005937499997 0.5276627171875 0.2581446078125 0.5517601578125 0.22209896875 0.566238875 0.17465905937499998 0.5864104140624999 0.1793978140625 0.6428690453125 0.2717249796875 0.5986589609374999 0.3079441125 0.578071 0.364762084375 0.6027443296875 0.3614491578125 0.5625531374999999 0.3275274890625 0.5431581046875 0.29640005937499997 0.5276627171875
0 0.435332121875 0.7228265 0.4178087796875 0.692019559375 0.3852513640625 0.6859609468750001 0.3351267765625 0.6642775203125 0.266761146875 0.6984344734375 0.202922915625 0.7300179203125 0.2099614859375 0.7754086375 0.26175529375 0.7587728359375 0.325420034375 0.733298625 0.3632627625 0.7441928625 0.405329709375 0.7495499609375 0.435332121875 0.7228265
0 0.183552821875 0.7920312296875001 0.2013833671875 0.7774100328125 0.197873915625 0.7570319015625 0.1893845625 0.7225562765625 0.1350996921875 0.7382560859375 0.09658489218750001 0.74420774375 0.042776675 0.7567619546875 0.0354322765625 0.75810613125 0.042952025 0.8316164078125 0.0728193140625 0.824094928125 0.12731461875 0.8215676578125001 0.173286384375 0.8002891312499999 0.183552821875 0.7920312296875001
0 0.066520346875 0.6844658421875 0.0287995109375 0.6932666375000001 0.03486285 0.7525396046874999 0.051528293749999995 0.7486513218749999 0.12452906718750001 0.7285848359375 0.11642941250000001 0.6728213546874999 0.066520346875 0.6844658421875
0 0.1710393640625 0.6524941375 0.16298353125 0.5815485328125 0.1191615140625 0.59025563125 0.0726749296875 0.6041359796875 0.021289790625 0.619854375 0.028344759375 0.688821178125 0.07542354531249999 0.6778370328125 0.1710393640625 0.6524941375
0 0.0157588984375 0.5657864140625 0.0207225484375 0.6143092234374999 0.0474172265625 0.6069945859375 0.11106005625 0.589111440625 0.101552325 0.5351936703125 0.0558455671875 0.5488920796875 0.015582646875 0.5594585453125 0.0157588984375 0.5657864140625
0 0.081864709375 0.8344667046875 0.0437182625 0.8391068953125 0.050149528124999995 0.9019765859375 0.12710866406250002 0.8919668546875 0.129735653125 0.8809509796875 0.12365040624999998 0.8292690859375 0.081864709375 0.8344667046875
0 0.200673465625 0.9533619281249999 0.1934518046875 0.8793951453125001 0.13357845468750001 0.887295690625 0.0959950671875 0.8945472296875 0.050385107812499996 0.9042795328125001 0.0573732859375 0.972593375 0.1004549234375 0.969366196875 0.200673465625 0.9533619281249999
0 0.16139365781249998 1 0.15913911875 0.9818127828125001 0.1562589375 0.9777946906249999 0.058061646875 0.9793225328125 0.060176846875 1 0.16139365781249998 1
0 0.3921857765625 0.6054491375 0.392423209375 0.6311859875 0.39996035625 0.6658400328125 0.44750802500000003 0.6623324546875 0.4571172828125 0.6660522890625 0.4570859515625 0.6355741046875 0.45343722656249996 0.6059399140624999 0.43682468906249994 0.600435690625 0.41339274843749996 0.6020184468750001 0.3921857765625 0.6054491375
0 0.4661517796875 0.7905764796875 0.46389465 0.7383397375 0.4413534375 0.742662309375 0.4059992265625 0.7577101515625 0.4078735796875 0.7760331375 0.414268175 0.8144068421874999 0.4425044234375 0.8007838156249999 0.4661517796875 0.7905764796875
0 0.3800238984375 0.5339568156250001 0.40594324843749996 0.5370001375 0.43648625937499996 0.5389771703124999 0.4362707375 0.5056492625 0.434019146875 0.48852843437500004 0.3796262625 0.47486669062500003 0.36549166718750004 0.47637639531250003 0.3700260796875 0.5327718875 0.3800238984375 0.5339568156250001
0 0.44329850625 0.8787556375 0.4276361890625 0.9051677437500001 0.42975835625 0.9259132765625001 0.43381757031249996 0.9693082890625 0.4467298984375 0.9627780984375001 0.45960738437500004 0.9523272703125001 0.49280165 0.9485113546875 0.48955585625 0.9047129281249999 0.48428246562500005 0.8813310390625 0.46667147187499997 0.8808883546875 0.44329850625 0.8787556375
0 0.48446496562499997 0.6021253953125 0.47963620625000003 0.5471159671875 0.4540753390625 0.5470109078125 0.397222178125 0.5451869671875 0.3986107765625 0.564795809375 0.4011536890625 0.6017231187500001 0.44066485625 0.603241434375 0.48446496562499997 0.6021253953125
0 0.4975887859375 0.699198 0.49644185625 0.6645702171875 0.4709839515625 0.662817 0.4437604609375 0.66472399375 0.42363648906250007 0.6709364015625 0.432864034375 0.718611678125 0.496754121875 0.709567821875 0.4975887859375 0.699198
0 0.532094878125 0.7321113953125 0.54680026875 0.8212290328125 0.6081456328125 0.84332888125 0.65989561875 0.8418752109375 0.7121441749999999 0.8296848875 0.7555114374999999 0.8165323156250001 0.7840619515625 0.806836696875 0.8219923250000001 0.7873666703125 0.8515180796875 0.763788803125 0.8411008421874999 0.7009800984375001 0.8326322796875001 0.6650261703125 0.7978431359375 0.6761773484375 0.7493421437500001 0.68597611875 0.678573090625 0.688832821875 0.6302675062499999 0.6849312828125 0.5896725671875 0.709574565625 0.5469116328125 0.728654434375 0.532094878125 0.7321113953125
0 0.6288053734375 0.6787140453125 0.65915326875 0.6434929875 0.6729199515625 0.6332459203125 0.6760832828125001 0.6278681515625 0.673185940625 0.6297166578125 0.6796006921875 0.6200123750000001 0.6814093921875 0.6195903875 0.6868526359375 0.6124578031250001 0.687868909375 0.6001841125 0.67235773125 0.5009327953125 0.630207175 0.5438466375 0.59137403125 0.584175690625 0.5242584515625001 0.6222024875 0.5348016953125 0.725269321875 0.6288053734375 0.6787140453125
0 1 0.3488283421875 0.99749146875 0.32430586250000004 0.9833875484375 0.327931934375 0.9002069718750001 0.310926559375 0.8048742000000001 0.2922048875 0.7651011125 0.35610336249999996 0.7334513953124999 0.4135549796875 0.7098172859375 0.44789576249999996 0.6770845734375001 0.5025656781250001 0.6891692234375 0.581674440625 0.7540028046875 0.5832369546875 0.8505062203125 0.574376071875 0.93108796875 0.5737815 0.9507133671875 0.5783057625 0.9947527062500001 0.5483072890625 1 0.5430221578125 1 0.3488283421875
0 0.5641189015625 0.49099238749999996 0.51261211875 0.532191815625 0.5217667593749999 0.615649803125 0.5882370734375 0.5895886703125 0.6160186640624999 0.5456398359375 0.6047757765624999 0.4555803421875 0.5641189015625 0.49099238749999996
0 0.9564936015625 0.2069661703125 0.9860548078125 0.21250525625 0.97519644375 0.10635791406249999 0.9612742859375001 0.09680649375 0.866105121875 0.047487125000000005 0.76143805625 0.0320417765625 0.7061310421875 0.15516247968750002 0.67258285625 0.213408059375 0.6354859375 0.2490312296875 0.643334790625 0.32575875625 0.6606158843750001 0.3498672953125 0.6596813703125 0.3463722375 0.67779999375 0.3247526578125 0.7147312765625 0.2633727171875 0.7686466921874999 0.16285455937499999 0.7861135906250001 0.16464188125 0.843671740625 0.178180696875 0.911344859375 0.19404961874999999 0.9564936015625 0.2069661703125
0 0.7709356328125 0.33005549375 0.7930944015625 0.2932275265625 0.8023893359375001 0.2875413359375 0.8773144015625001 0.295855684375 0.9384899515624999 0.30855050624999997 0.9811271125 0.31501792812499996 0.9968412624999999 0.31794964531250003 0.9862245390625001 0.21416449375000002 0.98141888125 0.2152857296875 0.9185689546875 0.1982914796875 0.8349861781250001 0.1837894671875 0.7872087062500001 0.1632786046875 0.7702103984375 0.1660720265625 0.6649941187499999 0.33835786875 0.5993065109375 0.4263798953125 0.6004779828125 0.4378317625 0.603689446875 0.49336339531249995 0.61778509375 0.5403268421874999 0.61534149375 0.5469257296875 0.64468355625 0.5260095859375 0.6717311718750001 0.5068012890625 0.6893010484375 0.47338901250000004 0.7366502374999999 0.3931631515625 0.7709356328125 0.33005549375
0 1 0.7331714546875 0.9379647140625 0.743798125 0.8800864468749999 0.757301940625 0.8208337515625 0.787541696875 0.7515660703125 0.82246311875 0.7493716078125 0.8311827562499999 0.7657781921875 0.9070861703125 0.787431053125 0.9196220390625 0.9470305421875 0.8988004999999999 1 0.8864419796874999 1 0.7331714546875
0 1 0.5313835 0.9488288640625001 0.572420625 0.908300346875 0.5865665718749999 0.8459473421875 0.6468426453125 0.8585507343750001 0.7459112625000001 1 0.7292006125 1 0.5313835
0 0.52915900625 0.5189510453125 0.5751822546875001 0.4800727109375 0.5934550140625 0.453531559375 0.620319821875 0.41443308593749995 0.6525450625 0.3553236515625 0.637915846875 0.24852005937500002 0.629592409375 0.251634553125 0.5953898421875 0.3276205984375 0.5637846609375 0.3807227703125 0.5384599265625 0.4288420796875 0.49694274531250004 0.45142632968749996 0.510288409375 0.5395987171875001 0.510183359375 0.538621071875 0.52915900625 0.5189510453125