0 0.8999171203125 0.735801159375 0.7603950875 0.759012553125 0.9103812734375 0.8100776140624999 0.9975825468749999 0.770618246875 0.8999171203125 0.735801159375
0 0.9173573765624999 0.856500403125 0.994094496875 0.8402524250000001 0.9975825468749999 0.8007930578125 0.9138693281249999 0.8147198953125001 0.812715853125 0.8007930578125 0.77783534375 0.8147198953125001 0.9173573765624999 0.856500403125
0 0.9138693281249999 0.900602046875 0.98363034375 0.8843540734375 0.98711839375 0.8332890078125 0.903405175 0.8518581234375 0.812715853125 0.8356101484374999 0.7813233937499999 0.8495369859374999 0.9138693281249999 0.900602046875
0 0.788299496875 0.92613458125 0.92433348125 0.9609516687499999 0.994094496875 0.9447036953125 0.98363034375 0.8797117968749999 0.9138693281249999 0.914528884375 0.8336441578124999 0.888996353125 0.788299496875 0.92613458125
0 0.5197195796875 0.4363741890625 0.6104089015625 0.424768490625 0.7464428859375001 0.424768490625 0.7429548359375 0.396914821875 0.6104089015625 0.3853091234375 0.5197195796875 0.399235959375 0.5197195796875 0.4363741890625
0 0.523207628125 0.49904494843749997 0.5999447484375 0.4874392546875 0.73946678125 0.48511811250000003 0.7359787328125 0.4526221640625 0.5964567 0.45494330156249996 0.53367178125 0.4688701375 0.523207628125 0.49904494843749997
0 0.5197195796875 0.5593945703125 0.6104089015625 0.552431153125 0.73946678125 0.5570734328125 0.729002628125 0.5152929234375 0.5999447484375 0.5152929234375 0.5092554265625 0.5315408984375 0.5197195796875 0.5593945703125
0 0.523207628125 0.62206533125 0.6104089015625 0.615101915625 0.753418984375 0.6197441921875 0.753418984375 0.5779636874999999 0.5894805953125 0.580284825 0.5197195796875 0.5942116625 0.523207628125 0.62206533125
0 0.40832669375 0.42562838125 0.31103009843749996 0.4532252328125 0.30464999531250003 0.47657641406250006 0.409921721875 0.45534806874999995 0.40832669375 0.42562838125
0 0.398756540625 0.45747090156250003 0.3030549734375 0.48294492031249997 0.2966748640625 0.5073575203125 0.406731671875 0.48294492031249997 0.398756540625 0.45747090156250003
0 0.4115167484375 0.50417326875 0.306245021875 0.5254016140625 0.306245021875 0.5508756328125 0.4115167484375 0.5402614625 0.4115167484375 0.50417326875
0 0.409921721875 0.5370772078125 0.30145994531250003 0.5604283890625 0.30145994531250003 0.583779575 0.40513664531250004 0.5752882328125 0.409921721875 0.5370772078125
0 0.41311177656250003 0.583779575 0.30145994531250003 0.597578 0.3030549734375 0.6241134359375 0.4210869078125 0.6145606796874999 0.41311177656250003 0.583779575
0 0.5853746015625 0.7642205343749999 0.54390391875 0.7419307671875 0.4848879515625 0.7748347046874999 0.5375238140625 0.7992473046875 0.5853746015625 0.7642205343749999
0 0.5454989453125 0.841704003125 0.49924318593750006 0.8204756546875001 0.46415261250000006 0.8448882546875 0.52795365625 0.8671780218749999 0.5454989453125 0.841704003125
0 0.6619358578125001 0.8682394406249999 0.6029198859375 0.8512567593749999 0.5534740765625 0.885222115625 0.6364154375 0.9085733015624999 0.6619358578125001 0.8682394406249999
0 0.5614492078125 0.882037865625 0.49286308125 0.860809515625 0.4577725078125 0.885222115625 0.5359287875 0.910696134375 0.5614492078125 0.882037865625
0 0.6491756453125 0.9542142468750001 0.58856465 0.9361701531250001 0.5646392625 0.9658898406249999 0.6316303609375 0.9881796078124999 0.6491756453125 0.9542142468750001
0 0.550284021875 0.9531528328125001 0.4832929234375 0.925555978125 0.44979737656249996 0.9520914140625001 0.5135984203125 0.983933934375 0.550284021875 0.9531528328125001
0 0.6523657 0.907511884375 0.5646392625 0.890529203125 0.5407138687499999 0.9223717265625 0.6364154375 0.9563370843750001 0.6523657 0.907511884375
0 0.976989803125 0.551491825 0.8323167218749999 0.5550575046875 0.826958459375 0.5907143046875001 0.9894924156249999 0.5859600656249999 0.976989803125 0.551491825
0 0.7465845296875 0.6073541453125 0.88947151875 0.6180511859375 0.88411325625 0.5859600656249999 0.7805201859374999 0.5776401453125 0.7787340984375 0.581205825 0.7465845296875 0.6073541453125
0 0.2947044203125 0.45521846874999994 0.19111134999999999 0.47185830937500006 0.183967 0.4991951890625 0.2964905078125 0.48374390937499995 0.2947044203125 0.45521846874999994
0 0.28041572187499997 0.5110807890625 0.187539175 0.5229663859375 0.183967 0.544360465625 0.282201809375 0.5348519859375 0.28041572187499997 0.5110807890625
0 0.28756007031249997 0.557434625 0.1857530875 0.563377425 0.1857530875 0.5859600656249999 0.2947044203125 0.5895257453125 0.28756007031249997 0.557434625
0 0.28756007031249997 0.6014113453125 0.19825569999999998 0.599034225 0.1857530875 0.6239939859375 0.283987896875 0.628748225 0.28756007031249997 0.6014113453125
0 0.273271371875 0.723833021875 0.194683525 0.7440385421875 0.2196887484375 0.771375421875 0.30542094531249997 0.753547021875 0.273271371875 0.723833021875
0 0.3465009515625 0.78444958125 0.22861918593750002 0.807032221875 0.219201634375 0.7944983156250001 0.20361396250000002 0.8117864625 0.2375496234375 0.831991978125 0.3536453 0.8117864625 0.3465009515625 0.78444958125
0 0.19111134999999999 0.86646021875 0.2268330984375 0.8878542984375001 0.3911531359375 0.86051741875 0.371506175 0.8415004578125 0.2375496234375 0.8593288578125 0.19825569999999998 0.84268901875 0.19111134999999999 0.86646021875
0 0.19825569999999998 0.9175682984375 0.2446939734375 0.9472822984375 0.371506175 0.9235110984375 0.3465009515625 0.8937970984374999 0.23576353593750002 0.9211339781250001 0.2000417875 0.89617421875 0.19825569999999998 0.9175682984375
0 0.9701930265625001 0.4330862765625 0.8356113828125 0.427739534375 0.8476634703125001 0.481206975 0.986262475 0.4852170328125 0.9701930265625001 0.4330862765625
0 0.98023643125 0.49858389531249997 0.8094985296875 0.4972472078125 0.7733422671875 0.52130755625 0.9882711578125001 0.5266543015625 0.98023643125 0.49858389531249997