0 0.2847736609375 0.222222221875 0.388477365625 0.237908496875 0.4839506171875 0.23529411718749998 0.4839506171875 0.1228758171875 0.28312757187500004 0.1307189546875 0.2847736609375 0.222222221875
0 0.0888888890625 0.253594771875 0.1465020578125 0.26405228593749996 0.1827160484375 0.2300653609375 0.256790121875 0.19346405312499998 0.261728396875 0.1437908484375 0.24362139843750003 0.1228758171875 0.1481481484375 0.17254901875 0.090534978125 0.1673202625 0.0888888890625 0.253594771875
0 0.1004115234375 0.33464052187500004 0.154732509375 0.33464052187500004 0.19259259374999999 0.3111111109375 0.18600823125 0.253594771875 0.1004115234375 0.26928104531249997 0.1004115234375 0.33464052187500004
0 0.2683127578125 0.219607840625 0.21563786093749998 0.240522875 0.20740740624999998 0.305882353125 0.2518518515625 0.3032679734375 0.3226337453125 0.31895425 0.3226337453125 0.23267973749999998 0.2683127578125 0.219607840625
0 0.50534979375 0.2431372546875 0.4839506171875 0.258823528125 0.43456790156249997 0.253594771875 0.36707819062499997 0.23267973749999998 0.3489711953125 0.313725490625 0.4181069953125 0.321568628125 0.4987654328125 0.3424836609375 0.50534979375 0.2431372546875
0 0.49382716093749995 0.3555555546875 0.39012345625 0.31895425 0.3325102890625 0.31895425 0.261728396875 0.305882353125 0.261728396875 0.41045751406250003 0.352263375 0.42875816875000006 0.4839506171875 0.454901959375 0.49382716093749995 0.3555555546875
0 0.21893004062500002 0.41045751406250003 0.255144034375 0.4078431375 0.2502057625 0.3032679734375 0.1629629640625 0.321568628125 0.090534978125 0.3555555546875 0.0921810703125 0.43398692812500006 0.16625514375 0.41045751406250003 0.21893004062500002 0.41045751406250003
0 0.3078189296875 0.420915034375 0.2057613171875 0.4156862765625 0.2008230453125 0.49150326875 0.3078189296875 0.5098039234375 0.3078189296875 0.420915034375
0 0.479012346875 0.45228758124999996 0.3440329203125 0.42875816875000006 0.3341563796875 0.5176470578125001 0.479012346875 0.5542483671875 0.479012346875 0.45228758124999996
0 0.0938271609375 0.43398692812500006 0.097119340625 0.50718954375 0.187654321875 0.499346403125 0.187654321875 0.41045751406250003 0.16625514375 0.413071896875 0.0938271609375 0.43398692812500006
0 0.2633744859375 0.5908496734375001 0.3341563796875 0.601307190625 0.4724279828125 0.653594771875 0.47078189375 0.5542483671875 0.261728396875 0.49411764687500004 0.2633744859375 0.5908496734375001
0 0.0987654328125 0.5830065359375001 0.1563786015625 0.5856209156250001 0.2008230453125 0.577777778125 0.2584362140625 0.5960784296875 0.245267490625 0.50718954375 0.190946503125 0.49411764687500004 0.0938271609375 0.5045751640625 0.090534978125 0.5437908484375 0.0987654328125 0.5830065359375001
0 0.3160493828125 0.606535946875 0.2057613171875 0.577777778125 0.2106995890625 0.6640522859375 0.3111111109375 0.6901960765624999 0.3160493828125 0.606535946875
0 0.106995884375 0.653594771875 0.1497942375 0.653594771875 0.19753086250000002 0.6562091515625 0.1942386828125 0.5830065359375001 0.1020576125 0.58823529375 0.106995884375 0.653594771875
0 0.34238683124999997 0.5960784296875 0.34238683124999997 0.70849673125 0.480658434375 0.766013071875 0.47736625468750005 0.6640522859375 0.34238683124999997 0.5960784296875
0 0.474074075 0.773856209375 0.2633744859375 0.6823529421875 0.261728396875 0.77124183125 0.4823045265625 0.8444444453125 0.474074075 0.773856209375
0 0.1086419765625 0.73202614375 0.19753086250000002 0.7503267984375 0.2534979421875 0.773856209375 0.2518518515625 0.671895425 0.2041152265625 0.661437909375 0.11358024687499998 0.661437909375 0.09547325 0.6980392156249999 0.1086419765625 0.73202614375
0 0.3390946515625 0.7947712421875 0.21728395156250002 0.7503267984375 0.21728395156250002 0.826143790625 0.340740740625 0.8758169921875 0.3390946515625 0.7947712421875
0 0.3456790125 0.8052287578125 0.3456790125 0.8836601328125001 0.4872427984375 0.9385620906250001 0.4872427984375 0.854901959375 0.3456790125 0.8052287578125
0 0.2024691375 0.74771241875 0.110288065625 0.7294117640625 0.110288065625 0.7921568625 0.2057613171875 0.82875816875 0.2024691375 0.74771241875
0 0.72921810625 0.180392159375 0.628806584375 0.159477125 0.63374485625 0.2509803921875 0.740740740625 0.2483660140625 0.72921810625 0.180392159375
0 0.767078190625 0.2797385625 0.7012345671875 0.2457516328125 0.693004115625 0.3503267984375 0.767078190625 0.352941175 0.767078190625 0.2797385625
0 0.6748971203125 0.41830065312500003 0.702880659375 0.413071896875 0.763786009375 0.420915034375 0.7604938265625 0.3555555546875 0.6748971203125 0.3555555546875 0.6748971203125 0.41830065312500003
0 0.683127571875 0.4156862765625 0.6847736609374999 0.5176470578125001 0.7588477359375 0.5124183 0.757201646875 0.4235294109375 0.7111111109375 0.4078431375 0.683127571875 0.4156862765625
0 0.757201646875 0.5176470578125001 0.6683127578125 0.5228758171875 0.6683127578125 0.5856209156250001 0.752263375 0.57254901875 0.757201646875 0.5176470578125001
0 0.6716049374999999 0.6640522859375 0.7127572015625 0.6562091515625 0.7489711953125 0.637908496875 0.752263375 0.5647058828125 0.6716049374999999 0.58823529375 0.6716049374999999 0.6640522859375
0 0.752263375 0.6326797375 0.661728396875 0.6692810453125 0.622222221875 0.700653596875 0.622222221875 0.758169934375 0.6962962953125 0.71895425 0.752263375 0.705882353125 0.752263375 0.6326797375
0 0.7489711953125 0.7032679734375 0.6683127578125 0.74771241875 0.6683127578125 0.820915034375 0.7555555546875 0.7607843125 0.7489711953125 0.7032679734375
0 0.81646090625 0.141176471875 0.7588477359375 0.133333334375 0.7588477359375 0.21176470625000002 0.814814815625 0.21437908437500003 0.81646090625 0.141176471875
0 0.837860084375 0.22483660312499998 0.763786009375 0.22483660312499998 0.7654320984375 0.2849673203125 0.8345679015625 0.2823529421875 0.837860084375 0.22483660312499998
0 0.836213990625 0.2797385625 0.767078190625 0.2901960765625 0.767078190625 0.3633986921875 0.8395061734375 0.345098040625 0.836213990625 0.2797385625
0 0.8345679015625 0.3947712421875 0.8345679015625 0.34771241875 0.763786009375 0.358169934375 0.763786009375 0.41830065312500003 0.8345679015625 0.3947712421875
0 0.837860084375 0.44967320156249996 0.837860084375 0.38954248593749996 0.7654320984375 0.41830065312500003 0.7703703703125 0.4888888890625 0.837860084375 0.44967320156249996
0 0.8411522640625 0.5176470578125001 0.8411522640625 0.460130721875 0.7604938265625 0.49673202656250004 0.7604938265625 0.5542483671875 0.8411522640625 0.5176470578125001
0 0.842798353125 0.5202614375 0.7539094656249999 0.5490196078125 0.7555555546875 0.62745098125 0.8460905343749999 0.562091503125 0.842798353125 0.5202614375
0 0.842798353125 0.624836603125 0.8395061734375 0.5647058828125 0.7539094656249999 0.624836603125 0.7588477359375 0.666666665625 0.842798353125 0.624836603125
0 0.9037037046874999 0.22745098125 0.8510288046875001 0.20915032656250002 0.8444444453125 0.2823529421875 0.9037037046874999 0.30065359687500004 0.9037037046874999 0.22745098125
0 0.8181069953125 0.21437908437500003 0.8559670796875001 0.198692809375 0.8872427984375 0.20653594687500001 0.8855967093749999 0.138562090625 0.8181069953125 0.1490196078125 0.8181069953125 0.21437908437500003
0 0.8921810703125 0.2823529421875 0.842798353125 0.2797385625 0.8444444453125 0.345098040625 0.9004115234375 0.33202614375 0.8921810703125 0.2823529421875
0 0.89547325 0.339869278125 0.8444444453125 0.3267973875 0.8444444453125 0.4 0.9020576124999999 0.4026143796875 0.89547325 0.339869278125
0 0.897119340625 0.3947712421875 0.8345679015625 0.3921568625 0.8411522640625 0.44967320156249996 0.897119340625 0.43398692812500006 0.897119340625 0.3947712421875
0 0.9020576124999999 0.43921568750000006 0.842798353125 0.44705882499999994 0.8460905343749999 0.50718954375 0.8987654328125 0.499346403125 0.9020576124999999 0.43921568750000006
0 0.8987654328125 0.4836601328125 0.8460905343749999 0.5045751640625 0.842798353125 0.5647058828125 0.89547325 0.533333334375 0.8987654328125 0.4836601328125
0 0.8921810703125 0.528104575 0.8477366249999999 0.5542483671875 0.8477366249999999 0.622222221875 0.9004115234375 0.5908496734375001 0.8921810703125 0.528104575