0 0.5179533890625 0.11730423593749999 0.3151063984375 0.10752424687499999 0.30869343437499996 0.199909465625 0.41170166874999997 0.22485516562500002 0.508038846875 0.23062796875 0.5179533890625 0.11730423593749999
0 0.1087423390625 0.2142833078125 0.16581542031250002 0.2298989875 0.20526707187499998 0.19882765625 0.283060534375 0.168455190625 0.29241241093750003 0.1188168203125 0.2760298609375 0.09613866875 0.175542409375 0.137803709375 0.1180081828125 0.1274589015625 0.1087423390625 0.2142833078125
0 0.20650595625 0.22283651718750003 0.1189579875 0.231110709375 0.11319371874999999 0.296996603125 0.1678750625 0.30178060156250003 0.208061440625 0.28139598125 0.20650595625 0.22283651718750003
0 0.22343567812499998 0.2774298359375 0.26840553125 0.27870858125 0.3382735578125 0.3007548890625 0.3458823921875 0.213785509375 0.2923538984375 0.195824334375 0.237485 0.21226879062499998 0.22343567812499998 0.2774298359375
0 0.5059637109375 0.2543468921875 0.4567145390625 0.2447269296875 0.390621675 0.217699690625 0.3652468671875 0.29780353125 0.43414959375000006 0.311798565625 0.513498540625 0.3399855625 0.528888271875 0.2404188828125 0.5059637109375 0.2543468921875
0 0.4062109859375 0.30669864375 0.34821562031250003 0.301624709375 0.2781170234375 0.282213834375 0.26889419531250003 0.3876312625 0.3584157765625 0.41405264218750004 0.48867090312499994 0.45200457031249996 0.50737465625 0.35272783125 0.4062109859375 0.30669864375
0 0.2624967234375 0.38441595 0.266748521875 0.2785636109375 0.177312971875 0.289328271875 0.1014070890625 0.317210271875 0.096146978125 0.3964183125 0.172787584375 0.3792230234375 0.22581192031250003 0.383862053125 0.2624967234375 0.38441595
0 0.3143682046875 0.40223215625000003 0.21209469531249997 0.38797316875 0.20043711250000001 0.4639658921875 0.30652879843749997 0.49183696875000005 0.3143682046875 0.40223215625000003
0 0.4839304453125 0.4489342265625 0.350130721875 0.41332779531249997 0.3323492546875 0.5020627906249999 0.474938184375 0.55171621875 0.4839304453125 0.4489342265625
0 0.194328721875 0.3811076296875 0.17255701406249999 0.38185846093750003 0.0978039875 0.39656328125 0.0946620265625 0.4706454203125 0.1864893171875 0.4707124421875 0.194328721875 0.3811076296875
0 0.4666531328125 0.5509913703125 0.2615159296875 0.4719652046875 0.254641821875 0.5696212953125 0.324970990625 0.5863967359375 0.45954845468750005 0.6512828984375 0.4666531328125 0.5509913703125
0 0.0896324875 0.5472180265625 0.147397284375 0.5549273984374999 0.192828278125 0.5509352734374999 0.24920964687499997 0.5744572578125 0.2437929734375 0.48369268749999994 0.190264478125 0.465731509375 0.0915785765625 0.46772004375 0.08480599531250001 0.5069616421875 0.0896324875 0.5472180265625
0 0.3062827328125 0.590072940625 0.197799309375 0.5513701828124999 0.1951615046875 0.63877446875 0.2939334375 0.6739719734375 0.3062827328125 0.590072940625
0 0.18573909375 0.5556262640625 0.0924853671875 0.5527788359375 0.0916921296875 0.6190996390625 0.1347744015625 0.6228688515624999 0.1825971328125 0.629708403125 0.18573909375 0.5556262640625
0 0.33371718281249996 0.581850709375 0.3238026421875 0.6951744468750001 0.4579189640625 0.76533148125 0.46359720156249995 0.6622595484375 0.33371718281249996 0.581850709375
0 0.4505992109375 0.772657909375 0.246571846875 0.6618615484375 0.2370754296875 0.7513213921874999 0.452658853125 0.844539521875 0.4505992109375 0.772657909375
0 0.1742965859375 0.7245840890624999 0.2285598046875 0.753231978125 0.2358950546875 0.6503050171875 0.1887640359375 0.635559153125 0.097628459375 0.6275858249999999 0.0761733515625 0.6628872593749999 0.0864320171875 0.698307678125 0.1742965859375 0.7245840890624999
0 0.3128797859375 0.781853884375 0.19418071406249998 0.7263237234375 0.1874941609375 0.8027513609374999 0.3073891015625 0.8636973609374999 0.3128797859375 0.781853884375
0 0.3185855453125 0.7929755046875 0.3116684234375 0.8720385796875 0.4493293359375 0.9398501171874999 0.4567076015625 0.8555161734375 0.3185855453125 0.7929755046875
0 0.179498190625 0.7223835625 0.08831959687499999 0.6958172109375 0.0827858984375 0.7590676703125 0.1756645171875 0.8043720078125001 0.179498190625 0.7223835625
0 0.75977539375 0.1968842984375 0.6605423203125 0.1669576640625 0.657443378125 0.25963282187500003 0.765379628125 0.2664204109375 0.75977539375 0.1968842984375
0 0.789124946875 0.300365153125 0.7258419468749999 0.2603057015625 0.7083340671875 0.3649982859375 0.782668965625 0.374157353125 0.789124946875 0.300365153125
0 0.775810353125 0.3762129109375 0.689645809375 0.368674490625 0.6841121109375 0.43192495 0.7127424296875 0.42911856249999997 0.77336010625 0.44238874531250005 0.775810353125 0.3762129109375
0 0.7665014921875 0.44444429999999996 0.7214886218750001 0.4245725359375 0.6926277328125 0.43001436093749995 0.6852924828125 0.532941321875 0.7603190984375 0.5341940843749999 0.7665014921875 0.44444429999999996
0 0.7582009453125 0.5393199859375 0.6682612375 0.5367624953125001 0.662727540625 0.6000129546874999 0.748387928125 0.5942292265625 0.7582009453125 0.5393199859375
0 0.7490796421875 0.5863229203125 0.665810990625 0.6029383296875 0.6591244406250001 0.679365965625 0.7012414140625001 0.6750838984375 0.7393096390625 0.6598251796875 0.7490796421875 0.5863229203125
0 0.606186134375 0.711912978125 0.6011135796875 0.769892559375 0.6791376109375 0.7368846609374999 0.7366288203125 0.72863645 0.7430848 0.65484425 0.6487212359375001 0.68376701875 0.606186134375 0.711912978125
0 0.7335453703125 0.725711075 0.648432153125 0.76340996875 0.6419761734375 0.83720216875 0.73510085625 0.7842705359375 0.7335453703125 0.725711075
0 0.851055509375 0.1650361515625 0.79375185625 0.152055909375 0.7868347328125 0.23111897812499999 0.8429425187499999 0.23868338281249998 0.851055509375 0.1650361515625
0 0.8652183843750001 0.2512547015625 0.7906529109375 0.24473106718749998 0.7870067953125 0.3054910546875 0.8568318046875 0.30894434375 0.8652183843750001 0.2512547015625
0 0.8587193875000001 0.306453878125 0.7882026640625 0.310906896875 0.7817466828125 0.38469909687500004 0.8562691390625 0.37262971093749997 0.8587193875000001 0.306453878125
0 0.8469172640625 0.42226808125000004 0.8510675390625 0.3748302375 0.778893803125 0.3791382859375 0.773590675 0.439753309375 0.8469172640625 0.42226808125000004
0 0.8453893000000001 0.47790217031250004 0.8506924250000001 0.41728714843750003 0.7752476875000001 0.439898278125 0.7739933078125001 0.51148995 0.8453893000000001 0.47790217031250004
0 0.8427084812500001 0.5467134375 0.8477810390625 0.488733853125 0.76335953125 0.5185264375 0.7582869765625 0.5765060265625 0.8427084812500001 0.5467134375
0 0.8441349203125 0.5494938406250001 0.7521200765625 0.5706552734375 0.7468599640625 0.6498633171875 0.843759809375 0.591950753125 0.8441349203125 0.5494938406250001
0 0.8349120890625 0.654911271875 0.836901196875 0.594006309375 0.7454335265625 0.6470829140625 0.7467154234375 0.689684790625 0.8349120890625 0.654911271875
0 0.93126823125 0.2596889203125 0.8798578921875 0.23660184375 0.8667738671875 0.30981416093749997 0.9248122499999999 0.3334811203125 0.93126823125 0.2596889203125
0 0.9208805218749999 0.168489440625 0.8520208078125 0.173087428125 0.8462565390625001 0.238973321875 0.8857512062499999 0.2264950078125 0.9165426921875 0.237155740625 0.9208805218749999 0.168489440625
0 0.9148271734375 0.31401828125 0.865347428125 0.30703375781250003 0.86124016875 0.3730646203125 0.9187313796875 0.36481640937500004 0.9148271734375 0.31401828125
0 0.9130686375 0.3722878046875 0.8628541656250001 0.3546165703125 0.8563981828125 0.42840876874999995 0.91416298125 0.4361181421875 0.9130686375 0.3722878046875
0 0.9098836640625001 0.427776928125 0.8471478343750001 0.41963264687499996 0.8487033203125 0.4781921109375 0.9064251015625 0.46730846093749995 0.9098836640625001 0.427776928125
0 0.9109349906249999 0.47301424531249997 0.8505909015625001 0.47570164375 0.8486017953125 0.536606603125 0.90231784375 0.533339321875 0.9109349906249999 0.47301424531249997
0 0.9037012671875001 0.5175267109374999 0.848832365625 0.533971165625 0.840215215625 0.59429625 0.8960064015625001 0.56731005 0.9037012671875001 0.5175267109374999
0 0.893153521875 0.5617492375 0.84610853125 0.584189415625 0.8401136921875001 0.6527107421875 0.8959048749999999 0.62572454375 0.893153521875 0.5617492375