0 0.3146964859375 0.33080808125 0.3130990421875 0.4292929296875 0.29712459999999996 0.60606060625 0.276357828125 0.696969696875 0.23642172499999997 0.7803030296875 0.220447284375 0.853535353125 0.2603833859375 0.86868686875 0.32587859375 0.896464646875 0.37539936093750004 0.9292929296875 0.38977635781250003 0.9343434343749999 0.3929712453125 0.9015151515625 0.4361022359375 0.8232323234375001 0.4600638984375 0.7045454546875 0.47284344999999994 0.565656565625 0.487220446875 0.47727272656249997 0.5063897765625 0.3863636359375 0.4456869015625 0.35858585781249996 0.3881789140625 0.35858585781249996 0.335463259375 0.33080808125 0.3146964859375 0.33080808125
0 0.6118210859375 0.39141414218750004 0.6373801921875 0.4520202015625 0.6661341859375 0.4924242421875 0.747603834375 0.5227272734375 0.8322683703125 0.5303030296875 0.896166134375 0.5 0.97284345 0.46717171718749995 0.9664536734375 0.41161616093750003 0.899361021875 0.27777777812500004 0.8274760390625 0.24242424218749997 0.7332268375 0.2626262625 0.6725239609375 0.3106060609375 0.6118210859375 0.39141414218750004
0 0.1789137375 0.1893939390625 0.190095846875 0.21464646406250001 0.2412140578125 0.2626262625 0.3130990421875 0.290404040625 0.3594249203125 0.24747474687499998 0.4313099046875 0.20707070781249998 0.485623003125 0.19444444375 0.5271565500000001 0.133838384375 0.5303514375 0.1136363640625 0.4744408953125 0.0580808078125 0.397763578125 0.0202020203125 0.3035143765625 0.0303030296875 0.2332268375 0.0858585859375 0.1789137375 0.1893939390625
0 0.630990415625 0.4949494953125 0.6389776359375 0.46212121249999993 0.6070287546875 0.4015151515625 0.6134185296875 0.371212121875 0.7252396171875 0.26010100937499997 0.6789137375000001 0.2121212125 0.5383386578125 0.252525253125 0.45686900937499997 0.3510101015625 0.5031948875000001 0.383838384375 0.544728434375 0.48484848437499994 0.6070287546875 0.5075757578125 0.630990415625 0.4949494953125
0 0.5367412140625001 0.2449494953125 0.45846645312499995 0.20202020156249997 0.40415335468749997 0.222222221875 0.33386581406250004 0.2828282828125 0.2587859421875 0.41161616093750003 0.28274760312499997 0.44444444375 0.306709265625 0.446969696875 0.32428115 0.353535353125 0.426517571875 0.36868686875 0.5367412140625001 0.2449494953125
0 0.1230031953125 0.27272727343750003 0.0798722046875 0.3611111109375 0.0846645375 0.383838384375 0.132587859375 0.409090909375 0.2555910546875 0.4267676765625 0.3162939296875 0.290404040625 0.247603834375 0.27272727343750003 0.17731629375 0.2171717171875 0.1230031953125 0.27272727343750003
0 0.1549520765625 0.424242425 0.115015975 0.46717171718749995 0.073482428125 0.5580808078125 0.11341852968749999 0.5959595953125 0.1980830671875 0.6035353531250001 0.25079872187499996 0.5959595953125 0.29712459999999996 0.46212121249999993 0.218849840625 0.424242425 0.1549520765625 0.424242425
0 0.105431309375 0.724747475 0.132587859375 0.7575757578125 0.2460063890625 0.7651515156250001 0.2875399359375 0.64393939375 0.276357828125 0.6111111109375 0.132587859375 0.60606060625 0.0926517578125 0.6641414140624999 0.105431309375 0.724747475
0 0.64696485625 0.4696969703125 0.6086261984375 0.5151515156250001 0.4968051125 0.4696969703125 0.4760383390625 0.527777778125 0.46964856250000003 0.64393939375 0.5383386578125 0.6767676765624999 0.5942492015624999 0.674242425 0.6421725234375 0.5580808078125 0.6805111828125 0.502525253125 0.64696485625 0.4696969703125
0 0.6485623 0.709595959375 0.67571885 0.6616161609375 0.70447284375 0.6515151515625 0.777955271875 0.7020202015625 0.899361021875 0.6666666671875 0.958466453125 0.5833333328125 0.8769968046875001 0.489898990625 0.8067092656250001 0.540404040625 0.6948881796874999 0.5050505046875 0.6453674125 0.5580808078125 0.603833865625 0.6792929296875 0.6118210859375 0.7070707078125 0.6485623 0.709595959375
0 0.7284345046875 0.760101009375 0.7699680515625 0.921717171875 0.79233226875 0.9368686875 0.82268370625 0.8989898984375 0.9089456874999999 0.8484848484375 0.9169329078124999 0.8055555562500001 0.9488817890625001 0.760101009375 0.8769968046875001 0.6818181812499999 0.7747603828125 0.7121212124999999 0.7108626203124999 0.65656565625 0.6821086265625 0.671717171875 0.664536740625 0.709595959375 0.6709265171875 0.739898990625 0.70766773125 0.7323232328125 0.7284345046875 0.760101009375
0 0.6725239609375 0.752525253125 0.6533546328125001 0.722222221875 0.5862619812500001 0.722222221875 0.5686900953125 0.7449494953125 0.5383386578125 0.9292929296875 0.7108626203124999 0.9696969703124999 0.776357828125 0.9671717171875001 0.747603834375 0.8156565656250001 0.717252396875 0.7424242421875 0.6725239609375 0.752525253125