0 0.41632869531249994 0 0.2713056875 0.049935425 0.36800675781250003 0.150293940625 0.7833645453125 0 0.41632869531249994 0
0 0 0.18727546875 0.2748415171875 0.10392341875 0.257847575 0.054569425000000005 0 0.1433534640625 0 0.18727546875
0 0 0.3104994828125 0.11186758593749999 0.404106153125 0.717990084375 0.24189026249999998 0.6888612109375 0.11245367343749998 0.6850932281250001 0.08469558125 0.332287175 0.1306321125 0.010087946875 0.2038020359375 0 0.23275240625000002 0 0.3104994828125
0 0.836376946875 0 0.737432425 0.0405237859375 0.6871358125 0.11304777343750001 0.710898178125 0.2268988921875 0.9243247640625001 0.1965518515625 0.856646534375 0 0.836376946875 0
0 0.9752649281249999 0.3444928265625 0.926859121875 0.20391216406249998 0.393678534375 0.3593707859375 0.3615303296875 0.4285513265625 0.49642232656249996 0.48960968437499996 0.9752649281249999 0.3444928265625
0 0 0.5836713046875001 0.0020947890625 0.5897550125000001 0.4183353203125 0.47581948125 0.351051059375 0.420537425 0.3884389015625 0.35536383437499997 0.110205625 0.41048951406249995 0.06298548281250001 0.36863768750000003 0 0.384013365625 0 0.5836713046875001
0 0.075291834375 0.7014442234375 0.2144656109375 0.758122696875 0.3825905453125 0.7699658703125001 0.5138477359375 0.736392603125 0.7609666921875 0.6077194515625 0.732725940625 0.5593324953125001 0.7721626609375 0.4440590484375 0.748647746875 0.43181702343749995 0.10597468750000001 0.57756276875 0.075291834375 0.7014442234375
0 0.005091846875 0.5984590984375 0.06675185781250001 0.7775327765625 0.161618915625 0.7559804140625 0.07516495937499999 0.6898657046875 0.094727878125 0.5785298046875 0.005091846875 0.5984590984375
0 1 0.604430253125 0.6069558359375 0.6985218093750001 0.474347575 0.8458767937499999 0.573773740625 0.9104303609375 0.77564540625 0.840920371875 1 0.780364384375 1 0.604430253125
0 0.0712162640625 0.7904983515625 0.131462403125 0.9654658484375 0.486805990625 0.8764536296875001 0.47696739218750006 0.84788026875 0.4967206203125 0.75391214375 0.0712162640625 0.7904983515625
0 1 0.7923245859375 0.90102229375 0.8238996125 0.8671698937500001 0.9023836062499999 1 0.856646534375 1 0.7923245859375
0 0.583671303125 1 0.8571790140625 0.9058237421875001 0.8792962140625 0.8168527421875 0.5661046015625 0.9217877140624999 0.501503596875 0.8742983890625 0.20607977187499998 0.94115435625 0.2010506078125 1 0.583671303125 1
0 0.1944766078125 1 0.1974527734375 0.9441248703125 0.130644159375 0.9630894921875001 0.143353465625 1 0.1944766078125 1