0 0 0.1325 0.481727575 0.13999999999999999 0.5398671109375 0.015 0 0.01 0 0.1325
0 1 0 0.5481727578125 0.0125 0.5481727578125 0.0725 0.8172757468749999 0.0625 1 0.042499999999999996 1 0
0 0.8588039859375 0.14750000000000002 0.805647840625 0.08 0.50664451875 0.1125 0.189368771875 0.1775 0.194352159375 0.20249999999999999 0.207641196875 0.3225 0.7774086375 0.28250000000000003 0.8588039859375 0.14750000000000002
0 0.1312292359375 0.155 0 0.14750000000000002 0.0016611296875 0.34750000000000003 0.20930232499999998 0.3075 0.19601328906249998 0.20249999999999999 0.1312292359375 0.155
0 0.003322259375 0.4875 0.4717607984375 0.47000000000000003 0.5697674421875 0.3775 0.521594684375 0.3275 0 0.3525 0.003322259375 0.4875
0 0.534883721875 0.43499999999999994 1 0.40499999999999997 0.9983388703125 0.22000000000000003 0.8089700984375 0.2375 0.780730896875 0.2875 0.5249169453125 0.3225 0.576411959375 0.3675 0.534883721875 0.43499999999999994
0 0.22093023281250002 0.5125 0.2890365453125 0.6 0.2790697671875 0.65 0.52990033125 0.6875 0.6528239203124999 0.6775 0.7940199328124999 0.6174999999999999 0.8970099656249999 0.5275000000000001 0.8338870437500001 0.43 0.237541528125 0.495 0.22093023281250002 0.5125
0 0.89368770625 0.5175 0.8388704328125 0.6 1 0.5825 0.9983388703125 0.41 0.8438538203125001 0.42750000000000005 0.89368770625 0.5175
0 0.5963455140625 0.77 0.43853820624999995 0.6825 0 0.725 0.0049833890625 0.8775000000000001 0.3355481734375 0.8550000000000001 0.52990033125 0.8550000000000001 0.5963455140625 0.77
0 0.594684384375 0.7725 0.594684384375 0.8 1 0.765 0.9983388703125 0.585 0.5498338875 0.6975 0.594684384375 0.7725
0 0.2823920265625 1 0.31395348749999996 0.9724999999999999 0.317275746875 0.9724999999999999 0.30232558125 0.9650000000000001 0.2225913625 0.8775000000000001 0.003322259375 0.8825 0.0099667765625 1 0.2823920265625 1
0 0.8139534875000001 0.99 0.90199335625 0.8775000000000001 0.8554817281249999 0.7725 0.5813953484375001 0.8025 0.5398671109375 0.8625 0.239202659375 0.865 0.307308971875 0.97 0.299003321875 1 0.8139534875000001 0.99
0 0.905315615625 0.875 0.8504983390625 0.95 0.9950166109374999 0.945 1 0.765 0.863787375 0.7725 0.905315615625 0.875