0 0.9783854171874999 0.23240740781250002 0.9403645828125 0.23055555625 0.8940104171875 0.2398148140625 0.8736979171874999 0.2388888890625 0.8502604171874999 0.2453703703125 0.7997395828125 0.2703703703125 0.7958333328125 0.2791666671875 0.7989583328125 0.3106481484375 0.8028645828125001 0.31944444375000003 0.8559895828125 0.3129629625 0.9166666671874999 0.3254629625 0.9346354171875 0.325 0.9591145828125001 0.31759259218749997 0.9861979171874999 0.303703703125 0.9942708328125001 0.2615740734375 0.9947916671874999 0.2513888890625 0.9916666671875 0.2375 0.9783854171874999 0.23240740781250002
0 0.90390625 0.325 0.8809895828125001 0.3166666671875 0.8200520828125001 0.3166666671875 0.8065104171874999 0.31944444375000003 0.8002604171875 0.32592592656249997 0.7973958328124999 0.333796296875 0.7973958328124999 0.3773148140625 0.8013020828125 0.38240740781250004 0.8653645828125001 0.38055555625 0.90703125 0.3879629625 0.9239583328125001 0.3949074078125 0.9450520828125001 0.3916666671875 0.9716145828125 0.38055555625 0.9776041671875 0.3625 0.9838541671875 0.315277778125 0.97734375 0.3120370375 0.9299479171874999 0.32777777812500003 0.90390625 0.325
0 0.9231770828125001 0.3953703703125 0.8877604171875 0.3861111109375 0.8346354171874999 0.38148148125 0.8065104171874999 0.3879629625 0.796875 0.3976851859375 0.7963541671875001 0.4050925921875 0.8015625 0.4393518515625 0.8049479171874999 0.44629629687500005 0.8440104171874999 0.4453703703125 0.8747395828125001 0.45 0.9239583328125001 0.4671296296875 0.94140625 0.46481481406249997 0.9591145828125001 0.45648148125 0.9692708328125 0.4106481484375 0.9708333328125001 0.3875 0.9669270828125001 0.3851851859375 0.9497395828125 0.3916666671875 0.9231770828125001 0.3953703703125
0 0.8809895828125001 0.45277777812500003 0.84609375 0.447222221875 0.8028645828125001 0.4481481484375 0.7950520828125 0.45185185156249996 0.7916666671875 0.4578703703125 0.7921875 0.49490740781250003 0.7932291671875 0.5023148140625 0.7955729171875 0.5046296296875 0.8627604171875 0.51944444375 0.9078125 0.5254629625 0.9434895828125001 0.5240740734375 0.9481770828125 0.5203703703125 0.95625 0.48194444374999995 0.9583333328125001 0.4606481484375 0.9528645828125001 0.459259259375 0.9236979171874999 0.46851851875 0.8809895828125001 0.45277777812500003
0 0.7481770828125 0.26203703749999996 0.7013020828125 0.2833333328125 0.6872395828125 0.29444444375 0.6833333328125 0.303240740625 0.6859375 0.3365740734375 0.75078125 0.325 0.7606770828125 0.3203703703125 0.79609375 0.32685185156249996 0.7994791671875 0.3226851859375 0.7953125 0.2800925921875 0.7984375 0.26527777812500003 0.7481770828125 0.26203703749999996
0 0.7528645828125 0.325 0.6856770828125 0.33703703749999997 0.6786458328125 0.3449074078125 0.6765625 0.353240740625 0.6770833328125 0.3773148140625 0.6838541671875 0.3875 0.73984375 0.3796296296875 0.7955729171875 0.38240740781250004 0.7984375 0.378240740625 0.7989583328125 0.33194444375 0.79453125 0.32777777812500003 0.76015625 0.3203703703125 0.7528645828125 0.325
0 0.7455729171875001 0.3796296296875 0.6908854171875001 0.38703703749999996 0.6838541671875 0.3921296296875 0.6838541671875 0.42731481406249994 0.6877604171875 0.4379629625 0.7432291671875 0.44398148125 0.7981770828125 0.44351851875000003 0.8 0.440277778125 0.8 0.43101851875 0.7958333328125 0.3986111109375 0.7994791671875 0.391203703125 0.7989583328125 0.3865740734375 0.7455729171875001 0.3796296296875
0 0.6859375 0.44305555625000004 0.6854166671875 0.47268518593750003 0.6877604171875 0.48148148125 0.7505208328124999 0.4986111109375 0.7903645828125 0.4981481484375 0.7921875 0.48842592656250006 0.7911458328125 0.458796296875 0.7979166671875 0.446759259375 0.74921875 0.44629629687500005 0.6955729171875 0.440740740625 0.6859375 0.44305555625000004
0 0.6794270828125 0.2824074078125 0.65234375 0.2898148140625 0.62109375 0.3138888890625 0.6177083328124999 0.32824074062499997 0.6182291671875 0.34120370312500004 0.6203125 0.34861111093749997 0.6270833328125 0.3578703703125 0.64296875 0.35648148125 0.6825520828125 0.33888888906250003 0.684375 0.3356481484375 0.6833333328125 0.2995370375 0.6973958328125 0.2865740734375 0.69453125 0.2833333328125 0.6794270828125 0.2824074078125
0 0.6369791671875 0.44398148125 0.6385416671875 0.42268518593750004 0.6364583328125 0.40416666718750005 0.63046875 0.3879629625 0.6122395828125 0.36666666718749996 0.58046875 0.34444444375 0.56796875 0.32777777812500003 0.56015625 0.322222221875 0.55 0.3393518515625 0.546875 0.3513888890625 0.5458333328125 0.3736111109375 0.5479166671875 0.4328703703125 0.5549479171875 0.447222221875 0.60625 0.49583333281249997 0.6104166671875 0.49490740781250003 0.6072916671875 0.4800925921875 0.6171875 0.45324074062499997 0.6140625 0.446759259375 0.6153645828125 0.44351851875000003 0.6231770828125 0.440740740625 0.6369791671875 0.44398148125
0 0.16015625 0.44259259218749997 0.1565104171875 0.44351851875000003 0.15182291718750002 0.45555555625000005 0.1481770828125 0.4583333328125 0.08463541718749999 0.4509259265625 0.0817708328125 0.45694444375 0.0817708328125 0.49490740781250003 0.08359375 0.5009259265625 0.0895833328125 0.5050925921875 0.1502604171875 0.490740740625 0.1611979171875 0.49259259218749996 0.1690104171875 0.48981481406249994 0.17135416718750002 0.4791666671875 0.16875 0.45231481406249996 0.1658854171875 0.44629629687500005 0.16015625 0.44259259218749997
0 0.08203125 0.5018518515625 0.0828125 0.55694444375 0.1559895828125 0.54351851875 0.1651041671875 0.5328703703125 0.1651041671875 0.508796296875 0.1619791671875 0.49768518593750005 0.1565104171875 0.4916666671875 0.09296875 0.50555555625 0.08203125 0.5018518515625
0 0.0822916671875 0.609722221875 0.084375 0.6226851859375 0.12317708281249999 0.622222221875 0.1669270828125 0.6148148140624999 0.1682291671875 0.58194444375 0.1614583328125 0.54305555625 0.1502604171875 0.5481481484375 0.08255208281250001 0.5583333328125 0.0822916671875 0.609722221875
0 0.0828125 0.66805555625 0.084375 0.671759259375 0.16848958281249998 0.652777778125 0.17239583281249998 0.6393518515625 0.17239583281249998 0.6180555562500001 0.16848958281249998 0.6129629624999999 0.1638020828125 0.61851851875 0.0841145828125 0.625 0.0828125 0.66805555625
0 0.08463541718749999 0.6740740734374999 0.0828125 0.6773148140624999 0.084375 0.7106481484375 0.0908854171875 0.7111111109375 0.1653645828125 0.6870370375 0.1697916671875 0.6773148140624999 0.1697916671875 0.6560185187500001 0.16744791718750002 0.652777778125 0.14765625 0.6564814812499999 0.08463541718749999 0.6740740734374999
0 0.08333333281250001 0.7513888890625 0.08541666718749999 0.7550925921875 0.1690104171875 0.7361111109375 0.171875 0.7263888890625 0.1697916671875 0.6976851859375001 0.16640625 0.6898148140625 0.1622395828125 0.6888888890625 0.0841145828125 0.7129629625 0.08333333281250001 0.7513888890625
0 0.0838541671875 0.7597222218749999 0.084375 0.7828703703125 0.0861979171875 0.7879629625 0.09375 0.79398148125 0.16848958281249998 0.784259259375 0.1734375 0.7763888890625 0.1744791671875 0.7541666671875 0.16848958281249998 0.7379629624999999 0.1643229171875 0.7379629624999999 0.0861979171875 0.75648148125 0.0838541671875 0.7597222218749999
0 0.09713541718749999 0.3925925921875 0.09296875 0.39074074062499997 0.0908854171875 0.38333333281250004 0.0817708328125 0.39027777812500003 0.0817708328125 0.4421296296875 0.08463541718749999 0.447222221875 0.1091145828125 0.4546296296875 0.1369791671875 0.4578703703125 0.14453125 0.4583333328125 0.15234375 0.45370370312499997 0.1604166671875 0.43101851875 0.1598958328125 0.4199074078125 0.15234375 0.40277777812500004 0.1268229171875 0.3916666671875 0.09713541718749999 0.3925925921875