0 0.6153645828125 0.5888888890625 0.56640625 0.6074074078125 0.5596354171875 0.6129629624999999 0.55625 0.6208333328125 0.55625 0.6486111109375 0.5606770828125 0.6583333328125 0.6151041671875 0.66898148125 0.64453125 0.659259259375 0.66640625 0.64444444375 0.6739583328125 0.6300925921875 0.6723958328124999 0.608796296875 0.6658854171875 0.6 0.6575520828125 0.5962962968750001 0.6153645828125 0.5888888890625
0 0.5903645828124999 0.56851851875 0.5643229171875 0.5601851859375 0.53828125 0.577777778125 0.50546875 0.5935185187500001 0.49895833281249996 0.6013888890625 0.49583333281249997 0.6208333328125 0.5002604171875 0.634259259375 0.5080729171875 0.640740740625 0.5484375 0.6578703703125 0.5557291671875 0.6550925921874999 0.5557291671875 0.6236111109375 0.56015625 0.6120370375 0.6033854171875 0.590740740625 0.6072916671875 0.5865740734375 0.6067708328125 0.58194444375 0.5903645828124999 0.56851851875
0 0.6065104171875 0.5583333328125 0.59765625 0.5638888890625 0.5942708328124999 0.571759259375 0.6059895828124999 0.5759259265625001 0.6111979171875 0.5888888890625 0.6252604171875 0.5879629625 0.66640625 0.6 0.6776041671875 0.6208333328125 0.68984375 0.6111111109375 0.6958333328124999 0.5995370375 0.6973958328125 0.578240740625 0.69453125 0.5722222218749999 0.6768229171875 0.5648148140625 0.6278645828125 0.5546296296875 0.6065104171875 0.5583333328125
0 0.6236979171875 0.66944444375 0.5674479171875 0.6611111109375 0.56015625 0.6638888890625 0.55625 0.6708333328125 0.5557291671875 0.69398148125 0.5627604171875 0.7046296296875 0.6182291671875 0.7189814812499999 0.6299479171875 0.7148148140624999 0.6622395828125 0.6796296296875 0.6671875 0.6671296296875 0.6666666671875 0.6495370375 0.6622395828125 0.6481481484375 0.6440104171875001 0.6611111109375 0.6236979171875 0.66944444375
0 0.49635416718750003 0.6458333328125 0.49583333281249997 0.6745370375 0.49765625 0.6796296296875 0.5427083328125 0.6921296296875 0.55078125 0.6925925921875 0.5541666671875001 0.6884259265625 0.55625 0.6699074078125 0.5544270828125 0.6583333328125 0.54296875 0.6564814812499999 0.5018229171875 0.6379629625 0.49635416718750003 0.6458333328125
0 0.63359375 0.7111111109375 0.6294270828124999 0.7185185187500001 0.61484375 0.7194444437499999 0.5643229171875 0.7074074078125 0.5533854171875 0.6953703703125 0.5325520828125 0.6888888890625 0.5268229171875001 0.6898148140625 0.5239583328124999 0.6949074078125 0.5234375 0.7273148140625 0.5278645828124999 0.734259259375 0.6130208328125 0.7569444437499999 0.6252604171875 0.75648148125 0.6309895828125 0.746296296875 0.65234375 0.73148148125 0.6557291671875001 0.7208333328125 0.6557291671875001 0.7041666671875 0.64921875 0.6981481484375001 0.63359375 0.7111111109375
0 0.49505208281249996 0.6398148140625 0.47734375 0.634259259375 0.4419270828125 0.6546296296875 0.4369791671875 0.6625 0.4390625 0.696759259375 0.44296875 0.702777778125 0.4934895828125 0.7138888890625 0.5111979171875001 0.7203703703125 0.5171875 0.7263888890625 0.52109375 0.7259259265625 0.521875 0.7226851859375001 0.5223958328125 0.690277778125 0.51796875 0.6851851859375 0.4986979171875 0.68148148125 0.49583333281249997 0.6773148140624999 0.49505208281249996 0.6398148140625
0 0.4544270828125 0.353703703125 0.42421875 0.33055555625 0.41380208281249997 0.3324074078125 0.40729166718750004 0.34861111093749997 0.40729166718750004 0.35601851875 0.41510416718750004 0.366203703125 0.41875 0.3865740734375 0.43385416718750003 0.40972222187499996 0.446875 0.48379629687500003 0.45390625 0.49444444374999996 0.46458333281249997 0.49490740781250003 0.48671875 0.49351851875 0.49010416718750005 0.48842592656250006 0.490625 0.48194444374999995 0.4875 0.4550925921875 0.46979166718750004 0.383796296875 0.4640625 0.36805555624999997 0.4544270828125 0.353703703125
0 0.6153645828125 0.803703703125 0.60390625 0.796296296875 0.56953125 0.7851851859375001 0.52265625 0.772222221875 0.5192708328125 0.7754629625 0.5192708328125 0.8078703703125001 0.5216145828125 0.8120370375 0.5518229171875 0.821296296875 0.6067708328125 0.8449074078125 0.6169270828125 0.8425925921875 0.6455729171875 0.81851851875 0.6479166671875001 0.809722221875 0.6473958328125 0.7828703703125 0.6346354171875 0.7898148140625 0.6268229171875 0.7990740734374999 0.6153645828125 0.803703703125
0 0.65859375 0.7240740734375 0.6552083328125 0.7328703703125 0.6536458328125 0.7513888890625 0.6536458328125 0.7606481484375001 0.6557291671875001 0.7625 0.65859375 0.7629629625 0.6888020828125 0.7388888890625 0.6942708328125 0.721759259375 0.6947916671875001 0.6986111109375 0.68828125 0.6972222218749999 0.6700520828125 0.7175925921874999 0.65859375 0.7240740734375
0 0.43958333281249995 0.7300925921875 0.44296875 0.7379629624999999 0.5166666671875 0.7597222218749999 0.5197916671875 0.75601851875 0.5197916671875 0.728240740625 0.5106770828125 0.7203703703125 0.4643229171875 0.70648148125 0.4440104171875 0.7074074078125 0.43958333281249995 0.7189814812499999 0.43958333281249995 0.7300925921875
0 0.453125 0.7949074078125 0.4557291671875 0.8023148140625 0.45286458281249997 0.809259259375 0.4643229171875 0.81851851875 0.49505208281249996 0.8324074078124999 0.5083333328124999 0.8421296296874999 0.5143229171875 0.8425925921875 0.5192708328125 0.8328703703125001 0.5197916671875 0.8226851859375 0.5158854171875 0.7990740734374999 0.47161458281249996 0.7824074078125001 0.45520833281249995 0.7819444437499999 0.453125 0.7949074078125
0 0.5458333328125 0.3365740734375 0.54453125 0.3203703703125 0.5283854171875 0.31759259218749997 0.5260416671875 0.32083333281250004 0.5252604171875 0.3333333328125 0.5390625 0.3384259265625 0.5458333328125 0.3365740734375
0 0.5682291671875 0.303240740625 0.5708333328124999 0.33194444375 0.5744791671875 0.3300925921875 0.5763020828125 0.3203703703125 0.5830729171875 0.3231481484375 0.5859375 0.32083333281250004 0.5864583328124999 0.3078703703125 0.5841145828125 0.3018518515625 0.5682291671875 0.303240740625
0 0.47682291718750003 0.3101851859375 0.4875 0.3125 0.49453125 0.3129629625 0.4984375 0.3078703703125 0.49791666718750005 0.2921296296875 0.4955729171875 0.2870370375 0.4778645828125 0.2870370375 0.47291666718750003 0.290277778125 0.47682291718750003 0.3101851859375
0 0.64140625 0.825 0.6153645828125 0.847222221875 0.5841145828125 0.8379629625 0.5263020828125 0.8138888890624999 0.5213541671875 0.816203703125 0.52265625 0.8462962968750001 0.5940104171875 0.8833333328125 0.6109375 0.8976851859374999 0.6153645828125 0.896296296875 0.6361979171875001 0.872222221875 0.6541666671875 0.8458333328125001 0.6541666671875 0.8356481484374999 0.65078125 0.8259259265625 0.64765625 0.8231481484375 0.64140625 0.825
0 0.6432291671875 0.3263888890625 0.6419270828125 0.3129629625 0.6341145828125 0.3101851859375 0.6260416671875 0.3125 0.6268229171875 0.32592592656249997 0.6385416671875 0.3291666671875 0.6432291671875 0.3263888890625