0 0.1278645828125 0.2796296296875 0.1307291671875 0.2726851859375 0.12552083281249998 0.24398148125 0.10078125 0.23148148124999998 0.0721354171875 0.2296296296875 0.0575520828125 0.234259259375 0.053125 0.2375 0.0453125 0.2578703703125 0.0518229171875 0.271296296875 0.06692708281250001 0.28148148125 0.12395833281249999 0.28194444375 0.1278645828125 0.2796296296875
0 0.2013020828125 0.26944444375 0.20572916718749998 0.2578703703125 0.203125 0.2375 0.1966145828125 0.22870370312500002 0.18046875 0.2259259265625 0.1393229171875 0.22870370312500002 0.13203125 0.23240740781250002 0.1276041671875 0.24212962968750001 0.1307291671875 0.26805555625 0.13359375 0.271296296875 0.1927083328125 0.271759259375 0.2013020828125 0.26944444375
0 0.21614583281250002 0.271759259375 0.22890625 0.2675925921875 0.2721354171875 0.2638888890625 0.2776041671875 0.25601851875000003 0.28072916718749996 0.24398148125 0.2796875 0.23009259218749997 0.27265625 0.21944444375 0.2075520828125 0.21944444375 0.20208333281250002 0.23009259218749997 0.20572916718749998 0.2541666671875 0.2052083328125 0.26527777812500003 0.20963541718749998 0.271296296875 0.21614583281250002 0.271759259375
0 0.28828125 0.3111111109375 0.2911458328125 0.3023148140625 0.28958333281250004 0.2865740734375 0.2854166671875 0.27453703749999997 0.2794270828125 0.2675925921875 0.22786458281250002 0.26851851875 0.21380208281250002 0.2759259265625 0.209375 0.2856481484375 0.2114583328125 0.303240740625 0.2221354171875 0.3148148140625 0.2776041671875 0.315277778125 0.28828125 0.3111111109375
0 0.27005208281250004 0.3546296296875 0.2786458328125 0.34861111093749997 0.2796875 0.3291666671875 0.2736979171875 0.31851851875000003 0.2627604171875 0.3129629625 0.22942708281250002 0.315740740625 0.2153645828125 0.3129629625 0.20572916718749998 0.32824074062499997 0.20416666718749998 0.3495370375 0.2065104171875 0.3638888890625 0.21458333281250003 0.3643518515625 0.27005208281250004 0.3546296296875
0 0.3484375 0.3495370375 0.3479166671875 0.316203703125 0.3388020828125 0.3120370375 0.2971354171875 0.3120370375 0.2815104171875 0.3203703703125 0.2796875 0.32453703749999996 0.2791666671875 0.3495370375 0.28567708281250004 0.3574074078125 0.3 0.35694444375 0.34609375 0.353703703125 0.3484375 0.3495370375
0 0.2854166671875 0.2726851859375 0.2916666671875 0.29398148125 0.2916666671875 0.3078703703125 0.2940104171875 0.3111111109375 0.346875 0.3125 0.3484375 0.308796296875 0.3484375 0.2726851859375 0.34609375 0.26851851875 0.2854166671875 0.2726851859375
0 0.209375 0.30694444375 0.2088541671875 0.2921296296875 0.2013020828125 0.272222221875 0.13619791718750002 0.2731481484375 0.1315104171875 0.2768518515625 0.128125 0.28472222187499996 0.1328125 0.309722221875 0.13671875 0.3138888890625 0.1916666671875 0.316203703125 0.20286458281250003 0.3129629625 0.209375 0.30694444375
0 0.14140625 0.3583333328125 0.17916666718750002 0.36064814843750004 0.19192708281249998 0.3583333328125 0.203125 0.3513888890625 0.2052083328125 0.3421296296875 0.2046875 0.33101851875 0.19973958281249998 0.315740740625 0.13984375 0.315740740625 0.1369791671875 0.32083333281250004 0.14114583281249998 0.3300925921875 0.13359375 0.33055555625 0.1291666671875 0.334722221875 0.1296875 0.34305555625 0.14140625 0.3583333328125
0 0.21197916718749998 0.3763888890625 0.20182291718749998 0.3583333328125 0.18359375 0.3611111109375 0.1408854171875 0.35925925937500003 0.1369791671875 0.36990740781250003 0.1369791671875 0.3856481484375 0.13984375 0.396296296875 0.16640625 0.4018518515625 0.20572916718749998 0.40416666718750005 0.2125 0.3976851859375 0.21197916718749998 0.3763888890625
0 0.209375 0.4393518515625 0.20677083281250003 0.4171296296875 0.2046875 0.408796296875 0.20026041718749998 0.4046296296875 0.1408854171875 0.3981481484375 0.134375 0.4106481484375 0.1390625 0.43379629687500004 0.1424479171875 0.4379629625 0.18671875 0.447222221875 0.20598958281250002 0.447222221875 0.20833333281250002 0.4513888890625 0.209375 0.4393518515625
0 0.1177083328125 0.333796296875 0.12942708281249998 0.33055555625 0.13333333281249998 0.32083333281250004 0.1296875 0.2976851859375 0.12265625 0.284259259375 0.07109375 0.28148148125 0.05703125 0.2916666671875 0.051041667187499994 0.30509259218749996 0.051041667187499994 0.316203703125 0.054947917187499994 0.325 0.06015625 0.3296296296875 0.07682291718749999 0.3333333328125 0.1177083328125 0.333796296875
0 0.12890625 0.36666666718749996 0.1328125 0.3495370375 0.1263020828125 0.3333333328125 0.06640625 0.334259259375 0.0640625 0.3365740734375 0.0640625 0.3421296296875 0.06015625 0.34351851875 0.058333332812500006 0.34861111093749997 0.062239582812500006 0.3611111109375 0.06953125 0.36759259218749996 0.1010416671875 0.36990740781250003 0.12890625 0.36666666718749996
0 0.1380208328125 0.3976851859375 0.1354166671875 0.3708333328125 0.1315104171875 0.36666666718749996 0.1080729171875 0.3703703703125 0.06953125 0.36944444375 0.061979167187499996 0.383796296875 0.061979167187499996 0.3986111109375 0.0674479171875 0.40648148125 0.10260416718750001 0.4078703703125 0.1346354171875 0.4046296296875 0.1380208328125 0.3976851859375
0 0.1385416671875 0.4328703703125 0.1309895828125 0.40833333281249995 0.0705729171875 0.40833333281249995 0.0640625 0.415277778125 0.0635416671875 0.4291666671875 0.06796875 0.44629629687500005 0.11145833281249999 0.4486111109375 0.1325520828125 0.447222221875 0.1380208328125 0.440277778125 0.1385416671875 0.4328703703125
0 0.07265625 0.48333333281249996 0.1223958328125 0.48564814843750004 0.13359375 0.48425925937500003 0.1385416671875 0.4800925921875 0.1375 0.4699074078125 0.134375 0.46805555625000006 0.1385416671875 0.4625 0.1395833328125 0.45324074062499997 0.1377604171875 0.44907407343749994 0.07109375 0.447222221875 0.0682291671875 0.4495370375 0.0666666671875 0.45694444375 0.0661458328125 0.47453703750000004 0.07265625 0.48333333281249996
0 0.2130208328125 0.4671296296875 0.2109375 0.45694444375 0.20442708281250002 0.447222221875 0.14505208281249998 0.43981481406249995 0.1416666671875 0.44490740781250004 0.1385416671875 0.4643518515625 0.1390625 0.4754629625 0.1481770828125 0.48148148125 0.20833333281250002 0.4865740734375 0.21354166718749998 0.47453703750000004 0.2130208328125 0.4671296296875
0 0.2731770828125 0.48055555625 0.2830729171875 0.47592592656250005 0.2875 0.4671296296875 0.284375 0.45324074062499997 0.2794270828125 0.44629629687500005 0.26901041718749996 0.44907407343749994 0.21484375 0.44166666718750003 0.2109375 0.45231481406249996 0.21458333281250003 0.4800925921875 0.21848958281250003 0.4861111109375 0.23072916718749997 0.48564814843750004 0.2731770828125 0.48055555625
0 0.28072916718749996 0.4421296296875 0.2822916671875 0.42731481406249994 0.2747395828125 0.41018518593750003 0.22265625 0.41018518593750003 0.21171875 0.403703703125 0.2078125 0.4125 0.2078125 0.43101851875 0.21171875 0.44166666718750003 0.21901041718749997 0.43981481406249995 0.25338541718749996 0.447222221875 0.275 0.44768518593750006 0.28072916718749996 0.4421296296875
0 0.28984375 0.3981481484375 0.2901041671875 0.39398148125 0.2833333328125 0.3708333328125 0.2705729171875 0.3574074078125 0.2283854171875 0.3620370375 0.2140625 0.36805555624999997 0.21354166718749998 0.3921296296875 0.21744791718749998 0.40648148125 0.2515625 0.4078703703125 0.2815104171875 0.4074074078125 0.28984375 0.3981481484375
0 0.2802083328125 0.36157407343750003 0.2919270828125 0.39444444375 0.34322916718749996 0.39398148125 0.3484375 0.391203703125 0.34713541718749996 0.353703703125 0.33151041718749996 0.3574074078125 0.28203125 0.3574074078125 0.2802083328125 0.36157407343750003
0 0.2828125 0.4236111109375 0.2893229171875 0.43148148124999997 0.334375 0.4328703703125 0.3479166671875 0.428240740625 0.34713541718749996 0.39444444375 0.29244791718749996 0.3953703703125 0.28125 0.415277778125 0.2828125 0.4236111109375
0 0.2893229171875 0.43240740781250003 0.2833333328125 0.440277778125 0.284375 0.45231481406249996 0.2893229171875 0.46388888906250003 0.3385416671875 0.46805555625000006 0.3479166671875 0.46342592656250003 0.34765625 0.43055555625 0.3111979171875 0.434259259375 0.2893229171875 0.43240740781250003
0 0.3466145828125 0.465740740625 0.33828125 0.46851851875 0.28984375 0.465740740625 0.2854166671875 0.47453703750000004 0.2864583328125 0.48842592656250006 0.29296875 0.497222221875 0.3463541671875 0.5004629625 0.3484375 0.49768518593750005 0.3484375 0.46898148125 0.3466145828125 0.465740740625
0 0.20807291718749998 0.48703703750000005 0.1455729171875 0.48148148125 0.14114583281249998 0.48472222187499997 0.1390625 0.496759259375 0.14010416718750002 0.5097222218749999 0.14505208281249998 0.515740740625 0.2125 0.5254629625 0.21458333281250003 0.51898148125 0.21458333281250003 0.5013888890625 0.20807291718749998 0.48703703750000005
0 0.14114583281249998 0.5449074078125 0.140625 0.5245370375 0.1341145828125 0.5175925921875 0.0778645828125 0.509259259375 0.07421875 0.5111111109375 0.06979166718749999 0.5236111109375 0.071875 0.5421296296875 0.07578125 0.547222221875 0.1416666671875 0.55601851875 0.1432291671875 0.5504629624999999 0.14114583281249998 0.5449074078125
0 0.00625 0.3634259265625 0.0080729171875 0.365740740625 0.05 0.365277778125 0.05989583281250001 0.3625 0.05625 0.33194444375 0.050260417187499996 0.31944444375000003 0.00625 0.32083333281250004 0.00625 0.3634259265625
0 0.0080729171875 0.365740740625 0.0067708328125 0.36898148124999997 0.00625 0.3976851859375 0.0080729171875 0.4018518515625 0.05729166718749999 0.4078703703125 0.061979167187499996 0.396759259375 0.0625 0.371759259375 0.0596354171875 0.365740740625 0.0080729171875 0.365740740625
0 0.0080729171875 0.4018518515625 0.0057291671875 0.4050925921875 0.0075520828124999995 0.4361111109375 0.0351030359375 0.44465948906249997 0.0640625 0.44490740781250004 0.06510416718749999 0.4384259265625 0.06119791718749999 0.4129629625 0.0184895828125 0.40277777812500004 0.0080729171875 0.4018518515625
0 0.0635416671875 0.48194444374999995 0.06510416718749999 0.45601851875 0.06171875 0.4453703703125 0.0067708328125 0.4384259265625 0.00625 0.46898148125 0.0080729171875 0.4731481484375 0.0635416671875 0.48194444374999995
0 0.00625 0.5069444437499999 0.0080729171875 0.5111111109375 0.0645833328125 0.521759259375 0.0692708328125 0.5023148140625 0.06328125 0.4824074078125 0.0080729171875 0.47222222187499996 0.00625 0.4754629625 0.00625 0.5069444437499999
0 0.21223958281250002 0.5259259265625 0.1502604171875 0.5166666671875 0.14453125 0.5166666671875 0.1421875 0.5226851859375 0.1416666671875 0.541203703125 0.1455729171875 0.5527777781250001 0.20833333281250002 0.5578703703125 0.21458333281250003 0.5513888890625 0.21458333281250003 0.5310185187500001 0.21223958281250002 0.5259259265625
0 0.27734375 0.5018518515625 0.215625 0.503240740625 0.21458333281250003 0.5245370375 0.21796875 0.5333333328125 0.2760416671875 0.5421296296875 0.28177083281250004 0.5365740734375 0.2833333328125 0.5254629625 0.2822916671875 0.5106481484375001 0.27734375 0.5018518515625
0 0.34765625 0.2666666671875 0.3479166671875 0.2273148140625 0.3450520828125 0.22407407343750002 0.29765625 0.23240740781250002 0.2903645828125 0.2370370375 0.2830729171875 0.23611111093749998 0.28177083281250004 0.24583333281250003 0.2786458328125 0.2504629625 0.2791666671875 0.26435185156249996 0.28671875 0.271296296875 0.296875 0.2708333328125 0.34765625 0.2666666671875
0 0.5104166671875 0.29305555625 0.51328125 0.3101851859375 0.5572916671875 0.309722221875 0.5598958328125 0.30601851875 0.5604166671875 0.291203703125 0.55703125 0.2851851859375 0.5153645828125 0.28611111093749997 0.5104166671875 0.29305555625
0 0.5072916671875001 0.3495370375 0.5127604171875 0.3601851859375 0.5192708328125 0.36064814843750004 0.55703125 0.3583333328125 0.5578125 0.3356481484375 0.5533854171875 0.3324074078125 0.51015625 0.3351851859375 0.5072916671875001 0.3495370375
0 0.55390625 0.38240740781250004 0.5098958328125 0.3856481484375 0.5088541671875 0.3986111109375 0.5111979171875001 0.40555555625000006 0.5296875 0.4078703703125 0.5544270828125 0.403703703125 0.5567708328125 0.39953703749999997 0.5567708328125 0.3875 0.55390625 0.38240740781250004
0 0.5255208328125 0.458796296875 0.5580729171875001 0.45370370312499997 0.5588541671875 0.434722221875 0.5565104171875 0.43055555625 0.51171875 0.434259259375 0.5078125 0.4393518515625 0.5088541671875 0.44768518593750006 0.5059895828125 0.45277777812500003 0.49973958281249997 0.44907407343749994 0.4953125 0.45324074062499997 0.5075520828125 0.4546296296875 0.51328125 0.459259259375 0.5255208328125 0.458796296875
0 0.5088541671875 0.416203703125 0.5049479171875 0.4129629625 0.4731770828125 0.4129629625 0.4671875 0.41898148125 0.465625 0.4254629625 0.46692708281249995 0.4388888890625 0.48541666718750004 0.4384259265625 0.50703125 0.4370370375 0.509375 0.42731481406249994 0.5088541671875 0.416203703125
0 0.49609375 0.478703703125 0.4604166671875 0.48379629687500003 0.4609375 0.4995370375 0.46276041718750005 0.502777778125 0.4828125 0.5023148140625 0.5096354171875 0.5018518515625 0.5109375 0.4828703703125 0.5080729171875 0.4796296296875 0.49609375 0.478703703125
0 0.5643229171875 0.5018518515625 0.5614583328125 0.5069444437499999 0.5614583328125 0.5226851859375 0.56484375 0.527777778125 0.6088541671875001 0.528240740625 0.6119791671875 0.5263888890625 0.6119791671875 0.5106481484375001 0.6096354171875 0.503703703125 0.5643229171875 0.5018518515625
0 0.63046875 0.4824074078125 0.6130208328125 0.48564814843750004 0.6119791671875 0.5023148140625 0.6138020828124999 0.50648148125 0.6296875 0.5069444437499999 0.6575520828125 0.50555555625 0.6625 0.49305555625 0.6630208328125 0.48472222187499997 0.63046875 0.4824074078125
0 0.6640625 0.391203703125 0.6114583328125 0.3921296296875 0.6109375 0.40601851875 0.61328125 0.41111111093749997 0.64375 0.4143518515625 0.6549479171875 0.40555555625000006 0.6596354171875001 0.40648148125 0.66328125 0.41203703750000004 0.6640625 0.391203703125
0 0.6635416671875001 0.366203703125 0.665625 0.35601851875 0.6544270828125 0.3453703703125 0.6119791671875 0.3421296296875 0.6114583328125 0.358796296875 0.6143229171875 0.3648148140625 0.6635416671875001 0.366203703125
0 0.5752604171875 0.43518518593750005 0.559375 0.4384259265625 0.5598958328125 0.4513888890625 0.5638020828125 0.45555555625000005 0.6083333328125 0.459722221875 0.6104166671875 0.4550925921875 0.6104166671875 0.440277778125 0.6080729171875 0.4370370375 0.5752604171875 0.43518518593750005
0 0.4565104171875 0.3703703703125 0.4109375 0.371759259375 0.41171875 0.39074074062499997 0.4578125 0.3949074078125 0.45989583281249996 0.38842592656249997 0.4565104171875 0.3703703703125
0 0.45703125 0.3953703703125 0.45078125 0.39351851875 0.41119791718750004 0.3916666671875 0.40729166718750004 0.403240740625 0.4078125 0.41342592656250005 0.41015625 0.4166666671875 0.4557291671875 0.416203703125 0.4583333328125 0.41157407343749997 0.459375 0.39953703749999997 0.45703125 0.3953703703125
0 0.459375 0.4393518515625 0.4604166671875 0.4254629625 0.45598958281249996 0.4166666671875 0.41015625 0.4166666671875 0.40729166718750004 0.42453703750000005 0.41119791718750004 0.43518518593750005 0.459375 0.4393518515625
0 0.45546875 0.296296296875 0.43984375 0.296296296875 0.41197916718750005 0.3013888890625 0.41223958281249995 0.3231481484375 0.43177083281249995 0.32453703749999996 0.4575520828125 0.3203703703125 0.45989583281249996 0.315277778125 0.459375 0.30046296250000004 0.45546875 0.296296296875
0 0.4671875 0.34305555625 0.46875 0.3421296296875 0.465625 0.3273148140625 0.4682291671875 0.321759259375 0.46276041718750005 0.321296296875 0.4614583328125 0.3421296296875 0.4671875 0.34305555625
0 0.4731770828125 0.3203703703125 0.4739583328125 0.3421296296875 0.4838541671875 0.3458333328125 0.5065104171875 0.3453703703125 0.509375 0.3356481484375 0.5083333328124999 0.3273148140625 0.5018229171875 0.31944444375000003 0.4731770828125 0.3203703703125
0 0.5114583328125 0.2875 0.5104166671875 0.2708333328125 0.50078125 0.2648148140625 0.46328125 0.2675925921875 0.45989583281249996 0.271759259375 0.45989583281249996 0.28194444375 0.46276041718750005 0.2898148140625 0.47161458281249996 0.2953703703125 0.4869791671875 0.2958333328125 0.5075520828125 0.2953703703125 0.5114583328125 0.2875
0 0.6145833328125 0.2921296296875 0.6106770828125 0.2870370375 0.56484375 0.290740740625 0.5619791671875001 0.2958333328125 0.5609375 0.3125 0.56328125 0.31759259218749997 0.5677083328125 0.3171296296875 0.5919270828125 0.3129629625 0.6122395828125 0.315740740625 0.6145833328125 0.2921296296875
0 0.6119791671875 0.3171296296875 0.6075520828125 0.3138888890625 0.59140625 0.3129629625 0.56171875 0.31851851875000003 0.5598958328125 0.32453703749999996 0.5604166671875 0.34027777812500004 0.5697916671875001 0.34120370312500004 0.61015625 0.3379629625 0.6119791671875 0.333796296875 0.6119791671875 0.3171296296875
0 0.4578125 0.5337962968750001 0.45911458281249995 0.5490740734374999 0.5067708328125 0.5495370375 0.5104166671875 0.540277778125 0.5098958328125 0.5291666671875 0.50703125 0.525 0.46328125 0.5259259265625 0.4578125 0.5337962968750001
0 0.5606770828125 0.5268518515625 0.5575520828125 0.525 0.5127604171875 0.5259259265625 0.5109375 0.5291666671875 0.5109375 0.54398148125 0.5143229171875 0.5481481484375 0.559375 0.5504629624999999 0.5630208328124999 0.546759259375 0.5625 0.5328703703125 0.5606770828125 0.5268518515625
0 0.5104166671875 0.5050925921875 0.5065104171875 0.5009259265625 0.4622395828125 0.5018518515625 0.459375 0.5050925921875 0.459375 0.5171296296875 0.4622395828125 0.5259259265625 0.4817708328125 0.5254629625 0.5080729171875 0.5231481484375 0.5104166671875 0.51898148125 0.5104166671875 0.5050925921875
0 0.45234375 0.50555555625 0.41171875 0.502777778125 0.40833333281249995 0.5134259265625001 0.4096354171875 0.525 0.4578125 0.5300925921874999 0.45989583281249996 0.5263888890625 0.459375 0.5134259265625001 0.4565104171875 0.5074074078125 0.45234375 0.50555555625
0 0.7372395828125 0.36666666718749996 0.72265625 0.3601851859375 0.6888020828125 0.3574074078125 0.6747395828125 0.3620370375 0.6723958328124999 0.36805555624999997 0.6723958328124999 0.46342592656250003 0.67421875 0.4675925921875 0.6807291671875 0.4671296296875 0.6908854171875001 0.46481481406249997 0.7200520828125 0.4453703703125 0.75390625 0.43148148124999997 0.7606770828125 0.425 0.7674479171875 0.4268518515625 0.7763020828125 0.42314814843750004 0.7859375 0.4106481484375 0.7880208328125 0.39305555625 0.7861979171875 0.3888888890625 0.7752604171875 0.384259259375 0.7596354171875 0.3851851859375 0.7372395828125 0.36666666718749996
0 0.9169270828125 0.3851851859375 0.93203125 0.3851851859375 0.9622395828125001 0.3953703703125 0.9708333328125001 0.3949074078125 0.9828125 0.3865740734375 0.9833333328125 0.31805555625 0.9799479171875 0.3111111109375 0.96953125 0.30555555624999997 0.9486979171875 0.30740740781250003 0.91796875 0.321296296875 0.8846354171874999 0.3481481484375 0.8682291671875 0.3773148140625 0.8684895828125001 0.384259259375 0.8778645828125 0.39351851875 0.90234375 0.39074074062499997 0.9169270828125 0.3851851859375
0 0.7174479171875 0.3583333328125 0.7346354171875 0.3648148140625 0.7611979171875001 0.3851851859375 0.7721354171875 0.38333333281250004 0.7854166671875 0.3865740734375 0.7885416671875001 0.383796296875 0.7895833328124999 0.3773148140625 0.7838541671875 0.3643518515625 0.7747395828125 0.34722222187499996 0.7611979171875001 0.33148148125 0.7513020828125 0.3148148140625 0.69609375 0.253703703125 0.6846354171875 0.246296296875 0.6734375 0.246759259375 0.671875 0.316203703125 0.6736979171875 0.353703703125 0.7174479171875 0.3583333328125
0 0.9638020828125 0.396296296875 0.92109375 0.3851851859375 0.9013020828125 0.39074074062499997 0.8958333328125001 0.3976851859375 0.9020833328125001 0.4050925921875 0.90234375 0.41203703750000004 0.9075520828125001 0.4148148140625 0.92578125 0.4379629625 0.9817708328125001 0.4671296296875 0.9815104171875 0.39074074062499997 0.9638020828125 0.396296296875
0 0.9424479171875 0.5314814812499999 0.96640625 0.5583333328125 0.9736979171875 0.5703703703125 0.9817708328125001 0.5726851859375001 0.9833333328125 0.566203703125 0.98203125 0.46944444374999994 0.96484375 0.4574074078125 0.92734375 0.440740740625 0.9091145828125 0.44166666718750003 0.8872395828125 0.43148148124999997 0.878125 0.4384259265625 0.8739583328125 0.45231481406249996 0.8744791671875 0.45694444375 0.89140625 0.48148148125 0.92578125 0.51851851875 0.9424479171875 0.5314814812499999
0 0.7825520828125 0.42129629687500003 0.7705729171875 0.4268518515625 0.7611979171875001 0.4370370375 0.75390625 0.434259259375 0.7424479171875 0.4361111109375 0.72109375 0.4453703703125 0.6903645828125 0.465740740625 0.67421875 0.46851851875 0.6723958328124999 0.47361111093749997 0.671875 0.5013888890625 0.6723958328124999 0.5726851859375001 0.7026041671875001 0.5745370375000001 0.70859375 0.5703703703125 0.73046875 0.5305555562500001 0.7356770828125 0.5268518515625 0.7575520828125 0.4916666671875 0.78359375 0.4583333328125 0.7924479171875001 0.440740740625 0.79609375 0.440740740625 0.80390625 0.43055555625 0.8057291671875 0.4254629625 0.8046875 0.41898148125 0.7877604171875 0.4138888890625 0.7825520828125 0.42129629687500003
0 0.9059895828125001 0.3083333328125 0.91484375 0.31851851875000003 0.9203125 0.31898148125 0.95234375 0.30555555624999997 0.9815104171875 0.3018518515625 0.9833333328125 0.2726851859375 0.9822916671874999 0.20972222187499998 0.9705729171874999 0.209259259375 0.9591145828125001 0.225 0.9403645828125 0.2379629625 0.9002604171874999 0.2898148140625 0.8953125 0.29305555625 0.8963541671874999 0.30046296250000004 0.9018229171875 0.30740740781250003 0.9059895828125001 0.3083333328125
0 0.8994791671875 0.571759259375 0.8942708328125001 0.56805555625 0.8838541671875 0.5263888890625 0.87578125 0.5138888890625 0.8700520828125 0.5148148140625 0.86328125 0.5231481484375 0.8635416671874999 0.5300925921874999 0.8661458328125 0.5328703703125 0.8755208328125 0.571759259375 0.8815104171874999 0.5759259265625001 0.8916666671875 0.5754629625 0.8994791671875 0.571759259375