0 0.0192708328125 0.1365740734375 0.0192708328125 0.140277778125 0.0236979171875 0.14444444375 0.03671875 0.15 0.06901041718749999 0.1611111109375 0.0958333328125 0.165277778125 0.11432291718750001 0.1546296296875 0.11875 0.146759259375 0.1091145828125 0.1324074078125 0.09817708281250001 0.12222222187500001 0.07682291718749999 0.1148148140625 0.06328125 0.0861111109375 0.05338541718749999 0.102777778125 0.0497395828125 0.1046296296875 0.0466145828125 0.1129629625 0.0356770828125 0.12407407343750002 0.02421875 0.127777778125 0.0192708328125 0.1365740734375
0 0.1393229171875 0.1888888890625 0.196875 0.19583333281249998 0.20338541718749997 0.19351851874999998 0.20625 0.18842592656249998 0.1924479171875 0.1620370375 0.18046875 0.1481481484375 0.16015625 0.13888888906250002 0.15390625 0.1324074078125 0.14140625 0.13148148125 0.1315104171875 0.1453703703125 0.1184895828125 0.15 0.1 0.1671296296875 0.10651041718750001 0.175 0.1393229171875 0.1888888890625
0 0.33645833281250004 0.2375 0.3348958328125 0.2476851859375 0.3385416671875 0.26898148125 0.3533854171875 0.29351851875 0.3778645828125 0.3148148140625 0.3903645828125 0.3416666671875 0.40911458281249996 0.35 0.46458333281249997 0.358796296875 0.46666666718750005 0.35601851875 0.453125 0.30416666718749996 0.4361979171875 0.272222221875 0.4153645828125 0.2611111109375 0.39296875 0.2370370375 0.3903645828125 0.2379629625 0.38515625 0.2509259265625 0.3778645828125 0.24444444375000002 0.35390625 0.24259259218749998 0.3455729171875 0.23240740781250002 0.34140625 0.23148148124999998 0.33645833281250004 0.2375
0 0.5734375 0.48194444374999995 0.57734375 0.49259259218749996 0.60703125 0.5231481484375 0.6653645828125 0.5944444437499999 0.67578125 0.603703703125 0.6885416671875 0.6050925921875 0.7127604171875 0.5953703703125 0.7341145828125 0.5953703703125 0.7471354171875 0.6009259265625 0.7515625 0.5986111109375 0.7473958328125 0.58101851875 0.7268229171875 0.5370370375 0.6778645828125 0.4768518515625 0.6419270828125 0.440740740625 0.6309895828125 0.4370370375 0.6033854171875 0.44259259218749997 0.575 0.47453703750000004 0.5734375 0.48194444374999995
0 0.8947916671874999 0.48842592656250006 0.8932291671874999 0.49583333281249997 0.8950520828125 0.5009259265625 0.8989583328125 0.5013888890625 0.97421875 0.48703703750000005 0.98515625 0.48148148125 0.9869791671874999 0.47453703750000004 0.9778645828125001 0.4620370375 0.9674479171874999 0.440740740625 0.9518229171874999 0.42129629687500003 0.93984375 0.4138888890625 0.9122395828125001 0.4166666671875 0.89296875 0.42870370312499995 0.8880208328125001 0.44120370312499996 0.890625 0.47361111093749997 0.8947916671874999 0.48842592656250006
0 0.9669270828125001 0.5287037031249999 0.9713541671874999 0.5245370375 0.9755208328125 0.5050925921875 0.9723958328125001 0.49490740781250003 0.9669270828125001 0.48981481406249994 0.8966145828125001 0.5018518515625 0.88125 0.5273148140624999 0.8856770828125 0.5416666671875 0.8911458328125 0.541203703125 0.90703125 0.5361111109375 0.9669270828125001 0.5287037031249999
0 0.96640625 0.565740740625 0.9768229171874999 0.559259259375 0.9786458328125001 0.546759259375 0.9690104171874999 0.5287037031249999 0.9643229171875 0.5287037031249999 0.8986979171874999 0.5379629625 0.88671875 0.5416666671875 0.8822916671875 0.5504629624999999 0.8822916671875 0.558796296875 0.88828125 0.5675925921875 0.9322916671874999 0.5699074078125 0.96640625 0.565740740625
0 0.9109375 0.6050925921875 0.9611979171874999 0.5990740734375 0.9700520828125001 0.5935185187500001 0.9739583328125001 0.5773148140625 0.9716145828125 0.5703703703125 0.96796875 0.5675925921875 0.9299479171874999 0.5703703703125 0.88515625 0.56851851875 0.8817708328125 0.571759259375 0.88125 0.5930555562500001 0.8856770828125 0.6009259265625 0.8934895828125 0.6046296296875 0.9109375 0.6050925921875
0 0.9614583328125 0.60601851875 0.95703125 0.6018518515625 0.8893229171874999 0.6046296296875 0.878125 0.6273148140625 0.8796875 0.641203703125 0.8893229171874999 0.6490740734375 0.9619791671875 0.6486111109375 0.96796875 0.64351851875 0.9703125 0.6347222218749999 0.9614583328125 0.60601851875
0 0.965625 0.6634259265625 0.9651041671874999 0.653240740625 0.9565104171875 0.6490740734375 0.88984375 0.6490740734375 0.8783854171875 0.64444444375 0.8760416671875 0.6606481484375 0.87890625 0.6675925921875 0.88984375 0.672222221875 0.9505208328125001 0.6754629624999999 0.9606770828125001 0.675 0.965625 0.6634259265625
0 0.7234375 0.41342592656250005 0.7234375 0.40416666718750005 0.7169270828125 0.3953703703125 0.6825520828125 0.3898148140625 0.6736979171875 0.3981481484375 0.66875 0.408796296875 0.66875 0.42175925937500003 0.6731770828125 0.42870370312499995 0.715625 0.4375 0.7182291671875001 0.4356481484375 0.7234375 0.41342592656250005
0 0.6666666671875 0.43379629687500004 0.66875 0.4263888890625 0.6682291671875 0.40972222187499996 0.6638020828125 0.40277777812500004 0.6346354171875 0.397222221875 0.6252604171875 0.4 0.6182291671875 0.41157407343749997 0.62578125 0.4138888890625 0.6307291671875 0.43101851875 0.6346354171875 0.4361111109375 0.6598958328125 0.44305555625000004 0.6666666671875 0.43379629687500004
0 0.8958333328125001 0.40601851875 0.9372395828125001 0.3916666671875 0.9497395828125 0.39444444375 0.9567708328125001 0.3791666671875 0.9567708328125001 0.36990740781250003 0.9518229171874999 0.3620370375 0.9419270828125 0.35648148125 0.91328125 0.3638888890625 0.8984375 0.3791666671875 0.896875 0.383796296875 0.8979166671875 0.3921296296875 0.8932291671874999 0.40416666718750005 0.8958333328125001 0.40601851875
0 0.8447916671875 0.4606481484375 0.8447916671875 0.490277778125 0.8502604171874999 0.4953703703125 0.86875 0.49583333281249997 0.8903645828125001 0.49351851875 0.8932291671874999 0.4893518515625 0.8869791671874999 0.446759259375 0.8875 0.4328703703125 0.8838541671875 0.4254629625 0.8828125 0.4106481484375 0.8799479171875 0.4018518515625 0.86953125 0.397222221875 0.8513020828125001 0.3990740734375 0.8447916671875 0.4050925921875 0.8484375 0.43194444374999996 0.8447916671875 0.4606481484375
0 0.88203125 0.4953703703125 0.8466145828125 0.49444444374999996 0.8442708328125 0.49768518593750005 0.84375 0.5236111109375 0.8479166671874999 0.5273148140624999 0.87890625 0.5268518515625 0.8869791671874999 0.516203703125 0.8880208328125001 0.508796296875 0.88203125 0.4953703703125
0 0.8833333328125 0.5384259265625 0.8783854171875 0.5287037031249999 0.8736979171874999 0.5259259265625 0.8450520828125001 0.5268518515625 0.8427083328125 0.5319444437499999 0.8390625 0.566203703125 0.8463541671874999 0.56805555625 0.8763020828125001 0.5638888890625 0.88125 0.5550925921875 0.8833333328125 0.5384259265625
0 0.8807291671874999 0.5708333328124999 0.8752604171874999 0.5648148140625 0.8408854171875 0.56851851875 0.8380208328125001 0.5754629625 0.8375 0.5986111109375 0.8393229171875 0.603703703125 0.8421875 0.603240740625 0.8763020828125001 0.5981481484375 0.8802083328125001 0.5912037031249999 0.8807291671874999 0.5708333328124999
0 0.6619791671875 0.440277778125 0.6604166671875 0.446759259375 0.6614583328125 0.45324074062499997 0.6669270828125 0.4601851859375 0.7145833328125 0.47268518593750003 0.7161458328125 0.466203703125 0.71484375 0.4379629625 0.6705729171875 0.427777778125 0.6619791671875 0.440277778125