0 0.009375 0.6791666671875001 0.0403645828125 0.6601851859375001 0.062239582812500006 0.6564814812499999 0.0666666671875 0.6486111109375 0.0666666671875 0.6365740734374999 0.0635416671875 0.6226851859375 0.05546875 0.6101851859375 0.04140625 0.6074074078125 0.0205729171875 0.6111111109375 0.0075520828124999995 0.61944444375 0.00625 0.66805555625 0.0067708328125 0.678240740625 0.009375 0.6791666671875001
0 0.071875 0.6263888890625 0.0765625 0.628240740625 0.1028645828125 0.6129629624999999 0.1263020828125 0.6120370375 0.1346354171875 0.6083333328125 0.1432291671875 0.5930555562500001 0.14375 0.5791666671875 0.1408854171875 0.571296296875 0.1315104171875 0.5675925921875 0.07942708281250001 0.56851851875 0.0739583328125 0.5791666671875 0.0739583328125 0.5912037031249999 0.0692708328125 0.609722221875 0.071875 0.6263888890625
0 0.065625 0.6634259265625 0.0713541671875 0.6800925921875 0.0765625 0.684722221875 0.10755208281249999 0.665740740625 0.1356770828125 0.6601851859375001 0.1416666671875 0.646759259375 0.1375 0.6263888890625 0.1369791671875 0.6125 0.1325520828125 0.609259259375 0.1299479171875 0.6120370375 0.10390625 0.6129629624999999 0.09140625 0.61851851875 0.07369791718749999 0.6324074078125 0.06770833281250001 0.646759259375 0.065625 0.6634259265625
0 0.065625 0.7115740734375 0.07473958281250001 0.73148148125 0.07760416718749999 0.73101851875 0.1080729171875 0.7138888890625 0.1377604171875 0.7101851859375 0.1421875 0.6986111109375 0.1421875 0.690277778125 0.1348958328125 0.6745370375 0.1338541671875 0.6671296296875 0.12942708281249998 0.6620370375 0.1106770828125 0.6648148140625 0.0940104171875 0.6731481484375 0.07682291718749999 0.6870370375 0.0671875 0.7041666671875 0.065625 0.7115740734375
0 0.06692708281250001 0.75648148125 0.07291666718749999 0.7449074078125 0.0734375 0.73194444375 0.06380208281250001 0.7083333328125 0.04140625 0.7111111109375 0.012760417187500001 0.727777778125 0.00625 0.7384259265625001 0.0067708328125 0.7773148140624999 0.008854167187500001 0.7791666671875 0.0518229171875 0.7574074078125 0.06692708281250001 0.75648148125
0 0.1421875 0.7328703703125 0.1463541671875 0.7365740734374999 0.1825520828125 0.7194444437499999 0.20598958281250002 0.7175925921874999 0.2125 0.70601851875 0.2125 0.69398148125 0.20338541718749997 0.6731481484375 0.1966145828125 0.6703703703125 0.1794270828125 0.672222221875 0.1622395828125 0.6805555562500001 0.1455729171875 0.69351851875 0.1390625 0.7078703703125 0.1380208328125 0.7199074078125001 0.1421875 0.7328703703125
0 0.0765625 0.7773148140624999 0.1169270828125 0.75648148125 0.13984375 0.752777778125 0.14375 0.7384259265625001 0.1380208328125 0.7245370375 0.1369791671875 0.715277778125 0.1330729171875 0.7111111109375 0.1184895828125 0.7111111109375 0.09505208281250001 0.7203703703125 0.07552083281250001 0.7356481484375 0.06875 0.7606481484375001 0.07291666718749999 0.7754629625 0.0765625 0.7773148140624999
0 0.1028645828125 0.8046296296875 0.1356770828125 0.7990740734374999 0.1421875 0.7819444437499999 0.1395833328125 0.7569444437499999 0.1356770828125 0.752777778125 0.12265625 0.7546296296875 0.0752604171875 0.7796296296875 0.06875 0.8013888890624999 0.0682291671875 0.809722221875 0.07161458281250001 0.8194444437499999 0.0770833328125 0.821759259375 0.1028645828125 0.8046296296875
0 0.04921875 0.8453703703125001 0.0643229171875 0.8509259265625 0.07083333281250001 0.8356481484374999 0.0713541671875 0.8226851859375 0.0671875 0.808796296875 0.060677082812500005 0.8009259265625 0.0403645828125 0.8046296296875 0.014322917187500001 0.8166666671874999 0.00625 0.8236111109375001 0.00625 0.8541666671874999 0.009375 0.8578703703125001 0.04921875 0.8453703703125001
0 0.0083333328125 0.821759259375 0.0356770828125 0.8055555562500001 0.0674479171875 0.8 0.0723958328125 0.7893518515625 0.071875 0.7745370375 0.0643229171875 0.7574074078125 0.059114582812500004 0.75648148125 0.0419270828125 0.7620370375000001 0.009114582812499999 0.7796296296875 0.0067708328125 0.7828703703125 0.00625 0.791203703125 0.00625 0.81805555625 0.0083333328125 0.821759259375
0 0.1484375 0.821759259375 0.1747395828125 0.8101851859375 0.20026041718749998 0.809259259375 0.2075520828125 0.8055555562500001 0.21197916718749998 0.791203703125 0.209375 0.765277778125 0.20390625 0.7620370375000001 0.18359375 0.765740740625 0.1434895828125 0.7833333328125 0.1375 0.7949074078125 0.1369791671875 0.80694444375 0.14140625 0.8222222218749999 0.1484375 0.821759259375
0 0.1458333328125 0.7800925921874999 0.1794270828125 0.7666666671875 0.2075520828125 0.7620370375000001 0.2140625 0.753240740625 0.21458333281250003 0.7402777781250001 0.2109375 0.7254629625 0.20390625 0.7185185187500001 0.1846354171875 0.7194444437499999 0.1549479171875 0.7324074078125 0.14765625 0.7379629624999999 0.140625 0.7550925921875 0.1416666671875 0.7754629625 0.1458333328125 0.7800925921874999
0 0.0700520828125 0.8629629624999999 0.075 0.8625 0.1049479171875 0.8490740734375001 0.12213541718750001 0.8462962968750001 0.13359375 0.85 0.14114583281249998 0.8328703703125001 0.14114583281249998 0.8236111109375001 0.1359375 0.8023148140625 0.1184895828125 0.8 0.10859375 0.8027777781250001 0.08151041718749999 0.81851851875 0.07291666718749999 0.8291666671875 0.0661458328125 0.8504629625 0.0700520828125 0.8629629624999999
0 0.18307291718750002 0.85 0.20807291718749998 0.852777778125 0.2130208328125 0.8365740734375 0.2114583328125 0.81805555625 0.20703125 0.8074074078125 0.1809895828125 0.809259259375 0.1513020828125 0.8203703703125 0.14505208281249998 0.8259259265625 0.1364583328125 0.8439814812499999 0.1375 0.858796296875 0.1432291671875 0.8634259265625 0.18307291718750002 0.85
0 0.20989583281250002 0.8643518515625 0.2065104171875 0.853703703125 0.1934895828125 0.8490740734375001 0.17109375 0.852777778125 0.14505208281249998 0.8629629624999999 0.1380208328125 0.8699074078125 0.1296875 0.89305555625 0.1356770828125 0.897222221875 0.1984375 0.896759259375 0.20208333281250002 0.89398148125 0.20989583281250002 0.8643518515625
0 0.1421875 0.7328703703125 0.1463541671875 0.7365740734374999 0.1825520828125 0.7194444437499999 0.20598958281250002 0.7175925921874999 0.2125 0.70601851875 0.2125 0.69398148125 0.20338541718749997 0.6731481484375 0.19609375 0.6703703703125 0.1799479171875 0.672222221875 0.1638020828125 0.6796296296875 0.1455729171875 0.69351851875 0.1385416671875 0.709722221875 0.1390625 0.7236111109375 0.1421875 0.7328703703125
0 0.1768229171875 0.672222221875 0.20390625 0.6703703703125 0.21458333281250003 0.6421296296875 0.20390625 0.6268518515625 0.1934895828125 0.6231481484375 0.1778645828125 0.6240740734375 0.15390625 0.6351851859375001 0.14114583281249998 0.6504629625 0.1354166671875 0.66898148125 0.1416666671875 0.6875 0.146875 0.690277778125 0.1768229171875 0.672222221875
0 0.14114583281249998 0.6356481484375001 0.1453125 0.640277778125 0.1768229171875 0.6231481484375 0.20442708281250002 0.6231481484375 0.20989583281250002 0.6143518515624999 0.2140625 0.5995370375 0.21197916718749998 0.5800925921875 0.20442708281250002 0.5703703703125 0.1825520828125 0.56851851875 0.1731770828125 0.5703703703125 0.14609375 0.5879629625 0.1385416671875 0.6041666671875 0.1375 0.6134259265625001 0.14114583281249998 0.6356481484375001
0 0.2440104171875 0.622222221875 0.2669270828125 0.621296296875 0.27682291718749996 0.6166666671875001 0.2786458328125 0.6115740734374999 0.278125 0.5699074078125 0.2403645828125 0.56851851875 0.22578125 0.5796296296875 0.21614583281250002 0.5958333328125 0.20989583281250002 0.6171296296875 0.2114583328125 0.6347222218749999 0.2166666671875 0.640277778125 0.2440104171875 0.622222221875
0 0.2166666671875 0.6921296296875 0.24348958281250002 0.6759259265625001 0.27682291718749996 0.6629629625 0.2791666671875 0.6560185187500001 0.2786458328125 0.6254629625 0.2731770828125 0.621296296875 0.24505208281250002 0.622222221875 0.21796875 0.6416666671875 0.20833333281250002 0.6569444437499999 0.20572916718749998 0.66805555625 0.20625 0.6754629624999999 0.2109375 0.6865740734375 0.2166666671875 0.6921296296875
0 0.2786458328125 0.665277778125 0.27421875 0.6638888890625 0.26796875 0.6703703703125 0.24296875 0.6768518515624999 0.21640625 0.6944444437499999 0.2088541671875 0.7180555562500001 0.2166666671875 0.7402777781250001 0.24609375 0.7240740734375 0.27786458281250004 0.715740740625 0.2786458328125 0.665277778125
0 0.2791666671875 0.7189814812499999 0.27109375 0.7175925921874999 0.24921875 0.7231481484375 0.2169270828125 0.7425925921875 0.20989583281250002 0.7671296296875 0.21197916718749998 0.7819444437499999 0.21770833281250002 0.784722221875 0.25234375 0.7648148140625 0.2783854171875 0.7611111109375 0.2791666671875 0.7189814812499999
0 0.27734375 0.809259259375 0.2786458328125 0.7643518515625 0.2736979171875 0.7611111109375 0.25546875 0.7638888890625 0.23463541718749997 0.7740740734375 0.21640625 0.7879629625 0.209375 0.808796296875 0.21354166718749998 0.828240740625 0.2166666671875 0.8300925921875001 0.24609375 0.8148148140625 0.27734375 0.809259259375
0 0.21770833281250002 0.866203703125 0.2575520828125 0.8574074078124999 0.2763020828125 0.8601851859374999 0.2791666671875 0.8513888890624999 0.2791666671875 0.8171296296874999 0.27109375 0.8111111109375001 0.25703125 0.8120370375 0.23151041718749998 0.821296296875 0.21848958281250003 0.83055555625 0.21458333281250003 0.834722221875 0.2088541671875 0.8504629625 0.2114583328125 0.8625 0.21770833281250002 0.866203703125
0 0.2747395828125 0.896296296875 0.2776041671875 0.8921296296874999 0.2786458328125 0.8634259265625 0.27682291718749996 0.8611111109375 0.26328125 0.8574074078124999 0.24921875 0.8583333328125 0.21223958281250002 0.8675925921875001 0.2046875 0.8800925921875 0.203125 0.8875 0.20390625 0.896296296875 0.2682291671875 0.896759259375 0.2747395828125 0.896296296875
0 0.013020832812499999 0.8976851859374999 0.05390625 0.896296296875 0.058333332812500006 0.891203703125 0.065625 0.871759259375 0.0661458328125 0.8634259265625 0.06171875 0.85 0.05546875 0.8453703703125001 0.0278645828125 0.85 0.00859375 0.8583333328125 0.00625 0.8634259265625 0.00625 0.89398148125 0.0075520828124999995 0.897222221875 0.013020832812499999 0.8976851859374999
0 0.69296875 0.6120370375 0.64296875 0.625 0.61484375 0.6398148140625 0.6083333328125 0.6569444437499999 0.5958333328125 0.6763888890625 0.5932291671875001 0.690277778125 0.5955729171875 0.6981481484375001 0.6049479171875001 0.6888888890625 0.6106770828125 0.696296296875 0.6236979171875 0.702777778125 0.6802083328124999 0.70694444375 0.6825520828125 0.6888888890625 0.72109375 0.6851851859375 0.7768229171875001 0.6916666671875 0.7911458328125 0.671759259375 0.7911458328125 0.621759259375 0.78359375 0.6148148140624999 0.76953125 0.609259259375 0.7356770828125 0.60648148125 0.70859375 0.6111111109375 0.7033854171875 0.615740740625 0.6981770828125 0.6111111109375 0.69296875 0.6120370375
0 0.5690104171875 0.690740740625 0.5361979171875 0.6944444437499999 0.5244791671875 0.6995370375000001 0.5247395828125 0.7611111109375 0.5783854171875 0.76851851875 0.5955729171875 0.7759259265625 0.6106770828125 0.7888888890625 0.6166666671875001 0.7893518515625 0.64609375 0.7759259265625 0.68984375 0.771296296875 0.6966145828125 0.7666666671875 0.7044270828125 0.7546296296875 0.7052083328125 0.746759259375 0.68203125 0.7120370375 0.67421875 0.7074074078125 0.6278645828125 0.7046296296875 0.6080729171875 0.6972222218749999 0.59765625 0.7018518515625 0.5888020828125 0.6925925921875 0.5690104171875 0.690740740625
0 0.78125 0.7810185187500001 0.7888020828125 0.7787037031249999 0.7911458328125 0.7745370375 0.78984375 0.702777778125 0.77734375 0.69351851875 0.7424479171875 0.6870370375 0.7033854171875 0.6861111109375 0.6822916671875 0.690277778125 0.68125 0.6976851859375001 0.6854166671875 0.7162037031249999 0.7067708328125 0.7476851859375 0.70703125 0.7611111109375 0.78125 0.7810185187500001
0 0.5239583328124999 0.6921296296875 0.5265625 0.6958333328124999 0.5591145828124999 0.690740740625 0.5908854171875 0.690740740625 0.5994791671875 0.665277778125 0.6088541671875001 0.6550925921874999 0.6109375 0.6495370375 0.6104166671875 0.6421296296875 0.59453125 0.621296296875 0.5736979171875001 0.6111111109375 0.5481770828125 0.6111111109375 0.5263020828125 0.6175925921875 0.5239583328124999 0.6208333328125 0.5239583328124999 0.6921296296875
0 0.55234375 0.6111111109375 0.57890625 0.6129629624999999 0.59609375 0.622222221875 0.6091145828125 0.6388888890625 0.6130208328125 0.6393518515625 0.6294270828124999 0.6296296296875 0.6856770828125 0.6129629624999999 0.6885416671875 0.608796296875 0.6890625 0.5856481484375 0.6921875 0.5791666671875 0.6830729171875001 0.56851851875 0.66640625 0.5675925921875 0.5263020828125 0.5675925921875 0.5244791671875 0.5708333328124999 0.5239583328124999 0.6115740734374999 0.52578125 0.6175925921875 0.55234375 0.6111111109375
0 0.63671875 0.7796296296875 0.6190104171875 0.7888888890625 0.6140625 0.7958333328125 0.609375 0.809722221875 0.60625 0.8300925921875001 0.6057291671875 0.8375 0.60859375 0.8444444437499999 0.6190104171875 0.8546296296874999 0.6341145828125 0.8629629624999999 0.6622395828125 0.8731481484374999 0.6723958328124999 0.8726851859375 0.7065104171875001 0.8574074078124999 0.73046875 0.8574074078124999 0.7716145828125 0.8703703703125001 0.7893229171875 0.8666666671875 0.7911458328125 0.8643518515625 0.7911458328125 0.8013888890624999 0.77578125 0.7824074078125001 0.76796875 0.777777778125 0.70390625 0.7629629625 0.68515625 0.7740740734375 0.6549479171875 0.775 0.63671875 0.7796296296875
0 0.6072916671875 0.8208333328125 0.6098958328124999 0.8023148140625 0.6049479171875001 0.7861111109375 0.5955729171875 0.7759259265625 0.5799479171875 0.76944444375 0.53359375 0.7620370375000001 0.525 0.7634259265625001 0.52421875 0.8444444437499999 0.5848958328125 0.8476851859375 0.5924479171875 0.8453703703125001 0.6072916671875 0.8208333328125
0 0.6658854171875 0.897222221875 0.6677083328125 0.890277778125 0.66328125 0.875 0.62265625 0.8574074078124999 0.6127604171875001 0.85555555625 0.5966145828125 0.8629629624999999 0.5924479171875 0.8462962968750001 0.52578125 0.8462962968750001 0.5239583328124999 0.8495370375 0.5252604171875 0.897222221875 0.6088541671875001 0.8976851859374999 0.6658854171875 0.897222221875
0 0.8875 0.8393518515625 0.8901041671875 0.8356481484374999 0.8921875 0.8199074078124999 0.903125 0.690277778125 0.8669270828125001 0.6888888890625 0.8630208328125001 0.69398148125 0.8604166671875 0.7106481484375 0.8567708328125001 0.7393518515624999 0.8572916671874999 0.7615740734374999 0.8510416671875 0.7976851859375 0.8489583328125001 0.8236111109375001 0.8518229171874999 0.828703703125 0.8875 0.8393518515625