0 0.6901041671875 0.3523148140625 0.6716145828125 0.3138888890625 0.6611979171875 0.3083333328125 0.6424479171875 0.290740740625 0.62578125 0.28611111093749997 0.60390625 0.2925925921875 0.5731770828125 0.3166666671875 0.5640625 0.3356481484375 0.5731770828125 0.3611111109375 0.5815104171875001 0.365740740625 0.5875 0.3421296296875 0.5927083328125 0.3356481484375 0.5958333328125 0.35601851875 0.5942708328124999 0.3625 0.5963541671875 0.3773148140625 0.6046875 0.415277778125 0.6072916671875 0.41898148125 0.6138020828124999 0.41944444374999995 0.6388020828125 0.409259259375 0.68203125 0.3879629625 0.6919270828124999 0.3759259265625 0.6997395828124999 0.3740740734375 0.7010416671875 0.366203703125 0.6901041671875 0.3523148140625
0 0.43932291718750005 0.41203703750000004 0.43046875 0.4138888890625 0.4153645828125 0.40833333281249995 0.4075520828125 0.4018518515625 0.40390625 0.3916666671875 0.40026041718750005 0.39351851875 0.39895833281250004 0.45231481406249996 0.4010416671875 0.471759259375 0.42005208281249995 0.47592592656250005 0.43255208281249996 0.4879629625 0.4458333328125 0.4893518515625 0.4809895828125 0.4861111109375 0.4859375 0.4754629625 0.484375 0.45694444375 0.47838541718750005 0.44166666718750003 0.46901041718750003 0.43333333281249997 0.44713541718750005 0.4240740734375 0.43932291718750005 0.41203703750000004
0 0.578125 0.2513888890625 0.5760416671875 0.26527777812500003 0.5796875 0.2773148140625 0.63203125 0.2666666671875 0.6348958328125 0.26342592656249997 0.6369791671875 0.24398148125 0.63203125 0.2379629625 0.6200520828125 0.23611111093749998 0.5877604171875 0.240740740625 0.578125 0.2513888890625
0 0.59296875 0.2 0.5770833328125 0.2236111109375 0.5770833328125 0.23472222187499997 0.58046875 0.2416666671875 0.5833333328125 0.24212962968750001 0.60390625 0.23611111093749998 0.6361979171875001 0.2388888890625 0.6390625 0.23194444375 0.6380208328125 0.21435185156249997 0.6341145828125 0.20555555625 0.6221354171875 0.1981481484375 0.59296875 0.2
0 0.5854166671875001 0.190277778125 0.5908854171875 0.2 0.61953125 0.197222221875 0.634375 0.20416666718749998 0.6395833328125 0.196759259375 0.6375 0.1745370375 0.6411458328124999 0.166203703125 0.6372395828124999 0.1611111109375 0.59609375 0.1611111109375 0.584375 0.178240740625 0.5854166671875001 0.190277778125
0 0.5901041671875 0.14861111093749999 0.5955729171875 0.1611111109375 0.62265625 0.15925925937500002 0.6427083328125 0.1625 0.6463541671875 0.1541666671875 0.6434895828125 0.12870370312499999 0.61953125 0.12222222187500001 0.5955729171875 0.12407407343750002 0.5916666671875 0.128240740625 0.5901041671875 0.134722221875 0.5901041671875 0.14861111093749999
0 0.5317708328124999 0.3300925921875 0.5359375 0.34861111093749997 0.5330729171875 0.35555555625 0.5270833328125 0.346759259375 0.5205729171875 0.31759259218749997 0.49921875 0.3083333328125 0.49453125 0.309259259375 0.4927083328125 0.3143518515625 0.49791666718750005 0.32824074062499997 0.4973958328125 0.3550925921875 0.5265625 0.3754629625 0.54765625 0.375 0.5627604171875 0.3638888890625 0.5677083328125 0.35601851875 0.5645833328125 0.34120370312500004 0.5481770828125 0.32592592656249997 0.5330729171875 0.321296296875 0.5317708328124999 0.3300925921875
0 0.53125 0.3013888890625 0.5330729171875 0.30555555624999997 0.5588541671875 0.3106481484375 0.5643229171875 0.3101851859375 0.5690104171875 0.3009259265625 0.5768229171875 0.29351851875 0.5770833328125 0.28101851875 0.5705729171875 0.2759259265625 0.5302083328125 0.2699074078125 0.53125 0.3013888890625
0 0.5270833328125 0.23472222187499997 0.5299479171875 0.2666666671875 0.571875 0.27638888906250003 0.5765625 0.27453703749999997 0.5744791671875 0.266203703125 0.5776041671875001 0.2541666671875 0.5763020828125 0.246296296875 0.5486979171875 0.23611111093749998 0.5299479171875 0.23240740781250002 0.5270833328125 0.23472222187499997
0 0.7296875 0.30046296250000004 0.7255208328125 0.30694444375 0.72734375 0.3111111109375 0.7604166671875 0.31805555625 0.7716145828125 0.3166666671875 0.778125 0.30694444375 0.7796875 0.2921296296875 0.7768229171875001 0.28148148125 0.75078125 0.2740740734375 0.7291666671875 0.2754629625 0.7296875 0.30046296250000004
0 0.7596354171875 0.3574074078125 0.74140625 0.3490740734375 0.72734375 0.34629629687499996 0.7234375 0.34861111093749997 0.7221354171875001 0.3898148140625 0.7455729171875001 0.39351851875 0.76015625 0.4018518515625 0.7653645828125 0.4 0.771875 0.4078703703125 0.7794270828125 0.40555555625000006 0.7802083328125 0.40046296249999996 0.778125 0.38935185156249996 0.7734375 0.384722221875 0.775 0.3763888890625 0.77265625 0.36851851875 0.7596354171875 0.3574074078125
0 0.7229166671875 0.3143518515625 0.7223958328125 0.34120370312500004 0.72421875 0.3453703703125 0.7533854171875001 0.353703703125 0.771875 0.365277778125 0.778125 0.36157407343750003 0.7791666671875 0.3513888890625 0.778125 0.333796296875 0.7721354171875 0.3231481484375 0.7669270828125 0.31944444375000003 0.7294270828125 0.3120370375 0.7229166671875 0.3143518515625
0 0.7317708328125 0.23379629687499998 0.73046875 0.272222221875 0.7583333328124999 0.2754629625 0.7721354171875 0.2759259265625 0.778125 0.26342592656249997 0.778125 0.24398148125 0.77265625 0.2388888890625 0.7591145828125 0.23518518593749999 0.7330729171875 0.23148148124999998 0.7317708328125 0.23379629687499998
0 0.5559895828125 0.20555555625 0.5755208328125 0.22175925937500002 0.5890625 0.20231481406250001 0.5841145828125 0.1879629625 0.5684895828125 0.1759259265625 0.5559895828125 0.1703703703125 0.5364583328125 0.19583333281249998 0.5403645828125 0.2009259265625 0.5559895828125 0.20555555625