0 0.09244791718749999 0.5305555562500001 0.0916666671875 0.553240740625 0.09635416718749999 0.5791666671875 0.0973958328125 0.6347222218749999 0.0958333328125 0.7430555562500001 0.09427083281250001 0.7643518515625 0.0921875 0.76805555625 0.0966145828125 0.772222221875 0.1786458328125 0.7726851859375 0.1822916671875 0.76805555625 0.18020833281249998 0.7625 0.17916666718750002 0.733796296875 0.1796875 0.5884259265625 0.1817708328125 0.566203703125 0.1864583328125 0.5458333328125 0.1864583328125 0.5310185187500001 0.1846354171875 0.527777778125 0.1731770828125 0.5398148140625 0.1325520828125 0.54351851875 0.1049479171875 0.540740740625 0.09244791718749999 0.5305555562500001
0 0.1796875 0.603240740625 0.18020833281249998 0.7569444437499999 0.1825520828125 0.7601851859375001 0.2520833328125 0.7606481484375001 0.2546875 0.7597222218749999 0.2520833328125 0.7402777781250001 0.2515625 0.5986111109375 0.253125 0.5800925921875 0.2567708328125 0.56898148125 0.25729166718749996 0.5495370375 0.2549479171875 0.547222221875 0.24609375 0.5574074078125 0.2309895828125 0.5601851859375 0.1846354171875 0.5583333328125 0.1807291671875 0.5754629625 0.1796875 0.603240740625
0 0.2549479171875 0.7509259265625 0.3088541671875 0.7504629625 0.3114583328125 0.746759259375 0.3083333328125 0.7050925921875 0.3083333328125 0.6004629625 0.3125 0.5800925921875 0.3125 0.5634259265625 0.31015625 0.5611111109375 0.30078125 0.571296296875 0.25546875 0.5731481484375001 0.2520833328125 0.5921296296875 0.2515625 0.6273148140625 0.253125 0.7476851859375 0.2549479171875 0.7509259265625
0 0.59375 0.2995370375 0.5830729171875 0.3101851859375 0.5765625 0.3273148140625 0.5755208328125 0.3773148140625 0.578125 0.42268518593750004 0.5734375 0.43379629687500004 0.5817708328125 0.4356481484375 0.63359375 0.4296296296875 0.6421875 0.4254629625 0.6416666671875 0.41898148125 0.6359375 0.408796296875 0.6244791671875001 0.3226851859375 0.6138020828124999 0.29907407343750003 0.6080729171875 0.2925925921875 0.60390625 0.2925925921875 0.6015625 0.2791666671875 0.5981770828124999 0.2759259265625 0.5932291671875001 0.2791666671875 0.59375 0.2995370375
0 0.5497395828125 0.234259259375 0.58125 0.2356481484375 0.5955729171875 0.22407407343750002 0.5973958328125 0.2171296296875 0.5927083328125 0.20694444375 0.5859375 0.1800925921875 0.5815104171875001 0.17314814843749998 0.5731770828125 0.1703703703125 0.56953125 0.1648148140625 0.55234375 0.16851851874999998 0.5471354171875 0.1740740734375 0.5393229171875 0.1916666671875 0.525 0.203240740625 0.5497395828125 0.234259259375
0 0.5989583328125 0.26527777812500003 0.5942708328124999 0.25509259218749997 0.5927083328125 0.241203703125 0.5888020828125 0.23148148124999998 0.58203125 0.23518518593749999 0.5450520828125 0.23333333281250002 0.53203125 0.25 0.528125 0.2513888890625 0.5325520828125 0.2611111109375 0.54609375 0.275 0.5848958328125 0.278240740625 0.5989583328125 0.26527777812500003
0 0.58203125 0.3101851859375 0.5927083328125 0.30046296250000004 0.5916666671875 0.2921296296875 0.5815104171875001 0.27870370312500004 0.5440104171875 0.2759259265625 0.53203125 0.2870370375 0.5255208328125 0.2986111109375 0.52578125 0.302777778125 0.5299479171875 0.30555555624999997 0.5408854171875 0.3240740734375 0.5755208328125 0.3254629625 0.58203125 0.3101851859375
0 0.5276041671875 0.34861111093749997 0.5434895828124999 0.375 0.5744791671875 0.3754629625 0.5760416671875 0.358796296875 0.5747395828124999 0.32592592656249997 0.54296875 0.325 0.5330729171875 0.34351851875 0.5276041671875 0.34861111093749997
0 0.5255208328125 0.403240740625 0.5424479171875001 0.42222222187499997 0.5770833328125 0.42268518593750004 0.578125 0.40972222187499996 0.5736979171875001 0.3759259265625 0.54140625 0.375 0.5375 0.3865740734375 0.5255208328125 0.403240740625
0 0.06640625 0.1851851859375 0.054427082812500006 0.178703703125 0.03515625 0.17962962968750001 0.0348958328125 0.2273148140625 0.0479166671875 0.2773148140625 0.0479166671875 0.2856481484375 0.0427083328125 0.3291666671875 0.0432291671875 0.39953703749999997 0.0302083328125 0.41805555625 0.0575520828125 0.425 0.128125 0.42453703750000005 0.14140625 0.41944444374999995 0.1458333328125 0.41342592656250005 0.1419270828125 0.40833333281249995 0.13723958281249998 0.40833333281249995 0.1354166671875 0.40231481406249997 0.1348958328125 0.2791666671875 0.1375 0.2523148140625 0.14791666718750002 0.2199074078125 0.1484375 0.18194444375000002 0.11484375 0.177777778125 0.08255208281250001 0.178703703125 0.06640625 0.1851851859375
0 0.4908854171875 0.5518518515624999 0.4700520828125 0.571296296875 0.46302083281249995 0.583796296875 0.45625 0.60694444375 0.45729166718750003 0.6180555562500001 0.46328125 0.63148148125 0.46953125 0.6361111109375 0.4809895828125 0.6268518515625 0.48515625 0.627777778125 0.5111979171875001 0.6518518515625 0.55703125 0.709259259375 0.565625 0.7134259265625 0.58359375 0.6824074078125 0.6015625 0.6699074078125 0.6020833328124999 0.6560185187500001 0.5958333328125 0.6273148140625 0.5830729171875 0.603703703125 0.5533854171875 0.5694444437499999 0.5330729171875 0.553703703125 0.51640625 0.5305555562500001 0.5075520828125 0.5240740734375 0.4966145828125 0.5259259265625 0.49322916718750004 0.5337962968750001 0.4908854171875 0.5518518515624999
0 0.3143229171875 0.32685185156249996 0.2854166671875 0.3476851859375 0.2877604171875 0.35925925937500003 0.3018229171875 0.3648148140625 0.3065104171875 0.3611111109375 0.3138020828125 0.3703703703125 0.3302083328125 0.3745370375 0.3541666671875 0.34861111093749997 0.35078125 0.33148148125 0.3143229171875 0.32685185156249996
0 0.33984375 0.2759259265625 0.3278645828125 0.2796296296875 0.3177083328125 0.290277778125 0.31953125 0.29814814843750004 0.3541666671875 0.3023148140625 0.3747395828125 0.290740740625 0.3791666671875 0.2791666671875 0.3747395828125 0.275 0.33984375 0.2759259265625
0 0.31484375 0.2796296296875 0.2908854171875 0.2759259265625 0.2596354171875 0.284259259375 0.2518229171875 0.2888888890625 0.2494791671875 0.29675925937500003 0.25078125 0.30648148124999997 0.2854166671875 0.30601851875 0.3153645828125 0.29814814843750004 0.3182291671875 0.2865740734375 0.31484375 0.2796296296875
0 0.25703125 0.3379629625 0.27265625 0.32685185156249996 0.2830729171875 0.325 0.2854166671875 0.321759259375 0.2859375 0.309722221875 0.2825520828125 0.30555555624999997 0.2627604171875 0.3046296296875 0.23411458281250003 0.3129629625 0.22135416718749998 0.321759259375 0.22239583281250003 0.3393518515625 0.22760416718749998 0.34027777812500004 0.25703125 0.3379629625
0 0.2877604171875 0.340740740625 0.2984375 0.334722221875 0.29609375 0.32777777812500003 0.2763020828125 0.32685185156249996 0.2549479171875 0.33888888906250003 0.22421875 0.340740740625 0.22291666718749997 0.3458333328125 0.22421875 0.3620370375 0.28125 0.36157407343750003 0.284375 0.35972222187499997 0.2877604171875 0.340740740625
0 0.3346354171875 0.2518518515625 0.3776041671875 0.253240740625 0.3796875 0.24583333281250003 0.3786458328125 0.241203703125 0.3653645828125 0.2296296296875 0.34140625 0.2296296296875 0.33515625 0.23240740781250002 0.33359375 0.2370370375 0.3294270828125 0.23240740781250002 0.31979166718749996 0.2375 0.3221354171875 0.2518518515625 0.33151041718749996 0.25 0.33359375 0.2379629625 0.3346354171875 0.2518518515625
0 0.3473958328125 0.3625 0.3455729171875 0.3583333328125 0.3299479171875 0.3768518515625 0.28671875 0.3601851859375 0.26640625 0.3620370375 0.2630208328125 0.366203703125 0.2635416671875 0.38009259218749997 0.26640625 0.38333333281250004 0.32864583281250004 0.3976851859375 0.3458333328125 0.3773148140625 0.3473958328125 0.3625
0 0.2921875 0.25694444375000003 0.31015625 0.2546296296875 0.3109375 0.2375 0.2986979171875 0.23518518593749999 0.2888020828125 0.2388888890625 0.2869791671875 0.2523148140625 0.2921875 0.25694444375000003
0 0.34609375 0.35925925937500003 0.34036458281250004 0.3620370375 0.3299479171875 0.3759259265625 0.2955729171875 0.365740740625 0.2872395828125 0.3601851859375 0.26901041718749996 0.3611111109375 0.2635416671875 0.366203703125 0.26484375 0.38333333281250004 0.3270833328125 0.3976851859375 0.3453125 0.378240740625 0.34609375 0.35925925937500003
0 0.9645833328125001 0.2578703703125 0.9635416671874999 0.2356481484375 0.9497395828125 0.22777777812500002 0.8606770828125001 0.22407407343750002 0.8372395828125001 0.23240740781250002 0.8333333328125001 0.24953703749999998 0.834375 0.2615740734375 0.8403645828125 0.2675925921875 0.9421875 0.2726851859375 0.9606770828125001 0.2675925921875 0.9645833328125001 0.2578703703125
0 0.921875 0.316203703125 0.94921875 0.3148148140625 0.95703125 0.3111111109375 0.959375 0.3013888890625 0.9578125 0.27638888906250003 0.9549479171874999 0.2731481484375 0.9018229171875 0.2731481484375 0.84921875 0.2675925921875 0.8330729171875 0.2731481484375 0.8307291671874999 0.278240740625 0.8307291671874999 0.303240740625 0.84296875 0.3129629625 0.921875 0.316203703125
0 0.8700520828125 0.3620370375 0.9072916671875 0.3625 0.9330729171875 0.3601851859375 0.95546875 0.3518518515625 0.9604166671875 0.3449074078125 0.9604166671875 0.31990740781250004 0.9533854171874999 0.3148148140625 0.8611979171874999 0.3166666671875 0.8466145828125 0.3138888890625 0.8372395828125001 0.3148148140625 0.8322916671874999 0.31990740781250004 0.8317708328125001 0.34398148125 0.83828125 0.3509259265625 0.8700520828125 0.3620370375
0 0.83359375 0.38703703749999996 0.85546875 0.4046296296875 0.8682291671875 0.408796296875 0.9575520828125 0.397222221875 0.9604166671875 0.391203703125 0.9588541671874999 0.3634259265625 0.94921875 0.35555555625 0.9294270828125001 0.3611111109375 0.88671875 0.3638888890625 0.8653645828125001 0.3620370375 0.8424479171874999 0.352777778125 0.8338541671874999 0.3541666671875 0.8317708328125001 0.3625 0.8317708328125001 0.3828703703125 0.83359375 0.38703703749999996
0 0.7223958328125 0.4513888890625 0.8044270828125001 0.4296296296875 0.8072916671874999 0.4254629625 0.8078125 0.41157407343749997 0.80546875 0.403703703125 0.7846354171875001 0.38148148125 0.78046875 0.38703703749999996 0.7611979171875001 0.38703703749999996 0.7190104171875 0.396296296875 0.7140625 0.40231481406249997 0.7135416671875 0.44120370312499996 0.71640625 0.4509259265625 0.7223958328125 0.4513888890625
0 0.78515625 0.34722222187499996 0.7885416671875001 0.3421296296875 0.7880208328125 0.32453703749999996 0.78671875 0.3203703703125 0.7815104171875 0.3203703703125 0.7580729171875 0.32685185156249996 0.71484375 0.328703703125 0.7140625 0.35694444375 0.725 0.358796296875 0.7486979171875 0.3574074078125 0.78515625 0.34722222187499996
0 0.7846354171875001 0.29351851875 0.7140625 0.30046296250000004 0.7135416671875 0.3226851859375 0.7153645828124999 0.32685185156249996 0.7473958328125 0.3273148140625 0.78359375 0.3203703703125 0.7869791671875 0.315277778125 0.7869791671875 0.2995370375 0.7846354171875001 0.29351851875
0 0.78359375 0.26851851875 0.7768229171875001 0.2638888890625 0.7143229171875001 0.2675925921875 0.7140625 0.29675925937500003 0.725 0.2976851859375 0.7830729171875 0.29444444375 0.7869791671875 0.2875 0.7864583328125 0.278240740625 0.78359375 0.26851851875
0 0.77890625 0.23333333281250002 0.7140625 0.2365740734375 0.7135416671875 0.258796296875 0.7153645828124999 0.2648148140625 0.7489583328125 0.26527777812500003 0.78046875 0.2629629625 0.7859375 0.25601851875000003 0.7859375 0.2393518515625 0.77890625 0.23333333281250002
0 0.7989583328125 0.23194444375 0.8078125 0.2273148140625 0.80703125 0.1981481484375 0.8033854171874999 0.197222221875 0.7869791671875 0.20972222187499998 0.7875 0.22916666718749998 0.7989583328125 0.23194444375
0 0.8338541671874999 0.2625 0.83359375 0.2296296296875 0.8236979171875 0.22777777812500002 0.81171875 0.23333333281250002 0.8059895828125001 0.23055555625 0.79765625 0.23240740781250002 0.7934895828124999 0.23518518593749999 0.7885416671875001 0.24583333281250003 0.7885416671875001 0.2578703703125 0.7940104171875 0.26203703749999996 0.8239583328125001 0.2671296296875 0.8338541671874999 0.2625
0 0.7890625 0.315277778125 0.7919270828125 0.3231481484375 0.8057291671875 0.32453703749999996 0.8078125 0.3226851859375 0.80703125 0.3 0.7971354171875 0.29444444375 0.7895833328124999 0.2986111109375 0.7890625 0.315277778125
0 0.8078125 0.23472222187499997 0.80625 0.2615740734375 0.81875 0.26805555625 0.8380208328125001 0.26527777812500003 0.834375 0.2625 0.83515625 0.2296296296875 0.82734375 0.22685185156249998 0.8078125 0.23472222187499997
0 0.8309895828125 0.30648148124999997 0.8236979171875 0.303703703125 0.8091145828125 0.303703703125 0.8088541671874999 0.3291666671875 0.8138020828125001 0.3379629625 0.82734375 0.3481481484375 0.8317708328125001 0.3476851859375 0.8322916671874999 0.32083333281250004 0.8380208328125001 0.3143518515625 0.8309895828125 0.30648148124999997
0 0.8104166671874999 0.3671296296875 0.8138020828125001 0.372222221875 0.8317708328125001 0.3828703703125 0.8333333328125001 0.353240740625 0.81640625 0.3398148140625 0.8122395828125001 0.3398148140625 0.8083333328125001 0.3550925921875 0.8104166671874999 0.3671296296875
0 0.83125 0.4384259265625 0.834375 0.4328703703125 0.8333333328125001 0.4263888890625 0.8294270828125001 0.41851851875 0.8158854171875 0.40555555625000006 0.81015625 0.40648148125 0.8078125 0.42268518593750004 0.8109375 0.4328703703125 0.828125 0.45416666718750004 0.83125 0.4495370375 0.83125 0.4384259265625
0 0.8278645828125001 0.1490740734375 0.8078125 0.1699074078125 0.8067708328125001 0.19305555624999998 0.8080729171875 0.196296296875 0.8135416671875 0.19583333281249998 0.8302083328125001 0.184722221875 0.8291666671875 0.1634259265625 0.83515625 0.15277777812499999 0.8278645828125001 0.1490740734375