0 0.9932291671875 0.23101851875 0.915625 0.23101851875 0.9315104171874999 0.253703703125 0.9557291671874999 0.2708333328125 0.99296875 0.26574074062499997 0.9932291671875 0.23101851875
0 0.8877604171875 0.302777778125 0.8786458328125001 0.3236111109375 0.8791666671874999 0.333796296875 0.9049479171874999 0.3703703703125 0.9322916671874999 0.40046296249999996 0.93984375 0.4 0.9924479171874999 0.3703703703125 0.9927083328125 0.3254629625 0.9486979171875 0.328703703125 0.93046875 0.31851851875000003 0.90859375 0.29722222187499997 0.8877604171875 0.302777778125
0 0.90546875 0.24259259218749998 0.9 0.246759259375 0.8989583328125 0.271759259375 0.90703125 0.2925925921875 0.93203125 0.31944444375000003 0.9520833328125 0.32824074062499997 0.9924479171874999 0.3240740734375 0.9932291671875 0.26898148125 0.98984375 0.2666666671875 0.9565104171875 0.272222221875 0.93671875 0.259259259375 0.92109375 0.24351851875000002 0.90546875 0.24259259218749998
0 0.93203125 0.40092592656250003 0.8950520828125 0.3574074078125 0.88984375 0.3574074078125 0.8817708328125 0.366203703125 0.8765625 0.384722221875 0.8765625 0.3921296296875 0.87890625 0.397222221875 0.88671875 0.40648148125 0.8986979171874999 0.41111111093749997 0.91953125 0.4379629625 0.9307291671875 0.4421296296875 0.9377604171874999 0.44259259218749997 0.9919270828125001 0.41944444374999995 0.99375 0.41342592656250005 0.9932291671875 0.3736111109375 0.97734375 0.377777778125 0.9419270828125 0.3990740734375 0.93203125 0.40092592656250003
0 0.9377604171874999 0.44259259218749997 0.9184895828125 0.4379629625 0.89765625 0.4129629625 0.8908854171874999 0.415740740625 0.8778645828125 0.42870370312499995 0.8760416671875 0.45601851875 0.928125 0.5245370375 0.9330729171875 0.5240740734375 0.97265625 0.4861111109375 0.9924479171874999 0.475 0.99375 0.42268518593750004 0.9919270828125001 0.41944444374999995 0.9841145828125001 0.42222222187499997 0.9377604171874999 0.44259259218749997
0 0.9565104171875 0.7212962968750001 0.9645833328125001 0.721759259375 0.9903645828125001 0.7194444437499999 0.9932291671875 0.7115740734375 0.9932291671875 0.6976851859375001 0.9716145828125 0.696296296875 0.9549479171874999 0.7009259265625001 0.9541666671875 0.7180555562500001 0.9565104171875 0.7212962968750001
0 0.9518229171874999 0.80648148125 0.9770833328125 0.8115740734375001 0.9924479171874999 0.8111111109375001 0.9932291671875 0.7949074078125 0.9658854171875 0.7851851859375001 0.95234375 0.784259259375 0.9489583328125001 0.7884259265625 0.9489583328125001 0.8023148140625 0.9518229171874999 0.80648148125
0 0.9744791671874999 0.8606481484374999 0.9919270828125001 0.8583333328125 0.99375 0.8523148140625001 0.9927083328125 0.8393518515625 0.9606770828125001 0.8296296296874999 0.946875 0.8300925921875001 0.94765625 0.8490740734375001 0.9744791671874999 0.8606481484374999
0 0.8875 0.81898148125 0.88984375 0.821296296875 0.9276041671874999 0.8226851859375 0.9309895828125001 0.8222222218749999 0.9322916671874999 0.81805555625 0.9322916671874999 0.808796296875 0.9299479171874999 0.8046296296875 0.88984375 0.7990740734374999 0.8864583328125001 0.809722221875 0.8875 0.81898148125
0 0.9088541671874999 0.7819444437499999 0.9325520828125 0.7814814812499999 0.934375 0.7671296296875 0.93203125 0.7629629625 0.88984375 0.7620370375000001 0.8875 0.766203703125 0.8893229171874999 0.7796296296875 0.9088541671874999 0.7819444437499999
0 0.91953125 0.7601851859375001 0.9328125 0.7625 0.9497395828125 0.7611111109375 0.9515625 0.7449074078125 0.94921875 0.7416666671875001 0.9377604171874999 0.7398148140624999 0.9182291671874999 0.74398148125 0.9177083328125001 0.75601851875 0.91953125 0.7601851859375001
0 0.890625 0.7041666671875 0.8911458328125 0.7208333328125 0.9174479171875 0.7203703703125 0.9197916671874999 0.7180555562500001 0.9203125 0.7041666671875 0.9184895828125 0.7009259265625001 0.90859375 0.6990740734374999 0.8934895828125 0.7009259265625001 0.890625 0.7041666671875
0 0.95234375 0.7185185187500001 0.953125 0.6995370375000001 0.9325520828125 0.6981481484375001 0.9203125 0.7041666671875 0.92109375 0.7194444437499999 0.9359375 0.7208333328125 0.95234375 0.7185185187500001
0 0.91640625 0.7601851859375001 0.9182291671874999 0.74398148125 0.9138020828125001 0.740740740625 0.8903645828125001 0.74351851875 0.8885416671874999 0.746759259375 0.8895833328125 0.7615740734374999 0.91640625 0.7601851859375001
0 0.9458333328125 0.8476851859375 0.9450520828125001 0.828703703125 0.9268229171875 0.8231481484375 0.9171875 0.8254629625 0.9174479171875 0.8398148140625 0.9390625 0.8486111109375001 0.9458333328125 0.8476851859375
0 0.9325520828125 0.8231481484375 0.9817708328125001 0.8375 0.9927083328125 0.8365740734375 0.9919270828125001 0.8120370375 0.97421875 0.8120370375 0.9486979171875 0.8055555562500001 0.93671875 0.80648148125 0.9328125 0.8106481484374999 0.9325520828125 0.8231481484375
0 0.9864583328125001 0.790277778125 0.9932291671875 0.7884259265625 0.9919270828125001 0.7675925921875 0.93984375 0.7620370375000001 0.9333333328125001 0.766203703125 0.9338541671874999 0.778240740625 0.9361979171874999 0.7814814812499999 0.9864583328125001 0.790277778125
0 0.8908854171874999 0.8583333328125 0.9234375 0.8652777781250001 0.9307291671875 0.8643518515625 0.9317708328125001 0.8495370375 0.9299479171874999 0.8462962968750001 0.91796875 0.8416666671874999 0.8880208328125001 0.8449074078125 0.8880208328125001 0.8541666671874999 0.8908854171874999 0.8583333328125
0 0.9536458328125 0.6986111109375 0.9919270828125001 0.6953703703125 0.9932291671875 0.6745370375 0.9919270828125001 0.671296296875 0.9565104171875 0.6740740734374999 0.9375 0.68101851875 0.93671875 0.6972222218749999 0.9536458328125 0.6986111109375
0 0.9364583328125 0.678240740625 0.95546875 0.6740740734374999 0.9557291671874999 0.6523148140624999 0.9471354171874999 0.6490740734375 0.9268229171875 0.6555555562500001 0.9255208328125001 0.666203703125 0.9270833328125001 0.6736111109375 0.9364583328125 0.678240740625
0 0.92421875 0.6777777781250001 0.925 0.6625 0.9190104171875 0.6583333328125 0.89921875 0.6620370375 0.8921875 0.6699074078125 0.8932291671874999 0.68194444375 0.92421875 0.6777777781250001
0 0.82734375 0.68148148125 0.8265625 0.696759259375 0.8338541671874999 0.7023148140625 0.8497395828125001 0.6944444437499999 0.8643229171875 0.6981481484375001 0.8661458328125 0.6856481484375 0.8611979171874999 0.678703703125 0.84296875 0.6731481484375 0.8377604171874999 0.6805555562500001 0.82734375 0.68148148125
0 0.8091145828125 0.7166666671875 0.83125 0.721759259375 0.8390625 0.7189814812499999 0.8390625 0.70694444375 0.8236979171875 0.6972222218749999 0.7872395828125 0.6953703703125 0.7838541671875 0.703240740625 0.7872395828125 0.7175925921874999 0.8091145828125 0.7166666671875
0 0.7833333328125 0.7328703703125 0.7846354171875001 0.7379629624999999 0.7875 0.7384259265625001 0.82265625 0.7379629624999999 0.8239583328125001 0.7245370375 0.82109375 0.7194444437499999 0.8096354171875 0.7166666671875 0.7856770828124999 0.7185185187500001 0.7828125 0.7254629625 0.7833333328125 0.7328703703125
0 0.8403645828125 0.7546296296875 0.8572916671874999 0.758796296875 0.8622395828125 0.759259259375 0.8635416671874999 0.7550925921875 0.8640625 0.7458333328125 0.8606770828125001 0.740740740625 0.8455729171874999 0.7351851859375 0.8401041671874999 0.7384259265625001 0.8403645828125 0.7546296296875
0 0.8377604171874999 0.7601851859375001 0.8390625 0.7458333328125 0.8231770828125 0.7370370375 0.784375 0.741203703125 0.78671875 0.7583333328124999 0.8229166671874999 0.7606481484375001 0.8377604171874999 0.7601851859375001
0 0.784375 0.796759259375 0.7916666671875 0.8013888890624999 0.8356770828125001 0.8 0.8380208328125001 0.796759259375 0.8380208328125001 0.790277778125 0.83515625 0.7833333328125 0.8221354171874999 0.777777778125 0.7841145828125 0.777777778125 0.784375 0.796759259375
0 0.8236979171875 0.8018518515625 0.8229166671874999 0.816203703125 0.8265625 0.81898148125 0.85078125 0.815740740625 0.85859375 0.8194444437499999 0.8619791671874999 0.8125 0.8630208328125001 0.8023148140625 0.8434895828125001 0.797222221875 0.8341145828125001 0.8027777781250001 0.8236979171875 0.8018518515625
0 0.8421875 0.796759259375 0.8606770828125001 0.797222221875 0.8619791671874999 0.7828703703125 0.8591145828125001 0.7787037031249999 0.8408854171875 0.7796296296875 0.8390625 0.7819444437499999 0.8390625 0.790277778125 0.8421875 0.796759259375
0 0.8221354171874999 0.81851851875 0.8244791671874999 0.8023148140625 0.8138020828125001 0.7990740734374999 0.7856770828124999 0.8009259265625 0.7838541671875 0.816203703125 0.796875 0.8236111109375001 0.8221354171874999 0.81851851875
0 0.7833333328125 0.8550925921875001 0.7911458328125 0.8606481484374999 0.8190104171874999 0.85555555625 0.821875 0.8513888890624999 0.8213541671875 0.840277778125 0.8106770828125001 0.8379629625 0.78984375 0.8435185187500001 0.7841145828125 0.8388888890624999 0.7833333328125 0.8550925921875001
0 0.7872395828125 0.6953703703125 0.8078125 0.6958333328124999 0.8236979171875 0.696296296875 0.8260416671874999 0.69305555625 0.8265625 0.6828703703125 0.82265625 0.6768518515624999 0.80546875 0.672222221875 0.7833333328125 0.6763888890625 0.7872395828125 0.6953703703125
0 0.8572916671874999 0.6763888890625 0.8630208328125001 0.6726851859375 0.8622395828125 0.6583333328125 0.8471354171875 0.6481481484375 0.8380208328125001 0.6504629625 0.8369791671875 0.6560185187500001 0.8434895828125001 0.6731481484375 0.8572916671874999 0.6763888890625
0 0.76328125 0.64351851875 0.7252604171875 0.6509259265625 0.725 0.6699074078125 0.7401041671875 0.683796296875 0.74609375 0.6833333328125 0.7580729171875 0.6731481484375 0.7794270828125 0.6731481484375 0.7828125 0.666203703125 0.7833333328125 0.6560185187500001 0.7799479171875 0.65 0.76328125 0.64351851875
0 0.7497395828125 0.6972222218749999 0.778125 0.6995370375000001 0.78203125 0.7 0.784375 0.6958333328124999 0.7848958328125 0.6828703703125 0.77578125 0.6740740734374999 0.7559895828125 0.6731481484375 0.74375 0.683796296875 0.7497395828125 0.6972222218749999
0 0.7424479171875 0.709259259375 0.7294270828125 0.7046296296875 0.7276041671875 0.7078703703125 0.7283854171875 0.7212962968750001 0.7427083328124999 0.7263888890625 0.75390625 0.7212962968750001 0.78046875 0.7240740734375 0.784375 0.7180555562500001 0.784375 0.7078703703125 0.7794270828125 0.7 0.7486979171875 0.696296296875 0.7424479171875 0.709259259375
0 0.7744791671875 0.74398148125 0.7828125 0.7421296296875 0.78203125 0.7268518515625 0.7700520828124999 0.7212962968750001 0.7528645828125 0.7212962968750001 0.746875 0.7254629625 0.7481770828125 0.7425925921875 0.7744791671875 0.74398148125
0 0.7270833328124999 0.7486111109375 0.7260416671875001 0.7606481484375001 0.7278645828125 0.765740740625 0.74375 0.7699074078125 0.78046875 0.7675925921875 0.7848958328125 0.7606481484375001 0.7848958328125 0.7513888890625 0.78359375 0.746296296875 0.7783854171875 0.74351851875 0.7471354171875 0.74351851875 0.7270833328124999 0.7486111109375
0 0.78203125 0.7888888890625 0.7838541671875 0.7736111109375 0.7747395828125 0.7666666671875 0.75078125 0.76851851875 0.7479166671875 0.7726851859375 0.7479166671875 0.7875 0.78203125 0.7888888890625
0 0.7294270828125 0.8101851859375 0.7442708328125 0.8125 0.7825520828125 0.809259259375 0.7838541671875 0.79305555625 0.7815104171875 0.7888888890625 0.7565104171875 0.7888888890625 0.74453125 0.79444444375 0.7296875 0.7958333328125 0.7294270828125 0.8101851859375
0 0.68515625 0.7666666671875 0.67421875 0.7629629625 0.6734375 0.784722221875 0.6854166671875 0.791203703125 0.7190104171875 0.7879629625 0.7440104171875 0.7916666671875 0.746875 0.7884259265625 0.746875 0.7763888890625 0.7450520828125 0.772222221875 0.7252604171875 0.765740740625 0.68515625 0.7666666671875
0 0.7158854171875 0.7425925921875 0.734375 0.746759259375 0.74453125 0.7453703703125 0.7463541671875 0.73101851875 0.72734375 0.722222221875 0.67421875 0.7175925921874999 0.6723958328124999 0.721759259375 0.67421875 0.7416666671875001 0.7158854171875 0.7425925921875
0 0.67578125 0.6925925921875 0.72109375 0.6981481484375001 0.72890625 0.70555555625 0.7395833328125 0.70694444375 0.7442708328125 0.7041666671875 0.7458333328125 0.690277778125 0.7299479171875001 0.6759259265625001 0.6752604171875001 0.665740740625 0.6729166671875 0.66898148125 0.6723958328124999 0.684722221875 0.67578125 0.6925925921875
0 0.6723958328124999 0.6634259265625 0.67421875 0.6675925921875 0.7104166671875001 0.6726851859375 0.7236979171875 0.672222221875 0.7244791671875 0.653240740625 0.70703125 0.640740740625 0.6940104171875 0.6370370375000001 0.67421875 0.6425925921875 0.6723958328124999 0.6476851859375 0.6723958328124999 0.6634259265625
0 0.6723958328124999 0.8375 0.6729166671875 0.8541666671874999 0.6859375 0.8652777781250001 0.72265625 0.85555555625 0.7255208328125 0.8504629625 0.7260416671875001 0.8384259265624999 0.72265625 0.834259259375 0.6846354171875 0.8379629625 0.67421875 0.8324074078124999 0.6723958328124999 0.8375
0 0.5171875 0.7393518515624999 0.5166666671875 0.7328703703125 0.5028645828125 0.7185185187500001 0.49765625 0.7203703703125 0.49635416718750003 0.7180555562500001 0.4984375 0.7115740734375 0.49401041718750005 0.7111111109375 0.48932291718750004 0.7046296296875 0.4848958328125 0.7115740734375 0.4838541671875 0.7328703703125 0.48619791718750005 0.746296296875 0.49036458281249995 0.7453703703125 0.49375 0.7495370375 0.4947916671875 0.746759259375 0.4927083328125 0.7393518515624999 0.49453125 0.7370370375 0.49817708281249995 0.7351851859375 0.50859375 0.74351851875 0.51328125 0.74351851875 0.5171875 0.7393518515624999
0 0.5161458328124999 0.7745370375 0.5161458328124999 0.7865740734375 0.5130208328125 0.8023148140625 0.5145833328125 0.808796296875 0.5328125 0.8393518515625 0.5479166671875 0.8226851859375 0.5494791671875 0.80694444375 0.5486979171875 0.803703703125 0.5442708328125 0.8050925921875001 0.5302083328125 0.7615740734374999 0.5252604171875 0.7574074078125 0.5161458328124999 0.7745370375
0 0.5533854171875 0.8148148140625 0.5716145828125 0.8222222218749999 0.603125 0.828240740625 0.61328125 0.827777778125 0.6145833328125 0.81898148125 0.6041666671875 0.8050925921875001 0.6002604171875 0.7916666671875 0.5528645828125 0.7703703703125 0.5484375 0.7736111109375 0.5533854171875 0.8148148140625
0 0.5515625 0.8171296296874999 0.5494791671875 0.8449074078125 0.55234375 0.85 0.6072916671875 0.8643518515625 0.61171875 0.8648148140625 0.6145833328125 0.8550925921875001 0.6145833328125 0.8328703703125001 0.6122395828125 0.828703703125 0.57890625 0.825 0.5528645828125 0.8138888890624999 0.5515625 0.8171296296874999
0 0.5395833328124999 0.8495370375 0.5380208328125 0.8800925921875 0.53984375 0.8861111109375001 0.5544270828125 0.89444444375 0.5901041671875 0.8995370375 0.6075520828125 0.897222221875 0.6114583328125 0.8856481484375 0.6104166671875 0.8736111109375001 0.59921875 0.8629629624999999 0.5669270828124999 0.85648148125 0.5486979171875 0.847222221875 0.5395833328124999 0.8495370375
0 0.6200520828125 0.7759259265625 0.60703125 0.7805555562500001 0.6026041671875 0.7875 0.6041666671875 0.8041666671875 0.6096354171875 0.8129629625 0.6466145828125 0.8222222218749999 0.6484375 0.816203703125 0.6473958328125 0.7921296296875 0.653125 0.7819444437499999 0.6466145828125 0.7768518515625 0.6356770828125 0.7759259265625 0.6200520828125 0.7759259265625
0 0.6192708328125 0.858796296875 0.65234375 0.85 0.653125 0.8356481484374999 0.6466145828125 0.8231481484375 0.62109375 0.8268518515625001 0.6151041671875 0.834722221875 0.615625 0.8504629625 0.6192708328125 0.858796296875
0 0.13984375 0.834259259375 0.12890625 0.8222222218749999 0.1268229171875 0.8231481484375 0.1270833328125 0.8439814812499999 0.14791666718750002 0.8699074078125 0.22369791718749998 0.852777778125 0.2260416671875 0.8495370375 0.2265625 0.83194444375 0.22109375 0.827777778125 0.19609375 0.8259259265625 0.14505208281249998 0.8435185187500001 0.13984375 0.834259259375
0 0.1419270828125 0.7851851859375001 0.1236979171875 0.7916666671875 0.12291666718750001 0.7958333328125 0.1265625 0.8023148140625 0.1276041671875 0.8199074078124999 0.1458333328125 0.8439814812499999 0.1981770828125 0.825 0.2 0.8199074078124999 0.1984375 0.8050925921875001 0.19609375 0.8018518515625 0.1877604171875 0.8018518515625 0.1643229171875 0.7851851859375001 0.1419270828125 0.7851851859375001
0 0.2049479171875 0.7833333328125 0.1776041671875 0.7884259265625 0.18046875 0.7953703703125 0.19765625 0.8018518515625 0.1994791671875 0.8050925921875001 0.2 0.8236111109375001 0.2109375 0.8273148140625001 0.24765625 0.825 0.2705729171875 0.827777778125 0.2734375 0.8236111109375001 0.2744791671875 0.80601851875 0.26640625 0.8009259265625 0.23515625 0.7990740734374999 0.2049479171875 0.7833333328125
0 0.1984375 0.7671296296875 0.1989583328125 0.7810185187500001 0.20182291718749998 0.7833333328125 0.21588541718749998 0.7870370375 0.23463541718749997 0.7981481484375 0.26614583281250004 0.8004629624999999 0.2755208328125 0.7986111109375 0.2760416671875 0.7800925921874999 0.2731770828125 0.775 0.2627604171875 0.76851851875 0.23567708281250002 0.7601851859375001 0.20286458281250003 0.7611111109375 0.1984375 0.7671296296875
0 0.2270833328125 0.8458333328125001 0.2328125 0.8486111109375001 0.27109375 0.8490740734375001 0.2744791671875 0.834722221875 0.2721354171875 0.828703703125 0.2669270828125 0.8268518515625001 0.23151041718749998 0.8259259265625 0.22760416718749998 0.8300925921875001 0.2270833328125 0.8458333328125001
0 0.271875 0.8513888890624999 0.22734375 0.8490740734375001 0.22109375 0.853703703125 0.20078125 0.8574074078124999 0.1984375 0.8800925921875 0.20208333281250002 0.8828703703125 0.2309895828125 0.8759259265624999 0.25703125 0.85648148125 0.259375 0.8578703703125001 0.2596354171875 0.8648148140625 0.2684895828125 0.8666666671875 0.271875 0.8606481484374999 0.271875 0.8513888890624999
0 0.1934895828125 0.7601851859375001 0.15703125 0.7518518515625 0.1481770828125 0.752777778125 0.1510416671875 0.7606481484375001 0.1466145828125 0.765740740625 0.12890625 0.7648148140625 0.1174479171875 0.772222221875 0.11510416718750001 0.7671296296875 0.12317708281249999 0.7638888890625 0.1244791671875 0.75601851875 0.11223958281249999 0.759259259375 0.109375 0.7671296296875 0.1098958328125 0.7736111109375 0.1234375 0.7865740734375 0.1466145828125 0.7824074078125001 0.1627604171875 0.7824074078125001 0.1716145828125 0.7870370375 0.1893229171875 0.7833333328125 0.196875 0.778240740625 0.1979166671875 0.766203703125 0.1934895828125 0.7601851859375001
0 0.0875 0.7837962968750001 0.09296875 0.7953703703125 0.1244791671875 0.8208333328125 0.1270833328125 0.81805555625 0.1265625 0.8013888890624999 0.12265625 0.7879629625 0.11015625 0.7768518515625 0.0908854171875 0.771296296875 0.0880208328125 0.7736111109375 0.0875 0.7837962968750001
0 0.09036458281250001 0.7212962968750001 0.08645833281250001 0.7245370375 0.0848958328125 0.733796296875 0.08723958281250001 0.7416666671875001 0.10078125 0.7453703703125 0.1166666671875 0.7550925921875 0.1408854171875 0.75 0.1580729171875 0.7509259265625 0.1604166671875 0.74398148125 0.1565104171875 0.7351851859375 0.1424479171875 0.725 0.10546875 0.7240740734375 0.09036458281250001 0.7212962968750001
0 0.1747395828125 0.725 0.17265625 0.727777778125 0.16848958281249998 0.725 0.15572916718750002 0.73194444375 0.1598958328125 0.734722221875 0.1609375 0.7458333328125 0.1643229171875 0.7509259265625 0.1994791671875 0.7625 0.21796875 0.7583333328124999 0.23932291718749998 0.759259259375 0.2416666671875 0.7541666671875 0.2416666671875 0.7449074078125 0.23723958281250002 0.7379629624999999 0.19296875 0.7240740734375 0.1747395828125 0.725
0 0.0919270828125 0.6972222218749999 0.0848958328125 0.7115740734375 0.08828125 0.7194444437499999 0.09609375 0.722222221875 0.1263020828125 0.7212962968750001 0.1432291671875 0.7254629625 0.16640625 0.7240740734375 0.1729166671875 0.7180555562500001 0.1729166671875 0.7115740734375 0.1627604171875 0.7 0.1549479171875 0.6972222218749999 0.10859375 0.69351851875 0.0919270828125 0.6972222218749999
0 0.1544270828125 0.69351851875 0.1588541671875 0.683796296875 0.1588541671875 0.6763888890625 0.15182291718750002 0.671296296875 0.1408854171875 0.672222221875 0.13359375 0.6675925921875 0.10078125 0.66944444375 0.0859375 0.6865740734375 0.0869791671875 0.696759259375 0.1018229171875 0.6925925921875 0.1377604171875 0.6944444437499999 0.14010416718750002 0.691203703125 0.1408854171875 0.678703703125 0.14375 0.683796296875 0.14296875 0.6916666671875 0.1544270828125 0.69351851875
0 0.1700520828125 0.6981481484375001 0.19479166718750002 0.7004629625 0.1963541671875 0.6995370375000001 0.1979166671875 0.683796296875 0.1955729171875 0.6805555562500001 0.1809895828125 0.675 0.1682291671875 0.6763888890625 0.1682291671875 0.6921296296875 0.1700520828125 0.6981481484375001
0 0.1953125 0.659722221875 0.2052083328125 0.6560185187500001 0.20390625 0.640740740625 0.1966145828125 0.6361111109375 0.17890625 0.634259259375 0.16875 0.64398148125 0.1700520828125 0.652777778125 0.1953125 0.659722221875
0 0.0940104171875 0.2833333328125 0.0841145828125 0.2833333328125 0.0721354171875 0.29814814843750004 0.058072917187499996 0.29814814843750004 0.055208332812500004 0.29398148125 0.054166667187499996 0.2726851859375 0.0497395828125 0.2703703703125 0.0479166671875 0.2726851859375 0.0463541671875 0.3291666671875 0.05208333281250001 0.3476851859375 0.05208333281250001 0.3708333328125 0.055208332812500004 0.3828703703125 0.055208332812500004 0.44490740781250004 0.05989583281250001 0.45046296249999995 0.1080729171875 0.447222221875 0.1125 0.40138888906250003 0.1119791671875 0.3754629625 0.1098958328125 0.35694444375 0.0994791671875 0.32453703749999996 0.0984375 0.30509259218749996 0.0940104171875 0.2833333328125
0 0.2442708328125 0.315277778125 0.24635416718749997 0.32824074062499997 0.3018229171875 0.328703703125 0.30416666718749996 0.3236111109375 0.30416666718749996 0.30694444375 0.29921875 0.302777778125 0.2841145828125 0.3018518515625 0.24609375 0.30648148124999997 0.2442708328125 0.315277778125
0 0.2390625 0.3513888890625 0.23828125 0.334259259375 0.2299479171875 0.334259259375 0.228125 0.3375 0.22760416718749998 0.34861111093749997 0.23020833281250003 0.353240740625 0.2390625 0.3513888890625
0 0.24635416718749997 0.3513888890625 0.30130208281250004 0.3490740734375 0.3026041671875 0.333796296875 0.30026041718749996 0.328703703125 0.2955729171875 0.32777777812500003 0.2466145828125 0.3296296296875 0.24479166718749998 0.334722221875 0.24635416718749997 0.3513888890625
0 0.2455729171875 0.25833333281250004 0.24322916718749998 0.26898148125 0.24375 0.2791666671875 0.24583333281250003 0.28101851875 0.2736979171875 0.2759259265625 0.2994791671875 0.2791666671875 0.296875 0.26435185156249996 0.29140625 0.25555555625 0.26901041718749996 0.24907407343750002 0.25078125 0.253703703125 0.2455729171875 0.25833333281250004
0 0.2388020828125 0.3759259265625 0.23958333281250002 0.35601851875 0.22734375 0.3546296296875 0.2169270828125 0.3583333328125 0.21354166718749998 0.36990740781250003 0.2234375 0.3763888890625 0.2388020828125 0.3759259265625
0 0.30546875 0.35555555625 0.3018229171875 0.3509259265625 0.24713541718749998 0.3518518515625 0.2453125 0.35601851875 0.246875 0.3708333328125 0.25 0.3754629625 0.30859375 0.371296296875 0.309375 0.366203703125 0.30416666718749996 0.3625 0.3059895828125 0.3583333328125 0.3096354171875 0.3601851859375 0.3104166671875 0.35601851875 0.30546875 0.35555555625
0 0.17916666718750002 0.26435185156249996 0.1796875 0.2754629625 0.1825520828125 0.2796296296875 0.203125 0.2828703703125 0.21015625 0.27777777812500004 0.21380208281250002 0.2675925921875 0.21875 0.26527777812500003 0.21171875 0.25833333281250004 0.20338541718749997 0.25648148125 0.1846354171875 0.25833333281250004 0.17916666718750002 0.26435185156249996
0 0.21067708281250003 0.3166666671875 0.20598958281250002 0.3148148140625 0.20416666718749998 0.3236111109375 0.20729166718749997 0.3263888890625 0.21197916718749998 0.32083333281250004 0.21067708281250003 0.3166666671875
0 0.19479166718750002 0.3300925921875 0.1989583328125 0.32824074062499997 0.19765625 0.30648148124999997 0.1768229171875 0.30648148124999997 0.1703125 0.3134259265625 0.1703125 0.321759259375 0.17265625 0.32685185156249996 0.19479166718750002 0.3300925921875
0 0.20625 0.353240740625 0.2088541671875 0.3578703703125 0.2247395828125 0.35648148125 0.22760416718749998 0.3513888890625 0.2270833328125 0.3356481484375 0.21796875 0.3296296296875 0.20598958281250002 0.328703703125 0.20416666718749998 0.334722221875 0.20625 0.353240740625
0 0.178125 0.3578703703125 0.20078125 0.35648148125 0.1989583328125 0.33194444375 0.18046875 0.328703703125 0.17421875 0.3324074078125 0.1703125 0.3421296296875 0.17135416718750002 0.3513888890625 0.178125 0.3578703703125
0 0.3122395828125 0.3518518515625 0.3145833328125 0.34861111093749997 0.31484375 0.33148148125 0.3026041671875 0.33194444375 0.3026041671875 0.34861111093749997 0.3046875 0.3513888890625 0.3122395828125 0.3518518515625
0 0.3255208328125 0.3523148140625 0.33932291718749996 0.3518518515625 0.3416666671875 0.34398148125 0.3401041671875 0.333796296875 0.3372395828125 0.33055555625 0.32109375 0.3296296296875 0.3192708328125 0.3495370375 0.3255208328125 0.3523148140625
0 0.31640625 0.3703703703125 0.32109375 0.3740740734375 0.334375 0.3745370375 0.3388020828125 0.375 0.340625 0.3708333328125 0.340625 0.3578703703125 0.3388020828125 0.353703703125 0.32109375 0.3518518515625 0.3182291671875 0.35601851875 0.31640625 0.3703703703125
0 0.31588541718749996 0.27870370312500004 0.32760416718749996 0.28194444375 0.3359375 0.2791666671875 0.33541666718749996 0.266203703125 0.33359375 0.2629629625 0.3184895828125 0.25648148125 0.3015625 0.258796296875 0.3096354171875 0.26574074062499997 0.31588541718749996 0.27870370312500004
0 0.5640625 0.46805555625000006 0.60703125 0.4620370375 0.6114583328125 0.45324074062499997 0.5997395828125 0.4370370375 0.59296875 0.43333333281249997 0.5565104171875 0.4388888890625 0.5541666671875001 0.446759259375 0.5640625 0.46805555625000006
0 0.53359375 0.4879629625 0.5190104171875001 0.48518518593750004 0.48619791718750005 0.4879629625 0.4838541671875 0.49583333281249997 0.4869791671875 0.5097222218749999 0.49140625 0.509259259375 0.49010416718750005 0.5023148140625 0.49296875 0.5 0.5330729171875 0.5018518515625 0.5359375 0.4995370375 0.5364583328125 0.49490740781250003 0.53359375 0.4879629625
0 0.45598958281249996 0.49629629687500004 0.47760416718750004 0.5004629625 0.4817708328125 0.49768518593750005 0.48255208281249995 0.4879629625 0.46380208281249996 0.4824074078125 0.4361979171875 0.4824074078125 0.43385416718750003 0.48842592656250006 0.43515625 0.497222221875 0.45598958281249996 0.49629629687500004
0 0.4359375 0.46527777812500004 0.4359375 0.47083333281249995 0.43828125 0.47407407343749997 0.47239583281249997 0.4763888890625 0.48515625 0.475 0.48645833281249995 0.46342592656250003 0.4921875 0.446759259375 0.48723958281249996 0.44259259218749997 0.47265625 0.4481481484375 0.45078125 0.4453703703125 0.4359375 0.46527777812500004