0 0.37421875 0.28611111093749997 0.3575520828125 0.290740740625 0.3388020828125 0.3083333328125 0.3283854171875 0.3138888890625 0.3098958328125 0.3523148140625 0.2989583328125 0.366203703125 0.30026041718749996 0.3740740734375 0.30807291718749996 0.3759259265625 0.31796875 0.3879629625 0.3611979171875 0.409259259375 0.38619791718749996 0.41944444374999995 0.3927083328125 0.41898148125 0.3953125 0.415277778125 0.4036458328125 0.3773148140625 0.4057291671875 0.3625 0.40416666718750005 0.35601851875 0.40729166718750004 0.3356481484375 0.4125 0.3421296296875 0.4184895828125 0.365740740625 0.42682291718750004 0.3611111109375 0.4359375 0.3356481484375 0.42682291718750004 0.3166666671875 0.39609375 0.2925925921875 0.37421875 0.28611111093749997
0 0.5309895828125 0.43333333281249997 0.5216145828125 0.44166666718750003 0.515625 0.45694444375 0.5140625 0.4754629625 0.5190104171875001 0.4861111109375 0.5541666671875001 0.4893518515625 0.5674479171875 0.4879629625 0.5799479171875 0.47592592656250005 0.5989583328125 0.471759259375 0.6010416671875001 0.45231481406249996 0.5997395828125 0.39351851875 0.59609375 0.3916666671875 0.5924479171875 0.4018518515625 0.5846354171875 0.40833333281249995 0.56953125 0.4138888890625 0.5606770828125 0.41203703750000004 0.5528645828125 0.4240740734375 0.5309895828125 0.43333333281249997
0 0.41223958281249995 0.240740740625 0.3799479171875 0.23611111093749998 0.36796875 0.2379629625 0.3630208328125 0.24398148125 0.3651041671875 0.26342592656249997 0.36796875 0.2666666671875 0.4203125 0.2773148140625 0.42395833281249995 0.26527777812500003 0.421875 0.2513888890625 0.41223958281249995 0.240740740625
0 0.41953125 0.2416666671875 0.42291666718750004 0.23472222187499997 0.42291666718750004 0.2236111109375 0.40703125 0.2 0.3778645828125 0.1981481484375 0.3658854171875 0.20555555625 0.3619791671875 0.21435185156249997 0.3609375 0.23194444375 0.36380208281250004 0.2388888890625 0.39609375 0.23611111093749998 0.4166666671875 0.24212962968750001 0.41953125 0.2416666671875
0 0.40911458281249996 0.2 0.4145833328125 0.190277778125 0.415625 0.178240740625 0.40390625 0.1611111109375 0.36276041718749996 0.1611111109375 0.35885416718749996 0.166203703125 0.3625 0.1745370375 0.3604166671875 0.196759259375 0.365625 0.20416666718749998 0.38046875 0.197222221875 0.40911458281249996 0.2
0 0.40442708281249995 0.1611111109375 0.40989583281249997 0.14861111093749999 0.40989583281249997 0.134722221875 0.40833333281249995 0.128240740625 0.40442708281249995 0.12407407343750002 0.38046875 0.12222222187500001 0.3565104171875 0.12870370312499999 0.3536458328125 0.1541666671875 0.3572916671875 0.1625 0.37734375 0.15925925937500002 0.40442708281249995 0.1611111109375
0 0.4518229171875 0.32592592656249997 0.43541666718750005 0.34120370312500004 0.4322916671875 0.35601851875 0.43723958281249997 0.3638888890625 0.45234375 0.375 0.4734375 0.3754629625 0.5026041671875 0.3550925921875 0.5020833328125 0.32824074062499997 0.5072916671875001 0.3143518515625 0.50546875 0.309259259375 0.50078125 0.3083333328125 0.47942708281249996 0.31759259218749997 0.47291666718750003 0.346759259375 0.46692708281249995 0.35555555625 0.4640625 0.34861111093749997 0.4682291671875 0.3300925921875 0.46692708281249995 0.321296296875 0.4518229171875 0.32592592656249997
0 0.46979166718750004 0.2699074078125 0.42942708281249997 0.2759259265625 0.42291666718750004 0.28101851875 0.4231770828125 0.29351851875 0.4309895828125 0.3009259265625 0.43567708281249995 0.3101851859375 0.44114583281249997 0.3106481484375 0.46692708281249995 0.30555555624999997 0.46875 0.3013888890625 0.46979166718750004 0.2699074078125
0 0.4700520828125 0.23240740781250002 0.45130208281249995 0.23611111093749998 0.42369791718750005 0.246296296875 0.4223958328125 0.2541666671875 0.42552083281249997 0.266203703125 0.4234375 0.27453703749999997 0.428125 0.27638888906250003 0.4700520828125 0.2666666671875 0.47291666718750003 0.23472222187499997 0.4700520828125 0.23240740781250002
0 0.2744791671875 0.30694444375 0.2703125 0.30046296250000004 0.2708333328125 0.2754629625 0.24921875 0.2740740734375 0.2231770828125 0.28148148125 0.2203125 0.2921296296875 0.221875 0.30694444375 0.2283854171875 0.3166666671875 0.23958333281250002 0.31805555625 0.27265625 0.3111111109375 0.2744791671875 0.30694444375
0 0.221875 0.38935185156249996 0.21979166718749998 0.40046296249999996 0.2205729171875 0.40555555625000006 0.228125 0.4078703703125 0.23463541718749997 0.4 0.23984375 0.4018518515625 0.25442708281250004 0.39351851875 0.27786458281250004 0.3898148140625 0.2765625 0.34861111093749997 0.27265625 0.34629629687499996 0.25859375 0.3490740734375 0.2403645828125 0.3574074078125 0.22734375 0.36851851875 0.225 0.3763888890625 0.2265625 0.384722221875 0.221875 0.38935185156249996
0 0.2466145828125 0.353703703125 0.27578125 0.3453703703125 0.2776041671875 0.34120370312500004 0.2770833328125 0.3143518515625 0.2705729171875 0.3120370375 0.23307291718749998 0.31944444375000003 0.22786458281250002 0.3231481484375 0.221875 0.333796296875 0.2208333328125 0.3513888890625 0.221875 0.36157407343750003 0.228125 0.365277778125 0.2466145828125 0.353703703125
0 0.2669270828125 0.23148148124999998 0.24088541718749998 0.23518518593749999 0.22734375 0.2388888890625 0.221875 0.24398148125 0.221875 0.26342592656249997 0.22786458281250002 0.2759259265625 0.2416666671875 0.2754629625 0.26953125 0.272222221875 0.2682291671875 0.23379629687499998 0.2669270828125 0.23148148124999998
0 0.4440104171875 0.1703703703125 0.43151041718750005 0.1759259265625 0.41588541718750005 0.1879629625 0.4109375 0.20231481406250001 0.4244791671875 0.22175925937500002 0.4440104171875 0.20555555625 0.4596354171875 0.2009259265625 0.4635416671875 0.19583333281249998 0.4440104171875 0.1703703703125