0 0.609375 0.36064814843750004 0.6109375 0.30694444375 0.5807291671875 0.228240740625 0.5731770828125 0.21944444375 0.55078125 0.2203703703125 0.54375 0.2273148140625 0.5411458328125 0.2541666671875 0.5380208328125 0.26527777812500003 0.5333333328125 0.34398148125 0.5255208328125 0.39953703749999997 0.490625 0.48842592656250006 0.4927083328125 0.4986111109375 0.49765625 0.5046296296875 0.5190104171875001 0.503703703125 0.5291666671875 0.5115740734374999 0.5307291671875001 0.5273148140624999 0.5291666671875 0.5513888890625 0.5239583328124999 0.565277778125 0.5270833328125 0.5773148140625 0.5333333328125 0.5856481484375 0.5411458328125 0.6041666671875 0.5484375 0.609722221875 0.5567708328125 0.603240740625 0.5630208328124999 0.5791666671875 0.5671875 0.546759259375 0.5744791671875 0.5300925921874999 0.5932291671875001 0.4606481484375 0.6067708328125 0.38935185156249996 0.609375 0.36064814843750004
0 0.6828125 0.516203703125 0.6674479171875001 0.49629629687500004 0.63515625 0.46666666718750005 0.6158854171875 0.4611111109375 0.5940104171875 0.4620370375 0.5776041671875001 0.51805555625 0.5770833328125 0.5300925921874999 0.60703125 0.5648148140625 0.6302083328125 0.5856481484375 0.63515625 0.5861111109375 0.6364583328125 0.5828703703125 0.6375 0.5495370375 0.6424479171875 0.5361111109375 0.6611979171875 0.522222221875 0.6799479171875 0.51944444375 0.6828125 0.516203703125
0 0.8065104171874999 0.5888888890625 0.7919270828125 0.5722222218749999 0.74609375 0.5388888890625 0.71015625 0.5175925921875 0.68671875 0.5175925921875 0.6549479171875 0.5259259265625 0.64609375 0.5324074078125001 0.6395833328125 0.54305555625 0.6369791671875 0.5643518515625 0.6372395828124999 0.5879629625 0.7369791671875 0.6773148140624999 0.7638020828125 0.66944444375 0.79140625 0.6537037031249999 0.8161458328125001 0.6199074078125 0.81875 0.6134259265625001 0.8182291671874999 0.5958333328125 0.81484375 0.590740740625 0.8065104171874999 0.5888888890625
0 0.7955729171875 0.6490740734375 0.78359375 0.6611111109375 0.7518229171875 0.675 0.7372395828125 0.6777777781250001 0.64296875 0.5944444437499999 0.6338541671875 0.5930555562500001 0.6302083328125 0.628240740625 0.6528645828124999 0.6611111109375 0.6919270828124999 0.6916666671875 0.7278645828125 0.7333333328125 0.7401041671875 0.734722221875 0.8075520828125 0.73055555625 0.8114583328125 0.7245370375 0.8140625 0.7041666671875 0.8197916671875 0.6893518515625 0.821875 0.6763888890625 0.8127604171874999 0.6629629625 0.7955729171875 0.6490740734375
0 0.56640625 0.6120370375 0.5630208328124999 0.6152777781250001 0.559375 0.6393518515625 0.56015625 0.6546296296875 0.57734375 0.6601851859375001 0.603125 0.6800925921875 0.61796875 0.671296296875 0.65078125 0.66944444375 0.6520833328125 0.6634259265625 0.6283854171875001 0.6296296296875 0.61015625 0.6166666671875001 0.57890625 0.6111111109375 0.56640625 0.6120370375
0 0.5799479171875 0.6629629625 0.56484375 0.6564814812499999 0.5299479171875 0.652777778125 0.5018229171875 0.6555555562500001 0.4934895828125 0.6601851859375001 0.4895833328125 0.68101851875 0.4890625 0.7106481484375 0.490625 0.7180555562500001 0.52578125 0.76944444375 0.5552083328124999 0.8291666671875 0.5619791671875001 0.8375 0.5893229171875001 0.8351851859374999 0.6549479171875 0.821296296875 0.6583333328125 0.816203703125 0.6625 0.7634259265625001 0.6565104171875 0.7490740734375 0.60390625 0.6824074078125 0.5799479171875 0.6629629625
0 0.7752604171875 0.7361111109375 0.7278645828125 0.734259259375 0.6877604171875 0.6898148140625 0.6627604171875 0.671296296875 0.62890625 0.66944444375 0.6153645828125 0.672222221875 0.6106770828125 0.6768518515624999 0.6078125 0.683796296875 0.61171875 0.6916666671875 0.64765625 0.7361111109375 0.6625 0.758796296875 0.6651041671875 0.766203703125 0.6609375 0.8013888890624999 0.6630208328125 0.8078703703125001 0.79296875 0.7870370375 0.8041666671875 0.7763888890625 0.8114583328125 0.753240740625 0.8114583328125 0.746759259375 0.8059895828125001 0.7333333328125 0.8033854171874999 0.7324074078125 0.7752604171875 0.7361111109375
0 0.78515625 0.7879629625 0.7731770828125 0.7925925921875 0.6669270828125 0.8101851859375 0.659375 0.81898148125 0.6552083328125 0.83101851875 0.6536458328125 0.866203703125 0.6549479171875 0.872222221875 0.6583333328125 0.8745370375 0.7153645828124999 0.8574074078124999 0.7830729171875 0.8481481484375 0.7921875 0.840277778125 0.7989583328125 0.803240740625 0.7984375 0.7958333328125 0.79296875 0.7879629625 0.78515625 0.7879629625
0 0.49401041718750005 0.7240740734375 0.4908854171875 0.725 0.4875 0.7550925921875 0.4890625 0.7800925921874999 0.5192708328125 0.833796296875 0.5450520828125 0.8888888890625 0.55234375 0.897222221875 0.55625 0.8976851859374999 0.6471354171875 0.88148148125 0.6510416671875 0.8763888890624999 0.6536458328125 0.8291666671875 0.6486979171875 0.825 0.56015625 0.8388888890624999 0.5294270828125 0.777777778125 0.49401041718750005 0.7240740734375
0 0.5690104171875 0.8990740734375 0.55078125 0.897222221875 0.49401041718750005 0.7925925921875 0.48984375 0.7888888890625 0.4830729171875 0.7925925921875 0.48229166718750005 0.8236111109375001 0.4859375 0.8486111109375001 0.490625 0.8550925921875001 0.4984375 0.8763888890624999 0.5171875 0.9069444437499999 0.5307291671875001 0.940277778125 0.5377604171875 0.952777778125 0.5458333328125 0.9578703703125001 0.5705729171875 0.9574074078124999 0.63828125 0.9472222218749999 0.6401041671875001 0.94305555625 0.64375 0.8884259265625 0.6419270828125 0.8851851859375 0.6361979171875001 0.8851851859375 0.5690104171875 0.8990740734375
0 0.6447916671875 0.903240740625 0.6442708328125 0.928240740625 0.6494791671875 0.9365740734375001 0.7815104171875 0.9064814812499999 0.7932291671875 0.8625 0.7921875 0.8476851859375 0.7138020828125 0.859259259375 0.6544270828125 0.8796296296874999 0.646875 0.8884259265625 0.6447916671875 0.903240740625
0 0.75078125 0.1416666671875 0.7606770828125 0.140740740625 0.7802083328125 0.1523148140625 0.7890625 0.1504629625 0.7911458328125 0.128240740625 0.78828125 0.1231481484375 0.7580729171875 0.1148148140625 0.7510416671875 0.1199074078125 0.7489583328125 0.13194444375 0.75078125 0.1416666671875
0 0.7473958328125 0.165277778125 0.7486979171875 0.175 0.7817708328124999 0.18657407343750002 0.7890625 0.18379629687500001 0.7932291671875 0.1606481484375 0.79140625 0.1574074078125 0.7611979171875001 0.1416666671875 0.7549479171875 0.1425925921875 0.75 0.1523148140625 0.7473958328125 0.165277778125
0 0.790625 0.1421296296875 0.7924479171875001 0.15277777812499999 0.81875 0.15879629687500002 0.83046875 0.15925925937500002 0.8333333328125001 0.1550925921875 0.8348958328125 0.1375 0.83359375 0.1268518515625 0.7981770828125 0.1231481484375 0.7932291671875 0.1273148140625 0.790625 0.1421296296875
0 0.7934895828124999 0.178703703125 0.8229166671874999 0.18842592656249998 0.82890625 0.1888888890625 0.83125 0.1856481484375 0.8309895828125 0.1601851859375 0.8002604171875 0.15648148125 0.79375 0.1643518515625 0.7916666671875 0.17268518593749999 0.7934895828124999 0.178703703125
0 0.70390625 0.1666666671875 0.72109375 0.16851851874999998 0.7401041671875 0.178240740625 0.7458333328125 0.17546296249999999 0.7473958328125 0.1523148140625 0.7450520828125 0.1481481484375 0.70703125 0.1425925921875 0.7036458328124999 0.1449074078125 0.7020833328125 0.16157407343750002 0.70390625 0.1666666671875
0 0.7033854171875 0.13981481406250001 0.73125 0.1458333328125 0.7450520828125 0.1453703703125 0.7484375 0.140277778125 0.74765625 0.1120370375 0.70859375 0.1101851859375 0.7041666671875 0.115277778125 0.7020833328125 0.1263888890625 0.7033854171875 0.13981481406250001