0 0.18307291718750002 0.10555555624999999 0.20598958281250002 0.1101851859375 0.2609375 0.1356481484375 0.26328125 0.1351851859375 0.2671875 0.1254629625 0.271875 0.0986111109375 0.2713541671875 0.09120370312500001 0.2638020828125 0.08148148125 0.21328125 0.0379629625 0.19192708281249998 0.0240740734375 0.1658854171875 0.015740740625 0.1424479171875 0.0018518515625 0.07552083281250001 0.0004629625 0.08072916718749999 0.06527777812499999 0.08984375 0.0759259265625 0.1393229171875 0.10370370312499999 0.18307291718750002 0.10555555624999999
0 0.21015625 0.1833333328125 0.23984375 0.19537037031249999 0.25078125 0.2046296296875 0.25625 0.20416666718749998 0.2614583328125 0.2004629625 0.265625 0.16157407343750002 0.2645833328125 0.1476851859375 0.2565104171875 0.13333333281249998 0.22369791718749998 0.1175925921875 0.19140625 0.10833333281249999 0.1346354171875 0.10370370312499999 0.0822916671875 0.0736111109375 0.08645833281250001 0.1384259265625 0.08854166718749999 0.1504629625 0.09296875 0.15555555625 0.1325520828125 0.1759259265625 0.17109375 0.1759259265625 0.21015625 0.1833333328125
0 0.21588541718749998 0.25555555625 0.2494791671875 0.26805555625 0.2520833328125 0.26435185156249996 0.2619791671875 0.216203703125 0.24348958281250002 0.1990740734375 0.2169270828125 0.1870370375 0.1783854171875 0.177777778125 0.13046875 0.1768518515625 0.0901041671875 0.15694444375 0.09114583281250001 0.1949074078125 0.0953125 0.22916666718749998 0.09765625 0.23518518593749999 0.10442708281249999 0.240740740625 0.12942708281249998 0.253703703125 0.16953125 0.24907407343750002 0.21588541718749998 0.25555555625
0 0.2567708328125 0.3273148140625 0.2609375 0.2856481484375 0.2513020828125 0.271296296875 0.21796875 0.25740740781250004 0.1809895828125 0.2518518515625 0.1252604171875 0.253703703125 0.0986979171875 0.23611111093749998 0.096875 0.2384259265625 0.09635416718749999 0.253240740625 0.1010416671875 0.30046296250000004 0.10442708281249999 0.30648148124999997 0.14296875 0.31944444375000003 0.2515625 0.3328703703125 0.2567708328125 0.3273148140625
0 0.32369791718749996 0.33888888906250003 0.3546875 0.34305555625 0.36171875 0.3425925921875 0.3640625 0.3328703703125 0.3661458328125 0.30601851875 0.3611979171875 0.3 0.3346354171875 0.290740740625 0.30026041718749996 0.2851851859375 0.27786458281250004 0.2759259265625 0.2643229171875 0.2731481484375 0.259375 0.2754629625 0.2614583328125 0.290277778125 0.25729166718749996 0.31990740781250004 0.25859375 0.328703703125 0.29609375 0.3398148140625 0.32369791718749996 0.33888888906250003
0 0.36770833281250004 0.29305555625 0.3713541671875 0.271759259375 0.3723958328125 0.2513888890625 0.3690104171875 0.246296296875 0.31015625 0.2175925921875 0.2643229171875 0.20648148125 0.2546875 0.20972222187499998 0.2614583328125 0.2171296296875 0.2619791671875 0.22453703749999998 0.2515625 0.26435185156249996 0.25338541718749996 0.26851851875 0.30130208281250004 0.284259259375 0.3635416671875 0.2976851859375 0.36770833281250004 0.29305555625
0 0.38229166718749996 0.2078703703125 0.37734375 0.1981481484375 0.3486979171875 0.1759259265625 0.3065104171875 0.15370370312499998 0.26614583281250004 0.1476851859375 0.2627604171875 0.2046296296875 0.30703125 0.21574074062499998 0.36953125 0.24722222187499998 0.37552083281250004 0.246759259375 0.3807291671875 0.240277778125 0.3828125 0.22175925937500002 0.38229166718749996 0.2078703703125
0 0.41588541718750005 0.22685185156249998 0.4328125 0.2328703703125 0.4369791671875 0.23009259218749997 0.4401041671875 0.216203703125 0.4401041671875 0.1921296296875 0.42473958281249996 0.1675925921875 0.40703125 0.15 0.36276041718749996 0.13055555624999998 0.3111979171875 0.1268518515625 0.3057291671875 0.13194444375 0.30416666718749996 0.14861111093749999 0.3059895828125 0.15370370312499998 0.3455729171875 0.17314814843749998 0.3846354171875 0.2046296296875 0.3966145828125 0.20833333281250002 0.41588541718750005 0.22685185156249998
0 0.3786458328125 0.2615740734375 0.37552083281250004 0.2995370375 0.3778645828125 0.3046296296875 0.42369791718750005 0.33148148125 0.4388020828125 0.32777777812500003 0.46640625 0.3018518515625 0.47109375 0.29351851875 0.48255208281249995 0.284259259375 0.4877604171875 0.284259259375 0.48854166718750003 0.29305555625 0.49296875 0.3009259265625 0.4986979171875 0.3018518515625 0.5015625 0.30601851875 0.5020833328125 0.3291666671875 0.49895833281249996 0.3356481484375 0.49817708281249995 0.34444444375 0.49401041718750005 0.34351851875 0.49036458281249995 0.3481481484375 0.48411458281249997 0.34351851875 0.4799479171875 0.334259259375 0.46953125 0.34444444375 0.46770833281249996 0.35601851875 0.46875 0.3643518515625 0.47109375 0.36944444375 0.4791666671875 0.36990740781250003 0.49401041718750005 0.3583333328125 0.5200520828124999 0.352777778125 0.5294270828125 0.34629629687499996 0.5328125 0.3356481484375 0.534375 0.31990740781250004 0.528125 0.29305555625 0.5328125 0.2856481484375 0.49505208281249996 0.2509259265625 0.48046875 0.240740740625 0.46588541718750004 0.23611111093749998 0.43828125 0.2379629625 0.39453125 0.2509259265625 0.3825520828125 0.25648148125 0.3786458328125 0.2615740734375
0 1 0.4365740734375 0.9981770828125001 0.43333333281249997 0.9908854171874999 0.43148148124999997 0.9752604171874999 0.4129629625 0.9528645828125001 0.40277777812500004 0.9138020828125001 0.40092592656250003 0.9015625 0.41157407343749997 0.8994791671875 0.44490740781250004 0.9153645828125001 0.4824074078125 0.95078125 0.490740740625 0.9822916671874999 0.4921296296875 0.98984375 0.4888888890625 0.9963541671874999 0.4773148140625 1 0.45416666718750004 1 0.4365740734375
0 0.9528645828125001 0.540740740625 0.9770833328125 0.5486111109375 0.9833333328125 0.540277778125 0.9901041671874999 0.5171296296875 0.9916666671875 0.5023148140625 0.9888020828125 0.49259259218749996 0.95234375 0.4916666671875 0.9200520828125001 0.48518518593750004 0.9143229171874999 0.48148148125 0.90703125 0.46481481406249997 0.8981770828125001 0.46666666718750005 0.8932291671874999 0.4763888890625 0.8890625 0.5041666671875 0.89609375 0.5138888890625 0.90546875 0.5148148140625 0.9528645828125001 0.540740740625
0 0.9822916671874999 0.5958333328125 0.9848958328125 0.58194444375 0.9869791671874999 0.5504629624999999 0.9846354171874999 0.54351851875 0.97734375 0.55 0.97265625 0.55 0.90703125 0.515740740625 0.90078125 0.515740740625 0.89375 0.5263888890625 0.890625 0.5541666671875001 0.9002604171874999 0.5703703703125 0.9497395828125 0.5953703703125 0.9770833328125 0.6041666671875 0.9822916671874999 0.5958333328125
0 0.9802083328125001 0.61898148125 0.97890625 0.6074074078125 0.91015625 0.578703703125 0.8901041671875 0.5615740734375 0.8822916671875 0.6041666671875 0.8807291671874999 0.6291666671875 0.8830729171874999 0.6416666671875 0.9502604171875 0.66851851875 0.9708333328125001 0.6726851859375 0.9729166671874999 0.671759259375 0.9770833328125 0.6504629625 0.9802083328125001 0.61898148125
0 0.87890625 0.6351851859375001 0.8744791671875 0.640277778125 0.8729166671874999 0.6726851859375 0.8747395828125001 0.6777777781250001 0.9614583328125 0.7226851859375001 0.9651041671874999 0.7199074078125001 0.96875 0.70694444375 0.97109375 0.6759259265625001 0.88515625 0.64444444375 0.87890625 0.6351851859375001
0 0.9580729171875 0.7231481484375 0.87890625 0.678703703125 0.8723958328125001 0.6800925921875 0.871875 0.70694444375 0.8736979171874999 0.7111111109375 0.9486979171875 0.7601851859375001 0.9583333328125001 0.7615740734374999 0.9614583328125 0.7578703703125 0.9651041671874999 0.74398148125 0.96484375 0.7231481484375 0.9580729171875 0.7231481484375
0 0.9614583328125 0.7773148140624999 0.9611979171874999 0.7638888890625 0.9518229171874999 0.7620370375000001 0.8752604171874999 0.7129629625 0.87109375 0.7129629625 0.8682291671875 0.7199074078125001 0.8645833328125001 0.7430555562500001 0.8658854171874999 0.7620370375000001 0.9049479171874999 0.7805555562500001 0.9455729171874999 0.80648148125 0.9520833328125 0.80694444375 0.9583333328125001 0.7958333328125 0.9614583328125 0.7773148140624999
0 0.9416666671874999 0.8449074078125 0.94453125 0.8398148140625 0.94921875 0.8425925921875 0.9536458328125 0.834722221875 0.95625 0.8171296296874999 0.95390625 0.8101851859375 0.8669270828125001 0.7620370375000001 0.8627604171875 0.7638888890625 0.8583333328125 0.7754629625 0.8567708328125001 0.7986111109375 0.8596354171874999 0.809259259375 0.9091145828125 0.8333333328125001 0.9252604171875 0.8379629625 0.9341145828125 0.8453703703125001 0.9416666671874999 0.8449074078125
0 1 0.396759259375 0.9997395828125001 0.3324074078125 0.9674479171874999 0.3398148140625 0.9518229171874999 0.3481481484375 0.9315104171874999 0.3768518515625 0.9234375 0.3976851859375 0.965625 0.40416666718750005 0.98359375 0.3925925921875 0.9919270828125001 0.3925925921875 0.99609375 0.3981481484375 1 0.396759259375