0 0.9083333328125001 0.553240740625 0.9075520828125001 0.5305555562500001 0.8950520828125 0.540740740625 0.8674479171874999 0.54351851875 0.8268229171874999 0.5398148140625 0.8153645828125 0.527777778125 0.8135416671875 0.5310185187500001 0.8135416671875 0.5458333328125 0.8182291671874999 0.566203703125 0.8203125 0.5884259265625 0.8208333328125 0.733796296875 0.8197916671875 0.7625 0.8177083328125001 0.76805555625 0.8213541671875 0.7726851859375 0.9033854171875 0.772222221875 0.9078125 0.76805555625 0.9057291671875 0.7643518515625 0.9041666671874999 0.7430555562500001 0.9026041671874999 0.6347222218749999 0.9036458328125001 0.5791666671875 0.9083333328125001 0.553240740625
0 0.75390625 0.5574074078125 0.7450520828125 0.547222221875 0.7427083328124999 0.5495370375 0.7432291671875 0.56898148125 0.746875 0.5800925921875 0.7484375 0.5986111109375 0.7479166671875 0.7402777781250001 0.7453125 0.7597222218749999 0.7479166671875 0.7606481484375001 0.8174479171875 0.7601851859375001 0.8197916671875 0.7569444437499999 0.8203125 0.603240740625 0.8192708328125 0.5754629625 0.8153645828125 0.5583333328125 0.7690104171875001 0.5601851859375 0.75390625 0.5574074078125
0 0.68984375 0.5611111109375 0.6875 0.5634259265625 0.6875 0.5800925921875 0.6916666671875 0.6004629625 0.6916666671875 0.7050925921875 0.6885416671875 0.746759259375 0.6911458328125 0.7504629625 0.7450520828125 0.7509259265625 0.746875 0.7476851859375 0.7484375 0.6273148140625 0.7479166671875 0.5921296296875 0.74453125 0.5731481484375001 0.69921875 0.571296296875 0.68984375 0.5611111109375
0 0.4067708328125 0.2791666671875 0.4018229171875 0.2759259265625 0.3984375 0.2791666671875 0.39609375 0.2925925921875 0.3919270828125 0.2925925921875 0.38619791718749996 0.29907407343750003 0.37552083281250004 0.3226851859375 0.3640625 0.408796296875 0.3583333328125 0.41898148125 0.3578125 0.4254629625 0.36640625 0.4296296296875 0.41822916718750003 0.4356481484375 0.4265625 0.43379629687500004 0.421875 0.42268518593750004 0.4244791671875 0.3773148140625 0.4234375 0.3273148140625 0.41692708281249996 0.3101851859375 0.40625 0.2995370375 0.4067708328125 0.2791666671875
0 0.42682291718750004 0.1703703703125 0.4184895828125 0.17314814843749998 0.4140625 0.1800925921875 0.40729166718750004 0.20694444375 0.40260416718750003 0.2171296296875 0.40442708281249995 0.22407407343750002 0.41875 0.2356481484375 0.45026041718750004 0.234259259375 0.475 0.203240740625 0.46067708281249997 0.1916666671875 0.45286458281249997 0.1740740734375 0.44765625 0.16851851874999998 0.43046875 0.1648148140625 0.42682291718750004 0.1703703703125
0 0.41119791718750004 0.23148148124999998 0.40729166718750004 0.241203703125 0.4057291671875 0.25509259218749997 0.4010416671875 0.26527777812500003 0.41510416718750004 0.278240740625 0.45390625 0.275 0.4674479171875 0.2611111109375 0.471875 0.2513888890625 0.46796875 0.25 0.45494791718750005 0.23333333281250002 0.41796875 0.23518518593749999 0.41119791718750004 0.23148148124999998
0 0.4184895828125 0.27870370312500004 0.40833333281249995 0.2921296296875 0.40729166718750004 0.30046296250000004 0.41796875 0.3101851859375 0.4244791671875 0.3254629625 0.45911458281249995 0.3240740734375 0.4700520828125 0.30555555624999997 0.47421875 0.302777778125 0.47447916718750005 0.2986111109375 0.46796875 0.2870370375 0.45598958281249996 0.2759259265625 0.4184895828125 0.27870370312500004
0 0.42552083281249997 0.3754629625 0.4565104171875 0.375 0.47239583281249997 0.34861111093749997 0.46692708281249995 0.34351851875 0.45703125 0.325 0.4252604171875 0.32592592656249997 0.42395833281249995 0.358796296875 0.42552083281249997 0.3754629625
0 0.42291666718750004 0.42268518593750004 0.4575520828125 0.42222222187499997 0.47447916718750005 0.403240740625 0.4625 0.3865740734375 0.45859375 0.375 0.4263020828125 0.3759259265625 0.421875 0.40972222187499996 0.42291666718750004 0.42268518593750004
0 0.9651041671874999 0.2273148140625 0.96484375 0.17962962968750001 0.9455729171874999 0.178703703125 0.93359375 0.1851851859375 0.9174479171875 0.178703703125 0.88515625 0.177777778125 0.8515625 0.18194444375000002 0.8520833328125 0.2199074078125 0.8625 0.2523148140625 0.8651041671874999 0.2791666671875 0.8645833328125001 0.40231481406249997 0.8627604171875 0.40833333281249995 0.8580729171874999 0.40833333281249995 0.8541666671874999 0.41342592656250005 0.85859375 0.41944444374999995 0.871875 0.42453703750000005 0.9424479171875 0.425 0.9697916671875 0.41805555625 0.9567708328125001 0.39953703749999997 0.9572916671874999 0.3291666671875 0.9520833328125 0.2856481484375 0.9520833328125 0.2773148140625 0.9651041671874999 0.2273148140625
0 0.5427083328125 0.6180555562500001 0.54375 0.60694444375 0.5369791671875 0.583796296875 0.5299479171875 0.571296296875 0.5091145828125 0.5518518515624999 0.5067708328125 0.5337962968750001 0.5033854171875001 0.5259259265625 0.49244791718750003 0.5240740734375 0.48359375 0.5305555562500001 0.46692708281249995 0.553703703125 0.4466145828125 0.5694444437499999 0.41692708281249996 0.603703703125 0.40416666718750005 0.6273148140625 0.39791666718749996 0.6560185187500001 0.3984375 0.6699074078125 0.41640625 0.6824074078125 0.434375 0.7134259265625 0.44296875 0.709259259375 0.4888020828125 0.6518518515625 0.51484375 0.627777778125 0.5190104171875001 0.6268518515625 0.53046875 0.6361111109375 0.53671875 0.63148148125 0.5427083328125 0.6180555562500001
0 0.64921875 0.33148148125 0.6458333328125 0.34861111093749997 0.6697916671875 0.3745370375 0.6861979171875 0.3703703703125 0.6934895828125 0.3611111109375 0.6981770828125 0.3648148140625 0.7122395828125 0.35925925937500003 0.7145833328125 0.3476851859375 0.6856770828125 0.32685185156249996 0.64921875 0.33148148125
0 0.6252604171875 0.290740740625 0.6458333328125 0.3023148140625 0.68046875 0.29814814843750004 0.6822916671875 0.290277778125 0.6721354171875 0.2796296296875 0.66015625 0.2759259265625 0.6252604171875 0.275 0.6208333328125 0.2791666671875 0.6252604171875 0.290740740625
0 0.6817708328125 0.2865740734375 0.6846354171875 0.29814814843750004 0.7145833328125 0.30601851875 0.74921875 0.30648148124999997 0.7505208328124999 0.29675925937500003 0.7481770828125 0.2888888890625 0.7403645828125 0.284259259375 0.7091145828125 0.2759259265625 0.68515625 0.2796296296875 0.6817708328125 0.2865740734375
0 0.7145833328125 0.321759259375 0.7169270828125 0.325 0.72734375 0.32685185156249996 0.74296875 0.3379629625 0.7723958328125 0.34027777812500004 0.7776041671875 0.3393518515625 0.7786458328125 0.321759259375 0.7658854171875 0.3129629625 0.7372395828125 0.3046296296875 0.7174479171875 0.30555555624999997 0.7140625 0.309722221875 0.7145833328125 0.321759259375
0 0.7015625 0.334722221875 0.7122395828125 0.340740740625 0.715625 0.35972222187499997 0.71875 0.36157407343750003 0.77578125 0.3620370375 0.7770833328125 0.3458333328125 0.77578125 0.340740740625 0.7450520828125 0.33888888906250003 0.7236979171875 0.32685185156249996 0.70390625 0.32777777812500003 0.7015625 0.334722221875
0 0.66640625 0.2370370375 0.66484375 0.23240740781250002 0.65859375 0.2296296296875 0.6346354171875 0.2296296296875 0.6213541671875 0.241203703125 0.6203125 0.24583333281250003 0.6223958328125 0.253240740625 0.6653645828125 0.2518518515625 0.66640625 0.2379629625 0.6684895828124999 0.25 0.6778645828125 0.2518518515625 0.6802083328124999 0.2375 0.6705729171875 0.23240740781250002 0.66640625 0.2370370375
0 0.6544270828125 0.3583333328125 0.6526041671875 0.3625 0.6541666671875 0.3773148140625 0.6713541671875001 0.3976851859375 0.73359375 0.38333333281250004 0.7364583328125 0.38009259218749997 0.7369791671875 0.366203703125 0.73359375 0.3620370375 0.71328125 0.3601851859375 0.6700520828125 0.3768518515625 0.6544270828125 0.3583333328125
0 0.7130208328125 0.2523148140625 0.7111979171875 0.2388888890625 0.7013020828125 0.23518518593749999 0.6890625 0.2375 0.68984375 0.2546296296875 0.7078125 0.25694444375000003 0.7130208328125 0.2523148140625
0 0.6596354171875001 0.3620370375 0.65390625 0.35925925937500003 0.6546875 0.378240740625 0.6729166671875 0.3976851859375 0.73515625 0.38333333281250004 0.7364583328125 0.366203703125 0.7309895828124999 0.3611111109375 0.7127604171875 0.3601851859375 0.7044270828125 0.365740740625 0.6700520828125 0.3759259265625 0.6596354171875001 0.3620370375
0 0.0364583328125 0.2356481484375 0.0354166671875 0.2578703703125 0.0393229171875 0.2675925921875 0.0578125 0.2726851859375 0.15963541718750002 0.2675925921875 0.165625 0.2615740734375 0.1666666671875 0.24953703749999998 0.1627604171875 0.23240740781250002 0.1393229171875 0.22407407343750002 0.050260417187499996 0.22777777812500002 0.0364583328125 0.2356481484375
0 0.0450520828125 0.2731481484375 0.0421875 0.27638888906250003 0.040625 0.3013888890625 0.04296875 0.3111111109375 0.05078125 0.3148148140625 0.078125 0.316203703125 0.15703125 0.3129629625 0.1692708328125 0.303240740625 0.1692708328125 0.278240740625 0.1669270828125 0.2731481484375 0.15078125 0.2675925921875 0.09817708281250001 0.2731481484375 0.0450520828125 0.2731481484375
0 0.1388020828125 0.3166666671875 0.0466145828125 0.3148148140625 0.0395833328125 0.31990740781250004 0.0395833328125 0.3449074078125 0.04453125 0.3518518515625 0.06692708281250001 0.3601851859375 0.0927083328125 0.3625 0.1299479171875 0.3620370375 0.16171875 0.3509259265625 0.1682291671875 0.34398148125 0.1677083328125 0.31990740781250004 0.1627604171875 0.3148148140625 0.1533854171875 0.3138888890625 0.1388020828125 0.3166666671875
0 0.1346354171875 0.3620370375 0.11328125 0.3638888890625 0.0705729171875 0.3611111109375 0.05078125 0.35555555625 0.0411458328125 0.3634259265625 0.0395833328125 0.391203703125 0.0424479171875 0.397222221875 0.1317708328125 0.408796296875 0.14453125 0.4046296296875 0.16640625 0.38703703749999996 0.1682291671875 0.3828703703125 0.1682291671875 0.3625 0.1661458328125 0.3541666671875 0.1575520828125 0.352777778125 0.1346354171875 0.3620370375
0 0.2153645828125 0.38148148125 0.19453125 0.403703703125 0.1921875 0.41157407343749997 0.1927083328125 0.4254629625 0.1955729171875 0.4296296296875 0.2776041671875 0.4513888890625 0.28359375 0.4509259265625 0.2864583328125 0.44120370312499996 0.2859375 0.40231481406249997 0.2809895828125 0.396296296875 0.2388020828125 0.38703703749999996 0.21953125 0.38703703749999996 0.2153645828125 0.38148148125
0 0.2114583328125 0.3421296296875 0.21484375 0.34722222187499996 0.2513020828125 0.3574074078125 0.275 0.358796296875 0.2859375 0.35694444375 0.28515625 0.328703703125 0.24192708281250003 0.32685185156249996 0.21848958281250003 0.3203703703125 0.21328125 0.3203703703125 0.21197916718749998 0.32453703749999996 0.2114583328125 0.3421296296875
0 0.21640625 0.3203703703125 0.2526041671875 0.3273148140625 0.28463541718749996 0.32685185156249996 0.2864583328125 0.3226851859375 0.2859375 0.30046296250000004 0.2153645828125 0.29351851875 0.2130208328125 0.2995370375 0.2130208328125 0.315277778125 0.21640625 0.3203703703125
0 0.2169270828125 0.29444444375 0.275 0.2976851859375 0.2859375 0.29675925937500003 0.28567708281250004 0.2675925921875 0.2231770828125 0.2638888890625 0.21640625 0.26851851875 0.21354166718749998 0.278240740625 0.2130208328125 0.2875 0.2169270828125 0.29444444375
0 0.21953125 0.2629629625 0.2510416671875 0.26527777812500003 0.28463541718749996 0.2648148140625 0.2864583328125 0.258796296875 0.2859375 0.2365740734375 0.22109375 0.23333333281250002 0.2140625 0.2393518515625 0.2140625 0.25601851875000003 0.21953125 0.2629629625
0 0.2125 0.22916666718749998 0.2130208328125 0.20972222187499998 0.1966145828125 0.197222221875 0.19296875 0.1981481484375 0.1921875 0.2273148140625 0.2010416671875 0.23194444375 0.2125 0.22916666718749998
0 0.18828125 0.23333333281250002 0.17630208281249998 0.22777777812500002 0.16640625 0.2296296296875 0.1661458328125 0.2625 0.1760416671875 0.2671296296875 0.20598958281250002 0.26203703749999996 0.2114583328125 0.2578703703125 0.2114583328125 0.24583333281250003 0.2065104171875 0.23518518593749999 0.20234375 0.23240740781250002 0.1940104171875 0.23055555625 0.18828125 0.23333333281250002
0 0.1942708328125 0.32453703749999996 0.20807291718749998 0.3231481484375 0.2109375 0.315277778125 0.2104166671875 0.2986111109375 0.20286458281250003 0.29444444375 0.19296875 0.3 0.1921875 0.3226851859375 0.1942708328125 0.32453703749999996
0 0.18125 0.26805555625 0.19375 0.2615740734375 0.1921875 0.23472222187499997 0.17265625 0.22685185156249998 0.16484375 0.2296296296875 0.165625 0.2625 0.1619791671875 0.26527777812500003 0.18125 0.26805555625
0 0.1619791671875 0.3143518515625 0.1677083328125 0.32083333281250004 0.1682291671875 0.3476851859375 0.17265625 0.3481481484375 0.1861979171875 0.3379629625 0.1911458328125 0.3291666671875 0.19088541718750002 0.303703703125 0.17630208281249998 0.303703703125 0.1690104171875 0.30648148124999997 0.1619791671875 0.3143518515625
0 0.1682291671875 0.3828703703125 0.1861979171875 0.372222221875 0.1895833328125 0.3671296296875 0.1916666671875 0.3550925921875 0.1877604171875 0.3398148140625 0.18359375 0.3398148140625 0.1666666671875 0.353240740625 0.1682291671875 0.3828703703125
0 0.165625 0.4328703703125 0.16875 0.4384259265625 0.16875 0.4495370375 0.171875 0.45416666718750004 0.1890625 0.4328703703125 0.1921875 0.42268518593750004 0.18984375 0.40648148125 0.18411458281249998 0.40555555625000006 0.1705729171875 0.41851851875 0.1666666671875 0.4263888890625 0.165625 0.4328703703125
0 0.1697916671875 0.184722221875 0.1864583328125 0.19583333281249998 0.19192708281249998 0.196296296875 0.1932291671875 0.19305555624999998 0.1921875 0.1699074078125 0.1721354171875 0.1490740734375 0.16484375 0.15277777812499999 0.1708333328125 0.1634259265625 0.1697916671875 0.184722221875