0 0.49765625 0.18055555625 0.47890625 0.1888888890625 0.45807291718750004 0.20833333281250002 0.44375 0.24953703749999998 0.4427083328125 0.26342592656249997 0.44427083281249996 0.26898148125 0.4486979171875 0.2768518515625 0.4583333328125 0.28194444375 0.4934895828125 0.2546296296875 0.5424479171875001 0.24907407343750002 0.5578125 0.2236111109375 0.559375 0.21064814843750002 0.5481770828125 0.1925925921875 0.5263020828125 0.18055555625 0.49765625 0.18055555625
0 0.44375 0.24490740781250003 0.44895833281249997 0.2328703703125 0.453125 0.21435185156249997 0.4440104171875 0.2018518515625 0.41640625 0.190740740625 0.3934895828125 0.1925925921875 0.3690104171875 0.2046296296875 0.36015625 0.2138888890625 0.3494791671875 0.23194444375 0.3348958328125 0.2736111109375 0.3338541671875 0.2800925921875 0.3361979171875 0.28611111093749997 0.3458333328125 0.2921296296875 0.35234375 0.2925925921875 0.3815104171875 0.271296296875 0.39609375 0.2648148140625 0.4184895828125 0.26574074062499997 0.43151041718750005 0.2740740734375 0.44036458281249996 0.272222221875 0.44375 0.24490740781250003
0 0.44244791718750004 0.2796296296875 0.4388020828125 0.2740740734375 0.42786458281249995 0.2731481484375 0.42005208281249995 0.2666666671875 0.39609375 0.2648148140625 0.38828125 0.2675925921875 0.3580729171875 0.28796296250000003 0.3489583328125 0.2976851859375 0.33645833281250004 0.34120370312500004 0.3369791671875 0.358796296875 0.3919270828125 0.33055555625 0.4153645828125 0.3296296296875 0.43828125 0.334259259375 0.45104166718750005 0.308796296875 0.45520833281249995 0.2856481484375 0.44713541718750005 0.27870370312500004 0.44244791718750004 0.2796296296875
0 0.54765625 0.25555555625 0.5361979171875 0.2518518515625 0.5059895828125 0.2518518515625 0.48255208281249995 0.2611111109375 0.46015625 0.2833333328125 0.4427083328125 0.3291666671875 0.4421875 0.34398148125 0.4515625 0.34861111093749997 0.45859375 0.34722222187499996 0.49973958281249997 0.3166666671875 0.5455729171875 0.3120370375 0.5518229171875 0.30648148124999997 0.5572916671875 0.2958333328125 0.5614583328125 0.2726851859375 0.54765625 0.25555555625
0 0.5505208328125 0.3356481484375 0.5486979171875 0.3333333328125 0.5450520828125 0.33703703749999997 0.5442708328125 0.32824074062499997 0.5372395828125 0.3138888890625 0.5059895828125 0.315740740625 0.48932291718750004 0.3231481484375 0.45104166718750005 0.353240740625 0.4380208328125 0.391203703125 0.44140625 0.3981481484375 0.44947916718750003 0.40231481406249997 0.46692708281249995 0.396296296875 0.49192708281249997 0.378703703125 0.5059895828125 0.38055555625 0.5424479171875001 0.371296296875 0.5486979171875 0.365740740625 0.5520833328125 0.3578703703125 0.5505208328125 0.3356481484375
0 0.4484375 0.3541666671875 0.43515625 0.3351851859375 0.41328125 0.3296296296875 0.38203125 0.334259259375 0.35494791718749996 0.3481481484375 0.34296875 0.3583333328125 0.3328125 0.39398148125 0.3328125 0.40046296249999996 0.33645833281250004 0.40231481406249997 0.3450520828125 0.40277777812500004 0.3591145828125 0.3925925921875 0.3903645828125 0.38333333281250004 0.40546875 0.38240740781250004 0.43567708281249995 0.3879629625 0.44322916718750005 0.3745370375 0.4484375 0.3541666671875
0 0.3575520828125 0.39351851875 0.3440104171875 0.403703703125 0.33645833281250004 0.41898148125 0.3359375 0.4254629625 0.35390625 0.43981481406249995 0.4309895828125 0.440740740625 0.44739583281249995 0.446759259375 0.45130208281249995 0.447222221875 0.4557291671875 0.4393518515625 0.45208333281249996 0.41157407343749997 0.43515625 0.39074074062499997 0.42369791718750005 0.3851851859375 0.39296875 0.38333333281250004 0.3575520828125 0.39351851875
0 0.45911458281249995 0.45555555625000005 0.4419270828125 0.4453703703125 0.43151041718750005 0.44351851875000003 0.3841145828125 0.44259259218749997 0.3690104171875 0.4453703703125 0.3450520828125 0.459259259375 0.31015625 0.5 0.29140625 0.5018518515625 0.2848958328125 0.5097222218749999 0.2872395828125 0.521296296875 0.29921875 0.5231481484375 0.30859375 0.540740740625 0.32109375 0.5527777781250001 0.33255208281250004 0.5574074078125 0.3713541671875 0.559722221875 0.4252604171875 0.5601851859375 0.4497395828125 0.5546296296875 0.47421875 0.5583333328125 0.4927083328125 0.5226851859375 0.4869791671875 0.4995370375 0.4752604171875 0.47407407343749997 0.45911458281249995 0.45555555625000005
0 0.5091145828125 0.3796296296875 0.5018229171875 0.384259259375 0.49401041718750005 0.38240740781250004 0.4643229171875 0.397222221875 0.45520833281249995 0.41898148125 0.4578125 0.4393518515625 0.4604166671875 0.44120370312499996 0.49817708281249995 0.43148148124999997 0.54140625 0.43333333281249997 0.5442708328125 0.42731481406249994 0.5427083328125 0.4050925921875 0.5505208328125 0.3773148140625 0.5494791671875 0.3708333328125 0.5091145828125 0.3796296296875
0 0.5658854171875001 0.409259259375 0.56328125 0.41944444374999995 0.5541666671875001 0.4291666671875 0.5515625 0.440277778125 0.5606770828125 0.45277777812500003 0.56875 0.45601851875 0.5815104171875001 0.4546296296875 0.61640625 0.44166666718750003 0.6192708328125 0.42453703750000005 0.61875 0.384722221875 0.61328125 0.38240740781250004 0.6002604171875 0.3861111109375 0.5658854171875001 0.409259259375
0 0.5846354171875 0.259259259375 0.5622395828125 0.27777777812500004 0.5578125 0.2958333328125 0.5458333328125 0.315277778125 0.5471354171875 0.322222221875 0.55703125 0.3333333328125 0.5630208328124999 0.3356481484375 0.5721354171875 0.334259259375 0.59296875 0.3203703703125 0.61796875 0.3129629625 0.6197916671875 0.26805555625 0.6161458328125 0.2541666671875 0.60703125 0.2518518515625 0.5846354171875 0.259259259375
0 0.56328125 0.21296296250000002 0.5463541671875001 0.24490740781250003 0.5458333328125 0.2513888890625 0.55078125 0.253703703125 0.5559895828125 0.2648148140625 0.5640625 0.2699074078125 0.5705729171875 0.26944444375 0.5872395828125 0.25555555625 0.6169270828125 0.24444444375000002 0.6197916671875 0.23009259218749997 0.6177083328124999 0.18101851875 0.6033854171875 0.18055555625 0.56328125 0.21296296250000002
0 0.6182291671875 0.31805555625 0.6127604171875001 0.315740740625 0.59921875 0.31851851875000003 0.5622395828125 0.33888888906250003 0.5458333328125 0.3958333328125 0.546875 0.41342592656250005 0.5486979171875 0.41944444374999995 0.5520833328125 0.42083333281249996 0.5598958328125 0.41805555625 0.55703125 0.41111111093749997 0.5919270828125 0.3898148140625 0.6169270828125 0.38055555625 0.61875 0.3745370375 0.6192708328125 0.35046296250000003 0.6182291671875 0.31805555625
0 0.55234375 0.45370370312499997 0.54921875 0.45648148125 0.5463541671875001 0.4606481484375 0.5484375 0.48194444374999995 0.5427083328125 0.503240740625 0.559375 0.51898148125 0.58828125 0.5083333328124999 0.6169270828125 0.503703703125 0.6182291671875 0.4495370375 0.6143229171875 0.4453703703125 0.5799479171875 0.45555555625000005 0.5591145828124999 0.4583333328125 0.55234375 0.45370370312499997
0 0.58984375 0.5083333328124999 0.56328125 0.5203703703125 0.5598958328125 0.5300925921874999 0.5583333328125 0.558796296875 0.55234375 0.5601851859375 0.5479166671875 0.566203703125 0.5473958328124999 0.5773148140625 0.5494791671875 0.5800925921875 0.5606770828125 0.5796296296875 0.5908854171875 0.5666666671875 0.61640625 0.5638888890625 0.6182291671875 0.559722221875 0.6177083328124999 0.5069444437499999 0.6106770828125 0.5046296296875 0.58984375 0.5083333328124999
0 0.5216145828125 0.6120370375 0.5049479171875 0.6046296296875 0.496875 0.6152777781250001 0.49114583281249996 0.653240740625 0.48229166718750005 0.6625 0.4817708328125 0.6699074078125 0.48619791718750005 0.684259259375 0.4986979171875 0.6916666671875 0.52109375 0.6953703703125 0.5252604171875 0.6898148140625 0.5872395828125 0.6870370375 0.5955729171875 0.6898148140625 0.6151041671875 0.7078703703125 0.6182291671875 0.69398148125 0.6177083328124999 0.61898148125 0.6127604171875001 0.6101851859375 0.5559895828125 0.60555555625 0.53203125 0.6203703703125 0.5252604171875 0.61944444375 0.5216145828125 0.6120370375
0 0.52890625 0.6916666671875 0.5223958328125 0.7013888890625 0.5114583328125 0.753240740625 0.51484375 0.7629629625 0.5213541671875 0.7671296296875 0.57890625 0.7611111109375 0.6158854171875 0.7675925921875 0.6182291671875 0.7634259265625001 0.6177083328124999 0.7134259265625 0.59296875 0.6898148140625 0.5872395828125 0.6879629625 0.52890625 0.6916666671875
0 0.5216145828125 0.7675925921875 0.5161458328124999 0.7745370375 0.5166666671875 0.7995370375 0.52421875 0.8083333328125001 0.5299479171875 0.821296296875 0.5408854171875 0.83148148125 0.5684895828125 0.83148148125 0.6135416671875 0.840277778125 0.6182291671875 0.8375 0.61875 0.8199074078124999 0.6177083328124999 0.7726851859375 0.6153645828125 0.76851851875 0.5591145828124999 0.7611111109375 0.5341145828125 0.76851851875 0.5216145828125 0.7675925921875