0 0.9302083328125 0.6699074078125 0.92578125 0.6638888890625 0.9174479171875 0.6620370375 0.8705729171875 0.7 0.8692708328125001 0.7476851859375 0.8705729171875 0.752777778125 0.8723958328125001 0.7523148140625 0.9315104171874999 0.709259259375 0.9328125 0.7041666671875 0.9302083328125 0.6699074078125
0 0.9385416671875 0.7449074078125 0.9348958328125001 0.7125 0.9294270828125001 0.709259259375 0.8716145828125 0.753703703125 0.8697916671874999 0.7578703703125 0.8697916671874999 0.79305555625 0.871875 0.7958333328125 0.8995429203124999 0.78179910625 0.93671875 0.752777778125 0.9385416671875 0.7449074078125
0 0.9372395828125001 0.7509259265625 0.87109375 0.797222221875 0.8697916671874999 0.840277778125 0.8705729171875 0.8444444437499999 0.8723958328125001 0.8439814812499999 0.93984375 0.7925925921875 0.9427083328125001 0.784722221875 0.9401041671874999 0.7550925921875 0.9372395828125001 0.7509259265625
0 0.9479166671874999 0.853240740625 0.946875 0.8328703703125001 0.9450520828125001 0.83055555625 0.94140625 0.8333333328125001 0.8734375 0.89305555625 0.8783854171875 0.897222221875 0.9067708328125 0.896759259375 0.9111979171875 0.8953703703125001 0.94453125 0.8611111109375 0.9479166671874999 0.853240740625
0 0.94921875 0.747222221875 0.94140625 0.7490740734375 0.9395833328125001 0.753240740625 0.9432291671874999 0.784722221875 0.9458333328125 0.7884259265625 0.98203125 0.76851851875 0.9828125 0.7273148140625 0.98046875 0.7259259265625 0.94921875 0.747222221875
0 0.9815104171875 0.63148148125 0.9450520828125001 0.647222221875 0.9278645828125001 0.6509259265625 0.9239583328125001 0.6560185187500001 0.925 0.6625 0.9307291671875 0.6708333328125 0.9328125 0.691203703125 0.9408854171875 0.6981481484375001 0.9473958328125001 0.6976851859375001 0.9833333328125 0.6708333328125 0.9815104171875 0.63148148125
0 0.9450520828125001 0.8324074078124999 0.946875 0.8291666671875 0.946875 0.8171296296874999 0.9453125 0.8004629624999999 0.9427083328125001 0.79398148125 0.93671875 0.79351851875 0.91015625 0.8175925921875 0.8721354171875 0.8453703703125001 0.8697916671874999 0.8523148140625001 0.8703125 0.8856481484375 0.875 0.89305555625 0.9450520828125001 0.8324074078124999
0 0.9385416671875 0.7421296296875 0.94296875 0.7481481484375 0.9463541671875 0.7476851859375 0.9828125 0.7245370375 0.98203125 0.675 0.9466145828125001 0.6990740734374999 0.9333333328125001 0.696759259375 0.9385416671875 0.7421296296875
0 0.71484375 0.9324074078125 0.7026041671875001 0.946759259375 0.7044270828125 0.9611111109375001 0.72265625 0.95648148125 0.7536458328125 0.9615740734375 0.7572916671875001 0.95601851875 0.75625 0.9421296296874999 0.74140625 0.9305555562500001 0.71484375 0.9324074078125
0 0.76484375 0.9694444437499999 0.7677083328125 0.9745370375 0.7661458328124999 0.9828703703125001 0.7729166671875001 0.9875 0.7734375 0.9726851859375 0.76484375 0.9694444437499999
0 0.7018229171875 0.9620370375 0.6989583328125 0.9689814812499999 0.70078125 0.9824074078124999 0.7184895828125 0.98055555625 0.7536458328125 0.984722221875 0.7541666671875 0.9671296296874999 0.75234375 0.9620370375 0.7184895828125 0.9574074078124999 0.7018229171875 0.9620370375
0 0.71015625 0.7481481484375 0.7018229171875 0.7490740734375 0.6979166671875 0.7458333328125 0.6981770828125 0.7629629625 0.7182291671875001 0.7634259265625001 0.7203125 0.753240740625 0.7174479171875 0.746296296875 0.71328125 0.74444444375 0.71015625 0.7481481484375
0 0.7674479171875 0.7212962968750001 0.7651041671875001 0.7254629625 0.7692708328125 0.7300925921875 0.7846354171875001 0.728703703125 0.7859375 0.7226851859375001 0.7830729171875 0.7185185187500001 0.7768229171875001 0.7175925921874999 0.7674479171875 0.7212962968750001