0 0.58046875 0.33148148125 0.57421875 0.328703703125 0.54921875 0.340740740625 0.5419270828125 0.34722222187499996 0.540625 0.35601851875 0.5432291671875 0.3625 0.5427083328125 0.371759259375 0.559375 0.4800925921875 0.56484375 0.48703703750000005 0.5697916671875001 0.4865740734375 0.5846354171875 0.4824074078125 0.59921875 0.4675925921875 0.6010416671875001 0.4625 0.6010416671875001 0.446759259375 0.5984375 0.43194444374999996 0.59609375 0.42592592656250006 0.5911458328125 0.4254629625 0.5955729171875 0.4240740734375 0.5963541671875 0.41898148125 0.59375 0.41157407343749997 0.5848958328125 0.34398148125 0.58046875 0.33148148125
0 0.8986979171874999 0.15648148125 0.8893229171874999 0.15648148125 0.85546875 0.16851851874999998 0.84140625 0.1666666671875 0.8283854171874999 0.1703703703125 0.8143229171874999 0.18055555625 0.8067708328125001 0.20231481406250001 0.8484375 0.45324074062499997 0.8528645828125001 0.46944444374999994 0.8677083328125 0.47083333281249995 0.88203125 0.46851851875 0.8966145828125001 0.4601851859375 0.9299479171874999 0.45 0.9455729171874999 0.4379629625 0.9494791671874999 0.4254629625 0.9447916671875 0.408796296875 0.9432291671874999 0.3865740734375 0.921875 0.2708333328125 0.9223958328125 0.23101851875 0.9119791671874999 0.2125 0.9026041671874999 0.16157407343750002 0.8986979171874999 0.15648148125
0 0.78046875 0.3138888890625 0.7848958328125 0.3143518515625 0.8203125 0.2995370375 0.8151041671874999 0.2504629625 0.8109375 0.2365740734375 0.8072916671874999 0.20694444375 0.80390625 0.20277777812500003 0.7841145828125 0.20648148125 0.7502604171875 0.2148148140625 0.73984375 0.221296296875 0.7375 0.228240740625 0.7364583328125 0.24583333281250003 0.740625 0.271759259375 0.78046875 0.3138888890625
0 0.78046875 0.44166666718750003 0.7859375 0.44305555625000004 0.8403645828125 0.42592592656250006 0.8416666671874999 0.4171296296875 0.8322916671874999 0.36805555624999997 0.78671875 0.3796296296875 0.76484375 0.36296296250000004 0.7497395828125 0.34629629687499996 0.7434895828125 0.3453703703125 0.73828125 0.3490740734375 0.7359375 0.3550925921875 0.7354166671875 0.3745370375 0.7390625 0.3976851859375 0.78046875 0.44166666718750003
0 0.7895833328124999 0.378240740625 0.8317708328125001 0.3634259265625 0.8223958328125001 0.30694444375 0.8200520828125001 0.302777778125 0.78046875 0.3148148140625 0.74921875 0.28148148125 0.7388020828124999 0.2851851859375 0.7364583328125 0.2921296296875 0.7354166671875 0.316203703125 0.7390625 0.333796296875 0.7653645828125 0.3620370375 0.7841145828125 0.377777778125 0.7895833328124999 0.378240740625
0 0.28072916718749996 0.303240740625 0.2875 0.2800925921875 0.2875 0.2236111109375 0.2747395828125 0.21851851875 0.26328125 0.21851851875 0.2578125 0.228240740625 0.2546875 0.2625 0.2479166671875 0.2856481484375 0.2479166671875 0.29305555625 0.2549479171875 0.3 0.2770833328125 0.30694444375 0.28072916718749996 0.303240740625
0 0.2875 0.4050925921875 0.28463541718749996 0.3981481484375 0.2705729171875 0.3898148140625 0.2614583328125 0.40138888906250003 0.2578125 0.43194444374999996 0.25052083281250004 0.4550925921875 0.2510416671875 0.4606481484375 0.25546875 0.4675925921875 0.2770833328125 0.47268518593750003 0.2854166671875 0.45324074062499997 0.2875 0.4050925921875
0 0.20208333281250002 0.30046296250000004 0.22552083281250002 0.2791666671875 0.2244791671875 0.2671296296875 0.21354166718749998 0.23009259218749997 0.2125 0.20509259218749998 0.20963541718749998 0.2018518515625 0.1877604171875 0.2101851859375 0.184375 0.2171296296875 0.184375 0.25509259218749997 0.18697916718750002 0.2736111109375 0.19375 0.2949074078125 0.1971354171875 0.3 0.20208333281250002 0.30046296250000004
0 0.2260416671875 0.446759259375 0.2125 0.3976851859375 0.2125 0.3754629625 0.20598958281250002 0.3703703703125 0.1872395828125 0.377777778125 0.184375 0.38101851875000003 0.1833333328125 0.38842592656249997 0.1833333328125 0.42268518593750004 0.1854166671875 0.440277778125 0.19609375 0.4675925921875 0.20208333281250002 0.46898148125 0.2260416671875 0.446759259375
0 0.1815104171875 0.21944444375 0.1856770828125 0.2101851859375 0.1890625 0.20972222187499998 0.1890625 0.20138888906250002 0.18046875 0.1916666671875 0.16848958281249998 0.190740740625 0.13619791718750002 0.20370370312500002 0.1338541671875 0.20879629687499998 0.1354166671875 0.21898148125 0.1403645828125 0.2259259265625 0.1463541671875 0.2273148140625 0.1815104171875 0.21944444375
0 0.1481770828125 0.22685185156249998 0.1377604171875 0.22314814843750003 0.14114583281249998 0.24583333281250003 0.1434895828125 0.24907407343750002 0.1510416671875 0.2486111109375 0.18203125 0.240740740625 0.1838541671875 0.22175925937500002 0.18046875 0.21851851875 0.1481770828125 0.22685185156249998
0 0.1799479171875 0.240740740625 0.1513020828125 0.24907407343750002 0.14140625 0.24722222187499998 0.1395833328125 0.2513888890625 0.140625 0.266203703125 0.14296875 0.271296296875 0.146875 0.271759259375 0.18359375 0.2666666671875 0.1838541671875 0.24490740781250003 0.1799479171875 0.240740740625
0 0.14140625 0.26574074062499997 0.1390625 0.271759259375 0.1395833328125 0.2791666671875 0.14505208281249998 0.2898148140625 0.1510416671875 0.2893518515625 0.1875 0.278240740625 0.1846354171875 0.2666666671875 0.14453125 0.272222221875 0.14140625 0.26574074062499997
0 0.18802083281249998 0.3763888890625 0.18802083281249998 0.36898148124999997 0.18359375 0.3620370375 0.1716145828125 0.3574074078125 0.1466145828125 0.3648148140625 0.13333333281249998 0.3745370375 0.13333333281249998 0.3856481484375 0.1377604171875 0.39351851875 0.14791666718750002 0.3949074078125 0.18203125 0.38703703749999996 0.18802083281249998 0.3763888890625
0 0.1838541671875 0.391203703125 0.18203125 0.38703703749999996 0.1783854171875 0.38703703749999996 0.1455729171875 0.3953703703125 0.1369791671875 0.39305555625 0.13984375 0.4148148140625 0.153125 0.4171296296875 0.1809895828125 0.409259259375 0.1833333328125 0.4050925921875 0.1838541671875 0.391203703125
0 0.184375 0.43194444374999996 0.1828125 0.41157407343749997 0.18046875 0.40833333281249995 0.1533854171875 0.4166666671875 0.1408854171875 0.4148148140625 0.1380208328125 0.41898148125 0.1390625 0.43379629687500004 0.14140625 0.43981481406249995 0.1463541671875 0.440277778125 0.18307291718750002 0.43518518593750005 0.184375 0.43194444374999996
0 0.1486979171875 0.43981481406249995 0.1377604171875 0.4370370375 0.140625 0.45324074062499997 0.14505208281249998 0.459259259375 0.14791666718750002 0.458796296875 0.1783854171875 0.45185185156249996 0.18697916718750002 0.4458333328125 0.1846354171875 0.43518518593750005 0.1486979171875 0.43981481406249995
0 0.34921875 0.2101851859375 0.3494791671875 0.20231481406250001 0.3200520828125 0.19537037031249999 0.3075520828125 0.20370370312500002 0.3046875 0.20972222187499998 0.30546875 0.22314814843750003 0.3307291671875 0.22916666718749998 0.34036458281250004 0.221296296875 0.3455729171875 0.21111111093749999 0.34921875 0.2101851859375
0 0.3619791671875 0.18194444375000002 0.3606770828125 0.1740740734375 0.3419270828125 0.16944444375 0.31796875 0.16944444375 0.3096354171875 0.171296296875 0.3046875 0.18101851875 0.3057291671875 0.18842592656249998 0.30911458281250004 0.1916666671875 0.3494791671875 0.1976851859375 0.35989583281250004 0.190277778125 0.3619791671875 0.18194444375000002
0 0.37447916718749996 0.2791666671875 0.37552083281250004 0.240277778125 0.375 0.2208333328125 0.3731770828125 0.21574074062499998 0.35598958281250004 0.21851851875 0.35208333281250004 0.22453703749999998 0.3484375 0.2865740734375 0.34921875 0.29351851875 0.3572916671875 0.2958333328125 0.37161458281250004 0.28611111093749997 0.37447916718749996 0.2791666671875
0 0.3317708328125 0.2699074078125 0.34453125 0.252777778125 0.34609375 0.2453703703125 0.3494791671875 0.24490740781250003 0.3463541671875 0.24305555625 0.3450520828125 0.23611111093749998 0.34140625 0.23611111093749998 0.33255208281250004 0.2509259265625 0.3065104171875 0.2453703703125 0.303125 0.2486111109375 0.3026041671875 0.2578703703125 0.3049479171875 0.2611111109375 0.3317708328125 0.2699074078125
0 0.3651041671875 0.39027777812500003 0.3622395828125 0.38703703749999996 0.3513020828125 0.38703703749999996 0.34427083281250004 0.396759259375 0.3421875 0.4495370375 0.3440104171875 0.4546296296875 0.35104166718749996 0.45601851875 0.36276041718749996 0.44907407343749994 0.365625 0.44120370312499996 0.3651041671875 0.39027777812500003
0 0.3466145828125 0.35 0.32421875 0.3490740734375 0.3059895828125 0.35555555625 0.3036458328125 0.36064814843750004 0.3044270828125 0.36759259218749996 0.3138020828125 0.3731481484375 0.3375 0.3763888890625 0.3528645828125 0.36851851875 0.3541666671875 0.3550925921875 0.3466145828125 0.35
0 0.3036458328125 0.384722221875 0.30390625 0.3981481484375 0.3239583328125 0.403240740625 0.35234375 0.378703703125 0.3536458328125 0.3671296296875 0.34036458281250004 0.3759259265625 0.3127604171875 0.3740740734375 0.3036458328125 0.384722221875
0 0.34036458281250004 0.3898148140625 0.32369791718749996 0.403703703125 0.3044270828125 0.397222221875 0.2880208328125 0.40138888906250003 0.2875 0.41157407343749997 0.2893229171875 0.4138888890625 0.3260416671875 0.42175925937500003 0.34140625 0.40277777812500004 0.34375 0.391203703125 0.34036458281250004 0.3898148140625
0 0.3401041671875 0.3754629625 0.3513020828125 0.36944444375 0.3541666671875 0.3634259265625 0.3536458328125 0.3541666671875 0.3450520828125 0.3490740734375 0.30130208281250004 0.34629629687499996 0.2919270828125 0.3481481484375 0.2875 0.35601851875 0.28854166718749996 0.3625 0.2919270828125 0.365740740625 0.3028645828125 0.36666666718749996 0.31328125 0.3731481484375 0.3401041671875 0.3754629625
0 0.0434895828125 0.4574074078125 0.0484375 0.458796296875 0.071875 0.45324074062499997 0.071875 0.4458333328125 0.06770833281250001 0.43101851875 0.0666666671875 0.3856481484375 0.07161458281250001 0.384259259375 0.075 0.378240740625 0.07473958281250001 0.36944444375 0.062239582812500006 0.36759259218749996 0.0421875 0.371759259375 0.040625 0.39027777812500003 0.0416666671875 0.45231481406249996 0.0434895828125 0.4574074078125
0 0.06979166718749999 0.27638888906250003 0.078125 0.30046296250000004 0.0830729171875 0.30740740781250003 0.0869791671875 0.30694444375 0.11119791718750001 0.2870370375 0.1130208328125 0.28101851875 0.1088541671875 0.2625 0.103125 0.2513888890625 0.09895833281250001 0.2236111109375 0.09895833281250001 0.2078703703125 0.09609375 0.20370370312500002 0.08151041718749999 0.2101851859375 0.06953125 0.21111111093749999 0.0671875 0.215277778125 0.0661458328125 0.2513888890625 0.06979166718749999 0.27638888906250003
0 0.0901041671875 0.4754629625 0.11119791718750001 0.4546296296875 0.1135416671875 0.4458333328125 0.096875 0.40416666718750005 0.09505208281250001 0.3759259265625 0.0861979171875 0.375 0.07942708281250001 0.3796296296875 0.06953125 0.38055555625 0.0666666671875 0.38842592656249997 0.06875 0.4365740734375 0.07864583281250001 0.4671296296875 0.08359375 0.475 0.0901041671875 0.4754629625
0 0.04609375 0.2916666671875 0.0536458328125 0.291203703125 0.07291666718749999 0.2856481484375 0.06770833281250001 0.2606481484375 0.0666666671875 0.24305555625 0.06770833281250001 0.2171296296875 0.0700520828125 0.21203703749999997 0.07473958281250001 0.21203703749999997 0.0770833328125 0.20601851875000002 0.07473958281250001 0.1981481484375 0.04609375 0.2009259265625 0.0427083328125 0.20509259218749998 0.0421875 0.2828703703125 0.04609375 0.2916666671875
0 0.4888020828125 0.23148148124999998 0.5268229171875001 0.252777778125 0.5359375 0.253240740625 0.5502604171875001 0.24907407343750002 0.55859375 0.24259259218749998 0.5635416671875 0.23194444375 0.5630208328124999 0.21805555625 0.5528645828125 0.2046296296875 0.5190104171875001 0.19351851874999998 0.49817708281249995 0.19537037031249999 0.48671875 0.20370370312500002 0.4838541671875 0.20972222187499998 0.4838541671875 0.2171296296875 0.48125 0.2236111109375 0.4888020828125 0.23148148124999998
0 0.5005208328124999 0.2726851859375 0.5122395828124999 0.2870370375 0.5265625 0.2921296296875 0.57890625 0.2731481484375 0.5854166671875001 0.26527777812500003 0.5848958328125 0.2513888890625 0.58046875 0.2416666671875 0.56796875 0.2370370375 0.5638020828125 0.2370370375 0.54921875 0.25 0.53515625 0.2546296296875 0.5143229171875 0.2453703703125 0.5059895828125 0.246296296875 0.5020833328125 0.2578703703125 0.5005208328124999 0.2726851859375
0 0.5630208328124999 0.21805555625 0.56484375 0.23333333281250002 0.578125 0.2393518515625 0.5893229171875001 0.2370370375 0.60234375 0.22870370312500002 0.60625 0.21898148125 0.6041666671875 0.20416666718749998 0.5877604171875 0.190740740625 0.57578125 0.1898148140625 0.56484375 0.1824074078125 0.53671875 0.1879629625 0.5307291671875001 0.19583333281249998 0.5356770828124999 0.2009259265625 0.55546875 0.20648148125 0.5630208328124999 0.21805555625
0 0.5916666671875 0.26805555625 0.5997395828125 0.2675925921875 0.6388020828125 0.24907407343750002 0.6427083328125 0.24212962968750001 0.6421875 0.23101851875 0.63515625 0.2203703703125 0.62109375 0.22685185156249998 0.6075520828125 0.22685185156249998 0.58671875 0.2388888890625 0.5828125 0.24398148125 0.5854166671875001 0.25694444375000003 0.584375 0.26527777812500003 0.5916666671875 0.26805555625
0 0.45885416718750005 0.24490740781250003 0.46848958281249997 0.25555555625 0.5013020828125 0.2759259265625 0.5106770828125 0.28611111093749997 0.528125 0.2921296296875 0.5799479171875 0.272222221875 0.5869791671875 0.26527777812500003 0.584375 0.2476851859375 0.58046875 0.240740740625 0.5643229171875 0.2370370375 0.54921875 0.25 0.53359375 0.2546296296875 0.4856770828125 0.2296296296875 0.47734375 0.23055555625 0.4653645828125 0.2259259265625 0.45885416718750005 0.23472222187499997 0.45885416718750005 0.24490740781250003
0 0.5268229171875001 0.1740740734375 0.52265625 0.17962962968750001 0.5049479171875 0.178703703125 0.46380208281249996 0.1879629625 0.45911458281249995 0.190740740625 0.45416666718750004 0.20231481406250001 0.4546875 0.20879629687499998 0.4622395828125 0.221296296875 0.47057291718750005 0.22777777812500002 0.48411458281249997 0.22777777812500002 0.5252604171875 0.2509259265625 0.5390625 0.2523148140625 0.5497395828125 0.24907407343750002 0.5591145828124999 0.2416666671875 0.5635416671875 0.23194444375 0.5640625 0.22175925937500002 0.55234375 0.20648148125 0.5372395828125 0.20277777812500003 0.5278645828124999 0.196296296875 0.52890625 0.17962962968750001 0.5346354171875001 0.1851851859375 0.5401041671875 0.18194444375000002 0.5325520828125 0.1740740734375 0.5268229171875001 0.1740740734375
0 0.56484375 0.18148148125000002 0.5986979171875 0.197222221875 0.6052083328125 0.20694444375 0.60625 0.2199074078125 0.60859375 0.22407407343750002 0.61875 0.22638888906250001 0.63359375 0.2203703703125 0.6388020828125 0.2138888890625 0.6416666671875 0.20509259218749998 0.6401041671875001 0.19120370312499999 0.6356770828125 0.1861111109375 0.58828125 0.1703703703125 0.57734375 0.1629629625 0.54921875 0.1675925921875 0.5385416671875001 0.1745370375 0.5486979171875 0.1824074078125 0.5533854171875 0.17962962968750001 0.56484375 0.18148148125000002
0 0.5447916671875 0.3958333328125 0.5447916671875 0.38194444375000003 0.54140625 0.36296296250000004 0.5216145828125 0.3638888890625 0.4966145828125 0.34351851875 0.49036458281249995 0.3425925921875 0.48541666718750004 0.35046296250000003 0.4838541671875 0.3634259265625 0.48932291718750004 0.3703703703125 0.5236979171875 0.3981481484375 0.534375 0.40138888906250003 0.5447916671875 0.3958333328125
0 0.45729166718750003 0.2791666671875 0.46328125 0.2888888890625 0.47421875 0.29814814843750004 0.48255208281249995 0.29907407343750003 0.5302083328125 0.3291666671875 0.5440104171875 0.32685185156249996 0.55859375 0.31759259218749997 0.5640625 0.30694444375 0.5630208328124999 0.29305555625 0.5565104171875 0.284259259375 0.5216145828125 0.2925925921875 0.50078125 0.2759259265625 0.48723958281249996 0.271296296875 0.46953125 0.25740740781250004 0.46067708281249997 0.2611111109375 0.45625 0.2708333328125 0.45729166718750003 0.2791666671875
0 0.6388020828125 0.3129629625 0.6416666671875 0.3013888890625 0.6401041671875001 0.29398148125 0.63515625 0.28796296250000003 0.6174479171875 0.29722222187499997 0.6049479171875001 0.29722222187499997 0.5830729171875 0.3138888890625 0.5848958328125 0.333796296875 0.5942708328124999 0.3356481484375 0.6315104171875 0.31944444375000003 0.6388020828125 0.3129629625