0 0.4575520828125 0.24907407343750002 0.5065104171875 0.2546296296875 0.5416666671875 0.28194444375 0.5513020828124999 0.2768518515625 0.5557291671875 0.26898148125 0.5572916671875 0.26342592656249997 0.55625 0.24953703749999998 0.5419270828125 0.20833333281250002 0.52109375 0.1888888890625 0.50234375 0.18055555625 0.47369791718750004 0.18055555625 0.4518229171875 0.1925925921875 0.440625 0.21064814843750002 0.4421875 0.2236111109375 0.4575520828125 0.24907407343750002
0 0.55625 0.24490740781250003 0.5596354171875 0.272222221875 0.5684895828125 0.2740740734375 0.5815104171875001 0.26574074062499997 0.60390625 0.2648148140625 0.6184895828125 0.271296296875 0.64765625 0.2925925921875 0.6541666671875 0.2921296296875 0.6638020828125 0.28611111093749997 0.6661458328125 0.2800925921875 0.6651041671875 0.2736111109375 0.6505208328125 0.23194444375 0.63984375 0.2138888890625 0.6309895828125 0.2046296296875 0.6065104171875 0.1925925921875 0.58359375 0.190740740625 0.5559895828125 0.2018518515625 0.546875 0.21435185156249997 0.5510416671875 0.2328703703125 0.55625 0.24490740781250003
0 0.5489583328125 0.308796296875 0.56171875 0.334259259375 0.5846354171875 0.3296296296875 0.6080729171875 0.33055555625 0.6630208328125 0.358796296875 0.6635416671875001 0.34120370312500004 0.6510416671875 0.2976851859375 0.6419270828125 0.28796296250000003 0.61171875 0.2675925921875 0.60390625 0.2648148140625 0.5799479171875 0.2666666671875 0.5721354171875 0.2731481484375 0.5611979171875 0.2740740734375 0.5575520828125 0.2796296296875 0.5528645828125 0.27870370312500004 0.5447916671875 0.2856481484375 0.5489583328125 0.308796296875
0 0.5002604171875 0.3166666671875 0.54140625 0.34722222187499996 0.5484375 0.34861111093749997 0.5578125 0.34398148125 0.5572916671875 0.3291666671875 0.53984375 0.2833333328125 0.5174479171875 0.2611111109375 0.49401041718750005 0.2518518515625 0.46380208281249996 0.2518518515625 0.45234375 0.25555555625 0.43854166718750004 0.2726851859375 0.4427083328125 0.2958333328125 0.44817708281249996 0.30648148124999997 0.4544270828125 0.3120370375 0.5002604171875 0.3166666671875
0 0.45130208281249995 0.365740740625 0.4575520828125 0.371296296875 0.49401041718750005 0.38055555625 0.5080729171875 0.378703703125 0.5330729171875 0.396296296875 0.5505208328125 0.40231481406249997 0.55859375 0.3981481484375 0.5619791671875001 0.391203703125 0.5489583328125 0.353240740625 0.5106770828125 0.3231481484375 0.49401041718750005 0.315740740625 0.46276041718750005 0.3138888890625 0.4557291671875 0.32824074062499997 0.45494791718750005 0.33703703749999997 0.45130208281249995 0.3333333328125 0.44947916718750003 0.3356481484375 0.4479166671875 0.3578703703125 0.45130208281249995 0.365740740625
0 0.6096354171875 0.38333333281250004 0.6408854171875 0.3925925921875 0.6549479171875 0.40277777812500004 0.6635416671875001 0.40231481406249997 0.6671875 0.40046296249999996 0.6671875 0.39398148125 0.65703125 0.3583333328125 0.6450520828124999 0.3481481484375 0.61796875 0.334259259375 0.58671875 0.3296296296875 0.56484375 0.3351851859375 0.5515625 0.3541666671875 0.5567708328125 0.3745370375 0.5643229171875 0.3879629625 0.59453125 0.38240740781250004 0.6096354171875 0.38333333281250004
0 0.5486979171875 0.447222221875 0.5526041671875 0.446759259375 0.5690104171875 0.440740740625 0.64609375 0.43981481406249995 0.6640625 0.4254629625 0.6635416671875001 0.41898148125 0.6559895828125 0.403703703125 0.6424479171875 0.39351851875 0.60703125 0.38333333281250004 0.5763020828125 0.3851851859375 0.56484375 0.39074074062499997 0.5479166671875 0.41157407343749997 0.5442708328125 0.4393518515625 0.5486979171875 0.447222221875
0 0.5684895828125 0.44351851875000003 0.5580729171875001 0.4453703703125 0.5408854171875 0.45555555625000005 0.5247395828125 0.47407407343749997 0.5130208328125 0.4995370375 0.5072916671875001 0.5226851859375 0.52578125 0.5583333328125 0.5502604171875001 0.5546296296875 0.5747395828124999 0.5601851859375 0.6286458328125 0.559722221875 0.6674479171875001 0.5574074078125 0.67890625 0.5527777781250001 0.69140625 0.540740740625 0.70078125 0.5231481484375 0.7127604171875 0.521296296875 0.7151041671875 0.5097222218749999 0.70859375 0.5018518515625 0.68984375 0.5 0.6549479171875 0.459259259375 0.6309895828125 0.4453703703125 0.6158854171875 0.44259259218749997 0.5684895828125 0.44351851875000003
0 0.5018229171875 0.43148148124999997 0.5395833328124999 0.44120370312499996 0.5421875 0.4393518515625 0.5447916671875 0.41898148125 0.5356770828124999 0.397222221875 0.5059895828125 0.38240740781250004 0.49817708281249995 0.384259259375 0.4908854171875 0.3796296296875 0.4505208328125 0.3708333328125 0.44947916718750003 0.3773148140625 0.45729166718750003 0.4050925921875 0.4557291671875 0.42731481406249994 0.45859375 0.43333333281249997 0.5018229171875 0.43148148124999997
0 0.43125 0.45601851875 0.43932291718750005 0.45277777812500003 0.4484375 0.440277778125 0.4458333328125 0.4291666671875 0.43671875 0.41944444374999995 0.4341145828125 0.409259259375 0.3997395828125 0.3861111109375 0.38671875 0.38240740781250004 0.38125 0.384722221875 0.3807291671875 0.42453703750000005 0.38359375 0.44166666718750003 0.4184895828125 0.4546296296875 0.43125 0.45601851875
0 0.42786458281249995 0.334259259375 0.4369791671875 0.3356481484375 0.44296875 0.3333333328125 0.45286458281249997 0.322222221875 0.45416666718750004 0.315277778125 0.4421875 0.2958333328125 0.43776041718750003 0.27777777812500004 0.4153645828125 0.259259259375 0.39296875 0.2518518515625 0.3838541671875 0.2541666671875 0.3802083328125 0.26805555625 0.38203125 0.3129629625 0.40703125 0.3203703703125 0.42786458281249995 0.334259259375
0 0.4359375 0.2699074078125 0.4440104171875 0.2648148140625 0.44921875 0.253703703125 0.45416666718750004 0.2513888890625 0.4536458328125 0.24490740781250003 0.43671875 0.21296296250000002 0.3966145828125 0.18055555625 0.38229166718749996 0.18101851875 0.3802083328125 0.23009259218749997 0.3830729171875 0.24444444375000002 0.4127604171875 0.25555555625 0.42942708281249997 0.26944444375 0.4359375 0.2699074078125
0 0.44296875 0.41111111093749997 0.4401041671875 0.41805555625 0.4479166671875 0.42083333281249996 0.45130208281249995 0.41944444374999995 0.453125 0.41342592656250005 0.45416666718750004 0.3958333328125 0.43776041718750003 0.33888888906250003 0.40078125 0.31851851875000003 0.38723958281250004 0.315740740625 0.3817708328125 0.31805555625 0.3807291671875 0.35046296250000003 0.38125 0.3745370375 0.3830729171875 0.38055555625 0.40807291718750005 0.3898148140625 0.44296875 0.41111111093749997
0 0.440625 0.51898148125 0.45729166718750003 0.503240740625 0.4515625 0.48194444374999995 0.4536458328125 0.4606481484375 0.45078125 0.45648148125 0.44765625 0.45370370312499997 0.4408854171875 0.4583333328125 0.42005208281249995 0.45555555625000005 0.3856770828125 0.4453703703125 0.3817708328125 0.4495370375 0.3830729171875 0.503703703125 0.41171875 0.5083333328124999 0.440625 0.51898148125
0 0.40911458281249996 0.5666666671875 0.43932291718750005 0.5796296296875 0.4505208328125 0.5800925921875 0.4526041671875 0.5773148140625 0.45208333281249996 0.566203703125 0.44765625 0.5601851859375 0.44166666718750003 0.558796296875 0.4401041671875 0.5300925921874999 0.43671875 0.5203703703125 0.41015625 0.5083333328124999 0.3893229171875 0.5046296296875 0.38229166718749996 0.5069444437499999 0.3817708328125 0.559722221875 0.38359375 0.5638888890625 0.40911458281249996 0.5666666671875
0 0.47838541718750005 0.6120370375 0.47473958281249995 0.61944444375 0.46796875 0.6203703703125 0.4440104171875 0.60555555625 0.38723958281250004 0.6101851859375 0.38229166718749996 0.61898148125 0.3817708328125 0.69398148125 0.3848958328125 0.7078703703125 0.40442708281249995 0.6898148140625 0.4127604171875 0.6870370375 0.47473958281249995 0.6898148140625 0.47890625 0.6953703703125 0.5013020828125 0.6916666671875 0.5138020828125 0.684259259375 0.5182291671875 0.6699074078125 0.5177083328125 0.6625 0.5088541671875 0.653240740625 0.503125 0.6152777781250001 0.49505208281249996 0.6046296296875 0.47838541718750005 0.6120370375
0 0.48515625 0.7629629625 0.48854166718750003 0.753240740625 0.47760416718750004 0.7013888890625 0.47109375 0.6916666671875 0.4127604171875 0.6879629625 0.40703125 0.6898148140625 0.38229166718749996 0.7134259265625 0.3817708328125 0.7634259265625001 0.3841145828125 0.7675925921875 0.42109375 0.7611111109375 0.47864583281249995 0.7671296296875 0.48515625 0.7629629625
0 0.38125 0.8199074078124999 0.3817708328125 0.8375 0.3864583328125 0.840277778125 0.43151041718750005 0.83148148125 0.45911458281249995 0.83148148125 0.4700520828125 0.821296296875 0.47578125 0.8083333328125001 0.48333333281249996 0.7995370375 0.4838541671875 0.7745370375 0.47838541718750005 0.7675925921875 0.46588541718750004 0.76851851875 0.4408854171875 0.7611111109375 0.3846354171875 0.76851851875 0.38229166718749996 0.7726851859375 0.38125 0.8199074078124999