0 0.1330729171875 0.21111111093749999 0.11640625 0.21944444375 0.0940104171875 0.22314814843750003 0.0627604171875 0.2416666671875 0.0609375 0.246759259375 0.0625 0.2754629625 0.07578125 0.2888888890625 0.0869791671875 0.29305555625 0.12734375 0.2870370375 0.17109375 0.275 0.1770833328125 0.2708333328125 0.17916666718750002 0.25601851875000003 0.1846354171875 0.24814814843750002 0.190625 0.24953703749999998 0.1901041671875 0.23009259218749997 0.1872395828125 0.22314814843750003 0.1778645828125 0.21944444375 0.17265625 0.21296296250000002 0.1513020828125 0.20740740781250003 0.1330729171875 0.21111111093749999
0 0.18020833281249998 0.3078703703125 0.178125 0.3421296296875 0.1854166671875 0.3976851859375 0.1921875 0.42453703750000005 0.203125 0.45324074062499997 0.21119791718749997 0.46666666718750005 0.21875 0.4699074078125 0.27109375 0.42870370312499995 0.2796875 0.4143518515625 0.2744791671875 0.3865740734375 0.259375 0.3421296296875 0.25 0.30601851875 0.2479166671875 0.24305555625 0.24453125 0.2370370375 0.22369791718749998 0.23611111093749998 0.21119791718749997 0.24907407343750002 0.18046875 0.25833333281250004 0.17916666718750002 0.26435185156249996 0.18020833281249998 0.3078703703125
0 0.08515625 0.3453703703125 0.10260416718750001 0.3449074078125 0.13515625 0.3333333328125 0.1768229171875 0.3240740734375 0.1786458328125 0.315277778125 0.17916666718750002 0.28194444375 0.17526041718750002 0.275 0.14505208281249998 0.284259259375 0.09036458281250001 0.29351851875 0.08255208281250001 0.29351851875 0.0700520828125 0.28611111093749997 0.0703125 0.3023148140625 0.0796875 0.3393518515625 0.08515625 0.3453703703125
0 0.0760416671875 0.384722221875 0.08151041718749999 0.3981481484375 0.08854166718749999 0.40046296249999996 0.10651041718750001 0.39444444375 0.1330729171875 0.39444444375 0.17890625 0.3861111109375 0.18125 0.3763888890625 0.17916666718750002 0.365277778125 0.178125 0.32824074062499997 0.1747395828125 0.325 0.09713541718749999 0.3453703703125 0.08203125 0.34351851875 0.07473958281250001 0.328703703125 0.0734375 0.35601851875 0.0760416671875 0.384722221875
0 0.08255208281250001 0.4370370375 0.0877604171875 0.44444444375 0.0921875 0.44490740781250004 0.16015625 0.42870370312499995 0.1861979171875 0.4203703703125 0.18802083281249998 0.415277778125 0.1809895828125 0.38703703749999996 0.16067708281249998 0.3925925921875 0.1096354171875 0.39444444375 0.0841145828125 0.4 0.08072916718749999 0.396759259375 0.07473958281250001 0.377777778125 0.07083333281250001 0.3828703703125 0.0744791671875 0.415277778125 0.08255208281250001 0.4370370375
0 0.38229166718749996 0.83194444375 0.3776041671875 0.8513888890624999 0.38046875 0.8546296296874999 0.4848958328125 0.8550925921875001 0.48802083281249997 0.8495370375 0.4817708328125 0.8115740734375001 0.48125 0.640277778125 0.48229166718750005 0.6023148140625 0.4875 0.5800925921875 0.4869791671875 0.5625 0.42682291718750004 0.5666666671875 0.3809895828125 0.5601851859375 0.3791666671875 0.571759259375 0.3838541671875 0.6143518515624999 0.3854166671875 0.7263888890625 0.38229166718749996 0.83194444375
0 0.321875 0.8254629625 0.3166666671875 0.8439814812499999 0.3770833328125 0.8449074078125 0.38229166718749996 0.83101851875 0.3848958328125 0.7078703703125 0.3838541671875 0.6263888890625 0.3791666671875 0.5773148140625 0.3768229171875 0.5731481484375001 0.36484375 0.5759259265625001 0.3216145828125 0.56851851875 0.31875 0.5726851859375001 0.3177083328125 0.58194444375 0.3223958328125 0.6143518515624999 0.3234375 0.7736111109375 0.321875 0.8254629625
0 0.48229166718750005 0.60694444375 0.48125 0.7699074078125 0.4838541671875 0.8328703703125001 0.48645833281249995 0.8421296296874999 0.49036458281249995 0.8444444437499999 0.5463541671875001 0.8449074078125 0.5494791671875 0.8421296296874999 0.5458333328125 0.83194444375 0.5432291671875 0.8115740734375001 0.5427083328125 0.6560185187500001 0.54375 0.60694444375 0.5479166671875 0.5865740734375 0.5479166671875 0.5745370375000001 0.5466145828125 0.571296296875 0.5419270828125 0.571296296875 0.4888020828125 0.575 0.484375 0.5875 0.48229166718750005 0.60694444375
0 0.8127604171874999 0.647222221875 0.8583333328125 0.6578703703125 0.9372395828125001 0.64351851875 0.9408854171875 0.640740740625 0.9453125 0.6300925921875 0.9453125 0.6125 0.9388020828125001 0.5990740734375 0.90390625 0.5898148140624999 0.8908854171874999 0.5898148140624999 0.8153645828125 0.6046296296875 0.81171875 0.60648148125 0.8078125 0.6152777781250001 0.8067708328125001 0.6328703703125 0.8127604171874999 0.647222221875
0 0.8619791671874999 0.7004629625 0.93828125 0.6861111109375 0.9453125 0.6763888890625 0.9458333328125 0.6523148140624999 0.9424479171875 0.64444444375 0.9372395828125001 0.64351851875 0.86015625 0.6583333328125 0.81484375 0.6490740734375 0.8088541671874999 0.6569444437499999 0.8078125 0.6773148140624999 0.8127604171874999 0.6888888890625 0.8471354171875 0.7 0.8619791671874999 0.7004629625
0 0.81640625 0.734259259375 0.8513020828125001 0.74351851875 0.8625 0.7430555562500001 0.9408854171875 0.727777778125 0.946875 0.7125 0.9463541671875 0.6958333328124999 0.9419270828125 0.6861111109375 0.9372395828125001 0.6861111109375 0.8565104171875 0.7018518515625 0.8169270828125 0.6916666671875 0.8127604171874999 0.6925925921875 0.8098958328125001 0.6976851859375001 0.8083333328125001 0.7189814812499999 0.8098958328125001 0.7254629625 0.81640625 0.734259259375
0 0.93984375 0.771296296875 0.946875 0.7606481484375001 0.9473958328125001 0.7402777781250001 0.94140625 0.727777778125 0.8580729171874999 0.74444444375 0.8174479171875 0.734259259375 0.8109375 0.7402777781250001 0.8088541671874999 0.758796296875 0.8104166671874999 0.76805555625 0.81484375 0.775 0.8578125 0.7865740734375 0.93984375 0.771296296875
0 0.9408854171875 0.8138888890624999 0.9473958328125001 0.8023148140625 0.9473958328125001 0.7800925921874999 0.94140625 0.7703703703125 0.8591145828125001 0.7870370375 0.8158854171875 0.7759259265625 0.8119791671875 0.7810185187500001 0.809375 0.803240740625 0.8138020828125001 0.8166666671874999 0.8440104171874999 0.8268518515625001 0.8625 0.828240740625 0.9408854171875 0.8138888890624999