0 0.8575520828125001 0.0018518515625 0.8341145828125001 0.015740740625 0.8080729171875 0.0240740734375 0.78671875 0.0379629625 0.7361979171875 0.08148148125 0.7286458328125 0.09120370312500001 0.728125 0.0986111109375 0.7328125 0.1254629625 0.73671875 0.1351851859375 0.7390625 0.1356481484375 0.7940104171875 0.1101851859375 0.8169270828125 0.10555555624999999 0.8606770828125001 0.10370370312499999 0.91015625 0.0759259265625 0.9192708328125001 0.06527777812499999 0.9244791671874999 0.0004629625 0.8575520828125001 0.0018518515625
0 0.9114583328125001 0.1504629625 0.9135416671875 0.1384259265625 0.9177083328125001 0.0736111109375 0.8653645828125001 0.10370370312499999 0.80859375 0.10833333281249999 0.7763020828125 0.1175925921875 0.7434895828125 0.13333333281249998 0.7354166671875 0.1476851859375 0.734375 0.16157407343750002 0.7385416671875 0.2004629625 0.74375 0.20416666718749998 0.74921875 0.2046296296875 0.76015625 0.19537037031249999 0.78984375 0.1833333328125 0.82890625 0.1759259265625 0.8674479171874999 0.1759259265625 0.90703125 0.15555555625 0.9114583328125001 0.1504629625
0 0.9088541671874999 0.1949074078125 0.9098958328125001 0.15694444375 0.86953125 0.1768518515625 0.8216145828125001 0.177777778125 0.7830729171875 0.1870370375 0.7565104171875 0.1990740734375 0.7380208328125 0.216203703125 0.7479166671875 0.26435185156249996 0.7505208328124999 0.26805555625 0.7841145828125 0.25555555625 0.83046875 0.24907407343750002 0.8705729171875 0.253703703125 0.8955729171875 0.240740740625 0.90234375 0.23518518593749999 0.9046875 0.22916666718749998 0.9088541671874999 0.1949074078125
0 0.8747395828125001 0.253703703125 0.8190104171874999 0.2518518515625 0.78203125 0.25740740781250004 0.7486979171875 0.271296296875 0.7390625 0.2856481484375 0.7432291671875 0.3273148140625 0.7484375 0.3328703703125 0.85703125 0.31944444375000003 0.8955729171875 0.30648148124999997 0.8989583328125 0.30046296250000004 0.9036458328125001 0.253240740625 0.903125 0.2384259265625 0.9013020828125 0.23611111093749998 0.8747395828125001 0.253703703125
0 0.7356770828125 0.2731481484375 0.7221354171875001 0.2759259265625 0.6997395828124999 0.2851851859375 0.6653645828125 0.290740740625 0.6388020828125 0.3 0.6338541671875 0.30601851875 0.6359375 0.3328703703125 0.63828125 0.3425925921875 0.6453125 0.34305555625 0.6763020828124999 0.33888888906250003 0.70390625 0.3398148140625 0.74140625 0.328703703125 0.7427083328124999 0.31990740781250004 0.7385416671875 0.290277778125 0.740625 0.2754629625 0.7356770828125 0.2731481484375
0 0.7356770828125 0.20648148125 0.68984375 0.2175925921875 0.6309895828125 0.246296296875 0.6276041671875 0.2513888890625 0.6286458328125 0.271759259375 0.6322916671875001 0.29305555625 0.6364583328125 0.2976851859375 0.6986979171875001 0.284259259375 0.7466145828124999 0.26851851875 0.7484375 0.26435185156249996 0.7380208328125 0.22453703749999998 0.7385416671875 0.2171296296875 0.7453125 0.20972222187499998 0.7356770828125 0.20648148125
0 0.62265625 0.1981481484375 0.6177083328124999 0.2078703703125 0.6171875 0.22175925937500002 0.6192708328125 0.240277778125 0.6244791671875001 0.246759259375 0.63046875 0.24722222187499998 0.69296875 0.21574074062499998 0.7372395828125 0.2046296296875 0.7338541671875001 0.1476851859375 0.6934895828125 0.15370370312499998 0.6513020828125 0.1759259265625 0.62265625 0.1981481484375
0 0.6942708328125 0.13194444375 0.6888020828125 0.1268518515625 0.6372395828124999 0.13055555624999998 0.59296875 0.15 0.5752604171875 0.1675925921875 0.5598958328125 0.1921296296875 0.5598958328125 0.216203703125 0.5630208328124999 0.23009259218749997 0.5671875 0.2328703703125 0.5841145828125 0.22685185156249998 0.6033854171875 0.20833333281250002 0.6153645828125 0.2046296296875 0.6544270828125 0.17314814843749998 0.6940104171875 0.15370370312499998 0.6958333328124999 0.14861111093749999 0.6942708328125 0.13194444375
0 0.5096354171875 0.3481481484375 0.5059895828125 0.34351851875 0.5018229171875 0.34444444375 0.5010416671875 0.3356481484375 0.49791666718750005 0.3291666671875 0.4984375 0.30601851875 0.5013020828125 0.3018518515625 0.50703125 0.3009259265625 0.5114583328125 0.29305555625 0.5122395828124999 0.284259259375 0.5174479171875 0.284259259375 0.52890625 0.29351851875 0.53359375 0.3018518515625 0.5611979171875 0.32777777812500003 0.5763020828125 0.33148148125 0.6221354171875 0.3046296296875 0.6244791671875001 0.2995370375 0.6213541671875 0.2615740734375 0.6174479171875 0.25648148125 0.60546875 0.2509259265625 0.56171875 0.2379629625 0.5341145828125 0.23611111093749998 0.51953125 0.240740740625 0.5049479171875 0.2509259265625 0.4671875 0.2856481484375 0.471875 0.29305555625 0.465625 0.31990740781250004 0.4671875 0.3356481484375 0.47057291718750005 0.34629629687499996 0.4799479171875 0.352777778125 0.5059895828125 0.3583333328125 0.5208333328125 0.36990740781250003 0.52890625 0.36944444375 0.53125 0.3643518515625 0.5322916671875 0.35601851875 0.53046875 0.34444444375 0.5200520828124999 0.334259259375 0.5158854171875 0.34351851875 0.5096354171875 0.3481481484375
0 0 0.45416666718750004 0.0036458328125000003 0.4773148140625 0.01015625 0.4888888890625 0.017708332812499998 0.4921296296875 0.04921875 0.490740740625 0.08463541718749999 0.4824074078125 0.10052083281249999 0.44490740781250004 0.0984375 0.41157407343749997 0.0861979171875 0.40092592656250003 0.0471354171875 0.40277777812500004 0.0247395828125 0.4129629625 0.009114582812499999 0.43148148124999997 0.0018229171874999998 0.43333333281249997 0 0.4365740734375 0 0.45416666718750004
0 0.09296875 0.46481481406249997 0.0856770828125 0.48148148125 0.0799479171875 0.48518518593750004 0.04765625 0.4916666671875 0.0111979171875 0.49259259218749996 0.0083333328125 0.5023148140625 0.0098958328125 0.5171296296875 0.0166666671875 0.540277778125 0.0229166671875 0.5486111109375 0.0471354171875 0.540740740625 0.09453125 0.5148148140625 0.10390625 0.5138888890625 0.1109375 0.5041666671875 0.1067708328125 0.4763888890625 0.1018229171875 0.46666666718750005 0.09296875 0.46481481406249997
0 0.02734375 0.55 0.02265625 0.55 0.0153645828125 0.54351851875 0.013020832812499999 0.5504629624999999 0.0151041671875 0.58194444375 0.017708332812499998 0.5958333328125 0.0229166671875 0.6041666671875 0.050260417187499996 0.5953703703125 0.0997395828125 0.5703703703125 0.109375 0.5541666671875001 0.10625 0.5263888890625 0.09921875 0.515740740625 0.09296875 0.515740740625 0.02734375 0.55
0 0.02109375 0.6074074078125 0.0197916671875 0.61898148125 0.0229166671875 0.6504629625 0.0270833328125 0.671759259375 0.029166667187500002 0.6726851859375 0.0497395828125 0.66851851875 0.1169270828125 0.6416666671875 0.11927083281249999 0.6291666671875 0.1177083328125 0.6041666671875 0.1098958328125 0.5615740734375 0.08984375 0.578703703125 0.02109375 0.6074074078125
0 0.03125 0.70694444375 0.0348958328125 0.7199074078125001 0.0385416671875 0.7226851859375001 0.1252604171875 0.6777777781250001 0.1270833328125 0.6726851859375 0.12552083281249998 0.640277778125 0.12109375 0.6351851859375001 0.11484375 0.64444444375 0.02890625 0.6759259265625001 0.03125 0.70694444375
0 0.03515625 0.7231481484375 0.0348958328125 0.74398148125 0.0385416671875 0.7578703703125 0.0416666671875 0.7615740734374999 0.051302082812500004 0.7601851859375001 0.1263020828125 0.7111111109375 0.128125 0.70694444375 0.1276041671875 0.6800925921875 0.12109375 0.678703703125 0.0419270828125 0.7231481484375 0.03515625 0.7231481484375
0 0.1247395828125 0.7129629625 0.0481770828125 0.7620370375000001 0.0388020828125 0.7638888890625 0.0385416671875 0.7773148140624999 0.0416666671875 0.7958333328125 0.0479166671875 0.80694444375 0.054427082812500006 0.80648148125 0.09505208281250001 0.7805555562500001 0.1341145828125 0.7620370375000001 0.1354166671875 0.7430555562500001 0.1317708328125 0.7199074078125001 0.12890625 0.7129629625 0.1247395828125 0.7129629625
0 0.13723958281249998 0.7638888890625 0.1330729171875 0.7620370375000001 0.04609375 0.8101851859375 0.04375 0.8171296296874999 0.0463541671875 0.834722221875 0.05078125 0.8425925921875 0.05546875 0.8398148140625 0.058333332812500006 0.8449074078125 0.06588541718749999 0.8453703703125001 0.07473958281250001 0.8379629625 0.0908854171875 0.8333333328125001 0.1403645828125 0.809259259375 0.1432291671875 0.7986111109375 0.1416666671875 0.7754629625 0.13723958281249998 0.7638888890625
0 0.00390625 0.3981481484375 0.0080729171875 0.3925925921875 0.01640625 0.3925925921875 0.034375 0.40416666718750005 0.0765625 0.3976851859375 0.0684895828125 0.3768518515625 0.0481770828125 0.3481481484375 0.0325520828125 0.3398148140625 0.0002604171875 0.3324074078125 0 0.396759259375 0.00390625 0.3981481484375