0 0.6020833328124999 0.6416666671875 0.60625 0.6370370375000001 0.6078125 0.6129629624999999 0.6104166671875 0.603703703125 0.6182291671875 0.5925925921874999 0.6177083328124999 0.5870370375 0.58125 0.5666666671875 0.559375 0.5629629625 0.5401041671875 0.5629629625 0.5223958328125 0.5694444437499999 0.5177083328125 0.58055555625 0.5177083328125 0.6120370375 0.525 0.6231481484375 0.5682291671875 0.6416666671875 0.5916666671875 0.64444444375 0.6020833328124999 0.6416666671875
0 0.6388020828125 0.578703703125 0.6190104171875 0.590740740625 0.6078125 0.608796296875 0.6072916671875 0.628240740625 0.6091145828125 0.6351851859375001 0.64609375 0.6203703703125 0.67421875 0.6240740734375 0.7059895828125 0.6351851859375001 0.7130208328125 0.6615740734375 0.7174479171875 0.6611111109375 0.7247395828125 0.652777778125 0.7354166671875 0.628240740625 0.7348958328124999 0.6106481484375 0.72421875 0.5962962968750001 0.6731770828125 0.5824074078125 0.6388020828125 0.578703703125
0 0.6924479171875 0.6296296296875 0.6497395828125 0.6203703703125 0.60859375 0.6370370375000001 0.5924479171875 0.646296296875 0.5828125 0.6560185187500001 0.5822916671875 0.678240740625 0.5846354171875 0.7009259265625001 0.59921875 0.7083333328125 0.6505208328125 0.7189814812499999 0.6658854171875 0.7166666671875 0.6997395828124999 0.6861111109375 0.709375 0.66898148125 0.709375 0.6486111109375 0.7072916671875 0.6393518515625 0.70390625 0.634259259375 0.6924479171875 0.6296296296875
0 0.66328125 0.7203703703125 0.65078125 0.7203703703125 0.5950520828125 0.7074074078125 0.5908854171875 0.7083333328125 0.5838541671875 0.7189814812499999 0.5833333328125 0.7449074078125 0.5861979171875 0.753703703125 0.5908854171875 0.7583333328124999 0.6557291671875001 0.7773148140624999 0.6653645828125 0.777777778125 0.6705729171875 0.7740740734375 0.6973958328125 0.728240740625 0.703125 0.7106481484375 0.703125 0.6949074078125 0.7013020828125 0.6888888890625 0.66328125 0.7203703703125
0 0.4877604171875 0.6703703703125 0.45026041718750004 0.6925925921875 0.44375 0.7023148140625 0.44375 0.734722221875 0.44817708281249996 0.74351851875 0.51015625 0.7611111109375 0.540625 0.7745370375 0.5453125 0.7356481484375 0.57265625 0.7101851859375 0.5760416671875 0.7041666671875 0.5736979171875001 0.6972222218749999 0.5684895828125 0.6925925921875 0.5169270828125 0.6759259265625001 0.4877604171875 0.6703703703125
0 0.6731770828125 0.7740740734375 0.66328125 0.7796296296875 0.5934895828125 0.7601851859375001 0.5872395828125 0.75555555625 0.5828125 0.74398148125 0.5833333328125 0.7180555562500001 0.5890625 0.7115740734375 0.5846354171875 0.70555555625 0.5768229171875 0.7074074078125 0.5453125 0.7365740734374999 0.5432291671875 0.7763888890625 0.5466145828125 0.784259259375 0.56484375 0.79351851875 0.6169270828125 0.809259259375 0.6565104171875 0.827777778125 0.6703125 0.83101851875 0.6830729171875001 0.8259259265625 0.6927083328125 0.809722221875 0.6901041671875 0.8013888890624999 0.69375 0.7819444437499999 0.6947916671875001 0.7578703703125 0.6908854171875001 0.7481481484375 0.6731770828125 0.7740740734375
0 0.5716145828125 0.797222221875 0.5466145828125 0.784259259375 0.540625 0.7884259265625 0.5401041671875 0.8263888890625 0.5419270828125 0.83148148125 0.6205729171875001 0.85648148125 0.6541666671875 0.8726851859375 0.65859375 0.872222221875 0.6752604171875001 0.8518518515625001 0.6822916671875 0.840277778125 0.6828125 0.833796296875 0.6674479171875001 0.834259259375 0.6361979171875001 0.8175925921875 0.5716145828125 0.797222221875
0 0.44114583281249997 0.7773148140624999 0.44609375 0.7851851859375001 0.5307291671875001 0.8143518515625001 0.53828125 0.8148148140625 0.5395833328124999 0.8115740734375001 0.540625 0.7791666671875 0.5388020828125 0.7731481484375 0.5111979171875001 0.7620370375000001 0.4427083328125 0.7430555562500001 0.44114583281249997 0.7773148140624999
0 0.44296875 0.7824074078125001 0.4390625 0.7865740734375 0.4390625 0.81898148125 0.4440104171875 0.8268518515625001 0.5322916671875 0.858796296875 0.5354166671875 0.85694444375 0.5359375 0.834722221875 0.5385416671875001 0.8254629625 0.5361979171875 0.8166666671874999 0.4653645828125 0.79444444375 0.45026041718750004 0.7888888890625 0.44296875 0.7824074078125001
0 0.65390625 0.8740740734375001 0.62578125 0.8601851859374999 0.55234375 0.8379629625 0.54140625 0.83148148125 0.5364583328125 0.8365740734375 0.5369791671875 0.8726851859375 0.5403645828125 0.877777778125 0.6442708328125 0.921759259375 0.6497395828125 0.922222221875 0.6580729171875 0.9166666671874999 0.6833333328125 0.883796296875 0.6848958328125 0.86898148125 0.68203125 0.8462962968750001 0.6622395828125 0.8703703703125001 0.65390625 0.8740740734375001
0 0.68203125 0.8898148140625001 0.65859375 0.9203703703125001 0.6502604171875 0.925 0.5919270828125 0.9018518515625 0.54453125 0.878703703125 0.5401041671875 0.8800925921875 0.5403645828125 0.915740740625 0.6325520828125 0.9685185187500001 0.6463541671875 0.98101851875 0.65078125 0.9796296296874999 0.6580729171875 0.9703703703125001 0.66796875 0.9509259265625 0.6895833328125 0.9208333328125 0.6921875 0.9041666671874999 0.68828125 0.8916666671875 0.68203125 0.8898148140625001
0 0.5114583328125 0.3356481484375 0.5171875 0.3328703703125 0.5169270828125 0.3120370375 0.4986979171875 0.3018518515625 0.4927083328125 0.308796296875 0.4916666671875 0.32453703749999996 0.4934895828125 0.3296296296875 0.5114583328125 0.3356481484375
0 0.5625 0.3134259265625 0.5611979171875 0.29722222187499997 0.5486979171875 0.29444444375 0.5427083328125 0.2986111109375 0.54296875 0.3101851859375 0.55625 0.315277778125 0.5625 0.3134259265625
0 0.534375 0.334722221875 0.5411458328125 0.3328703703125 0.53984375 0.315740740625 0.5268229171875001 0.3120370375 0.5197916671875 0.315277778125 0.51875 0.3273148140625 0.5205729171875 0.33055555625 0.534375 0.334722221875
0 0.490625 0.30416666718749996 0.4916666671875 0.2865740734375 0.48932291718750004 0.27870370312500004 0.4661458328125 0.2800925921875 0.4682291671875 0.3023148140625 0.47552083281249996 0.30601851875 0.490625 0.30416666718749996
0 0.5963541671875 0.3578703703125 0.6052083328125 0.35601851875 0.6041666671875 0.3421296296875 0.5966145828125 0.3361111109375 0.5872395828125 0.334259259375 0.5854166671875001 0.3421296296875 0.5875 0.35601851875 0.5963541671875 0.3578703703125
0 0.5838541671875 0.3328703703125 0.58203125 0.31759259218749997 0.5721354171875 0.3138888890625 0.5645833328125 0.3171296296875 0.56484375 0.33148148125 0.578125 0.334722221875 0.5838541671875 0.3328703703125
0 0.6036458328125 0.316203703125 0.60234375 0.3 0.5872395828125 0.2953703703125 0.5828125 0.30046296250000004 0.5841145828125 0.315740740625 0.5994791671875 0.31990740781250004 0.6036458328125 0.316203703125
0 0.5385416671875001 0.2856481484375 0.5372395828125 0.26851851875 0.5174479171875 0.26203703749999996 0.5145833328125 0.26527777812500003 0.5158854171875 0.28611111093749997 0.5317708328124999 0.2884259265625 0.5385416671875001 0.2856481484375
0 0.6385416671875 0.30416666718749996 0.6390625 0.2884259265625 0.6231770828125 0.2824074078125 0.6213541671875 0.30046296250000004 0.6231770828125 0.303703703125 0.6338541671875 0.30601851875 0.6385416671875 0.30416666718749996
0 0.6390625 0.3226851859375 0.63828125 0.3083333328125 0.62421875 0.3046296296875 0.6213541671875 0.3078703703125 0.62265625 0.321296296875 0.6348958328125 0.3254629625 0.6390625 0.3226851859375
0 0.41302083281249996 0.321759259375 0.43255208281249996 0.321296296875 0.43385416718750003 0.30046296250000004 0.43151041718750005 0.296296296875 0.4049479171875 0.2953703703125 0.4015625 0.30601851875 0.40208333281249997 0.3171296296875 0.41302083281249996 0.321759259375