0 0.3684895828125 0.459259259375 0.3434895828125 0.4370370375 0.3377604171875 0.434259259375 0.3333333328125 0.4365740734375 0.33125 0.466203703125 0.3322916671875 0.490277778125 0.32760416718749996 0.51898148125 0.3260416671875 0.553240740625 0.328125 0.6180555562500001 0.3299479171875 0.6240740734375 0.3330729171875 0.6259259265625 0.35104166718749996 0.6263888890625 0.39505208281250004 0.6231481484375 0.40520833281249996 0.6180555562500001 0.4057291671875 0.6134259265625001 0.3958333328125 0.584722221875 0.3953125 0.5606481484375 0.3994791671875 0.540277778125 0.40416666718750005 0.49583333281249997 0.40833333281249995 0.471759259375 0.4109375 0.4671296296875 0.40598958281249997 0.44907407343749994 0.38984375 0.4583333328125 0.3684895828125 0.459259259375
0 0.4973958328125 0.5912037031249999 0.496875 0.6208333328125 0.5002604171875 0.6240740734375 0.5640625 0.63101851875 0.5671875 0.6208333328125 0.5671875 0.5328703703125 0.5625 0.45231481406249996 0.5591145828124999 0.4481481484375 0.54609375 0.44444444375 0.5231770828125 0.4583333328125 0.5059895828125 0.45648148125 0.49244791718750003 0.459259259375 0.48802083281249997 0.4763888890625 0.49322916718750004 0.51898148125 0.49375 0.5523148140624999 0.4973958328125 0.5912037031249999
0 0.48619791718750005 0.47222222187499996 0.48854166718750003 0.459722221875 0.48463541718750003 0.447222221875 0.4752604171875 0.4379629625 0.43359375 0.43333333281249997 0.42421875 0.4370370375 0.41822916718750003 0.446759259375 0.4203125 0.46342592656250003 0.42578125 0.47407407343749997 0.4674479171875 0.471296296875 0.4791666671875 0.4754629625 0.48619791718750005 0.47222222187499996
0 0.4721354171875 0.3898148140625 0.46380208281249996 0.3851851859375 0.43463541718750004 0.38333333281250004 0.42265625 0.3861111109375 0.41770833281249997 0.391203703125 0.42109375 0.4138888890625 0.47239583281249997 0.4199074078125 0.4760416671875 0.415277778125 0.47864583281249995 0.4050925921875 0.4721354171875 0.3898148140625
0 0.565625 0.42453703750000005 0.5731770828125 0.41018518593750003 0.6236979171875 0.4074074078125 0.628125 0.396759259375 0.6291666671875 0.38009259218749997 0.6200520828125 0.3740740734375 0.6106770828125 0.3740740734375 0.5690104171875 0.38333333281250004 0.5627604171875 0.3888888890625 0.5604166671875 0.3986111109375 0.5609375 0.41805555625 0.5638020828125 0.425 0.565625 0.42453703750000005
0 0.6231770828125 0.49259259218749996 0.6296875 0.47083333281249995 0.63125 0.4495370375 0.62734375 0.447222221875 0.6122395828125 0.45370370312499997 0.5752604171875 0.4574074078125 0.565625 0.47361111093749997 0.5666666671875 0.496759259375 0.5692708328125 0.5023148140625 0.5888020828125 0.49444444374999996 0.6231770828125 0.49259259218749996
0 0.6216145828124999 0.3351851859375 0.628125 0.32083333281250004 0.628125 0.3078703703125 0.6158854171875 0.3018518515625 0.5888020828125 0.3018518515625 0.5747395828124999 0.3083333328125 0.5635416671875 0.3226851859375 0.5630208328124999 0.3393518515625 0.565625 0.3495370375 0.5966145828125 0.33888888906250003 0.6216145828124999 0.3351851859375
0 0.6205729171875001 0.3740740734375 0.625 0.3625 0.6286458328125 0.3365740734375 0.5981770828124999 0.33888888906250003 0.56953125 0.3481481484375 0.5645833328125 0.3550925921875 0.5625 0.3634259265625 0.5625 0.378240740625 0.5651041671875 0.3856481484375 0.5940104171875 0.3759259265625 0.6205729171875001 0.3740740734375
0 0.43723958281249997 0.38333333281250004 0.47161458281249996 0.38703703749999996 0.475 0.38194444375000003 0.4760416671875 0.3745370375 0.4734375 0.365277778125 0.46119791718750003 0.34722222187499996 0.43567708281249995 0.34629629687499996 0.4231770828125 0.352777778125 0.4171875 0.36064814843750004 0.41510416718750004 0.383796296875 0.4203125 0.3875 0.43723958281249997 0.38333333281250004
0 0.47421875 0.509259259375 0.48125 0.4995370375 0.4838541671875 0.4875 0.47578125 0.475 0.46848958281249997 0.471296296875 0.44505208281249997 0.471296296875 0.42161458281249997 0.4768518515625 0.41770833281249997 0.48194444374999995 0.41770833281249997 0.4893518515625 0.4265625 0.515277778125 0.4302083328125 0.5171296296875 0.47421875 0.509259259375
0 0.48541666718750004 0.5134259265625001 0.4700520828125 0.5101851859375001 0.42942708281249997 0.5175925921875 0.428125 0.5254629625 0.440625 0.559722221875 0.4440104171875 0.565740740625 0.4515625 0.5671296296875 0.46588541718750004 0.559259259375 0.48515625 0.5546296296875 0.48541666718750004 0.5134259265625001
0 0.43932291718750005 0.3453703703125 0.46276041718750005 0.34722222187499996 0.4682291671875 0.334722221875 0.4682291671875 0.32453703749999996 0.45703125 0.3101851859375 0.41640625 0.3138888890625 0.41197916718750005 0.32083333281250004 0.41614583281249995 0.32824074062499997 0.4145833328125 0.3495370375 0.41588541718750005 0.353703703125 0.41979166718750005 0.3550925921875 0.43932291718750005 0.3453703703125
0 0.44635416718750004 0.6208333328125 0.45807291718750004 0.6175925921875 0.4578125 0.60694444375 0.4302083328125 0.5337962968750001 0.4135416671875 0.47083333281249995 0.40911458281249996 0.46851851875 0.4015625 0.516203703125 0.4 0.54305555625 0.3947916671875 0.565277778125 0.39791666718749996 0.5921296296875 0.4057291671875 0.616203703125 0.40911458281249996 0.6203703703125 0.44635416718750004 0.6208333328125
0 0.6231770828125 0.54444444375 0.60859375 0.5490740734374999 0.6044270828125 0.559259259375 0.5856770828125 0.5666666671875 0.57265625 0.578703703125 0.5682291671875 0.5893518515625 0.5671875 0.6125 0.5721354171875 0.622222221875 0.6125 0.6236111109375 0.6200520828125 0.622222221875 0.6325520828125 0.6101851859375 0.6520833328125 0.6050925921875 0.6546875 0.5736111109375 0.653125 0.528240740625 0.6513020828125 0.522222221875 0.6471354171875 0.522222221875 0.64453125 0.5324074078125001 0.63671875 0.5398148140625 0.63046875 0.540740740625 0.62734375 0.5370370375 0.6231770828125 0.54444444375