0 0.54296875 0.3861111109375 0.5299479171875 0.3898148140625 0.5203125 0.3976851859375 0.5182291671875 0.41898148125 0.5213541671875 0.44305555625000004 0.52890625 0.45648148125 0.5390625 0.4578703703125 0.56796875 0.4574074078125 0.5744791671875 0.4495370375 0.5760416671875 0.4328703703125 0.5697916671875001 0.40416666718750005 0.5653645828125 0.39444444375 0.55703125 0.3879629625 0.54296875 0.3861111109375
0 0.6541666671875 0.51805555625 0.6455729171875 0.5074074078125 0.62890625 0.503703703125 0.6013020828125 0.5046296296875 0.5856770828125 0.5138888890625 0.5828125 0.5208333328125 0.5770833328125 0.578240740625 0.5703125 0.5958333328125 0.5703125 0.6041666671875 0.6255208328124999 0.6125 0.6466145828125 0.6129629624999999 0.6578125 0.5986111109375 0.6588541671875 0.5912037031249999 0.65625 0.5791666671875 0.6552083328125 0.553240740625 0.65625 0.5291666671875 0.6541666671875 0.51805555625
0 0.7263020828125 1 0.73125 0.9828703703125001 0.7317708328125 0.9680555562500001 0.7270833328124999 0.9504629625 0.72109375 0.9398148140625 0.7138020828125 0.9333333328125001 0.67890625 0.9240740734375 0.6434895828125 0.9268518515625 0.6315104171875 0.9324074078125 0.621875 0.9421296296874999 0.6192708328125 0.9976851859375 0.6223958328125 1 0.7263020828125 1
0 0.61953125 0.2509259265625 0.6145833328125 0.26898148125 0.615625 0.2893518515625 0.6190104171875 0.29722222187499997 0.62578125 0.303703703125 0.6401041671875001 0.30601851875 0.6486979171875 0.30648148124999997 0.6557291671875001 0.2976851859375 0.6572916671875 0.2828703703125 0.6536458328125 0.2625 0.6455729171875 0.2518518515625 0.63828125 0.24907407343750002 0.61953125 0.2509259265625
0 0.6458333328125 0.3115740734375 0.6442708328125 0.31990740781250004 0.6395833328125 0.3273148140625 0.6401041671875001 0.333796296875 0.6723958328124999 0.34120370312500004 0.6799479171875 0.3416666671875 0.6875 0.334722221875 0.6822916671875 0.30601851875 0.6700520828125 0.284259259375 0.65859375 0.2824074078125 0.6552083328125 0.3013888890625 0.6458333328125 0.3115740734375
0 0.61171875 0.275 0.6018229171875 0.275 0.5973958328125 0.2800925921875 0.5953125 0.2921296296875 0.5979166671875 0.30601851875 0.5958333328125 0.31990740781250004 0.5971354171875001 0.32592592656249997 0.6322916671875001 0.33194444375 0.6356770828125 0.3324074078125 0.64375 0.31898148125 0.6434895828125 0.309259259375 0.62734375 0.30555555624999997 0.61953125 0.3 0.6161458328125 0.29398148125 0.61171875 0.275
0 0.6114583328125 0.36157407343750003 0.63359375 0.3611111109375 0.6369791671875 0.353240740625 0.6385416671875 0.34027777812500004 0.6330729171875 0.3324074078125 0.59609375 0.328703703125 0.590625 0.353240740625 0.6114583328125 0.36157407343750003
0 0.64140625 0.3611111109375 0.66171875 0.3638888890625 0.6776041671875 0.3708333328125 0.6833333328125 0.3643518515625 0.6822916671875 0.353240740625 0.6783854171875 0.3425925921875 0.6434895828125 0.3361111109375 0.6395833328125 0.3393518515625 0.6385416671875 0.3550925921875 0.64140625 0.3611111109375
0 0.5872395828125 0.38055555625 0.5950520828125 0.38333333281250004 0.6208333328125 0.3865740734375 0.6309895828125 0.3851851859375 0.6348958328125 0.366203703125 0.6325520828125 0.36296296250000004 0.60703125 0.3620370375 0.5919270828125 0.3574074078125 0.5859375 0.3754629625 0.5872395828125 0.38055555625
0 0.6364583328125 0.3671296296875 0.6338541671875 0.3828703703125 0.6361979171875001 0.3888888890625 0.66875 0.39398148125 0.6752604171875001 0.39444444375 0.678125 0.391203703125 0.6807291671875 0.383796296875 0.6783854171875 0.372222221875 0.6549479171875 0.36296296250000004 0.6393229171875 0.36296296250000004 0.6364583328125 0.3671296296875
0 0.6328125 0.4050925921875 0.63515625 0.41111111093749997 0.6703125 0.42083333281249996 0.6752604171875001 0.42129629687500003 0.678125 0.416203703125 0.678125 0.40046296249999996 0.6752604171875001 0.396296296875 0.6388020828125 0.3916666671875 0.6333333328124999 0.3986111109375 0.6328125 0.4050925921875
0 0.5838541671875 0.383796296875 0.5838541671875 0.396759259375 0.5888020828125 0.40648148125 0.6182291671875 0.4199074078125 0.6252604171875 0.4203703703125 0.6302083328125 0.416203703125 0.6317708328125 0.4050925921875 0.6283854171875001 0.39074074062499997 0.59296875 0.38333333281250004 0.58828125 0.3796296296875 0.5838541671875 0.383796296875
0 0.63125 0.41805555625 0.63125 0.4263888890625 0.6346354171875 0.4361111109375 0.6434895828125 0.44259259218749997 0.6661458328125 0.4495370375 0.6731770828125 0.44907407343749994 0.6760416671875 0.44398148125 0.6760416671875 0.43194444374999996 0.6731770828125 0.42314814843750004 0.6419270828125 0.4129629625 0.6346354171875 0.4129629625 0.63125 0.41805555625
0 0.55546875 0.25555555625 0.5489583328125 0.2671296296875 0.5401041671875 0.3013888890625 0.5440104171875 0.3083333328125 0.55625 0.3125 0.5747395828124999 0.3120370375 0.584375 0.3013888890625 0.5880208328125 0.2726851859375 0.5861979171875 0.2509259265625 0.5752604171875 0.24814814843750002 0.5622395828125 0.2509259265625 0.55546875 0.25555555625