0 0.1247395828125 0.2046296296875 0.1354166671875 0.20509259218749998 0.1385416671875 0.20231481406250001 0.1432291671875 0.18194444375000002 0.1432291671875 0.1671296296875 0.1408854171875 0.15925925937500002 0.1263020828125 0.15092592656249998 0.11119791718750001 0.1324074078125 0.08671875 0.11388888906250001 0.05703125 0.097222221875 0 0.0745370375 0.0002604171875 0.17314814843749998 0.07578125 0.1833333328125 0.1247395828125 0.2046296296875
0 0.12578125 0.28055555625 0.1338541671875 0.28194444375 0.1385416671875 0.278240740625 0.14114583281249998 0.24490740781250003 0.14114583281249998 0.2226851859375 0.1341145828125 0.2101851859375 0.09140625 0.190740740625 0.0481770828125 0.178703703125 0 0.1763888890625 0.0002604171875 0.25 0.0315104171875 0.25 0.06328125 0.25555555625 0.09817708281250001 0.2648148140625 0.12578125 0.28055555625
0 0.1330729171875 0.2888888890625 0.1205729171875 0.27777777812500004 0.09036458281250001 0.2629629625 0.0481770828125 0.253703703125 0 0.253240740625 0.0002604171875 0.32592592656249997 0.08463541718749999 0.334259259375 0.11901041718750001 0.34722222187499996 0.1260416671875 0.346759259375 0.1385416671875 0.2986111109375 0.1330729171875 0.2888888890625
0 0.1385416671875 0.36157407343750003 0.12578125 0.35 0.0877604171875 0.3361111109375 0.04453125 0.3296296296875 0 0.3291666671875 0.0002604171875 0.40092592656250003 0.0356770828125 0.403703703125 0.0471354171875 0.40833333281249995 0.1328125 0.41342592656250005 0.1354166671875 0.408796296875 0.1385416671875 0.36157407343750003
0 0.2169270828125 0.24351851875000002 0.2671875 0.271759259375 0.271875 0.23101851875 0.2669270828125 0.22407407343750002 0.26328125 0.22407407343750002 0.2565104171875 0.21203703749999997 0.20442708281250002 0.1675925921875 0.18828125 0.1629629625 0.14791666718750002 0.16157407343750002 0.14010416718750002 0.216203703125 0.1434895828125 0.22407407343750002 0.1809895828125 0.22407407343750002 0.1971354171875 0.23611111093749998 0.2169270828125 0.24351851875000002
0 0.2625 0.32453703749999996 0.271875 0.32083333281250004 0.275 0.291203703125 0.27265625 0.27870370312500004 0.2591145828125 0.2675925921875 0.1971354171875 0.23611111093749998 0.18203125 0.225 0.14453125 0.22685185156249998 0.1421875 0.23101851875 0.1380208328125 0.2791666671875 0.1403645828125 0.2833333328125 0.1955729171875 0.29444444375 0.2625 0.32453703749999996
0 0.2598958328125 0.371759259375 0.2640625 0.3513888890625 0.2645833328125 0.3328703703125 0.26015625 0.325 0.1955729171875 0.2953703703125 0.1369791671875 0.2865740734375 0.1390625 0.3013888890625 0.1291666671875 0.3421296296875 0.13046875 0.3490740734375 0.18359375 0.3638888890625 0.2552083328125 0.378240740625 0.2598958328125 0.371759259375
0 0.1794270828125 0.42222222187499997 0.2526041671875 0.42453703750000005 0.2567708328125 0.41898148125 0.2588541671875 0.3828703703125 0.2559895828125 0.38055555625 0.2153645828125 0.36944444375 0.1893229171875 0.36666666718749996 0.1549479171875 0.35555555625 0.134375 0.35601851875 0.1395833328125 0.3634259265625 0.1364583328125 0.39953703749999997 0.1364583328125 0.40694444374999994 0.1388020828125 0.41203703750000004 0.1794270828125 0.42222222187499997
0 0.2841145828125 0.284259259375 0.3138020828125 0.30740740781250003 0.3338541671875 0.3134259265625 0.3411458328125 0.291203703125 0.340625 0.2736111109375 0.3356770828125 0.2638888890625 0.3221354171875 0.24722222187499998 0.30234375 0.23055555625 0.28046875 0.21851851875 0.2598958328125 0.216203703125 0.27291666718749996 0.23101851875 0.2677083328125 0.26527777812500003 0.26901041718749996 0.2731481484375 0.2763020828125 0.28148148125 0.2841145828125 0.284259259375
0 0.328125 0.3356481484375 0.32890625 0.3138888890625 0.31015625 0.30555555624999997 0.2872395828125 0.2870370375 0.2783854171875 0.2824074078125 0.275 0.28472222187499996 0.2734375 0.31898148125 0.2669270828125 0.325 0.2658854171875 0.3296296296875 0.2752604171875 0.3361111109375 0.3223958328125 0.3495370375 0.328125 0.3356481484375
0 0.3174479171875 0.3888888890625 0.31979166718749996 0.38101851875000003 0.3213541671875 0.3634259265625 0.3200520828125 0.3509259265625 0.29921875 0.3416666671875 0.2674479171875 0.3324074078125 0.26510416718749996 0.334722221875 0.2606770828125 0.378703703125 0.2705729171875 0.38240740781250004 0.2908854171875 0.38055555625 0.3145833328125 0.39027777812500003 0.3174479171875 0.3888888890625
0 0.3171875 0.41898148125 0.3171875 0.396759259375 0.31484375 0.3916666671875 0.29453125 0.38148148125 0.27421875 0.38333333281250004 0.2627604171875 0.38055555625 0.25833333281250004 0.3875 0.25625 0.41805555625 0.25859375 0.4240740734375 0.26953125 0.427777778125 0.3145833328125 0.42731481406249994 0.3171875 0.41898148125
0 0.8190104171874999 0.5416666671875 0.84140625 0.547222221875 0.86875 0.5486111109375 0.8872395828125 0.547222221875 0.8921875 0.541203703125 0.8963541671874999 0.5078703703125 0.89453125 0.490740740625 0.8846354171874999 0.48703703750000005 0.8716145828125 0.471296296875 0.85703125 0.46481481406249997 0.8174479171875 0.46481481406249997 0.80625 0.4754629625 0.8046875 0.48842592656250006 0.8057291671875 0.5097222218749999 0.8190104171874999 0.5416666671875
0 0.8786458328125001 0.6050925921875 0.88359375 0.6018518515625 0.890625 0.5856481484375 0.8921875 0.55694444375 0.8903645828125001 0.55 0.8221354171874999 0.54444444375 0.8190104171874999 0.5425925921875 0.81171875 0.5259259265625 0.8044270828125001 0.527777778125 0.8 0.5328703703125 0.7953125 0.5634259265625 0.7981770828125 0.571296296875 0.8786458328125001 0.6050925921875
0 0.85234375 0.6509259265625 0.8833333328125 0.6606481484375 0.8864583328125001 0.6569444437499999 0.8875 0.6476851859375 0.8890625 0.6050925921875 0.88671875 0.6009259265625 0.88203125 0.60555555625 0.87421875 0.60555555625 0.8127604171874999 0.5768518515625 0.80546875 0.5796296296875 0.8 0.5930555562500001 0.7989583328125 0.6171296296875 0.8080729171875 0.63055555625 0.85234375 0.6509259265625
0 0.88125 0.7254629625 0.8833333328125 0.70694444375 0.8859375 0.6699074078125 0.8846354171874999 0.6629629625 0.8205729171874999 0.6388888890625 0.8 0.6236111109375 0.7921875 0.6699074078125 0.7916666671875 0.69305555625 0.79453125 0.703703703125 0.8471354171875 0.722222221875 0.8791666671874999 0.7291666671875 0.88125 0.7254629625
0 0.8729166671874999 0.7791666671875 0.8765625 0.7763888890625 0.8786458328125001 0.7634259265625001 0.8802083328125001 0.7356481484375 0.8783854171875 0.73055555625 0.79609375 0.70555555625 0.7924479171875001 0.6990740734374999 0.7888020828125 0.6990740734374999 0.7864583328125 0.7041666671875 0.7848958328125 0.7254629625 0.7893229171875 0.740740740625 0.8658854171874999 0.7787037031249999 0.8729166671874999 0.7791666671875
0 0.8770833328125001 0.790277778125 0.8752604171874999 0.7787037031249999 0.8674479171874999 0.7796296296875 0.80859375 0.7481481484375 0.7869791671875 0.741203703125 0.7854166671875 0.7671296296875 0.7877604171875 0.7768518515625 0.8627604171875 0.81851851875 0.8723958328125001 0.8199074078124999 0.875 0.8143518515625001 0.8770833328125001 0.790277778125
0 0.87265625 0.821296296875 0.8658854171874999 0.8203703703125 0.7888020828125 0.7768518515625 0.7838541671875 0.784722221875 0.7802083328125 0.8106481484374999 0.78203125 0.8268518515625001 0.8200520828125001 0.8435185187500001 0.8627604171875 0.8675925921875001 0.86875 0.8671296296875 0.871875 0.858796296875 0.87265625 0.821296296875
0 0.8486979171875 0.9055555562500001 0.8567708328125001 0.9060185187500001 0.8627604171875 0.9009259265624999 0.8677083328125 0.9023148140625 0.8703125 0.8847222218749999 0.86953125 0.86944444375 0.7856770828124999 0.828703703125 0.78046875 0.83055555625 0.775 0.8439814812499999 0.7739583328124999 0.866203703125 0.775 0.871759259375 0.7809895828125 0.878703703125 0.83984375 0.8990740734375 0.8486979171875 0.9055555562500001