0 0.3846354171875 0.20277777812500003 0.38229166718749996 0.2078703703125 0.38125 0.2884259265625 0.3830729171875 0.2925925921875 0.39609375 0.2925925921875 0.4174479171875 0.284259259375 0.44296875 0.284259259375 0.4875 0.2976851859375 0.49401041718750005 0.2953703703125 0.5049479171875 0.284259259375 0.5098958328125 0.27453703749999997 0.5114583328125 0.26527777812500003 0.4955729171875 0.24259259218749998 0.48359375 0.23148148124999998 0.47109375 0.20555555625 0.46380208281249996 0.197222221875 0.44609375 0.1888888890625 0.42369791718750005 0.1870370375 0.3924479171875 0.1981481484375 0.3846354171875 0.20277777812500003
0 0.38125 0.3708333328125 0.3830729171875 0.3759259265625 0.3875 0.3763888890625 0.41015625 0.371296296875 0.48255208281249995 0.3740740734375 0.49322916718750004 0.3634259265625 0.49583333281249997 0.3384259265625 0.50625 0.3273148140625 0.5088541671875 0.3143518515625 0.49817708281249995 0.303703703125 0.43671875 0.284259259375 0.4184895828125 0.284259259375 0.38515625 0.2953703703125 0.38125 0.30046296250000004 0.38125 0.3708333328125
0 0.3817708328125 0.44768518593750006 0.3846354171875 0.45370370312499997 0.40130208281249996 0.447222221875 0.43255208281249996 0.44351851875000003 0.45494791718750005 0.447222221875 0.46953125 0.45370370312499997 0.48020833281249997 0.45324074062499997 0.49036458281249995 0.447222221875 0.49427083281249995 0.43101851875 0.5065104171875 0.4203703703125 0.5083333328124999 0.415277778125 0.5083333328124999 0.4106481484375 0.49036458281249995 0.38333333281250004 0.47838541718750005 0.3768518515625 0.4283854171875 0.372222221875 0.4106770828125 0.372222221875 0.3856770828125 0.378703703125 0.38125 0.3828703703125 0.3817708328125 0.44768518593750006
0 0.3846354171875 0.5166666671875 0.43984375 0.51851851875 0.47578125 0.5296296296875 0.49010416718750005 0.5300925921874999 0.50546875 0.5166666671875 0.5119791671875 0.4995370375 0.50625 0.49490740781250003 0.5065104171875 0.4879629625 0.50234375 0.48981481406249994 0.47734375 0.45555555625000005 0.44713541718750005 0.44629629687500005 0.42005208281249995 0.4453703703125 0.3997395828125 0.44907407343749994 0.38229166718749996 0.458796296875 0.38229166718749996 0.5115740734374999 0.3846354171875 0.5166666671875
0 0.43671875 0.5879629625 0.4752604171875 0.6 0.49583333281249997 0.5995370375 0.5075520828125 0.5925925921874999 0.5119791671875 0.5856481484375 0.5119791671875 0.5791666671875 0.5020833328125 0.565277778125 0.49635416718750003 0.54398148125 0.48984375 0.5333333328125 0.44036458281249996 0.51944444375 0.38984375 0.5175925921875 0.38515625 0.51851851875 0.3828125 0.5236111109375 0.3841145828125 0.5888888890625 0.43671875 0.5879629625
0 0.5559895828125 0.50648148125 0.5372395828125 0.5074074078125 0.5143229171875 0.5138888890625 0.50078125 0.5259259265625 0.49322916718750004 0.5375 0.5059895828125 0.571296296875 0.5111979171875001 0.5759259265625001 0.5153645828125 0.5861111109375 0.5239583328124999 0.5912037031249999 0.5419270828125 0.58055555625 0.5627604171875 0.5740740734374999 0.58671875 0.575 0.6200520828125 0.5833333328125 0.6393229171875 0.5796296296875 0.6401041671875001 0.5726851859375001 0.62734375 0.55648148125 0.60546875 0.5527777781250001 0.58828125 0.5287037031249999 0.5783854171875 0.5259259265625 0.5716145828125 0.5120370375000001 0.5559895828125 0.50648148125
0 0.5638020828125 0.5740740734374999 0.5403645828125 0.5824074078125 0.5174479171875 0.5962962968750001 0.50625 0.60694444375 0.5140625 0.641203703125 0.51015625 0.652777778125 0.5065104171875 0.652777778125 0.49895833281249996 0.6625 0.4984375 0.6699074078125 0.5151041671875001 0.6791666671875001 0.5408854171875 0.6638888890625 0.57734375 0.6509259265625 0.5955729171875 0.6509259265625 0.6278645828125 0.6629629625 0.6466145828125 0.6583333328125 0.6515625 0.6476851859375 0.65 0.6384259265625001 0.6380208328125 0.6208333328125 0.6341145828125 0.6083333328125 0.6143229171875 0.584259259375 0.5981770828124999 0.577777778125 0.5638020828125 0.5740740734374999
0 0.41223958281249995 0.5870370375 0.3877604171875 0.590740740625 0.3828125 0.596759259375 0.3817708328125 0.6393518515625 0.3817708328125 0.66898148125 0.3864583328125 0.671759259375 0.41015625 0.6638888890625 0.43515625 0.6611111109375 0.48671875 0.66944444375 0.51015625 0.6481481484375 0.5130208328125 0.6421296296875 0.5130208328125 0.6347222218749999 0.5033854171875001 0.6166666671875001 0.4966145828125 0.6138888890625 0.49244791718750003 0.60648148125 0.48515625 0.6018518515625 0.44348958281249995 0.5888888890625 0.41223958281249995 0.5870370375
0 0.38333333281250004 0.6763888890625 0.38229166718749996 0.7356481484375 0.3828125 0.7495370375 0.3846354171875 0.752777778125 0.42005208281249995 0.7416666671875001 0.43984375 0.7398148140624999 0.5026041671875 0.765277778125 0.5174479171875 0.7611111109375 0.5192708328125 0.7523148140625 0.5166666671875 0.7402777781250001 0.5067708328125 0.7300925921875 0.503125 0.70694444375 0.49427083281249995 0.691203703125 0.4916666671875 0.678240740625 0.48619791718750005 0.671296296875 0.45130208281249995 0.6620370375 0.42578125 0.6620370375 0.3856770828125 0.6731481484375 0.38333333281250004 0.6763888890625
0 0.57578125 0.6518518515625 0.5403645828125 0.6648148140625 0.5111979171875001 0.68148148125 0.5088541671875 0.6856481484375 0.5046875 0.7013888890625 0.5072916671875001 0.7273148140625 0.51796875 0.7416666671875001 0.5255208328125 0.7430555562500001 0.5591145828124999 0.725 0.58515625 0.7194444437499999 0.6059895828124999 0.7203703703125 0.63515625 0.7296296296875 0.6455729171875 0.7259259265625 0.6494791671875 0.7115740734375 0.6419270828125 0.6990740734374999 0.63125 0.6884259265625 0.6291666671875 0.6699074078125 0.62578125 0.6629629625 0.5966145828125 0.6518518515625 0.57578125 0.6518518515625
0 0.61640625 0.7231481484375 0.58515625 0.7203703703125 0.5606770828125 0.725 0.5341145828125 0.7388888890625 0.5278645828124999 0.7453703703125 0.5260416671875 0.753240740625 0.5184895828125 0.7648148140625 0.5143229171875 0.7666666671875 0.5036458328125 0.7884259265625 0.51015625 0.7925925921875 0.5205729171875 0.8083333328125001 0.5260416671875 0.809722221875 0.5611979171875 0.7925925921875 0.57734375 0.7888888890625 0.6091145828125 0.7888888890625 0.63515625 0.8009259265625 0.64921875 0.797222221875 0.6520833328125 0.79305555625 0.6502604171875 0.7879629625 0.64453125 0.784259259375 0.6390625 0.7708333328125 0.6369791671875 0.7458333328125 0.6330729171875 0.7324074078125 0.61640625 0.7231481484375
0 0.38229166718749996 0.7597222218749999 0.38229166718749996 0.821759259375 0.3846354171875 0.834259259375 0.41484375 0.8231481484375 0.4544270828125 0.8222222218749999 0.49296875 0.8351851859374999 0.50625 0.8356481484374999 0.5169270828125 0.83148148125 0.5221354171875 0.8268518515625001 0.5234375 0.821759259375 0.5184895828125 0.8083333328125001 0.5020833328125 0.7893518515625 0.5026041671875 0.7800925921874999 0.4986979171875 0.7666666671875 0.45859375 0.7453703703125 0.43984375 0.740740740625 0.40859375 0.7453703703125 0.3841145828125 0.7546296296875 0.38229166718749996 0.7597222218749999
0 0.3846354171875 0.909259259375 0.3869791671875 0.9087962968750001 0.4309895828125 0.8990740734375 0.50546875 0.8925925921875001 0.5104166671875 0.8875 0.5098958328125 0.871759259375 0.5036458328125 0.8412037031249999 0.4986979171875 0.8370370375 0.4565104171875 0.8222222218749999 0.40546875 0.825 0.38828125 0.83148148125 0.3828125 0.8375 0.38229166718749996 0.9023148140625 0.3846354171875 0.909259259375
0 0.6216145828124999 0.7953703703125 0.60078125 0.7879629625 0.5622395828125 0.79444444375 0.52890625 0.809259259375 0.5239583328124999 0.816203703125 0.5270833328125 0.8236111109375001 0.5252604171875 0.8296296296874999 0.51015625 0.8370370375 0.50625 0.8439814812499999 0.5104166671875 0.8699074078125 0.5104166671875 0.8921296296874999 0.5145833328125 0.8958333328125001 0.55390625 0.8796296296874999 0.5950520828125 0.86944444375 0.61171875 0.86944444375 0.6513020828125 0.8601851859374999 0.6559895828125 0.8620370375 0.659375 0.8578703703125001 0.6559895828125 0.8490740734375001 0.6434895828125 0.8379629625 0.6380208328125 0.8291666671875 0.6348958328125 0.809722221875 0.6315104171875 0.803703703125 0.6216145828124999 0.7953703703125
0 0.49817708281249995 0.2453703703125 0.5067708328125 0.2606481484375 0.51015625 0.272222221875 0.53203125 0.271296296875 0.58125 0.2875 0.5833333328125 0.278240740625 0.5760416671875 0.266203703125 0.5713541671875 0.2393518515625 0.54453125 0.20555555625 0.5158854171875 0.1879629625 0.4955729171875 0.18148148125000002 0.47473958281249995 0.1833333328125 0.465625 0.1893518515625 0.46510416718750003 0.19583333281249998 0.47578125 0.21111111093749999 0.48515625 0.23148148124999998 0.49817708281249995 0.2453703703125
0 0.5515625 0.20972222187499998 0.571875 0.2384259265625 0.5765625 0.2523148140625 0.57734375 0.26574074062499997 0.59296875 0.28148148125 0.6088541671875001 0.2875 0.6315104171875 0.2824074078125 0.6596354171875001 0.284259259375 0.67109375 0.27870370312500004 0.71015625 0.2833333328125 0.7434895828125 0.2518518515625 0.7447916671875 0.24398148125 0.71953125 0.20740740781250003 0.70234375 0.1916666671875 0.6794270828125 0.18055555625 0.6127604171875001 0.1851851859375 0.5606770828125 0.2 0.5515625 0.20972222187499998
0 0.6877604171875 0.2916666671875 0.6833333328125 0.30046296250000004 0.6888020828125 0.3120370375 0.7213541671875 0.34120370312500004 0.7192708328124999 0.3773148140625 0.7216145828125 0.3861111109375 0.74140625 0.3888888890625 0.7458333328125 0.40972222187499996 0.7606770828125 0.42592592656250006 0.7908854171875 0.43148148124999997 0.8486979171875 0.4175925921875 0.8658854171874999 0.41851851875 0.88984375 0.42592592656250006 0.9989583328125 0.4375 1 0.26898148125 0.9809895828125 0.2509259265625 0.9674479171874999 0.24722222187499998 0.94921875 0.23518518593749999 0.8846354171874999 0.22685185156249998 0.79140625 0.2296296296875 0.7565104171875 0.24351851875000002 0.72890625 0.2666666671875 0.71015625 0.2916666671875 0.70546875 0.29351851875 0.69296875 0.28796296250000003 0.6877604171875 0.2916666671875