0 0.6153645828125 0.20277777812500003 0.6075520828125 0.1981481484375 0.5763020828125 0.1870370375 0.55390625 0.1888888890625 0.5361979171875 0.197222221875 0.52890625 0.20555555625 0.51640625 0.23148148124999998 0.5044270828124999 0.24259259218749998 0.48854166718750003 0.26527777812500003 0.49010416718750005 0.27453703749999997 0.49505208281249996 0.284259259375 0.5059895828125 0.2953703703125 0.5125 0.2976851859375 0.55703125 0.284259259375 0.5825520828124999 0.284259259375 0.60390625 0.2925925921875 0.6169270828125 0.2925925921875 0.61875 0.2884259265625 0.6177083328124999 0.2078703703125 0.6153645828125 0.20277777812500003
0 0.5018229171875 0.303703703125 0.49114583281249996 0.3143518515625 0.49375 0.3273148140625 0.5041666671875 0.3384259265625 0.5067708328125 0.3634259265625 0.5174479171875 0.3740740734375 0.58984375 0.371296296875 0.6125 0.3763888890625 0.6169270828125 0.3759259265625 0.61875 0.3708333328125 0.61875 0.30046296250000004 0.61484375 0.2953703703125 0.5815104171875001 0.284259259375 0.56328125 0.284259259375 0.5018229171875 0.303703703125
0 0.61875 0.3828703703125 0.6143229171875 0.378703703125 0.5893229171875001 0.372222221875 0.5716145828125 0.372222221875 0.5216145828125 0.3768518515625 0.5096354171875 0.38333333281250004 0.4916666671875 0.4106481484375 0.4916666671875 0.415277778125 0.4934895828125 0.4203703703125 0.5057291671875 0.43101851875 0.5096354171875 0.447222221875 0.5197916671875 0.45324074062499997 0.53046875 0.45370370312499997 0.5450520828125 0.447222221875 0.5674479171875 0.44351851875000003 0.5986979171875 0.447222221875 0.6153645828125 0.45370370312499997 0.6182291671875 0.44768518593750006 0.61875 0.3828703703125
0 0.5799479171875 0.4453703703125 0.5528645828125 0.44629629687500005 0.52265625 0.45555555625000005 0.49765625 0.48981481406249994 0.4934895828125 0.4879629625 0.49375 0.49490740781250003 0.48802083281249997 0.4995370375 0.49453125 0.5166666671875 0.5098958328125 0.5300925921874999 0.52421875 0.5296296296875 0.56015625 0.51851851875 0.6153645828125 0.5166666671875 0.6177083328124999 0.5115740734374999 0.6177083328124999 0.458796296875 0.6002604171875 0.44907407343749994 0.5799479171875 0.4453703703125
0 0.5596354171875 0.51944444375 0.51015625 0.5333333328125 0.5036458328125 0.54398148125 0.49791666718750005 0.565277778125 0.48802083281249997 0.5791666671875 0.48802083281249997 0.5856481484375 0.49244791718750003 0.5925925921874999 0.5041666671875 0.5995370375 0.5247395828125 0.6 0.56328125 0.5879629625 0.6158854171875 0.5888888890625 0.6171875 0.5236111109375 0.61484375 0.51851851875 0.61015625 0.5175925921875 0.5596354171875 0.51944444375
0 0.46276041718750005 0.5074074078125 0.4440104171875 0.50648148125 0.4283854171875 0.5120370375000001 0.42161458281249997 0.5259259265625 0.41171875 0.5287037031249999 0.39453125 0.5527777781250001 0.37265625 0.55648148125 0.35989583281250004 0.5726851859375001 0.3606770828125 0.5796296296875 0.3799479171875 0.5833333328125 0.41328125 0.575 0.43723958281249997 0.5740740734374999 0.45807291718750004 0.58055555625 0.4760416671875 0.5912037031249999 0.48463541718750003 0.5861111109375 0.4888020828125 0.5759259265625001 0.49401041718750005 0.571296296875 0.5067708328125 0.5375 0.49921875 0.5259259265625 0.4856770828125 0.5138888890625 0.46276041718750005 0.5074074078125
0 0.48255208281249995 0.5962962968750001 0.4596354171875 0.5824074078125 0.4361979171875 0.5740740734374999 0.4018229171875 0.577777778125 0.3856770828125 0.584259259375 0.3658854171875 0.6083333328125 0.3619791671875 0.6208333328125 0.35 0.6384259265625001 0.3484375 0.6476851859375 0.3533854171875 0.6583333328125 0.3721354171875 0.6629629625 0.40442708281249995 0.6509259265625 0.42265625 0.6509259265625 0.45911458281249995 0.6638888890625 0.4848958328125 0.6791666671875001 0.5015625 0.6699074078125 0.5010416671875 0.6625 0.4934895828125 0.652777778125 0.48984375 0.652777778125 0.4859375 0.641203703125 0.49375 0.60694444375 0.48255208281249995 0.5962962968750001
0 0.51484375 0.6018518515625 0.5075520828125 0.60648148125 0.5033854171875001 0.6138888890625 0.4966145828125 0.6166666671875001 0.4869791671875 0.6347222218749999 0.4869791671875 0.6421296296875 0.48984375 0.6481481484375 0.51328125 0.66944444375 0.56484375 0.6611111109375 0.58984375 0.6638888890625 0.6135416671875 0.671759259375 0.6182291671875 0.66898148125 0.6182291671875 0.6393518515625 0.6171875 0.596759259375 0.6122395828125 0.590740740625 0.5877604171875 0.5870370375 0.5565104171875 0.5888888890625 0.51484375 0.6018518515625
0 0.6143229171875 0.6731481484375 0.57421875 0.6620370375 0.5486979171875 0.6620370375 0.5138020828125 0.671296296875 0.5083333328124999 0.678240740625 0.5057291671875 0.691203703125 0.496875 0.70694444375 0.49322916718750004 0.7300925921875 0.48333333281249996 0.7402777781250001 0.48072916718750003 0.7523148140625 0.48255208281249995 0.7611111109375 0.4973958328125 0.765277778125 0.56015625 0.7398148140624999 0.5799479171875 0.7416666671875001 0.6153645828125 0.752777778125 0.6171875 0.7495370375 0.6177083328124999 0.7356481484375 0.6166666671875001 0.6763888890625 0.6143229171875 0.6731481484375
0 0.42421875 0.6518518515625 0.40338541718750004 0.6518518515625 0.37421875 0.6629629625 0.3708333328125 0.6699074078125 0.36875 0.6884259265625 0.3580729171875 0.6990740734374999 0.3505208328125 0.7115740734375 0.3544270828125 0.7259259265625 0.36484375 0.7296296296875 0.39401041718749996 0.7203703703125 0.41484375 0.7194444437499999 0.4408854171875 0.725 0.47447916718750005 0.7430555562500001 0.48203125 0.7416666671875001 0.4927083328125 0.7273148140625 0.4953125 0.7013888890625 0.49114583281249996 0.6856481484375 0.4888020828125 0.68148148125 0.4596354171875 0.6648148140625 0.42421875 0.6518518515625
0 0.4721354171875 0.7453703703125 0.46588541718750004 0.7388888890625 0.43932291718750005 0.725 0.41484375 0.7203703703125 0.38359375 0.7231481484375 0.3669270828125 0.7324074078125 0.3630208328125 0.7458333328125 0.3609375 0.7708333328125 0.35546875 0.784259259375 0.3497395828125 0.7879629625 0.3479166671875 0.79305555625 0.35078125 0.797222221875 0.36484375 0.8009259265625 0.3908854171875 0.7888888890625 0.42265625 0.7888888890625 0.4388020828125 0.7925925921875 0.4739583328125 0.809722221875 0.47942708281249996 0.8083333328125001 0.48984375 0.7925925921875 0.49635416718750003 0.7884259265625 0.4856770828125 0.7666666671875 0.48151041718750004 0.7648148140625 0.4739583328125 0.753240740625 0.4721354171875 0.7453703703125
0 0.6158854171875 0.7546296296875 0.59140625 0.7453703703125 0.56015625 0.740740740625 0.54140625 0.7453703703125 0.5013020828125 0.7666666671875 0.4973958328125 0.7800925921874999 0.49791666718750005 0.7893518515625 0.48151041718750004 0.8083333328125001 0.4765625 0.821759259375 0.4778645828125 0.8268518515625001 0.4830729171875 0.83148148125 0.49375 0.8356481484374999 0.50703125 0.8351851859374999 0.5455729171875 0.8222222218749999 0.58515625 0.8231481484375 0.6153645828125 0.834259259375 0.6177083328124999 0.821759259375 0.6177083328124999 0.7597222218749999 0.6158854171875 0.7546296296875
0 0.5013020828125 0.8370370375 0.49635416718750003 0.8412037031249999 0.49010416718750005 0.871759259375 0.4895833328125 0.8875 0.49453125 0.8925925921875001 0.5690104171875 0.8990740734375 0.6130208328125 0.9087962968750001 0.6153645828125 0.909259259375 0.6177083328124999 0.9023148140625 0.6171875 0.8375 0.61171875 0.83148148125 0.59453125 0.825 0.5434895828124999 0.8222222218749999 0.5013020828125 0.8370370375
0 0.4760416671875 0.816203703125 0.47109375 0.809259259375 0.43776041718750003 0.79444444375 0.39921875 0.7879629625 0.37838541718749996 0.7953703703125 0.3684895828125 0.803703703125 0.3651041671875 0.809722221875 0.3619791671875 0.8291666671875 0.3565104171875 0.8379629625 0.3440104171875 0.8490740734375001 0.340625 0.8578703703125001 0.3440104171875 0.8620370375 0.3486979171875 0.8601851859374999 0.38828125 0.86944444375 0.4049479171875 0.86944444375 0.44609375 0.8796296296874999 0.48541666718750004 0.8958333328125001 0.4895833328125 0.8921296296874999 0.4895833328125 0.8699074078125 0.49375 0.8439814812499999 0.48984375 0.8370370375 0.47473958281249995 0.8296296296874999 0.47291666718750003 0.8236111109375001 0.4760416671875 0.816203703125
0 0.5348958328125 0.19583333281249998 0.534375 0.1893518515625 0.5252604171875 0.1833333328125 0.5044270828124999 0.18148148125000002 0.48411458281249997 0.1879629625 0.45546875 0.20555555625 0.42864583281249996 0.2393518515625 0.42395833281249995 0.266203703125 0.4166666671875 0.278240740625 0.41875 0.2875 0.46796875 0.271296296875 0.48984375 0.272222221875 0.49322916718750004 0.2606481484375 0.5018229171875 0.2453703703125 0.51484375 0.23148148124999998 0.52421875 0.21111111093749999 0.5348958328125 0.19583333281249998
0 0.38723958281250004 0.1851851859375 0.3205729171875 0.18055555625 0.29765625 0.1916666671875 0.28046875 0.20740740781250003 0.2552083328125 0.24398148125 0.2565104171875 0.2518518515625 0.28984375 0.2833333328125 0.32890625 0.27870370312500004 0.34036458281250004 0.284259259375 0.3684895828125 0.2824074078125 0.39114583281250004 0.2875 0.40703125 0.28148148125 0.42265625 0.26574074062499997 0.4234375 0.2523148140625 0.428125 0.2384259265625 0.4484375 0.20972222187499998 0.43932291718750005 0.2 0.38723958281250004 0.1851851859375
0 0.25859375 0.3888888890625 0.2783854171875 0.3861111109375 0.28072916718749996 0.3773148140625 0.2786458328125 0.34120370312500004 0.3111979171875 0.3120370375 0.3166666671875 0.30046296250000004 0.3122395828125 0.2916666671875 0.30703125 0.28796296250000003 0.29453125 0.29351851875 0.28984375 0.2916666671875 0.27109375 0.2666666671875 0.24348958281250002 0.24351851875000002 0.20859375 0.2296296296875 0.11536458281249999 0.22685185156249998 0.05078125 0.23518518593749999 0.0325520828125 0.24722222187499998 0.0190104171875 0.2509259265625 0 0.26898148125 0.0010416671875 0.4375 0.11015625 0.42592592656250006 0.1341145828125 0.41851851875 0.1513020828125 0.4175925921875 0.2091145828125 0.43148148124999997 0.23932291718749998 0.42592592656250006 0.2541666671875 0.40972222187499996 0.25859375 0.3888888890625