0 0.6236979171875 0.5824074078125 0.6044270828125 0.590740740625 0.59921875 0.5953703703125 0.59375 0.6078703703125 0.59453125 0.625 0.6221354171875 0.6175925921875 0.63671875 0.6175925921875 0.6731770828125 0.627777778125 0.6786458328125 0.6347222218749999 0.684375 0.6523148140624999 0.69453125 0.646296296875 0.7015625 0.6319444437499999 0.7041666671875 0.621759259375 0.7041666671875 0.60601851875 0.7002604171875 0.5990740734375 0.65546875 0.5861111109375 0.6236979171875 0.5824074078125
0 0.5716145828125 0.571296296875 0.5466145828125 0.5675925921875 0.5231770828125 0.5703703703125 0.5127604171875 0.578703703125 0.5098958328125 0.5856481484375 0.509375 0.603240740625 0.5138020828125 0.6138888890625 0.5526041671875 0.63101851875 0.5815104171875001 0.63055555625 0.59140625 0.6259259265625 0.5932291671875001 0.6226851859375 0.59375 0.60694444375 0.6020833328124999 0.5865740734375 0.58984375 0.577777778125 0.5716145828125 0.571296296875
0 0.6231770828125 0.6175925921875 0.56953125 0.6351851859375001 0.5630208328124999 0.6486111109375 0.5640625 0.68101851875 0.56640625 0.6879629625 0.5799479171875 0.6879629625 0.6223958328125 0.6976851859375001 0.6471354171875 0.6888888890625 0.6736979171875 0.671296296875 0.6807291671875 0.6541666671875 0.6776041671875 0.6347222218749999 0.6721354171875 0.627777778125 0.6559895828125 0.621296296875 0.6231770828125 0.6175925921875
0 0.5388020828125 0.6416666671875 0.5122395828124999 0.6546296296875 0.503125 0.6634259265625 0.503125 0.691203703125 0.50546875 0.7 0.5526041671875 0.7171296296875 0.5596354171875 0.715740740625 0.5619791671875001 0.708796296875 0.5640625 0.6754629624999999 0.56171875 0.6490740734375 0.5528645828125 0.647222221875 0.54921875 0.6416666671875 0.5388020828125 0.6416666671875
0 0.48515625 0.659259259375 0.4518229171875 0.678703703125 0.44739583281249995 0.6856481484375 0.44635416718750004 0.715277778125 0.4497395828125 0.7240740734375 0.525 0.7495370375 0.5291666671875 0.7458333328125 0.5302083328125 0.7402777781250001 0.5302083328125 0.7115740734375 0.50546875 0.7009259265625001 0.503125 0.6921296296875 0.5013020828125 0.6638888890625 0.48515625 0.659259259375
0 0.5830729171875 0.6898148140625 0.5690104171875 0.6898148140625 0.5635416671875 0.6958333328124999 0.5625 0.7189814812499999 0.57109375 0.7333333328125 0.6239583328125 0.746759259375 0.6361979171875001 0.7453703703125 0.65546875 0.7268518515625 0.6729166671875 0.7013888890625 0.675 0.6763888890625 0.6705729171875 0.6740740734374999 0.6294270828124999 0.6981481484375001 0.5830729171875 0.6898148140625
0 0.6549479171875 0.728703703125 0.6372395828124999 0.746296296875 0.62890625 0.7481481484375 0.5721354171875 0.734259259375 0.5606770828125 0.7185185187500001 0.53671875 0.7138888890625 0.53125 0.7199074078125001 0.5302083328125 0.7541666671875 0.5372395828125 0.7629629625 0.58984375 0.775 0.6260416671875 0.7893518515625 0.6424479171875 0.784259259375 0.65234375 0.7731481484375 0.6575520828125 0.771296296875 0.6614583328125 0.758796296875 0.6619791671875 0.73194444375 0.6591145828125 0.727777778125 0.6549479171875 0.728703703125
0 0.6263020828125 0.790740740625 0.5919270828125 0.7768518515625 0.5291666671875 0.7606481484375001 0.528125 0.7949074078125 0.5309895828125 0.7990740734374999 0.5825520828124999 0.8138888890624999 0.621875 0.8300925921875001 0.6424479171875 0.8194444437499999 0.6544270828125 0.8074074078125 0.6578125 0.796759259375 0.6572916671875 0.7763888890625 0.6544270828125 0.7740740734375 0.6424479171875 0.7861111109375 0.6263020828125 0.790740740625
0 0.44322916718750005 0.790277778125 0.44609375 0.796296296875 0.5192708328125 0.8226851859375 0.5244791671875 0.8208333328125 0.5265625 0.7884259265625 0.5252604171875 0.7861111109375 0.48723958281249996 0.7768518515625 0.4466145828125 0.7583333328124999 0.4421875 0.7597222218749999 0.44322916718750005 0.790277778125
0 0.45026041718750004 0.7611111109375 0.5192708328125 0.784722221875 0.52578125 0.7851851859375001 0.5270833328125 0.7819444437499999 0.5276041671875 0.7523148140625 0.5247395828125 0.7481481484375 0.44635416718750004 0.7226851859375001 0.4447916671875 0.7541666671875 0.45026041718750004 0.7611111109375
0 0.62265625 0.8324074078124999 0.5674479171875 0.8101851859375 0.5299479171875 0.7990740734374999 0.525 0.8013888890624999 0.5260416671875 0.834722221875 0.5283854171875 0.8379629625 0.6130208328125 0.8736111109375001 0.61953125 0.8740740734375001 0.65234375 0.8509259265625 0.6552083328125 0.8365740734375 0.6552083328125 0.8125 0.6502604171875 0.8129629625 0.63046875 0.8296296296874999 0.62265625 0.8324074078124999
0 0.63984375 0.8611111109375 0.6216145828124999 0.877777778125 0.5341145828125 0.840740740625 0.5276041671875 0.8421296296874999 0.5283854171875 0.872222221875 0.6018229171875 0.9129629625 0.6151041671875 0.9254629624999999 0.6252604171875 0.921296296875 0.6596354171875001 0.88055555625 0.6640625 0.871759259375 0.6619791671875 0.8615740734375 0.6544270828125 0.853703703125 0.6518229171875001 0.8546296296874999 0.63984375 0.8611111109375
0 0.44557291718750003 0.8296296296874999 0.5151041671875001 0.8680555562500001 0.5236979171875 0.8666666671875 0.5265625 0.8578703703125001 0.5244791671875 0.828240740625 0.52265625 0.825 0.4427083328125 0.7958333328125 0.4427083328125 0.8226851859375 0.44557291718750003 0.8296296296874999
0 0.6619791671875 0.7245370375 0.6625 0.7476851859375 0.6661458328125 0.75601851875 0.7028645828125 0.7212962968750001 0.7057291671875 0.715277778125 0.70625 0.690277778125 0.6903645828125 0.7 0.67734375 0.7018518515625 0.66640625 0.7138888890625 0.6619791671875 0.7245370375
0 0.6604166671875 0.771759259375 0.6614583328125 0.79305555625 0.6721354171875 0.7879629625 0.6981770828125 0.765740740625 0.7036458328124999 0.7402777781250001 0.7020833328125 0.728240740625 0.6971354171875 0.727777778125 0.66484375 0.7574074078125 0.6604166671875 0.771759259375
0 0.6604166671875 0.8328703703125001 0.6986979171875001 0.8027777781250001 0.7020833328125 0.7708333328125 0.69765625 0.765740740625 0.6622395828125 0.79351851875 0.6572916671875 0.809722221875 0.6578125 0.8291666671875 0.6604166671875 0.8328703703125001
0 0.69765625 0.64351851875 0.68671875 0.6537037031249999 0.6802083328124999 0.6643518515625 0.6776041671875 0.6736111109375 0.6770833328125 0.691203703125 0.68046875 0.6972222218749999 0.684375 0.6976851859375001 0.69609375 0.6953703703125 0.7049479171875 0.690740740625 0.7078125 0.6856481484375 0.7109375 0.6634259265625 0.7091145828125 0.6490740734375 0.7018229171875 0.6425925921875 0.69765625 0.64351851875
0 0.659375 0.840277778125 0.6598958328125 0.8523148140625001 0.665625 0.8652777781250001 0.6763020828124999 0.8601851859374999 0.6966145828125 0.83148148125 0.7010416671875 0.8171296296874999 0.7005208328125 0.8041666671875 0.69765625 0.8027777781250001 0.6611979171875 0.8351851859374999 0.659375 0.840277778125
0 0.5265625 0.34027777812500004 0.53046875 0.340740740625 0.5317708328124999 0.3356481484375 0.5299479171875 0.321296296875 0.5169270828125 0.315740740625 0.509375 0.3171296296875 0.5096354171875 0.3333333328125 0.5265625 0.34027777812500004
0 0.5557291671875 0.3625 0.5549479171875 0.34722222187499996 0.5408854171875 0.3425925921875 0.5354166671875 0.3458333328125 0.5356770828124999 0.3601851859375 0.5515625 0.3643518515625 0.5557291671875 0.3625
0 0.55625 0.3421296296875 0.5557291671875 0.3236111109375 0.5346354171875001 0.321296296875 0.5328125 0.32453703749999996 0.5322916671875 0.3384259265625 0.5453125 0.34398148125 0.55625 0.3421296296875
0 0.528125 0.365277778125 0.5333333328125 0.36064814843750004 0.5325520828125 0.34351851875 0.5153645828125 0.334259259375 0.509375 0.3384259265625 0.5078125 0.3523148140625 0.5096354171875 0.35925925937500003 0.528125 0.365277778125
0 0.5072916671875001 0.334722221875 0.5065104171875 0.3129629625 0.48333333281249996 0.3143518515625 0.484375 0.3291666671875 0.48671875 0.3351851859375 0.5005208328124999 0.3384259265625 0.5072916671875001 0.334722221875
0 0.5296875 0.3171296296875 0.52890625 0.296296296875 0.5083333328124999 0.29305555625 0.5057291671875 0.30694444375 0.50859375 0.3129629625 0.525 0.31898148125 0.5296875 0.3171296296875
0 0.5526041671875 0.3023148140625 0.5330729171875 0.29907407343750003 0.53125 0.316203703125 0.5390625 0.31990740781250004 0.55234375 0.3203703703125 0.5526041671875 0.3023148140625