0 0.3791666671875 0.06898148125 0.3700520828125 0.055555556250000006 0.36328125 0.0546296296875 0.3408854171875 0.06944444375 0.28984375 0.08148148125 0.26223958281250004 0.09444444375 0.24192708281250003 0.09629629687499999 0.2361979171875 0.1 0.2338541671875 0.1041666671875 0.23125 0.1291666671875 0.23125 0.1606481484375 0.2338541671875 0.178240740625 0.26171875 0.209259259375 0.2721354171875 0.23148148124999998 0.2770833328125 0.23472222187499997 0.2861979171875 0.23055555625 0.30807291718749996 0.20555555625 0.3294270828125 0.1898148140625 0.39609375 0.171296296875 0.4010416671875 0.16157407343750002 0.40520833281249996 0.1449074078125 0.3791666671875 0.06898148125
0 0.25703125 0.20555555625 0.2338541671875 0.17916666718750002 0.23072916718749997 0.1606481484375 0.23072916718749997 0.1458333328125 0.2283854171875 0.140740740625 0.21484375 0.127777778125 0.20390625 0.12870370312499999 0.17421875 0.11944444375 0.1671875 0.1226851859375 0.1640625 0.1606481484375 0.1666666671875 0.18101851875 0.17265625 0.196296296875 0.18515625 0.21111111093749999 0.22005208281250002 0.240740740625 0.2520833328125 0.2606481484375 0.2559895828125 0.2601851859375 0.25859375 0.253703703125 0.2625 0.2513888890625 0.2645833328125 0.24398148125 0.2640625 0.23009259218749997 0.2666666671875 0.2236111109375 0.25703125 0.20555555625
0 0.2536458328125 0.266203703125 0.24921875 0.259259259375 0.22005208281250002 0.24259259218749998 0.2075520828125 0.2296296296875 0.18515625 0.2138888890625 0.1697916671875 0.21805555625 0.165625 0.26342592656249997 0.1682291671875 0.28472222187499996 0.17109375 0.2916666671875 0.19973958281249998 0.3120370375 0.2578125 0.3365740734375 0.2653645828125 0.3361111109375 0.2776041671875 0.31990740781250004 0.2721354171875 0.315740740625 0.26640625 0.3166666671875 0.2557291671875 0.303240740625 0.2520833328125 0.2884259265625 0.2536458328125 0.266203703125
0 0.2580729171875 0.3379629625 0.21223958281250002 0.31944444375000003 0.18359375 0.302777778125 0.1786458328125 0.30416666718749996 0.1760416671875 0.31805555625 0.1755208328125 0.3421296296875 0.1877604171875 0.3638888890625 0.21223958281250002 0.3768518515625 0.26875 0.3865740734375 0.27291666718749996 0.383796296875 0.2786458328125 0.36898148124999997 0.2833333328125 0.34305555625 0.290625 0.321759259375 0.28984375 0.3120370375 0.2669270828125 0.3361111109375 0.2580729171875 0.3379629625
0 0.1994791671875 0.44490740781250004 0.2549479171875 0.43518518593750005 0.2708333328125 0.391203703125 0.2653645828125 0.3861111109375 0.20078125 0.3759259265625 0.1916666671875 0.396759259375 0.1953125 0.434722221875 0.1994791671875 0.44490740781250004
0 0.1924479171875 0.44444444375 0.1848958328125 0.4550925921875 0.1833333328125 0.46157407343749995 0.1875 0.5050925921875 0.1927083328125 0.5171296296875 0.24505208281250002 0.509259259375 0.25625 0.4393518515625 0.24348958281250002 0.4379629625 0.2049479171875 0.44629629687500005 0.19973958281249998 0.44629629687500005 0.1955729171875 0.440740740625 0.1924479171875 0.44444444375
0 0.171875 0.58101851875 0.1739583328125 0.596759259375 0.1778645828125 0.6083333328125 0.1828125 0.6106481484375 0.23359375 0.609259259375 0.24479166718749998 0.5134259265625001 0.2388020828125 0.5111111109375 0.18828125 0.5203703703125 0.1765625 0.540277778125 0.17239583281249998 0.5625 0.171875 0.58101851875
0 0.1901041671875 0.6763888890625 0.23203125 0.66851851875 0.2338541671875 0.6115740734374999 0.18515625 0.6120370375 0.1828125 0.6208333328125 0.1838541671875 0.6476851859375 0.1875 0.6726851859375 0.1901041671875 0.6763888890625
0 0.19192708281249998 0.727777778125 0.18802083281249998 0.7393518515624999 0.1875 0.7486111109375 0.1916666671875 0.7763888890625 0.1963541671875 0.790277778125 0.27265625 0.7740740734375 0.2744791671875 0.7449074078125 0.2703125 0.7273148140625 0.2713541671875 0.7134259265625 0.2658854171875 0.7111111109375 0.20442708281250002 0.727777778125 0.19192708281249998 0.727777778125
0 0.1911458328125 0.8273148140625001 0.1953125 0.8421296296874999 0.1994791671875 0.8449074078125 0.2731770828125 0.8398148140625 0.27395833281250004 0.7800925921874999 0.2721354171875 0.7768518515625 0.24973958281250003 0.7787037031249999 0.19192708281249998 0.7916666671875 0.1901041671875 0.7949074078125 0.1911458328125 0.8273148140625001
0 0.23359375 0.7185185187500001 0.2328125 0.6708333328125 0.1888020828125 0.678703703125 0.1875 0.6986111109375 0.19479166718750002 0.7226851859375001 0.1989583328125 0.7273148140625 0.23359375 0.7185185187500001
0 0.9369791671875 0.26435185156249996 0.9395833328125001 0.26805555625 0.9997395828125001 0.2648148140625 1 0.2171296296875 0.9643229171875 0.2148148140625 0.9424479171875 0.22777777812500002 0.9369791671875 0.23472222187499997 0.9359375 0.240277778125 0.9369791671875 0.26435185156249996
0 0.9536458328125 0.2004629625 0.9575520828125 0.2148148140625 0.9890625 0.2171296296875 1 0.216203703125 0.9997395828125001 0.165740740625 0.9799479171875 0.1574074078125 0.9638020828125 0.1574074078125 0.9567708328125001 0.16157407343750002 0.9546875 0.16898148125 0.9536458328125 0.2004629625
0 0.921875 0.18194444375000002 0.921875 0.20694444375 0.9239583328125001 0.2208333328125 0.9395833328125001 0.22546296250000003 0.94765625 0.22407407343750002 0.95625 0.216203703125 0.9526041671875 0.20416666718749998 0.9552083328125001 0.17546296249999999 0.9533854171874999 0.16851851874999998 0.92890625 0.1740740734375 0.921875 0.18194444375000002