0 0.2958333328125 0.60601851875 0.2958333328125 0.621759259375 0.2984375 0.6319444437499999 0.30546875 0.646296296875 0.315625 0.6523148140624999 0.3213541671875 0.6347222218749999 0.3268229171875 0.627777778125 0.36328125 0.6175925921875 0.3778645828125 0.6175925921875 0.40546875 0.625 0.40625 0.6078703703125 0.40078125 0.5953703703125 0.3955729171875 0.590740740625 0.3763020828125 0.5824074078125 0.34453125 0.5861111109375 0.2997395828125 0.5990740734375 0.2958333328125 0.60601851875
0 0.40859375 0.6259259265625 0.4184895828125 0.63055555625 0.44739583281249995 0.63101851875 0.48619791718750005 0.6138888890625 0.490625 0.603240740625 0.49010416718750005 0.5856481484375 0.48723958281249996 0.578703703125 0.47682291718750003 0.5703703703125 0.45338541718750003 0.5675925921875 0.4283854171875 0.571296296875 0.41015625 0.577777778125 0.39791666718749996 0.5865740734375 0.40625 0.60694444375 0.4067708328125 0.6226851859375 0.40859375 0.6259259265625
0 0.3528645828125 0.6888888890625 0.3776041671875 0.6976851859375001 0.42005208281249995 0.6879629625 0.43359375 0.6879629625 0.4359375 0.68101851875 0.4369791671875 0.6486111109375 0.43046875 0.6351851859375001 0.3768229171875 0.6175925921875 0.3440104171875 0.621296296875 0.3278645828125 0.627777778125 0.3223958328125 0.6347222218749999 0.3192708328125 0.6541666671875 0.3263020828125 0.671296296875 0.3528645828125 0.6888888890625
0 0.44739583281249995 0.7171296296875 0.49453125 0.7 0.496875 0.691203703125 0.496875 0.6634259265625 0.4877604171875 0.6546296296875 0.46119791718750003 0.6416666671875 0.45078125 0.6416666671875 0.44713541718750005 0.647222221875 0.43828125 0.6490740734375 0.4359375 0.6754629624999999 0.4380208328125 0.708796296875 0.44036458281249996 0.715740740625 0.44739583281249995 0.7171296296875
0 0.475 0.7495370375 0.5502604171875001 0.7240740734375 0.5536458328125 0.715277778125 0.5526041671875 0.6856481484375 0.5481770828125 0.678703703125 0.51484375 0.659259259375 0.4986979171875 0.6638888890625 0.496875 0.6921296296875 0.49453125 0.7009259265625001 0.46979166718750004 0.7115740734375 0.46979166718750004 0.7402777781250001 0.47083333281249995 0.7458333328125 0.475 0.7495370375
0 0.3760416671875 0.746759259375 0.42890625 0.7333333328125 0.4375 0.7189814812499999 0.43645833281249996 0.6958333328124999 0.4309895828125 0.6898148140625 0.41692708281249996 0.6898148140625 0.37057291718749996 0.6981481484375001 0.3294270828125 0.6740740734374999 0.325 0.6763888890625 0.3270833328125 0.7013888890625 0.34453125 0.7268518515625 0.36380208281250004 0.7453703703125 0.3760416671875 0.746759259375
0 0.3380208328125 0.73194444375 0.3385416671875 0.758796296875 0.3424479171875 0.771296296875 0.34765625 0.7731481484375 0.3575520828125 0.784259259375 0.3739583328125 0.7893518515625 0.41015625 0.775 0.46276041718750005 0.7629629625 0.46979166718750004 0.7541666671875 0.46875 0.7199074078125001 0.46328125 0.7138888890625 0.43932291718750005 0.7185185187500001 0.42786458281249995 0.734259259375 0.37109375 0.7481481484375 0.36276041718749996 0.746296296875 0.3450520828125 0.728703703125 0.3408854171875 0.727777778125 0.3380208328125 0.73194444375
0 0.3575520828125 0.8194444437499999 0.378125 0.8300925921875001 0.4174479171875 0.8138888890624999 0.46901041718750003 0.7990740734374999 0.471875 0.7949074078125 0.47083333281249995 0.7606481484375001 0.40807291718750005 0.7768518515625 0.3736979171875 0.790740740625 0.3575520828125 0.7861111109375 0.3455729171875 0.7740740734375 0.3427083328125 0.7763888890625 0.3421875 0.796759259375 0.3455729171875 0.8074074078125 0.3575520828125 0.8194444437499999
0 0.5578125 0.7597222218749999 0.5533854171875 0.7583333328124999 0.5127604171875 0.7768518515625 0.47473958281249995 0.7861111109375 0.4734375 0.7884259265625 0.47552083281249996 0.8208333328125 0.48072916718750003 0.8226851859375 0.55390625 0.796296296875 0.5567708328125 0.790277778125 0.5578125 0.7597222218749999
0 0.4752604171875 0.7481481484375 0.47239583281249997 0.7523148140625 0.47291666718750003 0.7819444437499999 0.47421875 0.7851851859375001 0.48072916718750003 0.784722221875 0.5497395828125 0.7611111109375 0.5552083328124999 0.7541666671875 0.5536458328125 0.7226851859375001 0.4752604171875 0.7481481484375
0 0.38046875 0.8740740734375001 0.3869791671875 0.8736111109375001 0.47161458281249996 0.8379629625 0.4739583328125 0.834722221875 0.475 0.8013888890624999 0.4700520828125 0.7990740734374999 0.43255208281249996 0.8101851859375 0.37734375 0.8324074078124999 0.36953125 0.8296296296874999 0.3497395828125 0.8129629625 0.3447916671875 0.8125 0.3447916671875 0.8365740734375 0.34765625 0.8509259265625 0.38046875 0.8740740734375001
0 0.3747395828125 0.921296296875 0.3848958328125 0.9254629624999999 0.3981770828125 0.9129629625 0.47161458281249996 0.872222221875 0.47239583281249997 0.8421296296874999 0.46588541718750004 0.840740740625 0.37838541718749996 0.877777778125 0.36015625 0.8611111109375 0.34817708281250004 0.8546296296874999 0.3455729171875 0.853703703125 0.3380208328125 0.8615740734375 0.3359375 0.871759259375 0.34036458281250004 0.88055555625 0.3747395828125 0.921296296875
0 0.47734375 0.825 0.47552083281249996 0.828240740625 0.4734375 0.8578703703125001 0.47630208281249997 0.8666666671875 0.4848958328125 0.8680555562500001 0.5544270828125 0.8296296296874999 0.5572916671875 0.8226851859375 0.5572916671875 0.7958333328125 0.47734375 0.825
0 0.33359375 0.7138888890625 0.32265625 0.7018518515625 0.3096354171875 0.7 0.29375 0.690277778125 0.2942708328125 0.715277778125 0.2971354171875 0.7212962968750001 0.3338541671875 0.75601851875 0.3375 0.7476851859375 0.3380208328125 0.7245370375 0.33359375 0.7138888890625
0 0.2979166671875 0.728240740625 0.29635416718749996 0.7402777781250001 0.3018229171875 0.765740740625 0.3278645828125 0.7879629625 0.3385416671875 0.79305555625 0.3395833328125 0.771759259375 0.33515625 0.7574074078125 0.3028645828125 0.727777778125 0.2979166671875 0.728240740625
0 0.2979166671875 0.7708333328125 0.30130208281250004 0.8027777781250001 0.3395833328125 0.8328703703125001 0.3421875 0.8291666671875 0.3427083328125 0.809722221875 0.3377604171875 0.79351851875 0.30234375 0.765740740625 0.2979166671875 0.7708333328125
0 0.30390625 0.6953703703125 0.315625 0.6976851859375001 0.31953125 0.6972222218749999 0.3229166671875 0.691203703125 0.3223958328125 0.6736111109375 0.31979166718749996 0.6643518515625 0.31328125 0.6537037031249999 0.30234375 0.64351851875 0.2981770828125 0.6425925921875 0.2908854171875 0.6490740734375 0.2890625 0.6634259265625 0.2921875 0.6856481484375 0.2950520828125 0.690740740625 0.30390625 0.6953703703125
0 0.3388020828125 0.8351851859374999 0.30234375 0.8027777781250001 0.2994791671875 0.8041666671875 0.2989583328125 0.8171296296874999 0.3033854171875 0.83148148125 0.32369791718749996 0.8601851859374999 0.334375 0.8652777781250001 0.3401041671875 0.8523148140625001 0.340625 0.840277778125 0.3388020828125 0.8351851859374999
0 0.4682291671875 0.3356481484375 0.46953125 0.340740740625 0.4734375 0.34027777812500004 0.49036458281249995 0.3333333328125 0.490625 0.3171296296875 0.4830729171875 0.315740740625 0.4700520828125 0.321296296875 0.4682291671875 0.3356481484375
0 0.4484375 0.3643518515625 0.4643229171875 0.3601851859375 0.46458333281249997 0.3458333328125 0.45911458281249995 0.3425925921875 0.44505208281249997 0.34722222187499996 0.44427083281249996 0.3625 0.4484375 0.3643518515625
0 0.4546875 0.34398148125 0.46770833281249996 0.3384259265625 0.4671875 0.32453703749999996 0.4653645828125 0.321296296875 0.44427083281249996 0.3236111109375 0.44375 0.3421296296875 0.4546875 0.34398148125
0 0.4674479171875 0.34351851875 0.46666666718750005 0.36064814843750004 0.471875 0.365277778125 0.49036458281249995 0.35925925937500003 0.4921875 0.3523148140625 0.490625 0.3384259265625 0.48463541718750003 0.334259259375 0.4674479171875 0.34351851875
0 0.4994791671875 0.3384259265625 0.51328125 0.3351851859375 0.515625 0.3291666671875 0.5166666671875 0.3143518515625 0.4934895828125 0.3129629625 0.4927083328125 0.334722221875 0.4994791671875 0.3384259265625
0 0.475 0.31898148125 0.49140625 0.3129629625 0.49427083281249995 0.30694444375 0.4916666671875 0.29305555625 0.47109375 0.296296296875 0.4703125 0.3171296296875 0.475 0.31898148125
0 0.46692708281249995 0.29907407343750003 0.44739583281249995 0.3023148140625 0.44765625 0.3203703703125 0.4609375 0.31990740781250004 0.46875 0.316203703125 0.46692708281249995 0.29907407343750003