0 0.9643229171875 0.12407407343750002 0.9533854171874999 0.1129629625 0.9502604171875 0.1046296296875 0.9466145828125001 0.102777778125 0.93671875 0.0861111109375 0.9231770828125001 0.1148148140625 0.9018229171875 0.12222222187500001 0.8908854171874999 0.1324074078125 0.88125 0.146759259375 0.8856770828125 0.1546296296875 0.9041666671874999 0.165277778125 0.9309895828125001 0.1611111109375 0.96328125 0.15 0.9763020828125001 0.14444444375 0.9807291671874999 0.140277778125 0.9807291671874999 0.1365740734375 0.97578125 0.127777778125 0.9643229171875 0.12407407343750002
0 0.84609375 0.1324074078125 0.83984375 0.13888888906250002 0.81953125 0.1481481484375 0.8075520828125 0.1620370375 0.79375 0.18842592656249998 0.7966145828125 0.19351851874999998 0.803125 0.19583333281249998 0.8606770828125001 0.1888888890625 0.8934895828125 0.175 0.9 0.1671296296875 0.8815104171874999 0.15 0.8684895828125001 0.1453703703125 0.85859375 0.13148148125 0.84609375 0.1324074078125
0 0.6635416671875001 0.2375 0.65859375 0.23148148124999998 0.6544270828125 0.23240740781250002 0.64609375 0.24259259218749998 0.6221354171875 0.24444444375000002 0.61484375 0.2509259265625 0.6096354171875 0.2379629625 0.60703125 0.2370370375 0.5846354171875 0.2611111109375 0.5638020828125 0.272222221875 0.546875 0.30416666718749996 0.5333333328125 0.35601851875 0.5354166671875 0.358796296875 0.5908854171875 0.35 0.6096354171875 0.3416666671875 0.6221354171875 0.3148148140625 0.6466145828125 0.29351851875 0.6614583328125 0.26898148125 0.6651041671875 0.2476851859375 0.6635416671875001 0.2375
0 0.3966145828125 0.44259259218749997 0.3690104171875 0.4370370375 0.3580729171875 0.440740740625 0.3221354171875 0.4768518515625 0.2731770828125 0.5370370375 0.2526041671875 0.58101851875 0.2484375 0.5986111109375 0.2528645828125 0.6009259265625 0.2658854171875 0.5953703703125 0.2872395828125 0.5953703703125 0.3114583328125 0.6050925921875 0.32421875 0.603703703125 0.3346354171875 0.5944444437499999 0.39296875 0.5231481484375 0.42265625 0.49259259218749996 0.4265625 0.48194444374999995 0.425 0.47453703750000004 0.3966145828125 0.44259259218749997
0 0.0877604171875 0.4166666671875 0.06015625 0.4138888890625 0.0481770828125 0.42129629687500003 0.0325520828125 0.440740740625 0.0221354171875 0.4620370375 0.013020832812499999 0.47453703750000004 0.01484375 0.48148148125 0.02578125 0.48703703750000005 0.1010416671875 0.5013888890625 0.1049479171875 0.5009259265625 0.1067708328125 0.49583333281249997 0.1052083328125 0.48842592656250006 0.109375 0.47361111093749997 0.1119791671875 0.44120370312499996 0.10703125 0.42870370312499995 0.0877604171875 0.4166666671875
0 0.0286458328125 0.5245370375 0.0330729171875 0.5287037031249999 0.09296875 0.5361111109375 0.1088541671875 0.541203703125 0.11432291718750001 0.5416666671875 0.11875 0.5273148140624999 0.10338541718750001 0.5018518515625 0.0330729171875 0.48981481406249994 0.0276041671875 0.49490740781250003 0.0244791671875 0.5050925921875 0.0286458328125 0.5245370375
0 0.0309895828125 0.5287037031249999 0.021354167187500002 0.546759259375 0.0231770828125 0.559259259375 0.03359375 0.565740740625 0.06770833281250001 0.5699074078125 0.11171875 0.5675925921875 0.1177083328125 0.558796296875 0.1177083328125 0.5504629624999999 0.11328125 0.5416666671875 0.1013020828125 0.5379629625 0.0356770828125 0.5287037031249999 0.0309895828125 0.5287037031249999
0 0.03203125 0.5675925921875 0.0283854171875 0.5703703703125 0.0260416671875 0.5773148140625 0.0299479171875 0.5935185187500001 0.0388020828125 0.5990740734375 0.0890625 0.6050925921875 0.10651041718750001 0.6046296296875 0.11432291718750001 0.6009259265625 0.11875 0.5930555562500001 0.11822916718750001 0.571759259375 0.11484375 0.56851851875 0.0700520828125 0.5703703703125 0.03203125 0.5675925921875
0 0.0296875 0.6347222218749999 0.03203125 0.64351851875 0.0380208328125 0.6486111109375 0.1106770828125 0.6490740734375 0.1203125 0.641203703125 0.121875 0.6273148140625 0.1106770828125 0.6046296296875 0.04296875 0.6018518515625 0.0385416671875 0.60601851875 0.0296875 0.6347222218749999
0 0.0348958328125 0.653240740625 0.034375 0.6634259265625 0.0393229171875 0.675 0.0494791671875 0.6754629624999999 0.11015625 0.672222221875 0.12109375 0.6675925921875 0.12395833281249999 0.6606481484375 0.1216145828125 0.64444444375 0.11015625 0.6490740734375 0.0434895828125 0.6490740734375 0.0348958328125 0.653240740625
0 0.2765625 0.40416666718750005 0.2765625 0.41342592656250005 0.28177083281250004 0.4356481484375 0.284375 0.4375 0.3268229171875 0.42870370312499995 0.33125 0.42175925937500003 0.33125 0.408796296875 0.3263020828125 0.3981481484375 0.3174479171875 0.3898148140625 0.2830729171875 0.3953703703125 0.2765625 0.40416666718750005
0 0.3361979171875 0.40277777812500004 0.3317708328125 0.40972222187499996 0.33125 0.4263888890625 0.3333333328125 0.43379629687500004 0.3401041671875 0.44305555625000004 0.3653645828125 0.4361111109375 0.3692708328125 0.43101851875 0.37421875 0.4138888890625 0.3817708328125 0.41157407343749997 0.3747395828125 0.4 0.3653645828125 0.397222221875 0.3361979171875 0.40277777812500004
0 0.0481770828125 0.3620370375 0.0432291671875 0.36990740781250003 0.0432291671875 0.3791666671875 0.050260417187499996 0.39444444375 0.0627604171875 0.3916666671875 0.1041666671875 0.40601851875 0.1067708328125 0.40416666718750005 0.1020833328125 0.3921296296875 0.103125 0.383796296875 0.1015625 0.3791666671875 0.08671875 0.3638888890625 0.058072917187499996 0.35648148125 0.0481770828125 0.3620370375
0 0.13046875 0.397222221875 0.12005208281249999 0.4018518515625 0.1171875 0.4106481484375 0.11614583281249999 0.4254629625 0.1125 0.4328703703125 0.1130208328125 0.446759259375 0.1067708328125 0.4893518515625 0.1096354171875 0.49351851875 0.13125 0.49583333281249997 0.1497395828125 0.4953703703125 0.1552083328125 0.490277778125 0.1552083328125 0.4606481484375 0.1515625 0.43194444374999996 0.1552083328125 0.4050925921875 0.1486979171875 0.3990740734375 0.13046875 0.397222221875
0 0.12109375 0.5268518515625 0.1520833328125 0.5273148140624999 0.15625 0.5236111109375 0.15572916718750002 0.49768518593750005 0.1533854171875 0.49444444374999996 0.11796875 0.4953703703125 0.1119791671875 0.508796296875 0.1130208328125 0.516203703125 0.12109375 0.5268518515625
0 0.11875 0.5550925921875 0.1236979171875 0.5638888890625 0.1536458328125 0.56805555625 0.1609375 0.566203703125 0.1572916671875 0.5319444437499999 0.1549479171875 0.5268518515625 0.1263020828125 0.5259259265625 0.1216145828125 0.5287037031249999 0.1166666671875 0.5384259265625 0.11875 0.5550925921875
0 0.1197916671875 0.5912037031249999 0.1236979171875 0.5981481484375 0.1578125 0.603240740625 0.16067708281249998 0.603703703125 0.1625 0.5986111109375 0.1619791671875 0.5754629625 0.1591145828125 0.56851851875 0.1247395828125 0.5648148140625 0.11927083281249999 0.5708333328124999 0.1197916671875 0.5912037031249999
0 0.2838541671875 0.466203703125 0.2854166671875 0.47268518593750003 0.3330729171875 0.4601851859375 0.3385416671875 0.45324074062499997 0.3395833328125 0.446759259375 0.3380208328125 0.440277778125 0.3294270828125 0.427777778125 0.28515625 0.4379629625 0.2838541671875 0.466203703125