0 0.63671875 0.0546296296875 0.6299479171875 0.055555556250000006 0.6208333328125 0.06898148125 0.5947916671875 0.1449074078125 0.5989583328125 0.16157407343750002 0.60390625 0.171296296875 0.6705729171875 0.1898148140625 0.6919270828124999 0.20555555625 0.7138020828125 0.23055555625 0.7229166671875 0.23472222187499997 0.7278645828125 0.23148148124999998 0.73828125 0.209259259375 0.7661458328124999 0.178240740625 0.76875 0.1606481484375 0.76875 0.1291666671875 0.7661458328124999 0.1041666671875 0.7638020828125 0.1 0.7580729171875 0.09629629687499999 0.7377604171875001 0.09444444375 0.71015625 0.08148148125 0.6591145828125 0.06944444375 0.63671875 0.0546296296875
0 0.7692708328125 0.1606481484375 0.7661458328124999 0.17916666718750002 0.74296875 0.20555555625 0.7333333328125 0.2236111109375 0.7359375 0.23009259218749997 0.7354166671875 0.24398148125 0.7375 0.2513888890625 0.74140625 0.253703703125 0.7440104171875 0.2601851859375 0.7479166671875 0.2606481484375 0.7799479171875 0.240740740625 0.81484375 0.21111111093749999 0.82734375 0.196296296875 0.8333333328125001 0.18101851875 0.8359375 0.1606481484375 0.8328125 0.1226851859375 0.82578125 0.11944444375 0.79609375 0.12870370312499999 0.78515625 0.127777778125 0.7716145828125 0.140740740625 0.7692708328125 0.1458333328125 0.7692708328125 0.1606481484375
0 0.7442708328125 0.303240740625 0.73359375 0.3166666671875 0.7278645828125 0.315740740625 0.7223958328125 0.31990740781250004 0.7346354171875 0.3361111109375 0.7421875 0.3365740734375 0.8002604171875 0.3120370375 0.82890625 0.2916666671875 0.8317708328125001 0.28472222187499996 0.834375 0.26342592656249997 0.8302083328125001 0.21805555625 0.81484375 0.2138888890625 0.7924479171875001 0.2296296296875 0.7799479171875 0.24259259218749998 0.75078125 0.259259259375 0.7463541671875 0.266203703125 0.7479166671875 0.2884259265625 0.7442708328125 0.303240740625
0 0.7166666671875 0.34305555625 0.7213541671875 0.36898148124999997 0.7270833328124999 0.383796296875 0.73125 0.3865740734375 0.7877604171875 0.3768518515625 0.8122395828125001 0.3638888890625 0.8244791671874999 0.3421296296875 0.8239583328125001 0.31805555625 0.8213541671875 0.30416666718749996 0.81640625 0.302777778125 0.7877604171875 0.31944444375000003 0.7419270828125 0.3379629625 0.7330729171875 0.3361111109375 0.71015625 0.3120370375 0.709375 0.321759259375 0.7166666671875 0.34305555625
0 0.7291666671875 0.391203703125 0.7450520828125 0.43518518593750005 0.8005208328125001 0.44490740781250004 0.8046875 0.434722221875 0.8083333328125001 0.396759259375 0.79921875 0.3759259265625 0.7346354171875 0.3861111109375 0.7291666671875 0.391203703125
0 0.8125 0.5050925921875 0.8166666671874999 0.46157407343749995 0.8151041671874999 0.4550925921875 0.8075520828125 0.44444444375 0.8044270828125001 0.440740740625 0.8002604171875 0.44629629687500005 0.7950520828125 0.44629629687500005 0.7565104171875 0.4379629625 0.74375 0.4393518515625 0.7549479171875 0.509259259375 0.8072916671874999 0.5171296296875 0.8125 0.5050925921875
0 0.8260416671874999 0.596759259375 0.828125 0.58101851875 0.8276041671875 0.5625 0.8234375 0.540277778125 0.81171875 0.5203703703125 0.7611979171875001 0.5111111109375 0.7552083328125 0.5134259265625001 0.76640625 0.609259259375 0.8171875 0.6106481484375 0.8221354171874999 0.6083333328125 0.8260416671874999 0.596759259375
0 0.7661458328124999 0.6115740734374999 0.76796875 0.66851851875 0.8098958328125001 0.6763888890625 0.8125 0.6726851859375 0.8161458328125001 0.6476851859375 0.8171875 0.6208333328125 0.81484375 0.6120370375 0.7661458328124999 0.6115740734374999
0 0.8083333328125001 0.7763888890625 0.8125 0.7486111109375 0.8119791671875 0.7393518515624999 0.8080729171875 0.727777778125 0.7955729171875 0.727777778125 0.7341145828125 0.7111111109375 0.7286458328125 0.7134259265625 0.7296875 0.7273148140625 0.7255208328125 0.7449074078125 0.72734375 0.7740740734375 0.8036458328125 0.790277778125 0.8083333328125001 0.7763888890625
0 0.8098958328125001 0.7949074078125 0.8080729171875 0.7916666671875 0.7502604171875 0.7787037031249999 0.7278645828125 0.7768518515625 0.7260416671875001 0.7800925921874999 0.7268229171875 0.8398148140625 0.8005208328125001 0.8449074078125 0.8046875 0.8421296296874999 0.8088541671874999 0.8273148140625001 0.8098958328125001 0.7949074078125
0 0.8010416671874999 0.7273148140625 0.8052083328125 0.7226851859375001 0.8125 0.6986111109375 0.8111979171874999 0.678703703125 0.7671875 0.6708333328125 0.76640625 0.7185185187500001 0.8010416671874999 0.7273148140625
0 0.0575520828125 0.22777777812500002 0.0356770828125 0.2148148140625 0 0.2171296296875 0.0002604171875 0.2648148140625 0.060416667187499995 0.26805555625 0.06302083281250001 0.26435185156249996 0.0640625 0.240277778125 0.06302083281250001 0.23472222187499997 0.0575520828125 0.22777777812500002
0 0.0453125 0.16898148125 0.0432291671875 0.16157407343750002 0.0361979171875 0.1574074078125 0.0200520828125 0.1574074078125 0.0002604171875 0.165740740625 0 0.216203703125 0.0109375 0.2171296296875 0.0424479171875 0.2148148140625 0.0463541671875 0.2004629625 0.0453125 0.16898148125
0 0.078125 0.20694444375 0.078125 0.18194444375000002 0.07109375 0.1740740734375 0.0466145828125 0.16851851874999998 0.0447916671875 0.17546296249999999 0.0473958328125 0.20416666718749998 0.04375 0.216203703125 0.05234375 0.22407407343750002 0.060416667187499995 0.22546296250000003 0.0760416671875 0.2208333328125 0.078125 0.20694444375