0 0.49635416718750003 0.308796296875 0.515625 0.49398148124999997 0.52109375 0.5009259265625 0.5385416671875001 0.5023148140625 0.5466145828125 0.5 0.5731770828125 0.475 0.5924479171875 0.46388888906250003 0.596875 0.45601851875 0.58125 0.2995370375 0.5697916671875001 0.24583333281250003 0.55390625 0.1981481484375 0.5200520828124999 0.197222221875 0.48932291718750004 0.1898148140625 0.48645833281249995 0.19953703750000001 0.4916666671875 0.216203703125 0.49635416718750003 0.308796296875
0 0.4583333328125 0.3125 0.4953125 0.3013888890625 0.4927083328125 0.23009259218749997 0.48932291718750004 0.222222221875 0.47109375 0.2203703703125 0.42213541718750003 0.22870370312500002 0.3903645828125 0.25 0.3838541671875 0.258796296875 0.3802083328125 0.2893518515625 0.3802083328125 0.3013888890625 0.3825520828125 0.30555555624999997 0.40338541718750004 0.3101851859375 0.4583333328125 0.3125
0 0.48619791718750005 0.35648148125 0.496875 0.333796296875 0.4953125 0.30509259218749996 0.49401041718750005 0.302777778125 0.45807291718750004 0.3138888890625 0.3971354171875 0.3101851859375 0.37734375 0.3148148140625 0.36875 0.32083333281250004 0.37161458281250004 0.36296296250000004 0.4231770828125 0.38240740781250004 0.440625 0.3856481484375 0.48619791718750005 0.35648148125
0 0.4640625 0.4384259265625 0.49765625 0.4148148140625 0.5041666671875 0.40694444374999994 0.5015625 0.36157407343750003 0.4986979171875 0.3518518515625 0.48671875 0.35648148125 0.44036458281249996 0.38703703749999996 0.3924479171875 0.3703703703125 0.38671875 0.371296296875 0.38333333281250004 0.3763888890625 0.38828125 0.4138888890625 0.4518229171875 0.4379629625 0.4640625 0.4384259265625
0 0.39114583281250004 0.41805555625 0.3927083328125 0.45416666718750004 0.39505208281250004 0.4574074078125 0.41953125 0.465740740625 0.46119791718750003 0.48703703750000005 0.4734375 0.4893518515625 0.5083333328124999 0.4671296296875 0.5104166671875 0.4606481484375 0.5088541671875 0.44120370312499996 0.50625 0.4291666671875 0.50078125 0.41851851875 0.4856770828125 0.42314814843750004 0.4809895828125 0.43518518593750005 0.47473958281249995 0.43240740781250003 0.46380208281249996 0.43981481406249995 0.4575520828125 0.43981481406249995 0.3986979171875 0.4166666671875 0.39114583281250004 0.41805555625
0 0.84765625 0.2 0.8434895828125001 0.20277777812500003 0.840625 0.21064814843750002 0.8458333328125001 0.2236111109375 0.8442708328125 0.30509259218749996 0.8479166671874999 0.333796296875 0.8546875 0.46805555625000006 0.85859375 0.4796296296875 0.8755208328125 0.48564814843750004 0.9205729171874999 0.4574074078125 0.9377604171874999 0.45 0.9442708328125 0.44120370312499996 0.9375 0.403240740625 0.9276041671874999 0.3708333328125 0.928125 0.25601851875000003 0.9234375 0.21805555625 0.91953125 0.209259259375 0.8783854171875 0.2203703703125 0.86015625 0.209259259375 0.8513020828125001 0.1990740734375 0.84765625 0.2
0 0.78203125 0.29722222187499997 0.8049479171874999 0.30648148124999997 0.8252604171875 0.321296296875 0.8291666671875 0.32083333281250004 0.84140625 0.3148148140625 0.8442708328125 0.309722221875 0.8447916671875 0.2504629625 0.84296875 0.24444444375000002 0.8263020828125001 0.234259259375 0.8106770828125001 0.23333333281250002 0.77265625 0.24351851875000002 0.7651041671875001 0.2504629625 0.7625 0.26342592656249997 0.7625 0.2791666671875 0.76484375 0.2833333328125 0.78203125 0.29722222187499997
0 0.8473958328125001 0.3356481484375 0.8434895828125001 0.3138888890625 0.82734375 0.322222221875 0.79609375 0.3018518515625 0.771875 0.2921296296875 0.7703125 0.2995370375 0.7716145828125 0.32685185156249996 0.8174479171875 0.3583333328125 0.8302083328125001 0.358796296875 0.8473958328125001 0.35694444375 0.8473958328125001 0.3356481484375
0 0.8471354171875 0.3518518515625 0.84296875 0.3574074078125 0.8231770828125 0.3601851859375 0.78046875 0.3351851859375 0.7598958328125 0.3421296296875 0.759375 0.371759259375 0.76171875 0.3768518515625 0.8153645828125 0.4138888890625 0.8203125 0.41342592656250005 0.85 0.39398148125 0.8471354171875 0.3518518515625
0 0.77109375 0.42870370312499995 0.78984375 0.447222221875 0.7986979171875 0.4509259265625 0.8080729171875 0.4601851859375 0.8135416671875 0.4606481484375 0.85078125 0.4361111109375 0.8520833328125 0.42453703750000005 0.8505208328125 0.40231481406249997 0.8471354171875 0.3981481484375 0.82265625 0.4129629625 0.8153645828125 0.4138888890625 0.7752604171875 0.3851851859375 0.7643229171875 0.38240740781250004 0.7567708328125 0.3865740734375 0.7552083328125 0.4125 0.75703125 0.41944444374999995 0.77109375 0.42870370312499995
0 0.07760416718749999 0.6180555562500001 0.0802083328125 0.641203703125 0.08541666718749999 0.64305555625 0.11640625 0.6361111109375 0.15182291718750002 0.6361111109375 0.1690104171875 0.63055555625 0.1809895828125 0.6231481484375 0.18802083281249998 0.6134259265625001 0.1875 0.5921296296875 0.1846354171875 0.584259259375 0.1794270828125 0.58148148125 0.16328125 0.58148148125 0.11015625 0.5925925921874999 0.09505208281250001 0.6 0.07760416718749999 0.6180555562500001
0 0.07291666718749999 0.66898148125 0.0744791671875 0.683796296875 0.0783854171875 0.6888888890625 0.0838541671875 0.6893518515625 0.1028645828125 0.6833333328125 0.1481770828125 0.678703703125 0.16796875 0.6731481484375 0.1864583328125 0.6560185187500001 0.1859375 0.6328703703125 0.1815104171875 0.628703703125 0.1747395828125 0.628703703125 0.15286458281249998 0.6361111109375 0.1184895828125 0.6361111109375 0.08255208281250001 0.64444444375 0.07291666718749999 0.6615740734375 0.07291666718749999 0.66898148125
0 0.07682291718749999 0.7259259265625 0.1088541671875 0.7254629625 0.1471354171875 0.7240740734375 0.17890625 0.7148148140624999 0.1846354171875 0.7111111109375 0.1875 0.7050925921875 0.18697916718750002 0.683796296875 0.16848958281249998 0.6759259265625001 0.11432291718750001 0.68148148125 0.0861979171875 0.6888888890625 0.0783854171875 0.6925925921875 0.0739583328125 0.6995370375000001 0.0734375 0.7189814812499999 0.07682291718749999 0.7259259265625
0 0.16848958281249998 0.7583333328124999 0.1502604171875 0.7648148140625 0.08255208281250001 0.7648148140625 0.0723958328125 0.7736111109375 0.07291666718749999 0.79305555625 0.07473958281250001 0.7981481484375 0.1463541671875 0.8078703703125001 0.18307291718750002 0.7925925921875 0.1838541671875 0.7643518515625 0.16848958281249998 0.7583333328124999
0 0.11796875 0.8462962968750001 0.1427083328125 0.8476851859375 0.1627604171875 0.8453703703125001 0.1809895828125 0.8379629625 0.184375 0.8300925921875001 0.1822916671875 0.809722221875 0.17578125 0.8 0.14921875 0.8083333328125001 0.08671875 0.8 0.07473958281250001 0.8 0.07291666718749999 0.8041666671875 0.07291666718749999 0.8300925921875001 0.08255208281250001 0.8370370375 0.11796875 0.8462962968750001
0 0.3815109828125 0.7203716531250001 0.4117193171875 0.7250012828125 0.4283859828125 0.732408690625 0.4401047328125 0.731945728125 0.4421880671875 0.72916795 0.4432297328125 0.71064943125 0.46119848281250003 0.6935198015624999 0.45026098281250004 0.6842605421875 0.44349014999999997 0.6842605421875 0.42474015 0.694445728125 0.4164068171875 0.6870383203125 0.40651098281250003 0.68611239375 0.37994848281250004 0.694445728125 0.3755214 0.7023160984375 0.3765630671875 0.713427209375 0.3815109828125 0.7203716531250001
0 0.5145833328125 0.733796296875 0.5307291671875001 0.7041666671875 0.5307291671875001 0.6958333328124999 0.5278645828124999 0.6888888890625 0.51484375 0.68148148125 0.4908854171875 0.678703703125 0.4799479171875 0.68148148125 0.45338541718750003 0.6972222218749999 0.4447916671875 0.7106481484375 0.4458333328125 0.7254629625 0.45078125 0.73148148125 0.48203125 0.728703703125 0.5145833328125 0.733796296875
0 0.5138020828125 0.75555555625 0.5255208328125 0.73194444375 0.52578125 0.7175925921874999 0.5221354171875 0.7185185187500001 0.5138020828125 0.734259259375 0.48151041718750004 0.728703703125 0.44713541718750005 0.7296296296875 0.44375 0.7393518515624999 0.4447916671875 0.7541666671875 0.45130208281249995 0.7611111109375 0.50625 0.7625 0.5138020828125 0.75555555625
0 0.44427083281249996 0.753240740625 0.44348958281249995 0.728703703125 0.4330729171875 0.728703703125 0.40807291718750005 0.7194444437499999 0.38619791718749996 0.7185185187500001 0.37838541718749996 0.7259259265625 0.3765625 0.73194444375 0.3770833328125 0.74398148125 0.3815104171875 0.752777778125 0.40859375 0.7518518515625 0.43645833281249996 0.7578703703125 0.44427083281249996 0.753240740625
0 0.3770833328125 0.728240740625 0.3838541671875 0.7189814812499999 0.3791666671875 0.709722221875 0.3791666671875 0.6976851859375001 0.37734375 0.6944444437499999 0.3377604171875 0.7074074078125 0.32864583281250004 0.7171296296875 0.328125 0.733796296875 0.3299479171875 0.740740740625 0.34921875 0.7351851859375 0.3770833328125 0.746759259375 0.3770833328125 0.728240740625
0 0.3763020828125 0.747222221875 0.3533854171875 0.7361111109375 0.3408854171875 0.7370370375 0.32864583281250004 0.7430555562500001 0.32864583281250004 0.7643518515625 0.33046875 0.76851851875 0.3739583328125 0.7810185187500001 0.37447916718749996 0.766203703125 0.3786458328125 0.7541666671875 0.3763020828125 0.747222221875
0 0.43046875 0.7898148140625 0.43645833281249996 0.7893518515625 0.44375 0.7810185187500001 0.4453125 0.7726851859375 0.44947916718750003 0.7671296296875 0.4486979171875 0.7601851859375001 0.44348958281249995 0.75555555625 0.43515625 0.7583333328124999 0.40859375 0.7518518515625 0.38046875 0.7509259265625 0.37447916718749996 0.7671296296875 0.3763020828125 0.7814814812499999 0.4049479171875 0.7787037031249999 0.43046875 0.7898148140625
0 0.4453125 0.7736111109375 0.44375 0.7810185187500001 0.44921875 0.796296296875 0.47890625 0.796296296875 0.5114583328125 0.8041666671875 0.5143229171875 0.8027777781250001 0.51796875 0.7925925921875 0.52109375 0.7925925921875 0.525 0.7819444437499999 0.5239583328124999 0.76805555625 0.5265625 0.7597222218749999 0.5252604171875 0.746296296875 0.51796875 0.747222221875 0.51171875 0.759259259375 0.50546875 0.7629629625 0.45234375 0.7620370375000001 0.4453125 0.7736111109375
0 0.446875 0.8125 0.4497395828125 0.8231481484375 0.5104166671875 0.834722221875 0.5161458328124999 0.8300925921875001 0.5203125 0.816203703125 0.5213541671875 0.8023148140625 0.5270833328125 0.7976851859375 0.52578125 0.7768518515625 0.525 0.7865740734375 0.5203125 0.796759259375 0.5122395828124999 0.803703703125 0.46380208281249996 0.79444444375 0.45234375 0.796296296875 0.44739583281249995 0.8013888890624999 0.446875 0.8125
0 0.4390625 0.81805555625 0.44505208281249997 0.8138888890624999 0.446875 0.80601851875 0.446875 0.7949074078125 0.44348958281249995 0.7833333328125 0.43567708281249995 0.7898148140625 0.4049479171875 0.7787037031249999 0.3841145828125 0.7833333328125 0.3786458328125 0.790277778125 0.37552083281250004 0.8023148140625 0.37734375 0.809259259375 0.3841145828125 0.8138888890624999 0.4390625 0.81805555625
0 0.3768229171875 0.7824074078125001 0.33046875 0.7675925921875 0.32864583281250004 0.7699074078125 0.328125 0.7884259265625 0.3299479171875 0.7953703703125 0.34921875 0.8 0.3770833328125 0.809722221875 0.3760416671875 0.8023148140625 0.3802083328125 0.7875 0.3768229171875 0.7824074078125001
0 0.43046875 0.81851851875 0.3841145828125 0.8138888890624999 0.3802083328125 0.821759259375 0.3796875 0.83101851875 0.3830729171875 0.8379629625 0.41328125 0.8398148140625 0.4369791671875 0.8458333328125001 0.44635416718750004 0.8365740734375 0.44609375 0.8166666671874999 0.43046875 0.81851851875
0 0.5140625 0.8541666671874999 0.5197916671875 0.8439814812499999 0.5296875 0.8023148140625 0.52578125 0.7787037031249999 0.5203125 0.7884259265625 0.5197916671875 0.7958333328125 0.5122395828124999 0.8055555562500001 0.46796875 0.7953703703125 0.4544270828125 0.796296296875 0.44739583281249995 0.8023148140625 0.4479166671875 0.8375 0.45130208281249995 0.8444444437499999 0.5140625 0.8541666671874999