0 0.084375 0.23101851875 0.0067708328125 0.23101851875 0.00703125 0.26574074062499997 0.0442708328125 0.2708333328125 0.0684895828125 0.253703703125 0.084375 0.23101851875
0 0.09505208281250001 0.3703703703125 0.1208333328125 0.333796296875 0.1213541671875 0.3236111109375 0.11223958281249999 0.302777778125 0.09140625 0.29722222187499997 0.06953125 0.31851851875000003 0.051302082812500004 0.328703703125 0.007291667187500001 0.3254629625 0.0075520828124999995 0.3703703703125 0.06015625 0.4 0.06770833281250001 0.40046296249999996 0.09505208281250001 0.3703703703125
0 0.0479166671875 0.32824074062499997 0.06796875 0.31944444375000003 0.09296875 0.2925925921875 0.1010416671875 0.271759259375 0.1 0.246759259375 0.09453125 0.24259259218749998 0.07890625 0.24351851875000002 0.06328125 0.259259259375 0.0434895828125 0.272222221875 0.01015625 0.2666666671875 0.0067708328125 0.26898148125 0.0075520828124999995 0.3240740734375 0.0479166671875 0.32824074062499997
0 0.02265625 0.377777778125 0.0067708328125 0.3736111109375 0.00625 0.41342592656250005 0.0080729171875 0.41944444374999995 0.062239582812500006 0.44259259218749997 0.0692708328125 0.4421296296875 0.08046875 0.4379629625 0.1013020828125 0.41111111093749997 0.11328125 0.40648148125 0.12109375 0.397222221875 0.1234375 0.3921296296875 0.1234375 0.384722221875 0.11822916718750001 0.366203703125 0.11015625 0.3574074078125 0.1049479171875 0.3574074078125 0.06796875 0.40092592656250003 0.058072917187499996 0.3990740734375 0.02265625 0.377777778125
0 0.06692708281250001 0.5240740734375 0.071875 0.5245370375 0.12395833281249999 0.45601851875 0.12213541718750001 0.42870370312499995 0.1091145828125 0.415740740625 0.10234375 0.4129629625 0.08151041718749999 0.4379629625 0.062239582812500006 0.44259259218749997 0.0158854171875 0.42222222187499997 0.0080729171875 0.41944444374999995 0.00625 0.42268518593750004 0.0075520828124999995 0.475 0.02734375 0.4861111109375 0.06692708281250001 0.5240740734375
0 0.0283854171875 0.696296296875 0.0067708328125 0.6976851859375001 0.0067708328125 0.7115740734375 0.0096354171875 0.7194444437499999 0.0354166671875 0.721759259375 0.0434895828125 0.7212962968750001 0.0458333328125 0.7180555562500001 0.0450520828125 0.7009259265625001 0.0283854171875 0.696296296875
0 0.04765625 0.784259259375 0.0341145828125 0.7851851859375001 0.0067708328125 0.7949074078125 0.0075520828124999995 0.8111111109375001 0.0229166671875 0.8115740734375001 0.0481770828125 0.80648148125 0.051041667187499994 0.8023148140625 0.051041667187499994 0.7884259265625 0.04765625 0.784259259375
0 0.00625 0.8523148140625001 0.0080729171875 0.8583333328125 0.025520832812499998 0.8606481484374999 0.05234375 0.8490740734375001 0.053125 0.8300925921875001 0.0393229171875 0.8296296296874999 0.007291667187500001 0.8393518515625 0.00625 0.8523148140625001
0 0.1135416671875 0.809722221875 0.11015625 0.7990740734374999 0.0700520828125 0.8046296296875 0.06770833281250001 0.808796296875 0.06770833281250001 0.81805555625 0.06901041718749999 0.8222222218749999 0.0723958328125 0.8226851859375 0.11015625 0.821296296875 0.1125 0.81898148125 0.1135416671875 0.809722221875
0 0.065625 0.7671296296875 0.0674479171875 0.7814814812499999 0.09114583281250001 0.7819444437499999 0.1106770828125 0.7796296296875 0.1125 0.766203703125 0.11015625 0.7620370375000001 0.06796875 0.7629629625 0.065625 0.7671296296875
0 0.062239582812500006 0.7398148140624999 0.05078125 0.7416666671875001 0.0484375 0.7449074078125 0.050260417187499996 0.7611111109375 0.0671875 0.7625 0.08046875 0.7601851859375001 0.0822916671875 0.75601851875 0.0817708328125 0.74398148125 0.062239582812500006 0.7398148140624999
0 0.08151041718749999 0.7009259265625001 0.0796875 0.7041666671875 0.0802083328125 0.7180555562500001 0.08255208281250001 0.7203703703125 0.1088541671875 0.7208333328125 0.109375 0.7041666671875 0.10651041718750001 0.7009259265625001 0.09140625 0.6990740734374999 0.08151041718749999 0.7009259265625001
0 0.0640625 0.7208333328125 0.07890625 0.7194444437499999 0.0796875 0.7041666671875 0.0674479171875 0.6981481484375001 0.046875 0.6995370375000001 0.04765625 0.7185185187500001 0.0640625 0.7208333328125
0 0.11041666718750001 0.7615740734374999 0.11145833281249999 0.746759259375 0.1096354171875 0.74351851875 0.0861979171875 0.740740740625 0.0817708328125 0.74398148125 0.08359375 0.7601851859375001 0.11041666718750001 0.7615740734374999
0 0.0609375 0.8486111109375001 0.08255208281250001 0.8398148140625 0.0828125 0.8254629625 0.0731770828125 0.8231481484375 0.054947917187499994 0.828703703125 0.054166667187499996 0.8476851859375 0.0609375 0.8486111109375001
0 0.051302082812500004 0.8055555562500001 0.02578125 0.8120370375 0.0080729171875 0.8120370375 0.007291667187500001 0.8365740734375 0.0182291671875 0.8375 0.0674479171875 0.8231481484375 0.0671875 0.8106481484374999 0.06328125 0.80648148125 0.051302082812500004 0.8055555562500001
0 0.0080729171875 0.7675925921875 0.0067708328125 0.7884259265625 0.0135416671875 0.790277778125 0.06380208281250001 0.7814814812499999 0.0661458328125 0.778240740625 0.0666666671875 0.766203703125 0.06015625 0.7620370375000001 0.0080729171875 0.7675925921875
0 0.08203125 0.8416666671874999 0.0700520828125 0.8462962968750001 0.0682291671875 0.8495370375 0.0692708328125 0.8643518515625 0.0765625 0.8652777781250001 0.1091145828125 0.8583333328125 0.1119791671875 0.8541666671874999 0.1119791671875 0.8449074078125 0.08203125 0.8416666671874999
0 0.0067708328125 0.6745370375 0.0080729171875 0.6953703703125 0.0463541671875 0.6986111109375 0.06328125 0.6972222218749999 0.0625 0.68101851875 0.0434895828125 0.6740740734374999 0.0080729171875 0.671296296875 0.0067708328125 0.6745370375
0 0.0442708328125 0.6523148140624999 0.04453125 0.6740740734374999 0.0635416671875 0.678240740625 0.07291666718749999 0.6736111109375 0.0744791671875 0.666203703125 0.0731770828125 0.6555555562500001 0.052864582812500005 0.6490740734375 0.0442708328125 0.6523148140624999
0 0.1067708328125 0.68194444375 0.1078125 0.6699074078125 0.10078125 0.6620370375 0.0809895828125 0.6583333328125 0.075 0.6625 0.07578125 0.6777777781250001 0.1067708328125 0.68194444375
0 0.1622395828125 0.6805555562500001 0.15703125 0.6731481484375 0.1388020828125 0.678703703125 0.1338541671875 0.6856481484375 0.1356770828125 0.6981481484375001 0.1502604171875 0.6944444437499999 0.1661458328125 0.7023148140625 0.1734375 0.696759259375 0.17265625 0.68148148125 0.1622395828125 0.6805555562500001
0 0.2127604171875 0.6953703703125 0.17630208281249998 0.6972222218749999 0.1609375 0.70694444375 0.1609375 0.7189814812499999 0.16875 0.721759259375 0.19088541718750002 0.7166666671875 0.2127604171875 0.7175925921874999 0.21614583281250002 0.703240740625 0.2127604171875 0.6953703703125
0 0.2171875 0.7254629625 0.2143229171875 0.7185185187500001 0.1903645828125 0.7166666671875 0.17890625 0.7194444437499999 0.1760416671875 0.7245370375 0.17734375 0.7379629624999999 0.2125 0.7384259265625001 0.2153645828125 0.7379629624999999 0.2166666671875 0.7328703703125 0.2171875 0.7254629625
0 0.1393229171875 0.740740740625 0.1359375 0.7458333328125 0.1364583328125 0.7550925921875 0.1377604171875 0.759259259375 0.1427083328125 0.758796296875 0.15963541718750002 0.7546296296875 0.1598958328125 0.7384259265625001 0.1544270828125 0.7351851859375 0.1393229171875 0.740740740625
0 0.1770833328125 0.7606481484375001 0.21328125 0.7583333328124999 0.215625 0.741203703125 0.1768229171875 0.7370370375 0.1609375 0.7458333328125 0.1622395828125 0.7601851859375001 0.1770833328125 0.7606481484375001
0 0.16484375 0.7833333328125 0.1619791671875 0.790277778125 0.1619791671875 0.796759259375 0.1643229171875 0.8 0.20833333281250002 0.8013888890624999 0.215625 0.796759259375 0.21588541718749998 0.777777778125 0.1778645828125 0.777777778125 0.16484375 0.7833333328125
0 0.1658854171875 0.8027777781250001 0.1565104171875 0.797222221875 0.1369791671875 0.8023148140625 0.1380208328125 0.8125 0.14140625 0.8194444437499999 0.14921875 0.815740740625 0.1734375 0.81898148125 0.1770833328125 0.816203703125 0.17630208281249998 0.8018518515625 0.1658854171875 0.8027777781250001
0 0.1380208328125 0.7828703703125 0.1393229171875 0.797222221875 0.1578125 0.796759259375 0.1609375 0.790277778125 0.1609375 0.7819444437499999 0.1591145828125 0.7796296296875 0.1408854171875 0.7787037031249999 0.1380208328125 0.7828703703125
0 0.203125 0.8236111109375001 0.21614583281250002 0.816203703125 0.2143229171875 0.8009259265625 0.1861979171875 0.7990740734374999 0.1755208328125 0.8023148140625 0.1778645828125 0.81851851875 0.203125 0.8236111109375001
0 0.1893229171875 0.8379629625 0.1786458328125 0.840277778125 0.178125 0.8513888890624999 0.1809895828125 0.85555555625 0.2088541671875 0.8606481484374999 0.2166666671875 0.8550925921875001 0.21588541718749998 0.8388888890624999 0.21015625 0.8435185187500001 0.1893229171875 0.8379629625
0 0.17734375 0.6768518515624999 0.1734375 0.6828703703125 0.1739583328125 0.69305555625 0.17630208281249998 0.696296296875 0.1921875 0.6958333328124999 0.2127604171875 0.6953703703125 0.2166666671875 0.6763888890625 0.19453125 0.672222221875 0.17734375 0.6768518515624999
0 0.1377604171875 0.6583333328125 0.1369791671875 0.6726851859375 0.1427083328125 0.6763888890625 0.1565104171875 0.6731481484375 0.1630208328125 0.6560185187500001 0.1619791671875 0.6504629625 0.15286458281249998 0.6481481484375 0.1377604171875 0.6583333328125
0 0.2747395828125 0.6509259265625 0.23671875 0.64351851875 0.22005208281250002 0.65 0.2166666671875 0.6560185187500001 0.2171875 0.666203703125 0.2205729171875 0.6731481484375 0.24192708281250003 0.6731481484375 0.25390625 0.6833333328125 0.2598958328125 0.683796296875 0.275 0.6699074078125 0.2747395828125 0.6509259265625
0 0.22421875 0.6740740734374999 0.21510416718749997 0.6828703703125 0.215625 0.6958333328124999 0.21796875 0.7 0.221875 0.6995370375000001 0.2502604171875 0.6972222218749999 0.25625 0.683796296875 0.2440104171875 0.6731481484375 0.22421875 0.6740740734374999
0 0.2716145828125 0.7212962968750001 0.2723958328125 0.7078703703125 0.2705729171875 0.7046296296875 0.2575520828125 0.709259259375 0.2513020828125 0.696296296875 0.2205729171875 0.7 0.215625 0.7078703703125 0.215625 0.7180555562500001 0.21953125 0.7240740734375 0.24609375 0.7212962968750001 0.25729166718749996 0.7263888890625 0.2716145828125 0.7212962968750001
0 0.21796875 0.7268518515625 0.2171875 0.7421296296875 0.22552083281250002 0.74398148125 0.2518229171875 0.7425925921875 0.253125 0.7254629625 0.24713541718749998 0.7212962968750001 0.2299479171875 0.7212962968750001 0.21796875 0.7268518515625
0 0.27395833281250004 0.7606481484375001 0.27291666718749996 0.7486111109375 0.2528645828125 0.74351851875 0.22161458281250002 0.74351851875 0.21640625 0.746296296875 0.21510416718749997 0.7513888890625 0.21510416718749997 0.7606481484375001 0.21953125 0.7675925921875 0.25625 0.7699074078125 0.2721354171875 0.765740740625 0.27395833281250004 0.7606481484375001
0 0.2520833328125 0.7875 0.2520833328125 0.7726851859375 0.24921875 0.76851851875 0.22526041718749998 0.7666666671875 0.21614583281250002 0.7736111109375 0.21796875 0.7888888890625 0.2520833328125 0.7875
0 0.24348958281250002 0.7888888890625 0.21848958281250003 0.7888888890625 0.21614583281250002 0.79305555625 0.21744791718749998 0.809259259375 0.2557291671875 0.8125 0.2705729171875 0.8101851859375 0.2703125 0.7958333328125 0.25546875 0.79444444375 0.24348958281250002 0.7888888890625
0 0.32578125 0.7629629625 0.31484375 0.7666666671875 0.2747395828125 0.765740740625 0.2549479171875 0.772222221875 0.253125 0.7763888890625 0.253125 0.7884259265625 0.2559895828125 0.7916666671875 0.2809895828125 0.7879629625 0.3145833328125 0.791203703125 0.3265625 0.784722221875 0.32578125 0.7629629625
0 0.32578125 0.7175925921874999 0.27265625 0.722222221875 0.2536458328125 0.73101851875 0.25546875 0.7453703703125 0.265625 0.746759259375 0.2841145828125 0.7425925921875 0.32578125 0.7416666671875001 0.32760416718749996 0.721759259375 0.32578125 0.7175925921874999
0 0.27890625 0.6981481484375001 0.32421875 0.6925925921875 0.32760416718749996 0.684722221875 0.3270833328125 0.66898148125 0.32473958281250004 0.665740740625 0.27005208281250004 0.6759259265625001 0.2541666671875 0.690277778125 0.2557291671875 0.7041666671875 0.2604166671875 0.70694444375 0.27109375 0.70555555625 0.27890625 0.6981481484375001
0 0.32760416718749996 0.6476851859375 0.32578125 0.6425925921875 0.3059895828125 0.6370370375000001 0.29296875 0.640740740625 0.2755208328125 0.653240740625 0.2763020828125 0.672222221875 0.28958333281250004 0.6726851859375 0.32578125 0.6675925921875 0.32760416718749996 0.6634259265625 0.32760416718749996 0.6476851859375
0 0.32578125 0.8324074078124999 0.3153645828125 0.8379629625 0.27734375 0.834259259375 0.27395833281250004 0.8384259265624999 0.2744791671875 0.8504629625 0.27734375 0.85555555625 0.3140625 0.8652777781250001 0.3270833328125 0.8541666671874999 0.32760416718749996 0.8375 0.32578125 0.8324074078124999
0 0.4828125 0.7393518515624999 0.48671875 0.74351851875 0.49140625 0.74351851875 0.5018229171875 0.7351851859375 0.50546875 0.7370370375 0.5072916671875001 0.7393518515624999 0.5052083328125 0.746759259375 0.50625 0.7495370375 0.5096354171875 0.7453703703125 0.5138020828125 0.746296296875 0.5161458328124999 0.7328703703125 0.5151041671875001 0.7115740734375 0.5106770828125 0.7046296296875 0.5059895828125 0.7111111109375 0.5015625 0.7115740734375 0.5036458328125 0.7180555562500001 0.50234375 0.7203703703125 0.49713541718750004 0.7185185187500001 0.48333333281249996 0.7328703703125 0.4828125 0.7393518515624999
0 0.48541666718750004 0.808796296875 0.4869791671875 0.8023148140625 0.4838541671875 0.7865740734375 0.4838541671875 0.7745370375 0.47473958281249995 0.7574074078125 0.46979166718750004 0.7615740734374999 0.4557291671875 0.8050925921875001 0.45130208281249995 0.803703703125 0.4505208328125 0.80694444375 0.45208333281249996 0.8226851859375 0.4671875 0.8393518515625 0.48541666718750004 0.808796296875
0 0.4515625 0.7736111109375 0.44713541718750005 0.7703703703125 0.3997395828125 0.7916666671875 0.3958333328125 0.8050925921875001 0.3854166671875 0.81898148125 0.38671875 0.827777778125 0.396875 0.828240740625 0.4283854171875 0.8222222218749999 0.4466145828125 0.8148148140625 0.4515625 0.7736111109375
0 0.4505208328125 0.8449074078125 0.4484375 0.8171296296874999 0.44713541718750005 0.8138888890624999 0.42109375 0.825 0.3877604171875 0.828703703125 0.3854166671875 0.8328703703125001 0.3854166671875 0.8550925921875001 0.38828125 0.8648148140625 0.3927083328125 0.8643518515625 0.44765625 0.85 0.4505208328125 0.8449074078125
0 0.44557291718750003 0.89444444375 0.46015625 0.8861111109375001 0.46197916718750004 0.8800925921875 0.4604166671875 0.8495370375 0.45130208281249995 0.847222221875 0.4330729171875 0.85648148125 0.40078125 0.8629629624999999 0.3895833328125 0.8736111109375001 0.3885416671875 0.8856481484375 0.3924479171875 0.897222221875 0.40989583281249997 0.8995370375 0.44557291718750003 0.89444444375
0 0.3958333328125 0.8041666671875 0.3973958328125 0.7875 0.39296875 0.7805555562500001 0.3799479171875 0.7759259265625 0.3643229171875 0.7759259265625 0.3533854171875 0.7768518515625 0.346875 0.7819444437499999 0.3526041671875 0.7921296296875 0.3515625 0.816203703125 0.3533854171875 0.8222222218749999 0.3903645828125 0.8129629625 0.3958333328125 0.8041666671875
0 0.346875 0.8356481484374999 0.34765625 0.85 0.3807291671875 0.858796296875 0.384375 0.8504629625 0.3848958328125 0.834722221875 0.37890625 0.8268518515625001 0.3533854171875 0.8231481484375 0.346875 0.8356481484374999
0 0.8729166671874999 0.8439814812499999 0.8731770828125001 0.8231481484375 0.87109375 0.8222222218749999 0.86015625 0.834259259375 0.8549479171875 0.8435185187500001 0.80390625 0.8259259265625 0.77890625 0.827777778125 0.7734375 0.83194444375 0.7739583328124999 0.8495370375 0.7763020828125 0.852777778125 0.8520833328125 0.8699074078125 0.8729166671874999 0.8439814812499999
0 0.8541666671874999 0.8439814812499999 0.8723958328125001 0.8199074078124999 0.8734375 0.8023148140625 0.8770833328125001 0.7958333328125 0.8763020828125001 0.7916666671875 0.8580729171874999 0.7851851859375001 0.8356770828125001 0.7851851859375001 0.8122395828125001 0.8018518515625 0.80390625 0.8018518515625 0.8015625 0.8050925921875001 0.8 0.8199074078124999 0.8018229171875 0.825 0.8541666671874999 0.8439814812499999
0 0.75234375 0.825 0.7890625 0.8273148140625001 0.8 0.8236111109375001 0.8005208328125001 0.8050925921875001 0.80234375 0.8018518515625 0.81953125 0.7953703703125 0.8223958328125001 0.7884259265625 0.7950520828125 0.7833333328125 0.76484375 0.7990740734374999 0.73359375 0.8009259265625 0.7255208328125 0.80601851875 0.7265625 0.8236111109375001 0.7294270828125 0.827777778125 0.75234375 0.825
0 0.7338541671875001 0.8004629624999999 0.7653645828125 0.7981481484375 0.7841145828125 0.7870370375 0.7981770828125 0.7833333328125 0.8010416671874999 0.7810185187500001 0.8015625 0.7671296296875 0.7971354171875 0.7611111109375 0.7643229171875 0.7601851859375001 0.7372395828125 0.76851851875 0.7268229171875 0.775 0.7239583328125 0.7800925921874999 0.7244791671875 0.7986111109375 0.7338541671875001 0.8004629624999999
0 0.7330729171875 0.8268518515625001 0.7278645828125 0.828703703125 0.7255208328125 0.834722221875 0.72890625 0.8490740734375001 0.7671875 0.8486111109375001 0.7729166671875001 0.8458333328125001 0.7723958328125 0.8300925921875001 0.7684895828125 0.8259259265625 0.7330729171875 0.8268518515625001
0 0.7979166671875 0.8828703703125 0.8015625 0.8800925921875 0.79921875 0.8574074078124999 0.77890625 0.853703703125 0.77265625 0.8490740734375001 0.728125 0.8513888890624999 0.728125 0.8606481484374999 0.7315104171875 0.8666666671875 0.7403645828125 0.8648148140625 0.740625 0.8578703703125001 0.74296875 0.85648148125 0.7690104171875001 0.8759259265624999 0.7979166671875 0.8828703703125
0 0.84296875 0.7518518515625 0.8065104171874999 0.7601851859375001 0.8020833328125001 0.766203703125 0.803125 0.778240740625 0.8106770828125001 0.7833333328125 0.8283854171874999 0.7870370375 0.8372395828125001 0.7824074078125001 0.8533854171874999 0.7824074078125001 0.8765625 0.7865740734375 0.8901041671875 0.7736111109375 0.890625 0.7671296296875 0.8877604171875 0.759259259375 0.8755208328125 0.75601851875 0.8768229171874999 0.7638888890625 0.8848958328125001 0.7671296296875 0.8825520828125001 0.772222221875 0.87109375 0.7648148140625 0.8533854171874999 0.765740740625 0.8489583328125001 0.7606481484375001 0.8518229171874999 0.752777778125 0.84296875 0.7518518515625
0 0.9119791671874999 0.7736111109375 0.9091145828125 0.771296296875 0.88984375 0.7768518515625 0.87734375 0.7879629625 0.8734375 0.8013888890624999 0.8729166671874999 0.81805555625 0.8755208328125 0.8208333328125 0.90703125 0.7953703703125 0.9125 0.7837962968750001 0.9119791671874999 0.7736111109375
0 0.8833333328125 0.7550925921875 0.89921875 0.7453703703125 0.9127604171874999 0.7416666671875001 0.9151041671875 0.733796296875 0.9135416671875 0.7245370375 0.9096354171875 0.7212962968750001 0.89453125 0.7240740734375 0.8575520828125001 0.725 0.8434895828125001 0.7351851859375 0.8395833328125001 0.74398148125 0.8419270828125001 0.7509259265625 0.8591145828125001 0.75 0.8833333328125 0.7550925921875
0 0.7606770828125 0.759259259375 0.78203125 0.7583333328124999 0.8005208328125001 0.7625 0.8356770828125001 0.7509259265625 0.8390625 0.7458333328125 0.8401041671874999 0.734722221875 0.8442708328125 0.73194444375 0.8315104171875 0.725 0.82734375 0.727777778125 0.8252604171875 0.725 0.80703125 0.7240740734375 0.7627604171875 0.7379629624999999 0.7583333328124999 0.7449074078125 0.7583333328124999 0.7541666671875 0.7606770828125 0.759259259375
0 0.8567708328125001 0.7254629625 0.8736979171874999 0.7212962968750001 0.90390625 0.722222221875 0.91171875 0.7194444437499999 0.9151041671875 0.7115740734375 0.9080729171874999 0.6972222218749999 0.89140625 0.69351851875 0.8450520828125001 0.6972222218749999 0.8372395828125001 0.7 0.8270833328125 0.7115740734375 0.8270833328125 0.7180555562500001 0.83359375 0.7240740734375 0.8567708328125001 0.7254629625
0 0.8598958328125 0.691203703125 0.8622395828125 0.6944444437499999 0.8981770828125001 0.6925925921875 0.9130208328125 0.696759259375 0.9140625 0.6865740734375 0.89921875 0.66944444375 0.86640625 0.6675925921875 0.8591145828125001 0.672222221875 0.8481770828125 0.671296296875 0.8411458328125001 0.6763888890625 0.8411458328125001 0.683796296875 0.8455729171874999 0.69351851875 0.85703125 0.6916666671875 0.85625 0.683796296875 0.8591145828125001 0.678703703125 0.8598958328125 0.691203703125
0 0.8190104171874999 0.675 0.8044270828125001 0.6805555562500001 0.8020833328125001 0.683796296875 0.8036458328125 0.6995370375000001 0.8052083328125 0.7004629625 0.8299479171874999 0.6981481484375001 0.8317708328125001 0.6921296296875 0.8317708328125001 0.6763888890625 0.8190104171874999 0.675
0 0.79609375 0.640740740625 0.7947916671875 0.6560185187500001 0.8046875 0.659722221875 0.8299479171874999 0.652777778125 0.83125 0.64398148125 0.82109375 0.634259259375 0.8033854171874999 0.6361111109375 0.79609375 0.640740740625
0 0.9158854171874999 0.2833333328125 0.9059895828125001 0.2833333328125 0.9015625 0.30509259218749996 0.9005208328125001 0.32453703749999996 0.8901041671875 0.35694444375 0.8880208328125001 0.3754629625 0.8875 0.40138888906250003 0.8919270828125001 0.447222221875 0.9401041671874999 0.45046296249999995 0.9447916671875 0.44490740781250004 0.9447916671875 0.3828703703125 0.9479166671874999 0.3708333328125 0.9479166671874999 0.3476851859375 0.9536458328125 0.3291666671875 0.9520833328125 0.2726851859375 0.9502604171875 0.2703703703125 0.9458333328125 0.2726851859375 0.9447916671875 0.29398148125 0.9419270828125 0.29814814843750004 0.9278645828125001 0.29814814843750004 0.9158854171874999 0.2833333328125
0 0.70078125 0.302777778125 0.6958333328124999 0.30694444375 0.6958333328124999 0.3236111109375 0.6981770828125 0.328703703125 0.7536458328125 0.32824074062499997 0.7557291671875 0.315277778125 0.75390625 0.30648148124999997 0.7158854171875 0.3018518515625 0.70078125 0.302777778125
0 0.7697916671875 0.353240740625 0.7723958328125 0.34861111093749997 0.771875 0.3375 0.7700520828124999 0.334259259375 0.76171875 0.334259259375 0.7609375 0.3513888890625 0.7697916671875 0.353240740625
0 0.6973958328125 0.333796296875 0.6986979171875001 0.3490740734375 0.7536458328125 0.3513888890625 0.7552083328125 0.334722221875 0.7533854171875001 0.3296296296875 0.7044270828125 0.32777777812500003 0.6997395828124999 0.328703703125 0.6973958328125 0.333796296875
0 0.7567708328125 0.26898148125 0.7544270828124999 0.25833333281250004 0.74921875 0.253703703125 0.7309895828124999 0.24907407343750002 0.70859375 0.25555555625 0.703125 0.26435185156249996 0.7005208328125 0.2791666671875 0.7263020828125 0.2759259265625 0.7541666671875 0.28101851875 0.75625 0.2791666671875 0.7567708328125 0.26898148125
0 0.7765625 0.3763888890625 0.7864583328125 0.36990740781250003 0.7830729171875 0.3583333328125 0.77265625 0.3546296296875 0.7604166671875 0.35601851875 0.7611979171875001 0.3759259265625 0.7765625 0.3763888890625
0 0.75 0.3754629625 0.753125 0.3708333328125 0.7546875 0.35601851875 0.7528645828125 0.3518518515625 0.6981770828125 0.3509259265625 0.69453125 0.35555555625 0.6895833328125 0.35601851875 0.6903645828125 0.3601851859375 0.6940104171875 0.3583333328125 0.6958333328124999 0.3625 0.690625 0.366203703125 0.69140625 0.371296296875 0.75 0.3754629625
0 0.8203125 0.2754629625 0.8208333328125 0.26435185156249996 0.8153645828125 0.25833333281250004 0.7966145828125 0.25648148125 0.78828125 0.25833333281250004 0.78125 0.26527777812500003 0.7861979171875 0.2675925921875 0.78984375 0.27777777812500004 0.796875 0.2828703703125 0.8174479171875 0.2796296296875 0.8203125 0.2754629625
0 0.7940104171875 0.3148148140625 0.7893229171875 0.3166666671875 0.7880208328125 0.32083333281250004 0.7927083328125 0.3263888890625 0.7958333328125 0.3236111109375 0.7940104171875 0.3148148140625
0 0.80234375 0.30648148124999997 0.8010416671874999 0.32824074062499997 0.8052083328125 0.3300925921875 0.82734375 0.32685185156249996 0.8296875 0.321759259375 0.8296875 0.3134259265625 0.8231770828125 0.30648148124999997 0.80234375 0.30648148124999997
0 0.78203125 0.3296296296875 0.7729166671875001 0.3356481484375 0.7723958328125 0.3513888890625 0.7752604171875 0.35648148125 0.7911458328125 0.3578703703125 0.79375 0.353240740625 0.7958333328125 0.334722221875 0.7940104171875 0.328703703125 0.78203125 0.3296296296875
0 0.8010416671874999 0.33194444375 0.79921875 0.35648148125 0.821875 0.3578703703125 0.8286458328125 0.3513888890625 0.8296875 0.3421296296875 0.82578125 0.3324074078125 0.81953125 0.328703703125 0.8010416671874999 0.33194444375
0 0.6953125 0.3513888890625 0.6973958328125 0.34861111093749997 0.6973958328125 0.33194444375 0.68515625 0.33148148125 0.6854166671875 0.34861111093749997 0.6877604171875 0.3518518515625 0.6953125 0.3513888890625
0 0.6583333328125 0.34398148125 0.6606770828124999 0.3518518515625 0.6744791671875 0.3523148140625 0.6807291671875 0.3495370375 0.67890625 0.3296296296875 0.6627604171875 0.33055555625 0.6598958328125 0.333796296875 0.6583333328125 0.34398148125
0 0.6817708328125 0.35601851875 0.67890625 0.3518518515625 0.6611979171875 0.353703703125 0.659375 0.3578703703125 0.659375 0.3708333328125 0.6611979171875 0.375 0.665625 0.3745370375 0.67890625 0.3740740734375 0.68359375 0.3703703703125 0.6817708328125 0.35601851875
0 0.6815104171875 0.25648148125 0.66640625 0.2629629625 0.6645833328124999 0.266203703125 0.6640625 0.2791666671875 0.6723958328124999 0.28194444375 0.6841145828124999 0.27870370312500004 0.6903645828125 0.26574074062499997 0.6984375 0.258796296875 0.6815104171875 0.25648148125
0 0.3885416671875 0.45324074062499997 0.39296875 0.4620370375 0.4359375 0.46805555625000006 0.4458333328125 0.446759259375 0.44348958281249995 0.4388888890625 0.40703125 0.43333333281249997 0.40026041718750005 0.4370370375 0.3885416671875 0.45324074062499997
0 0.5161458328124999 0.49583333281249997 0.5138020828125 0.4879629625 0.4809895828125 0.48518518593750004 0.46640625 0.4879629625 0.4635416671875 0.49490740781250003 0.4640625 0.4995370375 0.46692708281249995 0.5018518515625 0.50703125 0.5 0.5098958328125 0.5023148140625 0.50859375 0.509259259375 0.5130208328125 0.5097222218749999 0.5161458328124999 0.49583333281249997
0 0.5638020828125 0.4824074078125 0.5361979171875 0.4824074078125 0.5174479171875 0.4879629625 0.5182291671875 0.49768518593750005 0.5223958328125 0.5004629625 0.5440104171875 0.49629629687500004 0.56484375 0.497222221875 0.5661458328125 0.48842592656250006 0.5638020828125 0.4824074078125
0 0.5640625 0.47083333281249995 0.5640625 0.46527777812500004 0.54921875 0.4453703703125 0.52734375 0.4481481484375 0.5127604171875 0.44259259218749997 0.5078125 0.446759259375 0.5135416671875 0.46342592656250003 0.51484375 0.475 0.5276041671875 0.4763888890625 0.56171875 0.47407407343749997 0.5640625 0.47083333281249995