0 0.47447916718750005 0.39953703749999997 0.46666666718750005 0.34398148125 0.46197916718750004 0.26527777812500003 0.45885416718750005 0.2541666671875 0.45625 0.2273148140625 0.44921875 0.2203703703125 0.42682291718750004 0.21944444375 0.4192708328125 0.228240740625 0.3890625 0.30694444375 0.390625 0.36064814843750004 0.3932291671875 0.38935185156249996 0.4067708328125 0.4606481484375 0.42552083281249997 0.5300925921874999 0.4328125 0.546759259375 0.4369791671875 0.5791666671875 0.44322916718750005 0.603240740625 0.4515625 0.609722221875 0.45885416718750005 0.6041666671875 0.46666666718750005 0.5856481484375 0.47291666718750003 0.5773148140625 0.4760416671875 0.565277778125 0.47083333281249995 0.5513888890625 0.4692708328125 0.5273148140624999 0.47083333281249995 0.5115740734374999 0.4809895828125 0.503703703125 0.50234375 0.5046296296875 0.5072916671875001 0.4986111109375 0.509375 0.48842592656250006 0.47447916718750005 0.39953703749999997
0 0.3625 0.5495370375 0.3635416671875 0.5828703703125 0.36484375 0.5861111109375 0.3697916671875 0.5856481484375 0.39296875 0.5648148140625 0.42291666718750004 0.5300925921874999 0.4223958328125 0.51805555625 0.40598958281249997 0.4620370375 0.3841145828125 0.4611111109375 0.36484375 0.46666666718750005 0.33255208281250004 0.49629629687500004 0.3171875 0.516203703125 0.3200520828125 0.51944444375 0.3388020828125 0.522222221875 0.3575520828125 0.5361111109375 0.3625 0.5495370375
0 0.1817708328125 0.5958333328125 0.18125 0.6134259265625001 0.1838541671875 0.6199074078125 0.20859375 0.6537037031249999 0.2361979171875 0.66944444375 0.2630208328125 0.6773148140624999 0.36276041718749996 0.5879629625 0.3630208328125 0.5643518515625 0.3604166671875 0.54305555625 0.35390625 0.5324074078125001 0.3450520828125 0.5259259265625 0.31328125 0.5175925921875 0.28984375 0.5175925921875 0.25390625 0.5388888890625 0.20807291718749998 0.5722222218749999 0.1934895828125 0.5888888890625 0.18515625 0.590740740625 0.1817708328125 0.5958333328125
0 0.178125 0.6763888890625 0.18020833281249998 0.6893518515625 0.1859375 0.7041666671875 0.1885416671875 0.7245370375 0.1924479171875 0.73055555625 0.2598958328125 0.734722221875 0.2721354171875 0.7333333328125 0.30807291718749996 0.6916666671875 0.34713541718749996 0.6611111109375 0.3697916671875 0.628240740625 0.3661458328125 0.5930555562500001 0.35703125 0.5944444437499999 0.2627604171875 0.6777777781250001 0.2481770828125 0.675 0.21640625 0.6611111109375 0.20442708281250002 0.6490740734375 0.1872395828125 0.6629629625 0.178125 0.6763888890625
0 0.396875 0.6800925921875 0.42265625 0.6601851859375001 0.43984375 0.6546296296875 0.440625 0.6393518515625 0.4369791671875 0.6152777781250001 0.43359375 0.6120370375 0.42109375 0.6111111109375 0.38984375 0.6166666671875001 0.37161458281250004 0.6296296296875 0.3479166671875 0.6634259265625 0.34921875 0.66944444375 0.38203125 0.671296296875 0.396875 0.6800925921875
0 0.3434895828125 0.7490740734375 0.3375 0.7634259265625001 0.3416666671875 0.816203703125 0.3450520828125 0.821296296875 0.4106770828125 0.8351851859374999 0.4380208328125 0.8375 0.4447916671875 0.8291666671875 0.47421875 0.76944444375 0.509375 0.7180555562500001 0.5109375 0.7106481484375 0.5104166671875 0.68101851875 0.5065104171875 0.6601851859375001 0.49817708281249995 0.6555555562500001 0.4700520828125 0.652777778125 0.43515625 0.6564814812499999 0.42005208281249995 0.6629629625 0.39609375 0.6824074078125 0.3434895828125 0.7490740734375
0 0.2721354171875 0.734259259375 0.2247395828125 0.7361111109375 0.1966145828125 0.7324074078125 0.1940104171875 0.7333333328125 0.1885416671875 0.746759259375 0.1885416671875 0.753240740625 0.19583333281249998 0.7763888890625 0.20703125 0.7870370375 0.3369791671875 0.8078703703125001 0.3390625 0.8013888890624999 0.3348958328125 0.766203703125 0.3375 0.758796296875 0.35234375 0.7361111109375 0.38828125 0.6916666671875 0.3921875 0.683796296875 0.3893229171875 0.6768518515624999 0.3846354171875 0.672222221875 0.37109375 0.66944444375 0.3372395828125 0.671296296875 0.3122395828125 0.6898148140625 0.2721354171875 0.734259259375
0 0.2169270828125 0.8481481484375 0.28463541718749996 0.8574074078124999 0.3416666671875 0.8745370375 0.3450520828125 0.872222221875 0.3463541671875 0.866203703125 0.3447916671875 0.83101851875 0.340625 0.81898148125 0.3330729171875 0.8101851859375 0.22682291718749997 0.7925925921875 0.21484375 0.7879629625 0.20703125 0.7879629625 0.2015625 0.7958333328125 0.2010416671875 0.803240740625 0.2078125 0.840277778125 0.2169270828125 0.8481481484375
0 0.3489583328125 0.8763888890624999 0.3528645828125 0.88148148125 0.44375 0.8976851859374999 0.44765625 0.897222221875 0.45494791718750005 0.8888888890625 0.48072916718750003 0.833796296875 0.5109375 0.7800925921874999 0.5125 0.7550925921875 0.5091145828125 0.725 0.5059895828125 0.7240740734375 0.47057291718750005 0.777777778125 0.43984375 0.8388888890624999 0.3513020828125 0.825 0.3463541671875 0.8291666671875 0.3489583328125 0.8763888890624999
0 0.4309895828125 0.8990740734375 0.36380208281250004 0.8851851859375 0.3580729171875 0.8851851859375 0.35625 0.8884259265625 0.35989583281250004 0.94305555625 0.36171875 0.9472222218749999 0.42942708281249997 0.9574074078124999 0.45416666718750004 0.9578703703125001 0.4622395828125 0.952777778125 0.4692708328125 0.940277778125 0.4828125 0.9069444437499999 0.5015625 0.8763888890624999 0.509375 0.8550925921875001 0.5140625 0.8486111109375001 0.5177083328125 0.8236111109375001 0.5169270828125 0.7925925921875 0.51015625 0.7888888890625 0.5059895828125 0.7925925921875 0.44921875 0.897222221875 0.4309895828125 0.8990740734375
0 0.353125 0.8884259265625 0.3455729171875 0.8796296296874999 0.2861979171875 0.859259259375 0.2078125 0.8476851859375 0.20677083281250003 0.8625 0.21848958281250003 0.9064814812499999 0.3505208328125 0.9365740734375001 0.3557291671875 0.928240740625 0.3552083328125 0.903240740625 0.353125 0.8884259265625
0 0.2510416671875 0.13194444375 0.24895833281250002 0.1199074078125 0.24192708281250003 0.1148148140625 0.21171875 0.1231481484375 0.2088541671875 0.128240740625 0.2109375 0.1504629625 0.21979166718749998 0.1523148140625 0.23932291718749998 0.140740740625 0.24921875 0.1416666671875 0.2510416671875 0.13194444375
0 0.25 0.1523148140625 0.24505208281250002 0.1425925921875 0.2388020828125 0.1416666671875 0.20859375 0.1574074078125 0.20677083281250003 0.1606481484375 0.2109375 0.18379629687500001 0.2182291671875 0.18657407343750002 0.2513020828125 0.175 0.2526041671875 0.165277778125 0.25 0.1523148140625
0 0.20677083281250003 0.1273148140625 0.20182291718749998 0.1231481484375 0.16640625 0.1268518515625 0.1651041671875 0.1375 0.1666666671875 0.1550925921875 0.16953125 0.15925925937500002 0.18125 0.15879629687500002 0.2075520828125 0.15277777812499999 0.209375 0.1421296296875 0.20677083281250003 0.1273148140625
0 0.19973958281249998 0.15648148125 0.1690104171875 0.1601851859375 0.16875 0.1856481484375 0.17109375 0.1888888890625 0.1770833328125 0.18842592656249998 0.2065104171875 0.178703703125 0.20833333281250002 0.17268518593749999 0.20625 0.1643518515625 0.19973958281249998 0.15648148125
0 0.2979166671875 0.16157407343750002 0.29635416718749996 0.1449074078125 0.29296875 0.1425925921875 0.2549479171875 0.1481481484375 0.2526041671875 0.1523148140625 0.2541666671875 0.17546296249999999 0.2598958328125 0.178240740625 0.27890625 0.16851851874999998 0.29609375 0.1666666671875 0.2979166671875 0.16157407343750002
0 0.29140625 0.1101851859375 0.25234375 0.1120370375 0.2515625 0.140277778125 0.2549479171875 0.1453703703125 0.26875 0.1458333328125 0.2966145828125 0.13981481406250001 0.2979166671875 0.1263888890625 0.2958333328125 0.115277778125 0.29140625 0.1101851859375