0 0.3614583328125 0.40972222187499996 0.3572916671875 0.4263888890625 0.3427083328125 0.459722221875 0.3421875 0.46805555625000006 0.3455729171875 0.475 0.390625 0.4773148140625 0.40026041718750005 0.4768518515625 0.403125 0.471759259375 0.4140625 0.41805555625 0.41770833281249997 0.35601851875 0.4140625 0.303240740625 0.41015625 0.296296296875 0.38515625 0.303703703125 0.37265625 0.3009259265625 0.3661458328125 0.309722221875 0.3614583328125 0.32824074062499997 0.359375 0.3763888890625 0.3614583328125 0.40972222187499996
0 0.5109375 0.3953125 0.0921875 0.1859375
0 0.5986979171875 0.41851851875 0.5783854171875 0.4268518515625 0.56796875 0.4361111109375 0.5635416671875 0.44305555625000004 0.5572916671875 0.4671296296875 0.5578125 0.4773148140625 0.5643229171875 0.48425925937500003 0.6088541671875001 0.4865740734375 0.6153645828125 0.48518518593750004 0.6268229171875 0.47407407343749997 0.6424479171875 0.471296296875 0.646875 0.4625 0.6484375 0.391203703125 0.64453125 0.38333333281250004 0.63984375 0.3953703703125 0.63359375 0.40092592656250003 0.6268229171875 0.40277777812500004 0.61953125 0.39444444375 0.6127604171875001 0.3953703703125 0.5986979171875 0.41851851875
0 0.5825520828124999 0.396296296875 0.6057291671875 0.40138888906250003 0.6143229171875 0.3925925921875 0.6200520828125 0.3925925921875 0.6236979171875 0.397222221875 0.6302083328125 0.383796296875 0.63125 0.3763888890625 0.6205729171875001 0.35648148125 0.6111979171875 0.3518518515625 0.57421875 0.3546296296875 0.5661458328125 0.36064814843750004 0.559375 0.383796296875 0.5653645828125 0.397222221875 0.5825520828124999 0.396296296875
0 0.5596354171875 0.3583333328125 0.5651041671875 0.358796296875 0.5825520828124999 0.352777778125 0.61640625 0.352777778125 0.625 0.334722221875 0.628125 0.3078703703125 0.6190104171875 0.30648148124999997 0.6028645828125 0.3120370375 0.5716145828125 0.3138888890625 0.5697916671875001 0.3171296296875 0.5692708328125 0.333796296875 0.56171875 0.3361111109375 0.5583333328125 0.3476851859375 0.5596354171875 0.3583333328125
0 0.6169270828125 0.30648148124999997 0.6265625 0.2865740734375 0.6302083328125 0.26805555625 0.6278645828125 0.2648148140625 0.61484375 0.2629629625 0.57265625 0.2648148140625 0.5703125 0.308796296875 0.5716145828125 0.3129629625 0.578125 0.3125 0.6059895828124999 0.3111111109375 0.6169270828125 0.30648148124999997
0 0.6239583328125 0.2125 0.628125 0.18842592656249998 0.5877604171875 0.1916666671875 0.5731770828125 0.1990740734375 0.5703125 0.22638888906250001 0.5708333328124999 0.2328703703125 0.5729166671875 0.23472222187499997 0.5966145828125 0.22777777812500002 0.6174479171875 0.22777777812500002 0.6239583328125 0.2125
0 0.6276041671875 0.2365740734375 0.62578125 0.23240740781250002 0.61640625 0.22870370312500002 0.60390625 0.22777777812500002 0.58515625 0.23055555625 0.56875 0.2375 0.56875 0.2578703703125 0.5705729171875 0.2629629625 0.5854166671875001 0.26342592656249997 0.6205729171875001 0.26203703749999996 0.6276041671875 0.2365740734375
0 0.5919270828125 0.190740740625 0.6205729171875001 0.1870370375 0.6276041671875 0.16898148125 0.6276041671875 0.15879629687500002 0.6231770828125 0.15370370312499998 0.6033854171875 0.15 0.57578125 0.15277777812499999 0.5723958328125 0.15972222187500001 0.5723958328125 0.18657407343750002 0.5729166671875 0.19583333281249998 0.5776041671875001 0.196759259375 0.5919270828125 0.190740740625
0 0.43567708281249995 0.36759259218749996 0.4296875 0.41898148125 0.44375 0.42175925937500003 0.47473958281249995 0.41018518593750003 0.4791666671875 0.383796296875 0.4791666671875 0.36898148124999997 0.47265625 0.36296296250000004 0.43567708281249995 0.36759259218749996
0 0.4765625 0.3421296296875 0.4653645828125 0.32685185156249996 0.4544270828125 0.3231481484375 0.43567708281249995 0.3231481484375 0.43385416718750003 0.3513888890625 0.4348958328125 0.36805555624999997 0.4369791671875 0.36898148124999997 0.46848958281249997 0.3620370375 0.47447916718750005 0.3513888890625 0.4765625 0.3421296296875
0 0.3221354171875 0.272222221875 0.2861979171875 0.2740740734375 0.2674479171875 0.2824074078125 0.26614583281250004 0.2949074078125 0.2677083328125 0.30694444375 0.27578125 0.31759259218749997 0.2833333328125 0.31805555625 0.3252604171875 0.3083333328125 0.3385416671875 0.2856481484375 0.3221354171875 0.272222221875
0 0.27109375 0.3648148140625 0.275 0.365277778125 0.2940104171875 0.3518518515625 0.31692708281250004 0.34444444375 0.3341145828125 0.34351851875 0.3375 0.3356481484375 0.3375 0.32083333281250004 0.3341145828125 0.3138888890625 0.32578125 0.3083333328125 0.2783854171875 0.3203703703125 0.2705729171875 0.32777777812500003 0.2671875 0.3384259265625 0.2682291671875 0.35972222187499997 0.27109375 0.3648148140625
0 0.2736979171875 0.36759259218749996 0.2703125 0.3773148140625 0.2708333328125 0.38194444375000003 0.2828125 0.40231481406249997 0.30026041718749996 0.3925925921875 0.3341145828125 0.3861111109375 0.33541666718749996 0.383796296875 0.3338541671875 0.3773148140625 0.3255208328125 0.3634259265625 0.3255208328125 0.35601851875 0.3330729171875 0.352777778125 0.3348958328125 0.34861111093749997 0.3252604171875 0.34444444375 0.30546875 0.3481481484375 0.28359375 0.3583333328125 0.2736979171875 0.36759259218749996
0 0.34427083281250004 0.44305555625000004 0.34817708281250004 0.440740740625 0.35208333281250004 0.43194444374999996 0.3411458328125 0.4254629625 0.34296875 0.39074074062499997 0.3377604171875 0.3879629625 0.30703125 0.39074074062499997 0.29453125 0.3953703703125 0.284375 0.40416666718750005 0.29453125 0.427777778125 0.31953125 0.43240740781250003 0.33671875 0.44259259218749997 0.34427083281250004 0.44305555625000004
0 0.3421875 0.2865740734375 0.3458333328125 0.28379629687499996 0.3494791671875 0.271759259375 0.3427083328125 0.26527777812500003 0.3427083328125 0.25601851875000003 0.3388020828125 0.2518518515625 0.32473958281250004 0.246296296875 0.29921875 0.2453703703125 0.2893229171875 0.2509259265625 0.2859375 0.25694444375000003 0.28671875 0.2731481484375 0.33255208281250004 0.272222221875 0.3421875 0.2865740734375
0 0.3447916671875 0.2504629625 0.3479166671875 0.23379629687499998 0.34322916718749996 0.228240740625 0.34036458281250004 0.21574074062499998 0.32473958281250004 0.209259259375 0.30078125 0.20833333281250002 0.2869791671875 0.2171296296875 0.2880208328125 0.2328703703125 0.2955729171875 0.24444444375000002 0.3216145828125 0.2453703703125 0.3421875 0.253240740625 0.3447916671875 0.2504629625
0 0.28854166718749996 0.18194444375000002 0.2890625 0.19953703750000001 0.2940104171875 0.20740740781250003 0.3216145828125 0.20833333281250002 0.3416666671875 0.21435185156249997 0.3489583328125 0.19583333281249998 0.3377604171875 0.175 0.2981770828125 0.17314814843749998 0.28854166718749996 0.18194444375000002
0 0.34140625 0.1675925921875 0.3486979171875 0.1611111109375 0.3505208328125 0.15324074062499998 0.3466145828125 0.13981481406250001 0.3377604171875 0.13888888906250002 0.33255208281250004 0.1296296296875 0.2997395828125 0.13148148125 0.2864583328125 0.146759259375 0.2875 0.1606481484375 0.2955729171875 0.172222221875 0.3380208328125 0.17546296249999999 0.34140625 0.1675925921875
0 0.2971354171875 0.1296296296875 0.303125 0.1300925921875 0.3341145828125 0.12870370312499999 0.34296875 0.12407407343750002 0.3494791671875 0.11620370312499999 0.3484375 0.09953703750000001 0.3458333328125 0.09120370312500001 0.3419270828125 0.08796296249999999 0.33359375 0.09074074062500001 0.3127604171875 0.0888888890625 0.29348958281250004 0.09351851875 0.2901041671875 0.10138888906250001 0.2916666671875 0.11898148125 0.2971354171875 0.1296296296875