0 0.7494791671875001 0.45046296249999995 0.7528645828125 0.459259259375 0.7763020828125 0.46481481406249997 0.8375 0.46527777812500004 0.86640625 0.4620370375 0.8830729171874999 0.4546296296875 0.8875 0.44398148125 0.8895833328125 0.42731481406249994 0.89375 0.41898148125 0.8927083328125001 0.4125 0.88046875 0.3953703703125 0.85078125 0.3740740734375 0.8484375 0.3625 0.84609375 0.3601851859375 0.8033854171874999 0.36759259218749996 0.75078125 0.39074074062499997 0.7484375 0.3949074078125 0.7494791671875001 0.45046296249999995
0 0.9565104171875 0.30740740781250003 0.8940104171875 0.3009259265625 0.8622395828125 0.309259259375 0.8583333328125 0.3134259265625 0.8526041671875 0.32824074062499997 0.85 0.365277778125 0.8549479171875 0.375 0.8794270828125 0.39074074062499997 0.90546875 0.415740740625 0.9658854171875 0.44351851875000003 1 0.4550925921875 0.9997395828125001 0.3046296296875 0.9565104171875 0.30740740781250003
0 0.8901041671875 0.4328703703125 0.8885416671874999 0.446759259375 0.8895833328125 0.4754629625 0.8921875 0.490277778125 0.8971354171874999 0.5009259265625 0.9809895828125 0.5370370375 1 0.5393518515625 0.9997395828125001 0.4574074078125 0.90390625 0.4203703703125 0.8950520828125 0.425 0.8901041671875 0.4328703703125
0 0.7380208328125 0.5106481484375001 0.7401041671875 0.5273148140624999 0.7455729171875001 0.54444444375 0.8005208328125001 0.5486111109375 0.83515625 0.546296296875 0.8705729171875 0.5370370375 0.87578125 0.51944444375 0.88984375 0.5148148140625 0.8953125 0.508796296875 0.8869791671874999 0.46342592656250003 0.88203125 0.459259259375 0.8325520828125 0.4703703703125 0.7846354171875001 0.475 0.78046875 0.47222222187499996 0.7721354171875 0.47407407343749997 0.7611979171875001 0.4824074078125 0.7395833328125 0.4865740734375 0.7380208328125 0.5106481484375001
0 0.7403645828125 0.6268518515625 0.85625 0.64398148125 0.86015625 0.634259259375 0.8830729171874999 0.6231481484375 0.8864583328125001 0.6152777781250001 0.8856770828125 0.60648148125 0.86875 0.5930555562500001 0.8666666671875 0.5856481484375 0.8666666671875 0.5643518515625 0.8596354171874999 0.5546296296875 0.84296875 0.5518518515624999 0.7591145828125 0.553703703125 0.7471354171875 0.55648148125 0.7390625 0.565277778125 0.7385416671875 0.621759259375 0.7403645828125 0.6268518515625
0 0.80703125 0.7203703703125 0.8544270828125 0.752777778125 0.859375 0.753240740625 0.8625 0.7328703703125 0.8794270828125 0.7175925921874999 0.8838541671875 0.7115740734375 0.8838541671875 0.7078703703125 0.8799479171875 0.7009259265625001 0.8630208328125001 0.6865740734375 0.8588541671875 0.6763888890625 0.85546875 0.65 0.78359375 0.6333333328124999 0.7388020828124999 0.6296296296875 0.7333333328125 0.6356481484375001 0.7307291671875 0.6615740734375 0.7356770828125 0.68148148125 0.80703125 0.7203703703125
0 0.8760416671875 0.803240740625 0.8651041671874999 0.7819444437499999 0.86015625 0.759259259375 0.83203125 0.7370370375 0.7606770828125 0.6981481484375001 0.7372395828125 0.6944444437499999 0.7333333328125 0.6995370375000001 0.7276041671875 0.753240740625 0.7299479171875001 0.759259259375 0.8153645828125 0.8194444437499999 0.8442708328125 0.834722221875 0.8658854171874999 0.8166666671874999 0.8760416671875 0.803240740625
0 0.8526041671875 0.8847222218749999 0.8424479171874999 0.8370370375 0.74765625 0.7740740734375 0.7375 0.7754629625 0.73515625 0.83055555625 0.8138020828125001 0.884259259375 0.8356770828125001 0.902777778125 0.8549479171875 0.9240740734375 0.8609375 0.9236111109375 0.8677083328125 0.916203703125 0.871875 0.8995370375 0.8526041671875 0.8847222218749999
0 0.7255208328125 0.8995370375 0.72890625 0.9046296296874999 0.80859375 0.9694444437499999 0.82734375 0.9824074078124999 0.8442708328125 0.9875 0.8544270828125 0.984259259375 0.8625 0.9745370375 0.8671875 0.9458333328125 0.8671875 0.9328703703125001 0.86328125 0.9240740734375 0.8549479171875 0.925 0.83984375 0.9083333328125001 0.8080729171875 0.88148148125 0.7518229171875 0.8444444437499999 0.7424479171875 0.8453703703125001 0.725 0.8578703703125001 0.7223958328125 0.8680555562500001 0.7229166671875 0.8865740734375 0.7255208328125 0.8995370375
0 0.8369791671875 1 0.8395833328125001 0.9976851859375 0.8377604171874999 0.9879629624999999 0.7950520828125 0.9601851859374999 0.74453125 0.915740740625 0.72578125 0.921296296875 0.7229166671875 0.9263888890624999 0.7208333328125 0.9541666671875 0.721875 0.9773148140625001 0.7434895828125 0.996296296875 0.75234375 1 0.8369791671875 1
0 0.8783854171875 0.51851851875 0.875 0.5236111109375 0.8682291671875 0.5736111109375 0.8682291671875 0.584722221875 0.8731770828125001 0.5935185187500001 0.9247395828125 0.627777778125 1 0.666203703125 0.9997395828125001 0.54444444375 0.9747395828125001 0.5379629625 0.9127604171874999 0.5111111109375 0.8783854171875 0.51851851875
0 0.8588541671875 0.640277778125 0.8604166671875 0.678240740625 0.8747395828125001 0.696296296875 0.9111979171875 0.7203703703125 1 0.7606481484375001 0.9997395828125001 0.66851851875 0.9028645828125 0.61944444375 0.8903645828125001 0.6203703703125 0.8622395828125 0.634259259375 0.8588541671875 0.640277778125
0 0.8768229171874999 0.7203703703125 0.8658854171874999 0.73055555625 0.8625 0.7384259265625001 0.8651041671874999 0.7763888890625 0.87265625 0.7925925921875 0.92890625 0.8111111109375001 1 0.840277778125 0.9986979171874999 0.7620370375000001 0.9591145828125001 0.746296296875 0.89453125 0.7138888890625 0.8768229171874999 0.7203703703125
0 0.88203125 0.8046296296875 0.8533854171874999 0.828703703125 0.8494791671874999 0.8365740734375 0.8484375 0.8652777781250001 0.85546875 0.8879629625 0.9096354171875 0.91944444375 1 0.9643518515625 0.9997395828125001 0.8435185187500001 0.9299479171874999 0.8138888890624999 0.8924479171874999 0.803703703125 0.88203125 0.8046296296875
0 1 0.9680555562500001 0.9981770828125001 0.965740740625 0.8794270828125 0.9046296296874999 0.8747395828125001 0.9055555562500001 0.8697916671874999 0.9134259265625 0.8651041671874999 0.9736111109375001 0.8752604171874999 0.9833333328125 0.9018229171875 0.9981481484374999 0.91328125 1 0.9984375 1 1 0.9995370375 1 0.9680555562500001