0 0.8888020828125001 0.1324074078125 0.8736979171874999 0.15092592656249998 0.8591145828125001 0.15925925937500002 0.8567708328125001 0.1671296296875 0.8567708328125001 0.18194444375000002 0.8614583328125001 0.20231481406250001 0.8645833328125001 0.20509259218749998 0.8752604171874999 0.2046296296875 0.92421875 0.1833333328125 0.9997395828125001 0.17314814843749998 1 0.0745370375 0.94296875 0.097222221875 0.91328125 0.11388888906250001 0.8888020828125001 0.1324074078125
0 0.9518229171874999 0.178703703125 0.90859375 0.190740740625 0.8658854171874999 0.2101851859375 0.8588541671875 0.2226851859375 0.8588541671875 0.24490740781250003 0.8614583328125001 0.278240740625 0.8661458328125 0.28194444375 0.87421875 0.28055555625 0.9018229171875 0.2648148140625 0.93671875 0.25555555625 0.9684895828125001 0.25 0.9997395828125001 0.25 1 0.1763888890625 0.9518229171874999 0.178703703125
0 0.8794270828125 0.27777777812500004 0.8669270828125001 0.2888888890625 0.8614583328125001 0.2986111109375 0.8739583328125 0.346759259375 0.8809895828125001 0.34722222187499996 0.9153645828125001 0.334259259375 0.9997395828125001 0.32592592656249997 1 0.253240740625 0.9518229171874999 0.253703703125 0.9096354171875 0.2629629625 0.8794270828125 0.27777777812500004
0 0.87421875 0.35 0.8614583328125001 0.36157407343750003 0.8645833328125001 0.408796296875 0.8671875 0.41342592656250005 0.9528645828125001 0.40833333281249995 0.9643229171875 0.403703703125 0.9997395828125001 0.40092592656250003 1 0.3291666671875 0.95546875 0.3296296296875 0.9122395828125001 0.3361111109375 0.87421875 0.35
0 0.81171875 0.1629629625 0.7955729171875 0.1675925921875 0.7434895828125 0.21203703749999997 0.73671875 0.22407407343750002 0.7330729171875 0.22407407343750002 0.728125 0.23101851875 0.7328125 0.271759259375 0.7830729171875 0.24351851875000002 0.8028645828125001 0.23611111093749998 0.8190104171874999 0.22407407343750002 0.8565104171875 0.22407407343750002 0.8598958328125 0.216203703125 0.8520833328125 0.16157407343750002 0.81171875 0.1629629625
0 0.8028645828125001 0.23611111093749998 0.7408854171875 0.2675925921875 0.72734375 0.27870370312500004 0.725 0.291203703125 0.728125 0.32083333281250004 0.7375 0.32453703749999996 0.8044270828125001 0.29444444375 0.8596354171874999 0.2833333328125 0.8619791671874999 0.2791666671875 0.8578125 0.23101851875 0.85546875 0.22685185156249998 0.81796875 0.225 0.8028645828125001 0.23611111093749998
0 0.73984375 0.325 0.7354166671875 0.3328703703125 0.7359375 0.3513888890625 0.7401041671875 0.371759259375 0.7447916671875 0.378240740625 0.81640625 0.3638888890625 0.86953125 0.3490740734375 0.8708333328125001 0.3421296296875 0.8609375 0.3013888890625 0.8630208328125001 0.2865740734375 0.8044270828125001 0.2953703703125 0.73984375 0.325
0 0.8450520828125001 0.35555555625 0.8106770828125001 0.36666666718749996 0.7846354171875001 0.36944444375 0.7440104171875 0.38055555625 0.7411458328125 0.3828703703125 0.7432291671875 0.41898148125 0.7473958328125 0.42453703750000005 0.8205729171874999 0.42222222187499997 0.8611979171874999 0.41203703750000004 0.8635416671874999 0.40694444374999994 0.8635416671874999 0.39953703749999997 0.8604166671875 0.3634259265625 0.865625 0.35601851875 0.8450520828125001 0.35555555625
0 0.7401041671875 0.216203703125 0.71953125 0.21851851875 0.69765625 0.23055555625 0.6778645828125 0.24722222187499998 0.6643229171875 0.2638888890625 0.659375 0.2736111109375 0.6588541671875 0.291203703125 0.6661458328125 0.3134259265625 0.6861979171875 0.30740740781250003 0.7158854171875 0.284259259375 0.7236979171875 0.28148148125 0.7309895828124999 0.2731481484375 0.7322916671875 0.26527777812500003 0.7270833328124999 0.23101851875 0.7401041671875 0.216203703125
0 0.7127604171875 0.2870370375 0.68984375 0.30555555624999997 0.67109375 0.3138888890625 0.671875 0.3356481484375 0.6776041671875 0.3495370375 0.7247395828125 0.3361111109375 0.7341145828125 0.3296296296875 0.7330729171875 0.325 0.7265625 0.31898148125 0.725 0.28472222187499996 0.7216145828125 0.2824074078125 0.7127604171875 0.2870370375
0 0.6799479171875 0.3509259265625 0.6786458328125 0.3634259265625 0.6802083328124999 0.38101851875000003 0.6825520828125 0.3888888890625 0.6854166671875 0.39027777812500003 0.7091145828125 0.38055555625 0.7294270828125 0.38240740781250004 0.7393229171875 0.378703703125 0.7348958328124999 0.334722221875 0.7325520828125 0.3324074078125 0.70078125 0.3416666671875 0.6799479171875 0.3509259265625
0 0.70546875 0.38148148125 0.68515625 0.3916666671875 0.6828125 0.396759259375 0.6828125 0.41898148125 0.6854166671875 0.42731481406249994 0.73046875 0.427777778125 0.74140625 0.4240740734375 0.74375 0.41805555625 0.7416666671875001 0.3875 0.7372395828125 0.38055555625 0.72578125 0.38333333281250004 0.70546875 0.38148148125
0 0.14296875 0.46481481406249997 0.12838541718750002 0.471296296875 0.11536458281249999 0.48703703750000005 0.10546875 0.490740740625 0.10364583281249999 0.5078703703125 0.1078125 0.541203703125 0.1127604171875 0.547222221875 0.13125 0.5486111109375 0.15859375 0.547222221875 0.1809895828125 0.5416666671875 0.1942708328125 0.5097222218749999 0.1953125 0.48842592656250006 0.19375 0.4754629625 0.1825520828125 0.46481481406249997 0.14296875 0.46481481406249997
0 0.1778645828125 0.54444444375 0.1096354171875 0.55 0.1078125 0.55694444375 0.109375 0.5856481484375 0.11640625 0.6018518515625 0.1213541671875 0.6050925921875 0.20182291718749998 0.571296296875 0.2046875 0.5634259265625 0.2 0.5328703703125 0.1955729171875 0.527777778125 0.18828125 0.5259259265625 0.1809895828125 0.5425925921875 0.1778645828125 0.54444444375
0 0.12578125 0.60555555625 0.11796875 0.60555555625 0.11328125 0.6009259265625 0.1109375 0.6050925921875 0.1125 0.6476851859375 0.1135416671875 0.6569444437499999 0.1166666671875 0.6606481484375 0.14765625 0.6509259265625 0.19192708281249998 0.63055555625 0.2010416671875 0.6171296296875 0.2 0.5930555562500001 0.19453125 0.5796296296875 0.1872395828125 0.5768518515625 0.12578125 0.60555555625
0 0.11536458281249999 0.6629629625 0.1140625 0.6699074078125 0.1166666671875 0.70694444375 0.11875 0.7254629625 0.1208333328125 0.7291666671875 0.15286458281249998 0.722222221875 0.20546875 0.703703703125 0.20833333281250002 0.69305555625 0.2078125 0.6699074078125 0.2 0.6236111109375 0.1794270828125 0.6388888890625 0.11536458281249999 0.6629629625
0 0.20390625 0.70555555625 0.1216145828125 0.73055555625 0.1197916671875 0.7356481484375 0.1213541671875 0.7634259265625001 0.1234375 0.7763888890625 0.1270833328125 0.7791666671875 0.1341145828125 0.7787037031249999 0.21067708281250003 0.740740740625 0.21510416718749997 0.7254629625 0.21354166718749998 0.7041666671875 0.21119791718749997 0.6990740734374999 0.2075520828125 0.6990740734374999 0.20390625 0.70555555625
0 0.1247395828125 0.7787037031249999 0.12291666718750001 0.790277778125 0.125 0.8143518515625001 0.1276041671875 0.8199074078124999 0.13723958281249998 0.81851851875 0.21223958281250002 0.7768518515625 0.21458333281250003 0.7671296296875 0.2130208328125 0.741203703125 0.19140625 0.7481481484375 0.1325520828125 0.7796296296875 0.1247395828125 0.7787037031249999
0 0.1341145828125 0.8203703703125 0.12734375 0.821296296875 0.128125 0.858796296875 0.13125 0.8671296296875 0.13723958281249998 0.8675925921875001 0.1799479171875 0.8435185187500001 0.21796875 0.8268518515625001 0.21979166718749998 0.8106481484374999 0.21614583281250002 0.784722221875 0.21119791718749997 0.7768518515625 0.1341145828125 0.8203703703125
0 0.21953125 0.83055555625 0.2143229171875 0.828703703125 0.13046875 0.86944444375 0.1296875 0.8847222218749999 0.13229166718750002 0.9023148140625 0.13723958281249998 0.9009259265624999 0.1432291671875 0.9060185187500001 0.1513020828125 0.9055555562500001 0.16015625 0.8990740734375 0.21901041718749997 0.878703703125 0.225 0.871759259375 0.2260416671875 0.866203703125 0.225 0.8439814812499999 0.21953125 0.83055555625