0 0.6182291671875 0.190277778125 0.6080729171875 0.1861111109375 0.5919270828125 0.1879629625 0.56640625 0.2018518515625 0.5466145828125 0.22407407343750002 0.5270833328125 0.266203703125 0.5223958328125 0.2865740734375 0.5354166671875 0.2976851859375 0.54140625 0.29722222187499997 0.5559895828125 0.28148148125 0.5794270828125 0.2648148140625 0.59453125 0.2601851859375 0.6174479171875 0.259259259375 0.6192708328125 0.24398148125 0.6182291671875 0.190277778125
0 0.528125 0.258796296875 0.5458333328125 0.2236111109375 0.52265625 0.209259259375 0.4966145828125 0.1990740734375 0.48671875 0.2009259265625 0.47057291718750005 0.196296296875 0.45859375 0.2018518515625 0.4309895828125 0.23333333281250002 0.4171875 0.26527777812500003 0.41614583281249995 0.2736111109375 0.4109375 0.2773148140625 0.41197916718750005 0.2958333328125 0.41822916718750003 0.3023148140625 0.42734375 0.29907407343750003 0.4466145828125 0.2759259265625 0.4731770828125 0.2666666671875 0.4888020828125 0.26944444375 0.5169270828125 0.290740740625 0.5216145828125 0.2898148140625 0.528125 0.258796296875
0 0.3841145828125 0.1824074078125 0.3658854171875 0.18148148125000002 0.3388020828125 0.190740740625 0.32421875 0.20370370312500002 0.2942708328125 0.21898148125 0.2947916671875 0.22546296250000003 0.30390625 0.24444444375000002 0.3252604171875 0.2703703703125 0.36796875 0.2740740734375 0.396875 0.28101851875 0.40703125 0.27777777812500004 0.4263020828125 0.2370370375 0.4479166671875 0.21064814843750002 0.44635416718750004 0.203240740625 0.43515625 0.19537037031249999 0.4096354171875 0.1916666671875 0.3841145828125 0.1824074078125
0 0.40729166718750004 0.28472222187499996 0.35859375 0.2731481484375 0.32369791718749996 0.2731481484375 0.3109375 0.29398148125 0.2942708328125 0.3476851859375 0.2950520828125 0.3546296296875 0.30807291718749996 0.352777778125 0.32578125 0.33888888906250003 0.34296875 0.3351851859375 0.3643229171875 0.3416666671875 0.39895833281250004 0.3643518515625 0.40989583281249997 0.3495370375 0.40989583281249997 0.334722221875 0.4166666671875 0.315277778125 0.4153645828125 0.3083333328125 0.41119791718750004 0.3129629625 0.40729166718750004 0.3106481484375 0.40729166718750004 0.28472222187499996
0 0.5265625 0.353240740625 0.5317708328124999 0.2995370375 0.5252604171875 0.2925925921875 0.5174479171875 0.2916666671875 0.5059895828125 0.28055555625 0.48411458281249997 0.26851851875 0.47369791718750004 0.2666666671875 0.45598958281249996 0.271296296875 0.4388020828125 0.284259259375 0.4203125 0.309722221875 0.4145833328125 0.3273148140625 0.4109375 0.35601851875 0.40416666718750005 0.3634259265625 0.40416666718750005 0.36990740781250003 0.40833333281249995 0.371759259375 0.41901041718750004 0.371296296875 0.43151041718750005 0.35925925937500003 0.46328125 0.34722222187499996 0.4799479171875 0.3481481484375 0.5200520828124999 0.3638888890625 0.52421875 0.3611111109375 0.5265625 0.353240740625
0 0.6177083328124999 0.2615740734375 0.6013020828125 0.259259259375 0.5794270828125 0.2648148140625 0.5518229171875 0.28611111093749997 0.5361979171875 0.303703703125 0.5322916671875 0.3143518515625 0.5276041671875 0.36157407343750003 0.5286458328125 0.371759259375 0.5356770828124999 0.3703703703125 0.5466145828125 0.3583333328125 0.56015625 0.35 0.58046875 0.3416666671875 0.61640625 0.34351851875 0.61875 0.3365740734375 0.6177083328124999 0.2615740734375
0 0.58203125 0.3416666671875 0.56953125 0.34629629687499996 0.54765625 0.3583333328125 0.5361979171875 0.3703703703125 0.5184895828125 0.38055555625 0.5114583328125 0.39027777812500003 0.5174479171875 0.3953703703125 0.53046875 0.4175925921875 0.5442708328125 0.42731481406249994 0.5799479171875 0.4203703703125 0.61640625 0.42129629687500003 0.6192708328125 0.4050925921875 0.6177083328124999 0.34861111093749997 0.6122395828125 0.34351851875 0.6013020828125 0.3416666671875 0.58203125 0.3416666671875
0 0.4778645828125 0.3481481484375 0.45546875 0.3490740734375 0.42942708281249997 0.3620370375 0.4109375 0.38101851875000003 0.40520833281249996 0.3976851859375 0.403125 0.41157407343749997 0.40703125 0.4268518515625 0.41588541718750005 0.43148148124999997 0.48619791718750005 0.43240740781250003 0.5177083328125 0.44120370312499996 0.52421875 0.43981481406249995 0.5302083328125 0.42268518593750004 0.5268229171875001 0.41203703750000004 0.5098958328125 0.391203703125 0.5171875 0.36990740781250003 0.5002604171875 0.35648148125 0.4778645828125 0.3481481484375
0 0.40052083281249995 0.42083333281249996 0.40729166718750004 0.3828703703125 0.3919270828125 0.3620370375 0.36796875 0.34629629687499996 0.3533854171875 0.3416666671875 0.32109375 0.3425925921875 0.3072916671875 0.3578703703125 0.2947916671875 0.39398148125 0.28958333281250004 0.42453703750000005 0.29375 0.428240740625 0.3106770828125 0.42314814843750004 0.3424479171875 0.4046296296875 0.3528645828125 0.40277777812500004 0.3653645828125 0.4046296296875 0.38828125 0.42222222187499997 0.3981770828125 0.425 0.40052083281249995 0.42083333281249996
0 0.35598958281250004 0.40277777812500004 0.34036458281250004 0.40648148125 0.30078125 0.4268518515625 0.2880208328125 0.44120370312499996 0.2859375 0.45694444375 0.2877604171875 0.465740740625 0.2981770828125 0.4675925921875 0.3072916671875 0.47453703750000004 0.3986979171875 0.4703703703125 0.4010416671875 0.46805555625000006 0.40520833281249996 0.4384259265625 0.3986979171875 0.427777778125 0.38671875 0.42222222187499997 0.3643229171875 0.4046296296875 0.35598958281250004 0.40277777812500004
0 0.5231770828125 0.44444444375 0.5190104171875001 0.44166666718750003 0.4888020828125 0.43333333281249997 0.45338541718750003 0.43055555625 0.41432291718750003 0.43240740781250003 0.4057291671875 0.4421296296875 0.40260416718750003 0.46805555625000006 0.40546875 0.477777778125 0.41875 0.48564814843750004 0.4408854171875 0.4796296296875 0.46848958281249997 0.477777778125 0.5059895828125 0.4861111109375 0.5174479171875 0.4731481484375 0.5244791671875 0.4606481484375 0.5255208328125 0.45324074062499997 0.5231770828125 0.44444444375
0 0.53984375 0.42870370312499995 0.5354166671875 0.4375 0.5333333328125 0.45324074062499997 0.5143229171875 0.47592592656250005 0.509375 0.48842592656250006 0.5111979171875001 0.49629629687500004 0.5216145828125 0.49351851875 0.5322916671875 0.5004629625 0.5908854171875 0.48148148125 0.6158854171875 0.4796296296875 0.6177083328124999 0.4754629625 0.6177083328124999 0.42731481406249994 0.61171875 0.42222222187499997 0.58984375 0.42222222187499997 0.53984375 0.42870370312499995
0 0.6028645828125 0.48055555625 0.5596354171875 0.490740740625 0.53515625 0.5009259265625 0.5296875 0.5097222218749999 0.5192708328125 0.54305555625 0.5216145828125 0.5481481484375 0.5322916671875 0.553240740625 0.55234375 0.553703703125 0.58359375 0.54444444375 0.6158854171875 0.547222221875 0.6177083328124999 0.54398148125 0.6166666671875001 0.48472222187499997 0.61328125 0.48055555625 0.6028645828125 0.48055555625
0 0.44296875 0.4796296296875 0.42682291718750004 0.48333333281249996 0.42083333281249996 0.48842592656250006 0.4213541671875 0.49490740781250003 0.43072916718750004 0.5115740734374999 0.43932291718750005 0.5490740734374999 0.45494791718750005 0.546296296875 0.5010416671875 0.5513888890625 0.51484375 0.5481481484375 0.5296875 0.508796296875 0.5174479171875 0.4990740734375 0.5096354171875 0.5 0.50234375 0.48518518593750004 0.4799479171875 0.4796296296875 0.44296875 0.4796296296875
0 0.5231770828125 0.6379629625 0.5135416671875 0.6550925921874999 0.5145833328125 0.666203703125 0.5278645828124999 0.6870370375 0.56171875 0.6879629625 0.5877604171875 0.6833333328125 0.6151041671875 0.7041666671875 0.61875 0.6699074078125 0.6177083328124999 0.6347222218749999 0.6111979171875 0.6259259265625 0.5736979171875001 0.6138888890625 0.55859375 0.6138888890625 0.5341145828125 0.627777778125 0.5231770828125 0.6379629625
0 0.51796875 0.6296296296875 0.47890625 0.6148148140624999 0.45859375 0.6101851859375 0.4557291671875 0.6236111109375 0.4453125 0.6504629625 0.4291666671875 0.6699074078125 0.43463541718750004 0.6759259265625001 0.46953125 0.678703703125 0.509375 0.69305555625 0.5234375 0.690277778125 0.5234375 0.683796296875 0.5125 0.6606481484375 0.5135416671875 0.6523148140624999 0.5213541671875 0.640277778125 0.5213541671875 0.633796296875 0.51796875 0.6296296296875
0 0.4330729171875 0.5925925921874999 0.43385416718750003 0.5708333328124999 0.43854166718750004 0.55601851875 0.4302083328125 0.5125 0.41953125 0.49351851875 0.39765625 0.47407407343749997 0.3408854171875 0.47222222187499996 0.29609375 0.4768518515625 0.2716145828125 0.4879629625 0.25859375 0.5 0.24453125 0.5296296296875 0.21901041718749997 0.5546296296875 0.215625 0.565277778125 0.22682291718749997 0.5898148140624999 0.2388020828125 0.6009259265625 0.25859375 0.6018518515625 0.2627604171875 0.609259259375 0.2919270828125 0.6148148140624999 0.3296875 0.616203703125 0.3497395828125 0.6166666671875001 0.3768229171875 0.6129629624999999 0.3908854171875 0.60648148125 0.40807291718750005 0.60555555625 0.41484375 0.6018518515625 0.42682291718750004 0.5861111109375 0.4330729171875 0.5925925921874999
0 0.42942708281249997 0.672222221875 0.42265625 0.6759259265625001 0.4203125 0.68101851875 0.4223958328125 0.7189814812499999 0.415625 0.7421296296875 0.40807291718750005 0.73148148125 0.403125 0.7393518515624999 0.4075520828125 0.7490740734375 0.44140625 0.740740740625 0.46119791718750003 0.7453703703125 0.4799479171875 0.74444444375 0.503125 0.753240740625 0.5104166671875 0.7513888890625 0.5177083328125 0.7189814812499999 0.5197916671875 0.7041666671875 0.5158854171875 0.6953703703125 0.47265625 0.6796296296875 0.43463541718750004 0.6768518515624999 0.42942708281249997 0.672222221875
0 0.57890625 0.6981481484375001 0.5791666671875 0.690277778125 0.5736979171875001 0.6870370375 0.52890625 0.6898148140625 0.5229166671875001 0.6986111109375 0.5119791671875 0.7495370375 0.51484375 0.7611111109375 0.5223958328125 0.765277778125 0.53671875 0.765740740625 0.5669270828124999 0.7574074078125 0.6158854171875 0.765740740625 0.6177083328124999 0.7615740734374999 0.6171875 0.7125 0.6106770828125 0.7046296296875 0.57890625 0.6981481484375001
0 0.5114583328125 0.565277778125 0.5145833328125 0.558796296875 0.51328125 0.5555555562500001 0.48984375 0.5490740734374999 0.45911458281249995 0.547222221875 0.44166666718750003 0.5513888890625 0.44348958281249995 0.5583333328125 0.45130208281249995 0.5611111109375 0.45625 0.5671296296875 0.4578125 0.6023148140625 0.46067708281249997 0.6101851859375 0.4877604171875 0.6166666671875001 0.5125 0.628240740625 0.52265625 0.6240740734375 0.5260416671875 0.6143518515624999 0.5119791671875 0.5939814812499999 0.5119791671875 0.5856481484375 0.5145833328125 0.5791666671875 0.5114583328125 0.5726851859375001 0.5114583328125 0.565277778125
0 0.5221354171875 0.765740740625 0.515625 0.7726851859375 0.5140625 0.8023148140625 0.5174479171875 0.8083333328125001 0.52109375 0.8083333328125001 0.5236979171875 0.8166666671874999 0.5330729171875 0.821296296875 0.5393229171875 0.828703703125 0.5778645828125 0.83055555625 0.6145833328125 0.8384259265624999 0.6177083328124999 0.834722221875 0.6182291671875 0.8078703703125001 0.6166666671875001 0.7745370375 0.61328125 0.7666666671875 0.5559895828125 0.759259259375 0.5341145828125 0.7666666671875 0.5221354171875 0.765740740625