0 0 0.2285989640625 0.290496603125 0.1576764109375 0.319854846875 0.12428842343749999 0.3261675 0.07942369218749999 0.297174940625 0.0417333984375 0 0.14989623125 0 0.2285989640625
0 0.4118365078125 0 0.3108847359375 0.036743440625 0.343776634375 0.1070681796875 0.6849293390625 0.0283036703125 0.7202633796875 0 0.4118365078125 0
0 0.35135317499999996 0.10714835625000001 0.29414481718749996 0.1676997953125 0.35689721875 0.184589096875 0.36300148593750003 0.222096628125 0.6195842218750001 0.1287081484375 0.7459293578125 0.1025869328125 0.753154065625 0.0602280484375 0.745857634375 0.0401812734375 0.6891736390625 0.029596682812500004 0.35135317499999996 0.10714835625000001
0 0.7259557937500001 0 0.6949260703125 0.024665159375000002 0.7555742578125 0.056509365624999995 0.8587319296875 0.0237056796875 0.85010376875 0 0.7259557937500001 0
0 0.8883695125 0.10513426249999999 0.8601024562499999 0.027471165625 0.7658869562499999 0.0641070765625 0.7250238437500001 0.1073581109375 0.7974928671875 0.14057549687499998 0.8883695125 0.10513426249999999
0 0.9137550078125001 0.1748803390625 0.8863232375000001 0.09951217343749999 0.8017371609374999 0.141868509375 0.7908642375 0.174204 0.828782803125 0.2058076921875 0.9137550078125001 0.1748803390625
0 0.937140065625 0.2391302578125 0.908130675 0.15942761562500002 0.820294209375 0.2032216734375 0.8197339859375001 0.2431548796875 0.8352388984375001 0.28575427656249996 0.937140065625 0.2391302578125
0 0.9552472046875 0.2888792109375 0.9325797953125001 0.22660101875 0.8306786328125 0.27322504375 0.8116330843749999 0.3142107453125 0.855900165625 0.332152534375 0.9552472046875 0.2888792109375
0 0.9759841843749999 0.345853603125 0.9538183078125 0.28495335312500003 0.8610565125 0.3359513890625 0.8474832890625 0.3919721734375 0.8826656921874999 0.416058321875 0.9759841843749999 0.345853603125
0 0.8654083937499999 0.43085288750000006 0.910587528125 0.45130052656249997 0.9887372593749999 0.41718073125000005 0.9997280703125 0.41108938906250003 0.9764467 0.3471243484375 0.8775093406250001 0.41225946875 0.8654083937499999 0.43085288750000006
0 1 0.4118365078125 0.9990388359375 0.4091957328125 0.9178839562500001 0.47134729999999997 0.9064149515625 0.512413175 0.9733399281249999 0.46818982187499997 1 0.44961620625 1 0.4118365078125
0 1 0.457603853125 0.9009784875 0.5285809203125 0.9219557234375 0.5862153984375 0.9961412718749999 0.5308359968749999 1 0.52709779375 1 0.457603853125
0 1 0.508913690625 0.9192195625 0.5786978578124999 0.9435290437500001 0.6351195046875 1 0.5921239875000001 1 0.508913690625
0 1 0.594888209375 0.952929690625 0.6402113703125 0.9729948703125 0.695340003125 1 0.6779942953125 1 0.594888209375
0 0 0.37051601875 0.3106335046875 0.2752107015625 0.355740915625 0.2332526796875 0.311718084375 0.164141459375 0 0.22953823281250002 0 0.37051601875
0 0 0.497540371875 0.170190784375 0.42848873750000005 0.33378667968750003 0.3802959328125 0.40225565625000004 0.36105087812500003 0.39583541875 0.31230712031249996 0.358512940625 0.2719730484375 0.3024608828125 0.28386090625 0 0.377979384375 0 0.497540371875
0 0 0.5881634874999999 0.0139885578125 0.6265967359375 0.223334153125 0.5226584328125 0.35967601718750003 0.4928987 0.456311071875 0.457726415625 0.46504392031249997 0.4091430046875 0.4619559234375 0.3591864109375 0.40165957187499995 0.36978125781250004 0.26107340625000003 0.398247978125 0 0.49583457031249994 0 0.5881634874999999
0 0.479952746875 0.46047278125 0.319373121875 0.4962165265625 0.21365339218749999 0.537533165625 0.0121199015625 0.6214626437499999 0.056812571874999995 0.744254746875 0.24529516093749998 0.6452044140625001 0.4252004421875 0.5485083671875 0.4903371703125 0.5304761515624999 0.5084706640625 0.48698460624999995 0.479952746875 0.46047278125
0 0.2552918921875 0.6415659015624999 0.0547998671875 0.7387248890625 0.100376125 0.8639446296875001 0.33779350468749997 0.7023476109375 0.50861410625 0.6117959203125001 0.5176629203124999 0.5744487328125001 0.4988257671875 0.5330621734375 0.4255164140625 0.559744596875 0.2552918921875 0.6415659015624999
0 0.242702446875 0.7624981921875 0.0997112 0.862117759375 0.1338997984375 0.956050165625 0.28128881250000004 0.8477771609375001 0.448145228125 0.7359658578125 0.557477315625 0.6734697765625001 0.5771189453125001 0.6237536968749999 0.50619391875 0.61551460625 0.242702446875 0.7624981921875
0 0.253761209375 1 0.363510309375 0.928525471875 0.519422084375 0.7866440046875 0.5924154640625 0.74872535625 0.5583893671875 0.6759756203125 0.465402528125 0.72117129375 0.1348733171875 0.9587248875000001 0.14989623125 1 0.253761209375 1
0 0.370047184375 1 0.5161974234375 0.8814653296875001 0.594031184375 0.8361093125 0.5873308390624999 0.807332159375 0.584558815625 0.7686117859375 0.5185100312500001 0.7841381562499999 0.24625924062500001 1 0.370047184375 1
0 0.4789124875 1 0.5577642015625 0.92309240625 0.6143764765624999 0.8712713437499999 0.588278753125 0.8410408359374999 0.523457990625 0.8703092765625 0.3756554609375 1 0.4789124875 1
0 0.5863437640625 1 0.6699041703125 0.9305195234375001 0.651663096875 0.88040258125 0.618024690625 0.8812947328125 0.47851633437499996 1 0.5863437640625 1
0 0.5881634874999999 1 0.681562175 0.9660056593749999 0.6623276328125 0.9304393484375 0.583825471875 1 0.5881634874999999 1
0 0.5881934765625 0.23945670156249999 0.7981248046875 0.163047946875 0.7659228171875 0.095309909375 0.5447667328125 0.1616151015625 0.3663337265625 0.220883790625 0.39734355312499997 0.306082590625 0.5881934765625 0.23945670156249999
0 0.643441059375 0.31867148749999996 0.804896878125 0.254230759375 0.8166459953125 0.193198284375 0.775711159375 0.17404365625 0.6136592578125 0.2472147625 0.41249663437499995 0.3062429328125 0.4180048171875 0.352480840625 0.45893965156250005 0.37163546875 0.643441059375 0.31867148749999996
0 0.646564915625 0.3998309109375 0.8243659765625001 0.3180897734375 0.8164017421875001 0.24436771875000002 0.745828553125 0.27856767968749996 0.5743760046874999 0.34664691875 0.4577474875 0.3890962265625 0.4720602359375 0.449156384375 0.504822446875 0.476961215625 0.646564915625 0.3998309109375
0 0.513907121875 0.47081685625 0.4957736328125 0.51430840625 0.53797235625 0.578407934375 0.6666659562499999 0.486162375 0.819913290625 0.3991690265625 0.8532357265625 0.3870406515625 0.8598643484374999 0.353412146875 0.808616815625 0.3266598078125 0.6471609968750001 0.391100534375 0.513907121875 0.47081685625
0 0.5394804875 0.5721834015625 0.591044 0.61017196875 0.7279460859375 0.5404790312500001 0.8733009062500001 0.44216928437499997 0.844747128125 0.3844546328125 0.68273109375 0.488828565625 0.5394804875 0.5721834015625
0 0.5508128296875 0.67589545 0.59904409375 0.715096853125 0.766496590625 0.5945551734375 0.9027667359375 0.5023897859375 0.913323690625 0.45881806718749996 0.872704821875 0.4508996609375 0.707040575 0.54525020625 0.570770428125 0.63741559375 0.5508128296875 0.67589545
0 0.7116725625 0.6201850984374999 0.5742102499999999 0.7298112453125001 0.5979236484375 0.79496326875 0.7414543625000001 0.6916418296875 0.8995062109375 0.566008284375 0.8840012984375001 0.5234088796874999 0.7116725625 0.6201850984374999
0 0.733877821875 0.6915616531250001 0.5933992406249999 0.8136368624999999 0.6271093671875 0.875150371875 0.79726216875 0.730923403125 0.9192554234375001 0.609900690625 0.9013303203125 0.5710199765625 0.733877821875 0.6915616531250001
0 0.953561634375 0.6626838203125 0.9192554234375001 0.609900690625 0.6676923703125001 0.8518659453125 0.662291771875 0.899236521875 0.6986663359375 0.9058619109375 0.953561634375 0.6626838203125
0 0.955105628125 0.6876621171874999 0.94689714375 0.6651094953125 0.678672875 0.9131389343749999 0.696001896875 0.9607500281249999 0.955105628125 0.6876621171874999
0 0.7323668156250001 0.9475142812499999 0.8078700703124999 0.9200333437499999 0.9981805453125 0.7230646640625 0.95026525 0.6950994859375 0.7090148968750001 0.9446624546875 0.7323668156250001 0.9475142812499999
0 1 0.7567461343749999 0.990475778125 0.739135040625 0.8238105546875 0.9142314828125 0.8903164453124999 0.8900253171875001 1 0.781826759375 1 0.7567461343749999