0 0.6280236515625 0.262019534375 0.7577627640625 0.247449278125 0.7605047640625 0.208236853125 0.6130149203124999 0.21368502656250002 0.6280236515625 0.262019534375
0 0.765239646875 0.253226 0.85053801875 0.2355481484375 0.8510314593749999 0.1909245984375 0.754910840625 0.2130995796875 0.765239646875 0.253226
0 0.6047889203125 0.3313222953125 0.7005439375 0.3143756421875 0.70772809375 0.24920440156249998 0.6035821953125 0.2734451421875 0.6047889203125 0.3313222953125
0 0.7139803390624999 0.3100613171875 0.8623841921875 0.291542340625 0.866222990625 0.23664494687499998 0.7234130671875 0.2503012015625 0.7139803390624999 0.3100613171875
0 0.763704378125 0.3503155765625 0.8615251484374999 0.34139420625 0.861835790625 0.29938482187500004 0.7638322109375 0.310920353125 0.763704378125 0.3503155765625
0 0.568976815625 0.355087509375 0.6168178875 0.3847023265625 0.7687498984375 0.353295340625 0.761400846875 0.308123396875 0.6236364515624999 0.32475940937500003 0.5717188156249999 0.3158750859375 0.568976815625 0.355087509375
0 0.856534590625 0.375195509375 0.86189075 0.336165884375 0.7797549421875 0.3461840546875 0.6968879375 0.366658871875 0.6993742593750001 0.40623689374999994 0.7567030124999999 0.41287265624999997 0.856534590625 0.375195509375
0 0.6170006875 0.38208816093750003 0.5814992265625001 0.3638439953125 0.5769292265625 0.429198034375 0.620821571875 0.4401481203125 0.70441978125 0.40921665625000003 0.7052788171875 0.3593647859375 0.683999925 0.36313070937499997 0.6170006875 0.38208816093750003
0 0.8615801125000001 0.378175271875 0.7708706203125 0.398101684375 0.7606517328125 0.43153738906249994 0.7853309546875 0.454278678125 0.857741315625 0.433072665625 0.8615801125000001 0.378175271875
0 0.8581069140625001 0.42784433593750004 0.6938352953125 0.4478806796875 0.6907276953125 0.492321428125 0.7835029546875 0.4804202953125 0.8555477140625 0.4644426015625 0.8581069140625001 0.42784433593750004
0 0.744601165625 0.4356689109375 0.7464291656250001 0.40952729374999997 0.620821571875 0.4401481203125 0.56945234375 0.42342131250000004 0.569690103125 0.457588209375 0.6238562984375 0.47188365625 0.744601165625 0.4356689109375
0 0.693524659375 0.48989006562500004 0.6931040937499999 0.458337325 0.623490696875 0.47711197812500006 0.5663447453125 0.4678620578125 0.577404746875 0.497531834375 0.6127234109375 0.518390165625 0.693524659375 0.48989006562500004
0 0.751822378125 0.520236084375 0.753650378125 0.4940944640625 0.6151547734375 0.521187128125 0.57722195 0.5001459968749999 0.5838397984375 0.555774590625 0.6277321421875001 0.5667246734375 0.751822378125 0.520236084375
0 0.76823854375 0.5108762312499999 0.8535369156250001 0.49319837812499995 0.8581618750000001 0.4646253984375 0.7726807015625 0.4849174203125 0.76823854375 0.5108762312499999
0 0.5779352359375001 0.6026467 0.6033456515625 0.61493134375 0.6822639374999999 0.57579179375 0.6842747375 0.5470360171875 0.6325948671875 0.57231859375 0.5806772359375 0.5634342718750001 0.5779352359375001 0.6026467
0 0.754729259375 0.59136684375 0.756557259375 0.565225228125 0.643654875 0.6019883703125 0.5755038703124999 0.5998497359375 0.58692948125 0.6242911906249999 0.646872396875 0.631109753125 0.754729259375 0.59136684375
0 0.6883512953125 0.5263055265625 0.69047201875 0.571111871875 0.8554748359375001 0.5406188875 0.8580340359375 0.5040206281249999 0.6883512953125 0.5263055265625
0 0.7614749421875 0.6076002109374999 0.84172779375 0.58694259375 0.84483539375 0.5425018484375 0.7619683828125 0.5629766640625 0.7614749421875 0.6076002109374999
0 0.35730260625 0.26410442500000003 0.34114211562499996 0.1946738265625 0.0848264453125 0.2161546515625 0.019256678125000003 0.2071562953125 0.0135513484375 0.28874629375 0.099524534375 0.3064985453125 0.35730260625 0.26410442500000003
0 0.358819971875 0.2799722 0.5312996703125 0.255255934375 0.5222504609375 0.1968303828125 0.3482534015625 0.205678871875 0.358819971875 0.2799722
0 0.5415735171875 0.25860129375 0.2746183984375 0.28196508124999997 0.27041400000000004 0.3420907953125 0.3755288609375 0.3415603125 0.5436942375 0.3034076421875 0.5415735171875 0.25860129375
0 0.26463727656249997 0.3495676828125 0.2669587140625 0.278802521875 0.06292627656250001 0.303939346875 0.013208665625 0.29364689374999997 0.0070225125 0.3821130140625 0.08248709062500001 0.3998771609375 0.26463727656249997 0.3495676828125
0 0.37843574687500003 0.412691071875 0.35722973125 0.3402807109375 0.099872221875 0.41422757031249996 0.006960089062499999 0.38300571875 0.0021429421875 0.45189410781249995 0.10502766875 0.49076945156249996 0.37843574687500003 0.412691071875
0 0.39393791562499997 0.41640203593749997 0.5548092109375 0.36985848125 0.54071448125 0.30845316562499997 0.3749804609375 0.34940279531249996 0.39393791562499997 0.41640203593749997
0 0.3004864234375 0.475540875 0.5569299328125 0.414664825 0.5594891343749999 0.37806656250000004 0.303776821875 0.42848596875 0.3004864234375 0.475540875
0 0 0.5104062625 0.1045891921875 0.572174059375 0.284435853125 0.47967239843750004 0.28736065312500003 0.4378458125 0.0994337453125 0.495632178125 0.0013787140625 0.462823103125 0 0.48253963281249995 0 0.5104062625
0 0 0.5563198046875 0.0936391109375 0.6160664109375 0.13807985312499998 0.619174009375 0.3864431171875 0.5235826609374999 0.3671200625 0.4618117453125 0.104771990625 0.569559903125 0 0.5039066421875 0 0.5563198046875
0 0.404742246875 0.5248622625 0.570110665625 0.4891409515625 0.5642240140625 0.4230557109375 0.3878505578125 0.465888303125 0.404742246875 0.5248622625
0 0.3253305265625 0.608625353125 0.5783737109375 0.5212420859375 0.5661619453125 0.470476221875 0.31275315625 0.5630878078125 0.3253305265625 0.608625353125
0 0 0.6298058390625 0.12475337187499999 0.6970504515625 0.31395987812500004 0.620964959375 0.2972509875 0.559376846875 0.1168009640625 0.6229399328125 0 0.555811584375 0 0.6298058390625
0 0 0.66795428125 0.1739290046875 0.7451472015625 0.412201221875 0.6435963296875 0.4005378484375 0.584987971875 0.1465806640625 0.68544204375 0 0.6216586703125 0 0.66795428125
0 0.4293485890625 0.623779834375 0.5754489109375001 0.5630686734375 0.57557675 0.52367345 0.4277762671875 0.5711310078125 0.4293485890625 0.623779834375
0 0.4406463578125 0.6876165171874999 0.5686853125 0.659792653125 0.5695443484375 0.60994078125 0.41651554375 0.6570327359375 0.4406463578125 0.6876165171874999