0 0.69089373125 0.3084738171875 0.8239077187499999 0.3121713203125 0.8322375140625 0.272982709375 0.6826014687499999 0.25756025312499997 0.69089373125 0.3084738171875
0 0.8306347984375 0.319062425 0.919235034375 0.313319490625 0.9260628984375 0.268350415625 0.8259017265624999 0.2770972234375 0.8306347984375 0.319062425
0 0.65761208125 0.3751260703125 0.7566626125 0.371604415625 0.7731581750000001 0.3068453921875 0.66460396875 0.316538809375 0.65761208125 0.3751260703125
0 0.7708361171875 0.36915586718750004 0.9232487671875 0.37151545937499997 0.93491048125 0.3166514109375 0.7888336218750001 0.310177309375 0.7708361171875 0.36915586718750004
0 0.8153131203124999 0.4168382890625 0.9153102640625 0.42170967812500004 0.9215828078125 0.379353178125 0.8210303390625 0.377094365625 0.8153131203124999 0.4168382890625
0 0.6180954234375 0.39403264843749997 0.6621811296875 0.43070946093750007 0.819982946875 0.4205615046875 0.818973084375 0.37392647343749996 0.6775660578125 0.3711755859375 0.62642521875 0.35484404375 0.6180954234375 0.39403264843749997
0 0.9054785359374999 0.455117815625 0.9164209031249999 0.416484528125 0.8320992015625001 0.41494505937500004 0.74555621875 0.4238558890625 0.742451571875 0.4641551328125 0.799372871875 0.4789847421875 0.9054785359374999 0.455117815625
0 0.6627364499999999 0.4280968875 0.629492334375 0.40464696875 0.6156093406250001 0.4699613125 0.6583571375 0.487239471875 0.7471213984375 0.4678783484375 0.755059896875 0.41768412499999996 0.7330486703125 0.418466715625 0.6627364499999999 0.4280968875
0 0.9101483625 0.458841028125 0.8157676609375001 0.46608589375 0.80071078125 0.498383396875 0.8223939640625 0.5248371828125 0.8984866484375 0.5137050796875 0.9101483625 0.458841028125
0 0.8995972906249999 0.508479928125 0.7309538796874999 0.5054009921875 0.7215134453125 0.54981475 0.8168407671875 0.5509629234375 0.8918228156250001 0.5450559609375001 0.8995972906249999 0.508479928125
0 0.7839247015625 0.500276628125 0.7894778984374999 0.4741508875 0.6583571375 0.487239471875 0.6088822625 0.463070209375 0.6042756781249999 0.4975889859375 0.65691845 0.5197009921875 0.7839247015625 0.500276628125
0 0.724681340625 0.5477574921875 0.7287326015625 0.5158512859375 0.6558078093749999 0.5249261390625 0.5994418296874999 0.507483959375 0.606396178125 0.5389988671875 0.639084971875 0.5650613609375 0.724681340625 0.5477574921875
0 0.779217340625 0.5866555859375 0.7847705390625 0.560529846875 0.641142228125 0.5682292546875 0.6058408562500001 0.5416114421875 0.6046294421875 0.598696771875 0.6473772328125 0.615974925 0.779217340625 0.5866555859375
0 0.797114059375 0.5795372046875 0.8857142984375 0.573794271875 0.8944353843749999 0.54561128125 0.8052798265625001 0.5539667890625 0.797114059375 0.5795372046875
0 0.5920211109375 0.645167778125 0.615925571875 0.66117126875 0.70113064375 0.6328617859375 0.7072391609374999 0.6041234765625 0.6514917421875001 0.6223107109375 0.60035090625 0.6059791703124999 0.5920211109375 0.645167778125
0 0.772061428125 0.658861034375 0.777614625 0.6327352953125 0.658446096875 0.6538256203125 0.58996385625 0.6419998828125 0.5980288484375 0.66828964375 0.6575627234375 0.6836745750000001 0.772061428125 0.658861034375
0 0.7142942890625 0.58377820625 0.7100790031249999 0.629302596875 0.8809436906249999 0.6219312375 0.8887181656250001 0.5853552093750001 0.7142942890625 0.58377820625
0 0.7765672312499999 0.676202434375 0.8604976421874999 0.6667362859375 0.8699380765625 0.6223225359375 0.783395090625 0.6312333578125 0.7765672312499999 0.676202434375
0 0.4173560765625 0.272176478125 0.41089380000000003 0.19980700468749998 0.14914435312500002 0.1851296015625 0.061060460937500005 0.160180996875 0.04406810625 0.24012374531249997 0.151164071875 0.2783996640625 0.4173560765625 0.272176478125
0 0.4166367328125 0.2884072421875 0.5942285 0.287926990625 0.5933826640625 0.22767376874999998 0.4165102421875 0.211923259375 0.4166367328125 0.2884072421875
0 0.6041234765625 0.2927608390625 0.3313684140625 0.27847473125 0.3185960625 0.338563928125 0.42476496875 0.3529389921875 0.5999081875 0.3382852328125 0.6041234765625 0.2927608390625
0 0.31170495468750004 0.345291009375 0.3240860125 0.2741962 0.11458804375000001 0.270625190625 0.0430296796875 0.24500914843750002 0.0243752671875 0.3327712671875 0.12072226875 0.3702310390625 0.31170495468750004 0.345291009375
0 0.417609059375 0.4251444421875 0.40647695156249997 0.3490517546875 0.1362336875 0.387181146875 0.0246714734375 0.33137773125000003 0.010237603125 0.399283746875 0.13057970937500002 0.46516706250000006 0.417609059375 0.4251444421875
0 0.4327291796875 0.43108893437500007 0.6017006390625 0.40693149531249995 0.5961849765625 0.3429550625 0.423099009375 0.3607767140625 0.4327291796875 0.43108893437500007
0 0.3300186796875 0.477522409375 0.597485353125 0.45245588750000004 0.6052598296875 0.41587985312500003 0.340014434375 0.43049608125 0.3300186796875 0.477522409375
0 0 0.452716753125 0.11858994687499999 0.5472674859375 0.3132326015625 0.4794156390625 0.322117715625 0.43761445937500004 0.12424392343749999 0.46928157031250006 0.007709175 0.411179065625 0 0.44744788281250003 0 0.452716753125
0 0 0.5033644875000001 0.10131179374999999 0.590015284375 0.14572554531249998 0.59945571875 0.409961071875 0.5382044593749999 0.3992202625 0.47311738437499995 0.1191452671875 0.544654915625 0.0005454234375 0.44488187031250004 0 0.447447884375 0 0.5033644875000001
0 0.4282490890625 0.542091696875 0.60022441875 0.529495190625 0.6036571109375 0.46195956718750003 0.4195655359375 0.4801725140625 0.4282490890625 0.542091696875
0 0.336216159375 0.615370253125 0.604010875 0.5630673515625 0.5988865078125001 0.5100965359375 0.32998114843750004 0.5676245796875 0.336216159375 0.615370253125
0 0 0.5870326390625 0.12122823593750001 0.67616696875 0.32298926250000004 0.6262118390625 0.3148610265625 0.5616800890625 0.12371431718749999 0.6002383078125 0 0.5039743203125 0 0.5870326390625
0 0 0.6294523703125 0.1640392765625 0.7316871171875 0.4189351484375 0.6629894328125 0.41547673749999997 0.6021808890625 0.14490542343749999 0.66754665625 0 0.5786932734375 0 0.6294523703125
0 0.4390531484375 0.6454207578125 0.595125759375 0.60486853125 0.600842978125 0.56512460625 0.44493439375 0.59205864375 0.4390531484375 0.6454207578125
0 0.44140091562499995 0.71145445 0.5745789328125 0.701533759375 0.5825174296875 0.6513395390625 0.42138369999999997 0.6771629375 0.44140091562499995 0.71145445