0 1 0.07913791875000001 0.815482603125 0.062053590625 0.8176043312499999 0.167011778125 0.9589045625000001 0.1670696921875 1 0.18940123281250001 1 0.07913791875000001
0 0.4984364015625 0.141956196875 0.6781015140625 0.184178371875 0.8056710593749999 0.2219076421875 0.8158396828125 0.1045335078125 0.6582971953125 0.039962621875 0.512080825 0.044871090625 0.4984364015625 0.141956196875
0 0.325669396875 0.035644565625 0.3106174015625 0.11273130468749999 0.4919608984375 0.1580180171875 0.5067748437499999 0.052611331250000004 0.325669396875 0.035644565625
0 0.17038882187499998 0 0.15951765625 0.0773523796875 0.3045317375 0.12601926875 0.3177863203125 0.03170801875 0.17188585625 0 0.17038882187499998 0
0 0.06535663281250001 0 0.06534064218749999 0.00011377343750000001 0.15061684687500002 0.050643617187500004 0.157734340625 0 0.06535663281250001 0
0 0.719692125 0.41348679375 0.74733804375 0.2617965 0.51432158125 0.16398925312499998 0.4914727734375 0.2965532 0.719692125 0.41348679375
0 1 0.28504198125 0.7604080765625 0.24383283437499997 0.7437639546875 0.37726879062499996 0.9855622015625001 0.48762482656249995 1 0.423745971875 1 0.28504198125
0 1 0.5078342421875 0.7389668406250001 0.3963951390625 0.7088628515625001 0.550568628125 0.981083528125 0.669561096875 1 0.534963409375 1 0.5078342421875
0 0.48292904062500003 0.312324346875 0.443415375 0.4284029546875 0.69396264375 0.596561565625 0.7217603515625 0.41377746406250004 0.48292904062500003 0.312324346875
0 0.32701144531250004 0.14615047812499998 0.3040436109375 0.26455444687499996 0.458738184375 0.3343823796875 0.496725253125 0.1841454375 0.32701144531250004 0.14615047812499998
0 0.16958798749999998 0.095739565625 0.15153629062500001 0.20917715625 0.2948719875 0.25477951875 0.3104656125 0.14382511250000002 0.16958798749999998 0.095739565625
0 0.1672817015625 0.06712894999999999 0.061574535937499994 0.0269110046875 0.0412151640625 0.1717754609375 0.139906596875 0.2018854140625 0.1672817015625 0.06712894999999999
0 0.250799259375 0.41830441562500004 0.29007487187500003 0.273905865625 0.1625053265625 0.23617659687499998 0.133603621875 0.3367747234375 0.250799259375 0.41830441562500004
0 0.437058896875 0.458624746875 0.45963689375000005 0.342994634375 0.30131472656249997 0.283971465625 0.28146561718749996 0.3801845625 0.437058896875 0.458624746875
0 0.1491972453125 0.2258203171875 0.0405654546875 0.1763983828125 0.02681840625 0.2742137265625 0.1223637671875 0.326709121875 0.1491972453125 0.2258203171875
0 0.6775565718750001 0.7583174609375 0.9549751828125 0.8553316296875 0.9812360890624999 0.6684755703125 0.6902160265624999 0.5932063609375 0.6775565718750001 0.7583174609375
0 0.6812824515625 0.611751371875 0.451807315625 0.4437256109375 0.407853615625 0.6214104828125 0.6122719546875001 0.7576282578125 0.666415009375 0.6124905359375 0.6812824515625 0.611751371875
0 0.2493261609375 0.488813603125 0.4014108796875 0.5922185265625 0.4291758265625 0.4546882046875 0.2844325546875 0.3890874828125 0.2493261609375 0.488813603125
0 0.128232115625 0.4350225140625 0.249716 0.48603974531249994 0.266056540625 0.41479139218750005 0.1493697734375 0.344647809375 0.128232115625 0.4350225140625
0 0.136451534375 0.331517675 0.02404478125 0.293949090625 0.0069282234375000005 0.41573972656249997 0.12124775000000002 0.43969822187499996 0.136451534375 0.331517675
0 0.0811924515625 0.5896444921875 0.22491798749999997 0.632472990625 0.2581079421875 0.5013623968750001 0.090072521875 0.4664319640625 0.0811924515625 0.5896444921875
0 0 0.517970925 0.0681551828125 0.5623543875 0.0882751078125 0.44920746093749997 0.007425920312500001 0.4121984296875 0 0.465036596875 0 0.517970925
0 0.357034571875 0.8179310359375 0.4088713515625 0.6441827015625 0.26934779531249997 0.511428 0.20360780312500001 0.6040202046875 0.357034571875 0.8179310359375
0 0.6475508718749999 0.776729625 0.42116169687499994 0.6317667546875 0.414296353125 0.6506024328125 0.3811064015625 0.781713028125 0.607224759375 0.943609728125 0.6475508718749999 0.776729625
0 0.897726321875 1 0.9372823468749999 0.9812226953125001 0.9531635656249999 0.8682219546875001 0.6986287046874999 0.758450309375 0.6638793890625 0.90065634375 0.7906816828125 1 0.897726321875 1
0 0.6056268671875 1 0.6142091296875 0.93893401875 0.37942801406250004 0.7786485 0.35981695625 0.9031815312499999 0.45426207500000004 0.981513846875 0.5579970078125001 1 0.6056268671875 1
0 0 0.7180874734375 0.0514783 0.741044115625 0.1652309015625 0.757031003125 0.213169271875 0.611021271875 0.0699525984375 0.5795788890625 0 0.7087066515625 0 0.7180874734375
0 0.28520892343750004 0.923811190625 0.33764083125 0.8208627187499999 0.2217992640625 0.654663871875 0.1784199546875 0.7532273046875 0.28520892343750004 0.923811190625
0 0 0.6321828203125001 0.027114920312500002 0.644274659375 0.0503208046875 0.5541906328125 0 0.522639809375 0 0.6321828203125001
0 0.01469351875 0.8377057015625 0.1808987640625 0.9006654109375001 0.204494490625 0.8078075218749999 0.027558259374999998 0.746168325 0.01469351875 0.8377057015625
0 0 0.7335847890625 0.003909034375 0.7343586921874999 0.01767248125 0.6514335578125 0 0.639953021875 0 0.7335847890625
0 0 0.8959358984374999 0.16225194062499998 0.9433031484375001 0.174813103125 0.9139533671875 0.00177528125 0.8245755703125001 0 0.8406772859375 0 0.8959358984374999
0 0.199545590625 0.8580276703124999 0.1771193828125 0.9425639828125 0.3436282046875 0.94333608125 0.199545590625 0.8580276703124999
0 0.770131653125 1 0.69397135625 0.941657925 0.625806059375 0.9914795406250001 0.6709916328125 1 0.770131653125 1