0 0 0.21171487187500002 0.09061536249999999 0.204450884375 0.073210834375 0.121351215625 0 0.12370247187500001 0 0.21171487187500002
0 0 0.2895950859375 0.12078386249999999 0.30427551875000003 0.10214739843750001 0.2158397625 0 0.20730603906249997 0 0.2895950859375
0 0 0.3942860359375 0.11882011562499999 0.3806056921875 0.10495392968749999 0.305119896875 0 0.29372578437499997 0 0.3942860359375
0 0 0.47217160312499995 0.011275615625 0.470070103125 0.1391470171875 0.4686511828125 0.1251233703125 0.384770978125 0.0007903078125000001 0.3938037640625 0 0.394119125 0 0.47217160312499995
0 0.0961590625 0.22846328906250002 0.2171112453125 0.22021104375 0.196168375 0.1294975125 0.08151945000000001 0.1419150390625 0.0961590625 0.22846328906250002
0 0.1215572890625 0.315337971875 0.2346593609375 0.2807955453125 0.20971964375000002 0.1881945046875 0.0969186171875 0.20861616875000003 0.1215572890625 0.315337971875
0 0.2180282578125 0.20875832187499999 0.3208441015625 0.1990726796875 0.3011331640625 0.1136952359375 0.20078119062500002 0.134053065625 0.2180282578125 0.20875832187499999
0 0.3259154203125 0.197901875 0.397830946875 0.17005785625 0.3873595125 0.12470108906249999 0.308367303125 0.13731737187499998 0.3259154203125 0.197901875
0 0.41444817812499996 0.21118549999999997 0.4903605546875 0.1852289953125 0.47804122187500003 0.13186809375 0.3948947046875 0.1342024640625 0.41444817812499996 0.21118549999999997
0 0.49389889687500005 0.19284285625 0.5605995140625 0.188684815625 0.551804646875 0.11202820625000001 0.47895823281250005 0.120415371875 0.49389889687500005 0.19284285625
0 0.608834996875 0.1353949921875 0.5590387906250001 0.13565034375 0.5704411109375 0.20046396406250003 0.62131179375 0.19715030312499998 0.627300128125 0.1845267765625 0.608834996875 0.1353949921875
0 0.62115433125 0.18875589375 0.6809357265625 0.1777645265625 0.667384459375 0.1190675359375 0.6057551640625001 0.12205476875000001 0.62115433125 0.18875589375
0 0.6913932890625001 0.192211715625 0.738883090625 0.18967859375 0.7370213203125 0.1507648828125 0.6798473828125 0.1499132671875 0.6913932890625001 0.192211715625
0 0.7333393921875 0.1656661875 0.7874334953125001 0.1531775796875 0.77634609375 0.1051527640625 0.7182551390625 0.1157538671875 0.7333393921875 0.1656661875
0 0.8006698468750001 0.1950857625 0.8344786609374999 0.18728038281249998 0.825855128125 0.149927753125 0.787892003125 0.14745122187499998 0.8006698468750001 0.1950857625
0 0.7436533671875 0.20262854843749997 0.7925325625 0.21382591562500003 0.794968684375 0.162678946875 0.737794746875 0.16182733124999998 0.7436533671875 0.20262854843749997
0 0.83601164375 0.1784957109375 0.8715108984375 0.17030006250000002 0.8635033312499999 0.1356154765625 0.8210848515625001 0.13697779375000002 0.83601164375 0.1784957109375
0 0.337317740625 0.2627154953125 0.420149340625 0.2435923125 0.4084459734375 0.1928994546875 0.32730481562499997 0.2116323671875 0.337317740625 0.2627154953125
0 0.232654003125 0.264397003125 0.3339368609375 0.263496034375 0.30762161718750003 0.1880740671875 0.214647378125 0.20953886093750002 0.232654003125 0.264397003125
0 0.23684992343750003 0.3674076328125 0.2431393078125 0.34066334375 0.2297454953125 0.2903607546875 0.11955192968749999 0.298939428125 0.11450834843749999 0.3619293796875 0.13204259062499998 0.3916043125 0.23684992343750003 0.3674076328125
0 0.3368592328125 0.2684418484375 0.236192340625 0.2720108671875 0.2437552734375 0.34333138750000003 0.33949443281249997 0.31841800937500003 0.3494796171875 0.3076819875 0.3368592328125 0.2684418484375
0 0.43954535781250004 0.31218094218750003 0.43245480468749997 0.26604364375 0.417384425 0.24704089375 0.327791065625 0.2677251515625 0.346399784375 0.2943417640625 0.3556392859375 0.3343624421875 0.43954535781250004 0.31218094218750003
0 0.573534815625 0.244713759375 0.5593675796875 0.1833487265625 0.4926669640625 0.1875067640625 0.41951950312499997 0.2100146921875 0.43768358437500005 0.2732672375 0.504685253125 0.2549884375 0.573534815625 0.244713759375
0 0.5783050890625 0.25766372187500003 0.6410088578125 0.2516181703125 0.6280735578125001 0.1955892265625 0.5658282953125 0.1959084109375 0.5783050890625 0.25766372187500003
0 0 0.5569678046875 0.0027993484375 0.569093115625 0.028379096875 0.5672905312500001 0.15285574531249999 0.53574258125 0.1365256921875 0.44958459843750004 0.011275615625 0.470070103125 0 0.47152780781250003 0 0.5569678046875
0 0 0.5569678078125 0.02387773125 0.6603936203125 0.0471730171875 0.6641206953125 0.1645729828125 0.6173450078125 0.146709946875 0.5399717015625 0.0382068203125 0.5481601109375001 0 0.554140784375 0 0.5569678078125
0 0.1850573484375 0.713784903125 0.159659121875 0.626910221875 0.0450240703125 0.670237325 0.025730817187499998 0.6684202234375001 0.04813039375 0.765443446875 0.058746668749999995 0.7682382890625 0.1850573484375 0.713784903125
0 0.06799788749999999 0.8514990171875001 0.08245445 0.8555032406249999 0.20061397812499998 0.788880434375 0.202276678125 0.726671021875 0.17813812499999998 0.706951571875 0.0621275453125 0.767457753125 0.048343929687499995 0.7663683703124999 0.06799788749999999 0.8514990171875001
0 0.223863253125 0.8818717406250001 0.20168845000000002 0.7858221203125 0.0719968875 0.8410560437499999 0.0654262265625 0.8403599234374999 0.0874988828125 0.93596710625 0.092481246875 0.937495940625 0.223863253125 0.8818717406250001
0 0.17169125000000002 1 0.23896137187500002 0.9626936296874999 0.235552746875 0.9016550234375 0.2101822671875 0.8765994875 0.0943291484375 0.945500071875 0.08926240156250001 0.9436057421875 0.10228204062499999 1 0.17169125000000002 1
0 0.1440608828125 0.459085971875 0.258552346875 0.43827404062499997 0.23684992343750003 0.3674076328125 0.13204259062499998 0.3916043125 0.1440608828125 0.459085971875
0 0.15486110625 0.552141121875 0.27748985312499996 0.5125890359375 0.2648556015625 0.44243932499999994 0.1440608828125 0.459085971875 0.15486110625 0.552141121875
0 0.265457696875 0.41419779375 0.3636607234375 0.3999566015625 0.3487200625 0.3275291078125 0.24498720624999998 0.348667478125 0.265457696875 0.41419779375
0 0.3716821609375 0.46555075781250005 0.354435090625 0.3908454953125 0.25638952812500004 0.4134810984375 0.27425256249999996 0.490854403125 0.3716821609375 0.46555075781250005
0 0.2996507890625 0.577729084375 0.3901611640625 0.5455921078125 0.37567900781249997 0.4674382640625 0.2747110671875 0.48512804374999996 0.2996507890625 0.577729084375
0 0.15547707187499998 0.5548091656249999 0.17395607500000002 0.63485051875 0.289207096875 0.594191459375 0.273493009375 0.5107015234375 0.15547707187499998 0.5548091656249999
0 0.1955149109375 0.7282320984374999 0.304161628125 0.6975285234374999 0.2832187578125 0.6068149859374999 0.1771794953125 0.625675575 0.1955149109375 0.7282320984374999
0 0.306139246875 0.6521079140625 0.3987985703125 0.613854315625 0.382167465625 0.54181709375 0.2905826171875 0.5770123875000001 0.306139246875 0.6521079140625
0 0.31986184375 0.7501088874999999 0.422506353125 0.7011192640624999 0.3983400625 0.619580675 0.3013828390625 0.67006753125 0.31986184375 0.7501088874999999
0 0.2072321484375 0.8098345234375 0.325090628125 0.7573324828125 0.301697759375 0.686856340625 0.19213403125 0.7290126375 0.2072321484375 0.8098345234375
0 0.31663842343750004 0.7592838265624999 0.21737479375 0.8074929093750001 0.22740159062499998 0.8894856109375 0.3426526125 0.8488265546875 0.334788634375 0.7916267984375 0.31663842343750004 0.7592838265624999
0 0.3627943125 0.866658490625 0.339730240625 0.8438807328125 0.22970799999999997 0.891763384375 0.24880296875000002 0.9744727781250001 0.3680508390625 0.9357012359375 0.3627943125 0.866658490625
0 0.3717742671875 1 0.3737658671875 0.9990176156249999 0.3714317234375 0.934920696875 0.25295727343749996 0.9847546921875001 0.256072334375 1 0.3717742671875 1
0 0.4403693875 0.778492571875 0.341406809375 0.8125808921875001 0.3391142734375 0.8412126843750001 0.36633265625 0.8742723609375 0.45254513437500005 0.8543686421875 0.4403693875 0.778492571875
0 0.44251833593749995 0.7723759421875 0.4381927 0.7227900546875 0.41512862500000003 0.7000122906249999 0.32231184062499996 0.7298714953125 0.322325709375 0.7607810671874999 0.343097253125 0.812190621875 0.44251833593749995 0.7723759421875
0 0.3765169140625 0.9646594609375001 0.470866678125 0.9260155890625 0.4654526953125 0.848578440625 0.36126133125000004 0.8754431687500001 0.3765169140625 0.9646594609375001
0 0.4726573171875 1 0.4810231921875 0.9545835484375 0.45919105312499997 0.937141871875 0.3786658625 0.958542834375 0.3777820140625 1 0.4726573171875 1
0 0.36719906562500004 0.4075704640625 0.4527955796875 0.3849987015625 0.43385806718750003 0.310683709375 0.3651659640625 0.32935277812499997 0.36719906562500004 0.4075704640625
0 0.4431114375 0.381613959375 0.3711959109375 0.4094579734375 0.38567806718750003 0.48761182031250005 0.4580521015625 0.4540414421875 0.45664883593749994 0.409401378125 0.4431114375 0.381613959375
0 0.4785225890625 0.5195717625 0.4654298296875 0.455148409375 0.38168121875 0.485724309375 0.39246757187500003 0.5478698875 0.4785225890625 0.5195717625
0 0.493463253125 0.59199925 0.47498425 0.51195789375 0.391393096875 0.5509282 0.40740823125 0.620297371875 0.493463253125 0.59199925
0 0.5042496062499999 0.654144825 0.49069833906250004 0.59544783125 0.4023369109375 0.6214681796875 0.42465529999999996 0.695002634375 0.5042496062499999 0.654144825
0 0.423108446875 0.6728777359375 0.44681623281249994 0.760142684375 0.5242615890625 0.7254015 0.52717009375 0.69943775 0.4987197765625 0.661041990625 0.423108446875 0.6728777359375
0 0.5050507765625001 0.7270264156249999 0.444352365625 0.749470503125 0.448691875 0.8299659609375001 0.535821371875 0.798609528125 0.5316531921875 0.7574180453125 0.5050507765625001 0.7270264156249999
0 0.45022485625 0.821181290625 0.47192728125 0.8920477 0.5347746375 0.8634869859375 0.554430090625 0.8252261421875 0.526910659375 0.8062872328124999 0.45022485625 0.821181290625
0 0.540619384375 0.873378628125 0.474849653125 0.896993521875 0.487483909375 0.96714323125 0.5621643515625 0.9358506343749999 0.5572227453124999 0.883596696875 0.540619384375 0.873378628125
0 0.5569678078125 1 0.5800401953125001 0.9946733203125 0.5752432453125 0.9693644140625001 0.5401886203124999 0.9409241328125001 0.483487059375 0.9652557281249999 0.4761519640625 1 0.5569678078125 1
0 0.4472380078125 0.3300767234375 0.5097843156249999 0.315636771875 0.497464978125 0.262275865625 0.43891551875 0.2786033296875 0.4472380078125 0.3300767234375
0 0.45740839375000003 0.3895542546875 0.5271749734375 0.367826865625 0.5119332625 0.30952014375000003 0.4472380078125 0.3300767234375 0.45740839375000003 0.3895542546875
0 0.4654298296875 0.455148409375 0.5335059656250001 0.43381129375 0.5199547 0.375114303125 0.45740839375000003 0.3895542546875 0.4654298296875 0.455148409375
0 0.48021303125000003 0.5191814906250001 0.5464412671875001 0.4898402375 0.5367293921875 0.424636346875 0.46481386249999995 0.45248036562499994 0.48021303125000003 0.5191814906250001
0 0.499308 0.6018908875 0.5635308796875 0.5561510937499999 0.546598728125 0.4982346390625 0.48098645624999997 0.5302439421875 0.499308 0.6018908875
0 0.5111688265625001 0.6609781484374999 0.581078996875 0.616735596875 0.5669117625 0.5553705546875001 0.49915054062499997 0.5934964859375 0.5111688265625001 0.6609781484374999
0 0.5202647421875 0.7235139953124999 0.5952462328125 0.6781006296875 0.5784715390625 0.628578584375 0.5088624203125 0.658700378125 0.5202647421875 0.7235139953124999
0 0.533973471875 0.7906053890625 0.60941346875 0.7394656703125 0.598784571875 0.6857145 0.522413690625 0.717397365625 0.533973471875 0.7906053890625
0 0.549215178125 0.8489121125000001 0.624354128125 0.811893153125 0.61018689375 0.7505281203124999 0.539044790625 0.78943458125 0.549215178125 0.8489121125000001
0 0.56491539375 0.9014924765625001 0.6365160046875 0.856859653125 0.6229647375 0.7981626609375 0.5502896515625 0.8458538000000001 0.56491539375 0.9014924765625001
0 0.57508578125 0.9609700046875 0.645769375 0.927789903125 0.62867976875 0.86147904375 0.564456884375 0.9072188359375 0.57508578125 0.9609700046875
0 0.5790826296875 0.9628575140625 0.582703884375 0.9940583578125001 0.6617880984375 0.9758003296875 0.645153409375 0.9251218531250001 0.5790826296875 0.9628575140625
0 0.5626187453125 0.2359929296875 0.50621823125 0.24620375781249998 0.5188524859375 0.31635346875 0.5723306218750001 0.3011968171875 0.5841498359374999 0.267555365625 0.5626187453125 0.2359929296875
0 0.565253940625 0.28596908593750003 0.5208439734375 0.301842440625 0.5250260265625 0.3739434921875 0.5831169765625 0.3633423921875 0.5900084546875 0.308356575 0.565253940625 0.28596908593750003
0 0.6426992953124999 0.25122790156249997 0.5907541390625 0.2575998828125 0.57463703125 0.303474590625 0.5998500531250001 0.320135728125 0.65533355 0.32137761249999997 0.6426992953124999 0.25122790156249997
0 0.8968813796875 0.1953555984375 0.925618875 0.1887210265625 0.9169953390625001 0.1513683890625 0.8779577421875 0.15195017500000002 0.8968813796875 0.1953555984375
0 0.8509384328125 0.220013625 0.8902770765625 0.2053110765625 0.8787311703125 0.163012628125 0.8313988296874999 0.17394015937500001 0.8509384328125 0.220013625
0 0.80899233125 0.246559159375 0.84787246875 0.237582971875 0.831713746875 0.1907289609375 0.793134653125 0.1855843875 0.80899233125 0.246559159375
0 0.642384378125 0.234439090625 0.69263909375 0.22845737968750002 0.6815516921875 0.18043257031249998 0.6322278609375 0.20587113281249997 0.642384378125 0.234439090625
0 0.69464445625 0.24485592031249998 0.75273540625 0.2342548171875 0.748108721875 0.1987897 0.690934784375 0.1979380765625 0.69464445625 0.24485592031249998
0 0.7612014828125 0.26321304375 0.8131466390625001 0.25684106562500003 0.8032911703125001 0.214152346875 0.7490396078125 0.21824655 0.7612014828125 0.26321304375
0 0.7120351109375 0.2970460171875 0.76781965625 0.2841671390625 0.75627375 0.2418686875 0.6971083250000001 0.25552810312499996 0.7120351109375 0.2970460171875
0 0.6551622218750001 0.28207363750000003 0.705574396875 0.2844863296875 0.697409371875 0.241407340625 0.63808648125 0.24667234843750002 0.6551622218750001 0.28207363750000003
0 0.6618081375 0.36484687031249996 0.6639432140625 0.32782066875 0.6517952109375 0.31376374687499997 0.5953947 0.3239745765625 0.5932596203125 0.36100077656249996 0.6020267421875001 0.3758382421875 0.6618081375 0.36484687031249996
0 0.6701028828125 0.354501121875 0.7208161078125 0.34279305312499997 0.7078808046875 0.286764103125 0.653629240625 0.2908583078125 0.6701028828125 0.354501121875
0 0.7226640078125001 0.350797184375 0.7756836390624999 0.34136689374999996 0.7633643046875 0.2880059921875 0.711877653125 0.2886516125 0.7226640078125001 0.350797184375
0 0.6879520484375 0.40096485625 0.7256002500000001 0.3866525796875 0.722048040625 0.3481291421875 0.6691858671875 0.36595384062499997 0.6879520484375 0.40096485625
0 0.6227982843750001 0.42724779843749994 0.6768923874999999 0.414759190625 0.66518901875 0.36406633125 0.603717184375 0.37544797343749997 0.6227982843750001 0.42724779843749994
0 0.5431901078125 0.437196034375 0.6117247546875 0.4101325578125 0.5955660265625 0.36327855 0.529022871875 0.37583099999999997 0.5431901078125 0.437196034375
0 0.558890325 0.4897764015625 0.6223536468749999 0.463883728125 0.6117247546875 0.4101325578125 0.5470294953125 0.4306891421875 0.558890325 0.4897764015625
0 0.5667543 0.5469761531249999 0.6262207765625 0.5191959765624999 0.60990459375 0.463947565625 0.5538190000000001 0.49094720937499997 0.5667543 0.5469761531249999
0 0.586766284375 0.6182328312500001 0.6468487281249999 0.5931207015625 0.6375953562500001 0.5221904515625 0.571209659375 0.543137303125 0.586766284375 0.6182328312500001
0 0.625590940625 0.48561835625 0.6885957546875 0.46545204375000004 0.6735115046875 0.415539728125 0.6223397734375 0.43297415937499995 0.625590940625 0.48561835625
0 0.6463624765625 0.5370279140625 0.69799271875 0.513867128125 0.6932085703124999 0.47000759687500004 0.6266654140625 0.4825600453125 0.6463624765625 0.5370279140625
0 0.6508455765625001 0.59500820625 0.7092375765625001 0.5702863406249999 0.6987661421875 0.524929575 0.6389847468750001 0.5359209468749999 0.6508455765625001 0.59500820625
0 0.5957047375 0.672374271875 0.6608585031249999 0.646091334375 0.6457742546875 0.5961790140625001 0.5787725890625001 0.6144578171874999 0.5957047375 0.672374271875
0 0.6046431921875 0.7265157140625 0.6790225859375 0.7093438796875 0.666087284375 0.6533149296875 0.5995441296874999 0.665867378125 0.6046431921875 0.7265157140625
0 0.625572190625 0.7863196734375 0.688118496875 0.771879721875 0.6762576703125001 0.712792459375 0.6181667187500001 0.7233935625 0.625572190625 0.7863196734375
0 0.6360574953125 0.8625860140625001 0.7039761734375001 0.8328544875 0.6891929734375 0.768821409375 0.625113684375 0.792046034375 0.6360574953125 0.8625860140625001
0 0.6753129140625 0.6624260359374999 0.7224877953125 0.6431040968749999 0.7117014421875 0.5809585234375 0.6583807640625 0.60450958125 0.6753129140625 0.6624260359374999
0 0.68763225 0.7157869375 0.7331166921875 0.696855271875 0.7189494562500001 0.63549023125 0.669625628125 0.66092879375 0.68763225 0.7157869375
0 0.699951584375 0.7691478390625 0.742972159375 0.739543990625 0.7325007234375 0.6941872234375001 0.6840939109375 0.708173071875 0.699951584375 0.7691478390625
0 0.70550915625 0.8240698156249999 0.7569819343749999 0.792514621875 0.7480434812500001 0.7383731828125 0.6959547359375 0.7672603312499999 0.70550915625 0.8240698156249999
0 0.64730235625 0.9190052265625 0.7179859515625 0.8858251218750001 0.709663465625 0.8343517265625 0.6308287109374999 0.8553624140625 0.64730235625 0.9190052265625
0 0.7222838484375 0.873591865625 0.77975883125 0.86032271875 0.765591596875 0.7989576796875 0.7053517 0.8156754109375 0.7222838484375 0.873591865625
0 0.6688855359375 0.9741617546875 0.67225565625 0.9733837015625 0.723386065625 0.9323526921875 0.7129146296875 0.8869959296875001 0.6552960546875 0.922780240625 0.6688855359375 0.9741617546875
0 0.72861484375 0.9395762937500001 0.7879238625 0.90340170625 0.7751460171875 0.8557671687499999 0.7146050703125 0.8866056609375 0.72861484375 0.9395762937500001
0 0.787020715625 0.9457639999999999 0.8380211171875 0.8890255984375001 0.8266326656249999 0.8551215484375 0.7685555843749999 0.896632215625 0.787020715625 0.9457639999999999
0 0.78560358125 0.8702143625 0.8309305625000001 0.8428882906249999 0.8192271953124999 0.7921954328125 0.768370384375 0.8264186734375001 0.78560358125 0.8702143625
0 0.68782233125 0.45438959843750004 0.74422284375 0.4441787640625 0.731903509375 0.3908178625 0.677193434375 0.400638428125 0.68782233125 0.45438959843750004
0 0.6995256999999999 0.5050824515625 0.7496229546875 0.4907063390625 0.7397674859375 0.4480176171875 0.6890542640625 0.45972568750000004 0.6995256999999999 0.5050824515625
0 0.7113865234375 0.5641697109375 0.7637901874999999 0.552071371875 0.7503963796875001 0.5017687890625 0.7007576328125 0.510418540625 0.7113865234375 0.5641697109375
0 0.7237058578125 0.6175306125 0.773029690625 0.592092053125 0.756870965625 0.5452380453125001 0.7090801171875001 0.5618919375 0.7237058578125 0.6175306125
0 0.736326240625 0.6567707546875 0.783959634375 0.6317224593749999 0.7747201328125 0.591701784375 0.7258548046875 0.6114139859375001 0.736326240625 0.6567707546875
0 0.7474136421875001 0.704795565625 0.798585371875 0.687361134375 0.788113940625 0.6420043718749999 0.736326240625 0.6567707546875 0.7474136421875001 0.704795565625
0 0.7566670140625 0.7757258125 0.8098302374999999 0.7437803515625 0.7987428359375001 0.695755540625 0.748187071875 0.7158580140625 0.7566670140625 0.7757258125
0 0.772825740625 0.8225798171875001 0.8209176390625 0.7918051640625 0.810904709375 0.740722040625 0.7535871828125 0.7623855890625 0.772825740625 0.8225798171875001
0 0.9331540593750001 0.19822239375 0.9419078531249999 0.1914074640625 0.9322408 0.14953485312499998 0.9176113078125001 0.154036440625 0.9331540593750001 0.19822239375
0 0.7758272234375 0.3188517234375 0.8242340406249999 0.3048658796875 0.814378571875 0.26217715625000004 0.7670462328125 0.2731046875 0.7758272234375 0.3188517234375
0 0.73959615625 0.4087136390625 0.7849231390625 0.3813875671875 0.7752251296875 0.34709325468749996 0.727276821875 0.35535273749999996 0.73959615625 0.4087136390625
0 0.7523739968750001 0.4563481828125 0.792472196875 0.4217985125 0.7838486640625 0.384445884375 0.7372897468749999 0.40643586562499995 0.7523739968750001 0.4563481828125
0 0.7554677015625 0.50059798125 0.8060234656249999 0.4804955046875 0.796010540625 0.42941238281249994 0.748993115625 0.45712871875000005 0.7554677015625 0.50059798125
0 0.764864665625 0.549013059375 0.8172683265625 0.536914721875 0.8049489921875 0.4835538203125 0.751012346875 0.5044368312499999 0.764864665625 0.549013059375
0 0.7759520671875 0.597037871875 0.8294302046875 0.5818812234374999 0.8189587671874999 0.5365244515625001 0.764864665625 0.549013059375 0.7759520671875 0.597037871875
0 0.7925692953125 0.6381655171875 0.8380537374999999 0.6192338515625 0.8288142359374999 0.579213175 0.7848627734375 0.5893601687500001 0.7925692953125 0.6381655171875
0 0.7999747687500001 0.7010916328125 0.8520635140625 0.6722044828125 0.8348303156249999 0.62840879375 0.7910363171875 0.6469501921874999 0.7999747687500001 0.7010916328125
0 0.818898403125 0.74449705 0.852392303125 0.719902865625 0.843152803125 0.6798821875 0.8039716171875 0.7029791375000001 0.818898403125 0.74449705
0 0.8104462046875 0.7464483937499999 0.8322922140625 0.7947996390625 0.8705425171875 0.7522458390625 0.8513178312499999 0.722961175 0.8104462046875 0.7464483937499999
0 0.8317039906250001 0.853950740625 0.8828618531249999 0.8056067375 0.8736223515624999 0.765586059375 0.83014326875 0.8009162671875 0.8317039906250001 0.853950740625
0 0.8403275234375001 0.8913033703125001 0.893791790625 0.845237146875 0.886400190625 0.813220603125 0.83001355 0.8543410093749999 0.8403275234375001 0.8913033703125001
0 0.6674579281249999 0.9677467406250001 0.668936246875 0.9741500484375001 0.727901115625 0.9605369343750001 0.7200051828125 0.93313323125 0.6674579281249999 0.9677467406250001
0 0.729846778125 0.944912384375 0.73374351875 0.9591881109375 0.7891265890625 0.9464019203125 0.7762482328125 0.9145279953125 0.729846778125 0.944912384375
0 0.8237616640625 0.2796826609375 0.8569545125 0.269209240625 0.8489469453125 0.23452465312499998 0.8134476875000001 0.24272030312499998 0.8237616640625 0.2796826609375
0 0.78538164375 0.3756612109375 0.8308660859374999 0.356729540625 0.8203946515625 0.3113727734375 0.7758272234375 0.3188517234375 0.78538164375 0.3756612109375
0 0.801998875 0.41678885781249997 0.8379566390625 0.40286684843750004 0.828559678125 0.35445176875 0.7847656781250001 0.3729931640625 0.801998875 0.41678885781249997
0 0.809705396875 0.46559420625000003 0.8439727187500001 0.45206246562499997 0.83258426875 0.41815841562499995 0.7987754546875 0.4259637953125 0.809705396875 0.46559420625000003
0 0.8117246281250001 0.5129023171875 0.8601314421874999 0.49891646874999995 0.8496600093750001 0.45355970624999997 0.8090894296875 0.4629261640625 0.8117246281250001 0.5129023171875
0 0.826808878125 0.5628146328125 0.8666060281249999 0.54238573125 0.8725804953124999 0.49885263437500005 0.817870425 0.5086731953125 0.826808878125 0.5628146328125
0 0.8278833515624999 0.559756321875 0.83958671875 0.6104491796875 0.8741550890625 0.5827966703125 0.8661475218750001 0.5481120859375 0.8278833515624999 0.559756321875
0 0.8528230671875001 0.6523573609375 0.88585845625 0.6334895281249999 0.8778508890625 0.5988049453125 0.8406611953124999 0.6073908625 0.8528230671875001 0.6523573609375
0 0.86222003125 0.700772440625 0.9007852468750001 0.6750074453125 0.8898553078125 0.635377034375 0.8505166609374999 0.65007958125 0.86222003125 0.700772440625
0 0.8754563796875001 0.7426806218750001 0.908334309375 0.7154183890625 0.8967883984375 0.673119940625 0.8543837890624999 0.7053918296874999 0.8754563796875001 0.7426806218750001
0 0.8951534421874999 0.797148496875 0.9228025890625 0.7626626640625 0.9135630859375 0.7226419859375001 0.874539365625 0.7541333406249999 0.8951534421874999 0.797148496875
0 0.8944077578125 0.8479051906249999 0.93219955 0.8110777421875 0.9223440843749999 0.768389021875 0.889924659375 0.789924896875 0.8944077578125 0.8479051906249999
0 0.8280873 0.3292685546875 0.8629705890625001 0.3184048578125 0.8537310859374999 0.2783841796875 0.8249935984375 0.285018753125 0.8280873 0.3292685546875
0 0.84086514375 0.376903096875 0.8757484328125 0.3660393984375 0.867740865625 0.3313548125 0.8339320484374999 0.3391601921875 0.84086514375 0.376903096875
0 0.8445748125 0.42382094062500003 0.8826815234375 0.403782303125 0.8717515859375 0.36415189375 0.8381002265624999 0.380351678125 0.8445748125 0.42382094062500003
0 0.857968621875 0.47412352343749997 0.8948434015625001 0.4487487953125 0.8911337312500001 0.40183095625 0.8411939343749999 0.42460147812500004 0.857968621875 0.47412352343749997
0 0.867208125 0.5141442046875 0.906389309375 0.4910472546875 0.8926944546875 0.45486542500000005 0.85735265625 0.47145548125000003 0.867208125 0.5141442046875
0 0.876447625 0.5541648796875001 0.90747765625 0.5188985078125 0.9013179906250001 0.492218059375 0.869514528125 0.5164219765625 0.876447625 0.5541648796875001
0 0.884154146875 0.602970228125 0.923177871875 0.5714788703125 0.913938371875 0.5314582 0.8782955265625001 0.5621690140625 0.884154146875 0.602970228125
0 0.8984649656249999 0.6418200984375 0.9342652734374999 0.6195036875000001 0.9256417406249999 0.582151053125 0.884154146875 0.602970228125 0.8984649656249999 0.6418200984375
0 0.9123172859374999 0.6863963296875 0.9464271468750001 0.6644701828125 0.93933659375 0.6183328828125 0.896774528125 0.6422103671875 0.9123172859374999 0.6863963296875
0 0.9171014296875001 0.73025585625 0.963660346875 0.708265871875 0.9538048796874999 0.665577153125 0.910010878125 0.6841185484375 0.9171014296875001 0.73025585625
0 0.9298792718750001 0.777890396875 0.968902996875 0.746399040625 0.957357090625 0.7041005890625 0.9171014296875001 0.73025585625 0.9298792718750001 0.777890396875
0 0.9414251796875 0.8201888484375001 0.9873681296875001 0.795530821875 0.976581778125 0.73338525 0.929721815625 0.7694959953125 0.9414251796875 0.8201888484375001
0 0.862025834375 0.268038434375 0.896909125 0.2571747421875 0.8904345390625 0.213705478125 0.854319315625 0.21923308593750002 0.862025834375 0.268038434375
0 0.8985995656249999 0.2567844734375 0.9359328484375 0.225683384375 0.920547553125 0.18989183125 0.8868961953125 0.20609161562499997 0.8985995656249999 0.2567844734375
0 0.9400871593750001 0.23596529843749997 0.9509538671875 0.23059005937500002 0.942330334375 0.193237428125 0.931463621875 0.19861266093750002 0.9400871593750001 0.23596529843749997
0 0.8669674374999999 0.3202923671875 0.9018507281250001 0.30942867343749997 0.89137929375 0.26407190156250004 0.8535736296875 0.26998977812499997 0.8669674374999999 0.3202923671875
0 0.8763644015625 0.368707446875 0.9121647046874999 0.3463910359375 0.9023092359374999 0.3037023125 0.864202521875 0.32374095 0.8763644015625 0.368707446875
0 0.8952880390625 0.4121128703125 0.9212467468750001 0.3780173078125 0.9107753125 0.33266053906250004 0.875132465625 0.36337135625 0.8952880390625 0.4121128703125
0 0.903911571875 0.44946549999999996 0.9390959109375 0.42448104062500003 0.9280085093749999 0.37645623125 0.8928241703124999 0.40144068749999995 0.903911571875 0.44946549999999996
0 0.913308534375 0.4978805796875 0.9554120906250001 0.4797294515625 0.9437087234374999 0.42903659375 0.899456215625 0.4533043484375 0.913308534375 0.4978805796875
0 0.919167153125 0.5386817953125 0.970338884375 0.5212473656250001 0.9610993828125001 0.48122668749999997 0.9103861562500001 0.49293475937500003 0.919167153125 0.5386817953125
0 0.9311715703125 0.575253884375 0.9640495 0.547991653125 0.9572738656249999 0.51864315625 0.915786271875 0.53946233125 0.9311715703125 0.575253884375
0 0.9414855453125 0.6122162531249999 0.9763688343749999 0.6013525546875 0.9654388890625001 0.561722146875 0.93009709375 0.5783122015625 0.9414855453125 0.6122162531249999
0 0.9574868078125001 0.6506758484375 0.9865253515625 0.6299205125 0.9772858484375 0.5898998359375 0.9427174781250001 0.61755234375 0.9574868078125001 0.6506758484375
0 0.9622709546875001 0.6945353796875 0.999303190625 0.6775550531250001 0.990063690625 0.6375343828125 0.9551803984375 0.648398075 0.9622709546875001 0.6945353796875
0 1 0.680570878125 0.9645773609375 0.696813153125 0.9813520499999999 0.7463352046875 1 0.725343378125 1 0.680570878125
0 1 0.7348483531250001 0.9790456437499999 0.744057425 0.995204365625 0.7909114374999999 1 0.7878287578125 1 0.7348483531250001
0 0.9087560796874999 0.28535242968749996 0.951160690625 0.2530805359375 0.9431531218749999 0.21839594999999998 0.9012070187500001 0.2449414859375 0.9087560796874999 0.28535242968749996
0 0.91046039375 0.3158717328125 0.9619331703125 0.2843165359375 0.9557735046875001 0.2576360890625 0.9058337062499999 0.2804066078125 0.91046039375 0.3158717328125
0 0.9218488406249999 0.3497757765625 0.97055670625 0.3216691734375 0.9650130078125001 0.2976567671875 0.912924259375 0.326543909375 0.9218488406249999 0.3497757765625
0 0.9340107140624999 0.3947422765625 0.9810281390625001 0.3670259328125 0.9719460968750001 0.3353996640625 0.9213903312499999 0.3555021375 0.9340107140624999 0.3947422765625
0 0.9900882890625 0.40009985625000005 0.9850291484374999 0.378186321875 0.9781057640625 0.3620801171875 0.9333947468750001 0.3920742328125 0.9470896062499999 0.4282560578125 0.9900882890625 0.40009985625000005
0 1 0.44303219218749995 0.990727903125 0.40287033125000005 0.949854521875 0.42480747656249995 0.9637068359375001 0.4693837 1 0.44440920625 1 0.44303219218749995
0 1 0.44303219218749995 0.998871409375 0.4381437265625 0.9590940218749999 0.46482814687499996 0.9675600984375 0.493786371875 1 0.4737619921875 1 0.44303219218749995
0 1 0.47702437499999994 0.961256840625 0.489621096875 0.9717282734375001 0.5349778578125 1 0.5257079921875001 1 0.47702437499999994
0 1 0.5114519609375 0.966958003125 0.5220279031249999 0.985423134375 0.571159684375 1 0.5663376484375 1 0.5114519609375
0 1 0.5613078875 0.9786613703124999 0.572720759375 0.9905083250000001 0.6008984515625 1 0.597697934375 1 0.5613078875