0 0.0441640390625 0 0.0454258671875 0.0729559765625 0.1917981078125 0.0729559765625 0.259936909375 0.0930817625 0.30662460625 0.0327044015625 0.3015772859375 0 0.0441640390625 0
0 0.2776025234375 0.241509434375 0.29022082031249996 0.22893081718750002 0.2876971609375 0.105660378125 0.24858044218750003 0.08050314374999999 0.046687696875000004 0.0603773578125 0.051735017187499996 0.276729559375 0.22839116874999998 0.2641509421875 0.2776025234375 0.241509434375
0 0.514826496875 0.138364778125 0.421451103125 0.123270440625 0.29274447812500004 0.0955974828125 0.2876971609375 0.2465408796875 0.4189274453125 0.26918238906249997 0.5085173515625 0.259119496875 0.5173501593750001 0.2515723265625 0.514826496875 0.138364778125
0 0.30662460625 0 0.3028391171875 0.035220125000000005 0.28643533125 0.0729559765625 0.30914826406249996 0.0930817625 0.514826496875 0.1358490578125 0.5198738171875 0.0553459109375 0.47823343749999997 0 0.30662460625 0
0 0.546372240625 0.005031446875 0.49842271406250005 0.005031446875 0.5160883265625 0.0477987421875 0.5186119875 0.11069182500000001 0.6309148265625 0.1610062890625 0.6309148265625 0.06792452812500001 0.546372240625 0.005031446875
0 0.5022082015625 0.241509434375 0.278864353125 0.2389937109375 0.3015772859375 0.4176100625 0.5198738171875 0.4 0.5022082015625 0.241509434375
0 0.2776025234375 0.261635221875 0.051735017187499996 0.2817610078125 0.0630914828125 0.4930817625 0.29274447812500004 0.4427672953125 0.2776025234375 0.261635221875
0 0.5173501593750001 0.35471698125 0.6258675078125 0.3698113203125 0.624605678125 0.26918238906249997 0.5198738171875 0.22893081718750002 0.507255521875 0.2566037734375 0.5173501593750001 0.35471698125
0 0.5160883265625 0.1132075484375 0.521135646875 0.218867925 0.6347003156250001 0.279245284375 0.6347003156250001 0.17358490625 0.5160883265625 0.1132075484375
0 0.5198738171875 0.387421384375 0.5173501593750001 0.47798742031249997 0.63217665625 0.46540880468749996 0.624605678125 0.36226415156249997 0.5198738171875 0.3522012578125 0.5198738171875 0.387421384375
0 0.314195584375 0.5836477984374999 0.41514195625 0.5484276734375 0.511041009375 0.5081761015625 0.511041009375 0.3974842765625 0.30031545625 0.4301886796875 0.314195584375 0.5836477984374999
0 0.3015772859375 0.44779874218750004 0.0580441640625 0.503144653125 0.0706624609375 0.7345911953125001 0.3154574140625 0.618867925 0.3015772859375 0.44779874218750004
0 0.570347003125 0 0.6182965281249999 0.0477987421875 0.643533121875 0.08553459062499999 0.71041009375 0.133333334375 0.711671925 0.042767295312499995 0.600630915625 0 0.570347003125 0
0 0.63596214375 0.1635220125 0.6662460578125 0.196226415625 0.711671925 0.20125786093750003 0.7028391171874999 0.1283018875 0.639747634375 0.088050315625 0.63596214375 0.1635220125
0 0.7091482640625 0.1886792453125 0.63596214375 0.19119496875 0.6334384859375 0.27421383593750004 0.711671925 0.276729559375 0.7091482640625 0.1886792453125
0 0.71041009375 0.27421383593750004 0.63596214375 0.27421383593750004 0.6309148265625 0.36477987500000003 0.7129337546875 0.35974842812499996 0.71041009375 0.27421383593750004
0 0.711671925 0.3522012578125 0.62839116875 0.3572327046875 0.629652996875 0.4327044015625 0.7154574140625 0.42515723281250006 0.711671925 0.3522012578125
0 0.7129337546875 0.4301886796875 0.63596214375 0.43773584843749996 0.643533121875 0.5257861640625 0.714195584375 0.5081761015625 0.7129337546875 0.4301886796875
0 0.5160883265625 0.5132075484375 0.5324921125000001 0.568553459375 0.64605678125 0.54591195 0.6384858046875 0.45283018750000004 0.5160883265625 0.47044025312500004 0.5160883265625 0.5132075484375
0 0.6447949515625 0.649056603125 0.6485804421875 0.618867925 0.639747634375 0.5509433968749999 0.5337539421875 0.57358490625 0.5299684546875 0.6238993703125 0.5337539421875 0.6716981125 0.5842271296875 0.6691823890624999 0.6447949515625 0.649056603125
0 0.324290221875 0.7169811328125 0.3936908515625 0.6817610078125 0.5223974765625 0.6389937109375 0.5160883265625 0.515723271875 0.3192429015625 0.581132075 0.324290221875 0.7169811328125
0 0.42523659374999995 0.8251572328125001 0.4302839109375 0.7748427671875 0.44542586718750005 0.7672955984375001 0.44668769687500004 0.6918238984375 0.5312302843750001 0.6918238984375 0.526182965625 0.631446540625 0.4063091484375 0.676729559375 0.3192429015625 0.73710691875 0.3230283921875 0.9006289296875 0.42523659374999995 0.8251572328125001
0 0.0731861203125 0.9937106921875 0.2157728703125 1 0.3129337546875 0.9257861640625 0.3028391171875 0.794968553125 0.0706624609375 0.9358490578125 0.0731861203125 0.9937106921875
0 0.071924290625 0.7295597468749999 0.0731861203125 0.9283018875 0.317981071875 0.77232704375 0.314195584375 0.70188679375 0.3154574140625 0.6339622640625 0.071924290625 0.7295597468749999
0 0.48075709843750003 0.9006289296875 0.442902209375 0.89811320625 0.44164037812499995 0.835220125 0.42397476406249995 0.835220125 0.32050473125 0.9031446531249999 0.3230283921875 0.9987421390625 0.36719242812499997 1 0.48075709843750003 0.9006289296875
0 0.30914826406249996 0.9333333343750001 0.22082019062499997 0.9987421390625 0.3129337546875 1 0.30914826406249996 0.9333333343750001
0 0.4832807578125 1 0.5299684546875 0.95597484375 0.5337539421875 0.9132075484375 0.48075709843750003 0.9081761015625001 0.368454259375 1 0.4832807578125 1
0 0.556466878125 0.7698113203125 0.5741324921875 0.7823899375 0.64605678125 0.7169811328125 0.639747634375 0.65408805 0.5526813875000001 0.6893081750000001 0.556466878125 0.7698113203125
0 0.6384858046875 0.5509433968749999 0.6511041015625 0.613836478125 0.7154574140625 0.5761006296875 0.704100946875 0.5081761015625 0.643533121875 0.5257861640625 0.6384858046875 0.5509433968749999
0 0.6473186125 0.6465408796875 0.6473186125 0.7044025171875 0.7154574140625 0.6515723265625 0.7053627765625 0.5886792453125 0.6586750796875 0.6163522015625 0.6473186125 0.6465408796875
0 0.6511041015625 0.7924528296875 0.71041009375 0.7270440234375 0.71041009375 0.659119496875 0.6473186125 0.7119496843750001 0.6511041015625 0.7924528296875
0 0.64605678125 0.7270440234375 0.5728706640625 0.787421384375 0.5728706640625 0.9006289296875 0.64605678125 0.8125786156249999 0.64605678125 0.7270440234375
0 0.540063090625 0.99119496875 0.579179809375 0.99119496875 0.6548895890625 0.88050314375 0.6473186125 0.794968553125 0.528706625 0.938364778125 0.540063090625 0.99119496875
0 0.714195584375 0.732075471875 0.6447949515625 0.8075471703125 0.649842271875 0.88050314375 0.7205047312499999 0.7924528296875 0.714195584375 0.732075471875
0 0.6347003156250001 0.981132075 0.7053627765625 0.8654088046874999 0.70031545625 0.84528301875 0.69652996875 0.82767295625 0.63217665625 0.9182389921875 0.6347003156250001 0.981132075
0 0.629652996875 0.9232704406250001 0.5804416390625 0.99119496875 0.62839116875 1 0.629652996875 0.9232704406250001
0 0.7293375390625 0.8 0.629652996875 0.9836477984374999 0.6624605671875 0.9937106921875 0.7482649828125 0.8226415093749999 0.7293375390625 0.8
0 0.8580441640625001 0.8427672953125 0.749526815625 0.8125786156249999 0.678864353125 0.968553459375 0.8138801250000001 0.9987421390625 0.8580441640625001 0.8427672953125
0 0.8302839109375 0.017610062500000002 0.7394321749999999 0.07547169687500001 0.7444794953125 0.14591194999999998 0.8429022093749999 0.0905660390625 0.8302839109375 0.017610062500000002
0 0.8365930593750001 0.105660378125 0.7482649828125 0.138364778125 0.7406940078125 0.20125786093750003 0.827760253125 0.1836477984375 0.875709778125 0.168553459375 0.8719242906250001 0.088050315625 0.8365930593750001 0.105660378125
0 0.7444794953125 0.196226415625 0.7444794953125 0.26918238906249997 0.82902208125 0.279245284375 0.875709778125 0.25408805 0.875709778125 0.17358490625 0.82902208125 0.1886792453125 0.7444794953125 0.196226415625
0 0.8365930593750001 0.276729559375 0.7444794953125 0.289308175 0.7369085171875 0.36226415156249997 0.8454258671874999 0.35471698125 0.8807570984374999 0.32452830312500003 0.8794952687500001 0.24402515624999999 0.8365930593750001 0.276729559375
0 0.8365930593750001 0.35471698125 0.747003153125 0.36226415156249997 0.7444794953125 0.4427672953125 0.8403785484374999 0.44528301875 0.8782334374999999 0.38993710625 0.875709778125 0.3169811328125 0.8365930593750001 0.35471698125
0 0.8858044156249999 0.45283018750000004 0.8807570984374999 0.3849056609375 0.83533123125 0.4327044015625 0.747003153125 0.4427672953125 0.7444794953125 0.42515723281250006 0.7419558359375 0.515723271875 0.8441640390625 0.5257861640625 0.8858044156249999 0.45283018750000004
0 0.854258675 0.5132075484375 0.745741325 0.505660378125 0.7381703468749999 0.5836477984374999 0.8429022093749999 0.586163521875 0.8832807578124999 0.533333334375 0.8782334374999999 0.4553459109375 0.854258675 0.5132075484375
0 0.7444794953125 0.5836477984374999 0.743217665625 0.6465408796875 0.8441640390625 0.6515723265625 0.8883280750000001 0.568553459375 0.8858044156249999 0.5308176109375 0.8365930593750001 0.596226415625 0.7444794953125 0.5836477984374999
0 0.832807571875 0.65408805 0.745741325 0.64402515625 0.745741325 0.694339621875 0.8365930593750001 0.7169811328125 0.88958990625 0.641509434375 0.8870662453125 0.5886792453125 0.832807571875 0.65408805
0 0.8794952687500001 0.65408805 0.8378548890624999 0.7396226421875001 0.7444794953125 0.7194968562499999 0.745741325 0.777358490625 0.854258675 0.7974842765625 0.8870662453125 0.7044025171875 0.8794952687500001 0.65408805
0 0.88958990625 0.6993710703125 0.8429022093749999 0.8050314468750001 0.7394321749999999 0.7698113203125 0.7394321749999999 0.81006289375 0.8454258671874999 0.8477987421875 0.8908517359375001 0.759748428125 0.88958990625 0.6993710703125
0 0.7369085171875 0.030188679687499997 0.71041009375 0.0327044015625 0.711671925 0.0905660390625 0.7369085171875 0.0930817625 0.7369085171875 0.030188679687499997
0 0.7356466875 0.09811320625 0.707886434375 0.0930817625 0.707886434375 0.140880503125 0.7356466875 0.138364778125 0.7356466875 0.09811320625
0 0.7381703468749999 0.1358490578125 0.70662460625 0.1283018875 0.707886434375 0.181132075 0.7381703468749999 0.1836477984375 0.7381703468749999 0.1358490578125
0 0.71041009375 0.24905660312500003 0.7318612 0.2515723265625 0.7394321749999999 0.213836478125 0.7343848578125 0.1761006296875 0.7091482640625 0.17358490625 0.71041009375 0.24905660312500003
0 0.7129337546875 0.3169811328125 0.7318612 0.3169811328125 0.7406940078125 0.2817610078125 0.7394321749999999 0.2515723265625 0.7129337546875 0.2465408796875 0.7129337546875 0.3169811328125
0 0.7356466875 0.3270440234375 0.71041009375 0.3220125796875 0.71041009375 0.40251572343750003 0.7369085171875 0.4 0.7356466875 0.3270440234375
0 0.7406940078125 0.41006289375 0.7167192421874999 0.41006289375 0.7192429015624999 0.467924528125 0.743217665625 0.44779874218750004 0.7406940078125 0.41006289375
0 0.7369085171875 0.46540880468749996 0.7129337546875 0.4729559765625 0.714195584375 0.558490565625 0.7343848578125 0.5358490578125 0.7369085171875 0.46540880468749996
0 0.7154574140625 0.641509434375 0.7419558359375 0.6062893078125 0.7369085171875 0.5283018875 0.711671925 0.5635220125 0.711671925 0.59119496875 0.7154574140625 0.641509434375
0 0.7394321749999999 0.60880503125 0.71041009375 0.64402515625 0.711671925 0.7245283031249999 0.7419558359375 0.6716981125 0.7394321749999999 0.60880503125
0 0.7444794953125 0.676729559375 0.71041009375 0.7194968562499999 0.7154574140625 0.7748427671875 0.7381703468749999 0.742138365625 0.7444794953125 0.676729559375
0 0.7381703468749999 0.7446540890625 0.7154574140625 0.7748427671875 0.7192429015624999 0.8075471703125 0.7381703468749999 0.794968553125 0.7381703468749999 0.7446540890625