0 0.675383790625 0.2058461875 0.586651134375 0.1643672453125 0.563948809375 0.23029958437500003 0.6119092187499999 0.222230553125 0.6610237984375 0.25279935625 0.675383790625 0.2058461875
0 0.5837167140624999 0.2726151796875 0.66837710625 0.315423384375 0.6818962734375 0.27091215156250004 0.60053325 0.2237764109375 0.5837167140624999 0.2726151796875
0 0.5329700859375001 0.3097708828125 0.6257750078125001 0.34992055781250003 0.6377443875 0.299412778125 0.5497866218749999 0.26093211250000004 0.5329700859375001 0.3097708828125
0 0.5053546703125 0.379474428125 0.599066353125 0.411741946875 0.6272588531250001 0.3613573203125 0.528897821875 0.3111001484375 0.5053546703125 0.379474428125
0 0.5152304562500001 0.43477263906249997 0.586256146875 0.4646916640625 0.5982255265624999 0.41418388437500003 0.5304312765625 0.385377534375 0.5152304562500001 0.43477263906249997
0 0.3918581296875 0.1054890140625 0.497522865625 0.15552959375 0.516730009375 0.11024543281250002 0.4053113609375 0.0664179953125 0.3918581296875 0.1054890140625
0 0.49188449062500006 0.21914314687499997 0.5475938171875 0.24105686093749998 0.5662238796875 0.1764537859375 0.5129051640625 0.1580946796875 0.49188449062500006 0.21914314687499997
0 0.33270323125 0.1670640984375 0.48768035625 0.23135283593749997 0.5038538671875 0.1686353671875 0.3537238984375 0.1060156390625 0.33270323125 0.1670640984375
0 0.44507825468749995 0.2658500078125 0.5241825359375001 0.29855071093749996 0.5450054015625 0.25382288750000004 0.4601472015625 0.22733532968749998 0.44507825468749995 0.2658500078125
0 0.4537502625 0.21966976875 0.3180298921875 0.17293749687499999 0.30101555 0.238096909375 0.384455834375 0.24770749531249997 0.44830969062500003 0.2669626796875 0.4537502625 0.21966976875
0 0.409252375 0.34365229375 0.32129460781249997 0.3051716296875 0.29691062968750004 0.37598784687500003 0.5093446687500001 0.451866209375 0.5328878203125 0.383491934375 0.409252375 0.34365229375
0 0.3131500765625 0.30783016406249997 0.496698990625 0.357373825 0.5111249156250001 0.30498044687500003 0.33107118281250003 0.234788603125 0.3131500765625 0.30783016406249997
0 0.462356959375 0.446612878125 0.3217894296875 0.39821159375000004 0.29656462499999997 0.47146975312499995 0.3678540546875 0.47962791875 0.4445677234375 0.5087740140625 0.462356959375 0.446612878125
0 0.7123977421875 0.5654863265625 0.510564778125 0.4850638296875 0.4953639609375 0.534458934375 0.5524912015625 0.5732496296875 0.6898932265625 0.615098021875 0.7123977421875 0.5654863265625
0 0.307528653125 0.5708460125 0.533927075 0.6324124875 0.5565634640625 0.571920365625 0.329390153125 0.5073556109374999 0.307528653125 0.5708460125
0 0.62478660625 0.6992068921875 0.7604410390624999 0.751379378125 0.7813957765625 0.695771128125 0.6506544296875 0.6398274421875 0.62478660625 0.6992068921875
0 0.7530054640625 0.76247639375 0.531586075 0.691698503125 0.5114721640625 0.744864809375 0.6115807890625 0.7847978921875 0.731209903125 0.82052658125 0.7530054640625 0.76247639375
0 0.3266208828125 0.7358445765625 0.504234396875 0.739641190625 0.5146539921875 0.6831368624999999 0.35689064843749996 0.64793479375 0.3266208828125 0.7358445765625
0 0.433505728125 0.8190827734375 0.5630928984375 0.8363886296875 0.5808821328125 0.774227496875 0.5000961953124999 0.7464106687500001 0.32345537968750004 0.729291690625 0.2999122265625 0.797665965625 0.433505728125 0.8190827734375
0 0.7294623125 0.8308506703124999 0.5889607234375 0.7770091796874999 0.5656813125 0.8236226015625 0.627078621875 0.8447633921875 0.708705384375 0.8701382843750001 0.7294623125 0.8308506703124999
0 0.6852281687499999 0.933072340625 0.7012038781250001 0.8866755171875 0.6188681593750001 0.852862134375 0.48133426406249996 0.8218941703124999 0.4504874109375 0.8904850390625001 0.5940389640625 0.8934790093749999 0.6852281687499999 0.933072340625
0 0.470799125 0.8209980859374999 0.3013960765625 0.8091027328125 0.2770120984375 0.8799189500000001 0.363172665625 0.8658830796875 0.45294395937500004 0.8885994343749999 0.470799125 0.8209980859374999
0 0.7691287499999999 0.36923516562500003 0.84597429375 0.3875008296875 0.8593615890624999 0.353870028125 0.7809003265625 0.3350480234375 0.7691287499999999 0.36923516562500003
0 0.709610903125 0.3268898609375 0.7619569234375 0.3585713296875 0.7761191078125 0.3279388078125 0.71717834375 0.3049124140625 0.709610903125 0.3268898609375
0 0.70184565625 0.365187946875 0.775970909375 0.40710007031249995 0.7835383484375 0.385122625 0.709413096875 0.3432105 0.70184565625 0.365187946875
0 0.7841154375 0.40444153906249997 0.8398907015624999 0.420915040625 0.8491397984375 0.394053715625 0.79343046875 0.37214 0.7841154375 0.40444153906249997
0 0.773250621875 0.4307465265625 0.828119125 0.45510218281250003 0.8390498718750001 0.4233569828125 0.7874128125000001 0.40011399687500004 0.773250621875 0.4307465265625
0 0.682770375 0.399591678125 0.744101753125 0.4261726828125 0.7508943046875001 0.40119695625 0.692019471875 0.37273035625 0.682770375 0.399591678125
0 0.7630947671875 0.46548999999999996 0.8115663296875001 0.48218009687499996 0.8224970796875001 0.45043489687499993 0.768271596875 0.4399579453125 0.7630947671875 0.46548999999999996
0 0.765040159375 0.438845271875 0.6932395796875 0.405927971875 0.6783025031250001 0.4335622265625 0.7137823796875 0.45124184375 0.7557910624999999 0.46570659062499997 0.765040159375 0.438845271875
0 0.7489985171875 0.4906823125 0.8039329499999999 0.5095977546875 0.8157045265624999 0.4754106171875 0.7614790484375 0.46493366406250003 0.7489985171875 0.4906823125
0 0.743689815625 0.527094803125 0.795458746875 0.53945735625 0.8063235593750001 0.5131523671875 0.7563022187499999 0.49046572343749995 0.743689815625 0.527094803125
0 0.743426075 0.5488556484375 0.7812965625 0.5700898828125001 0.796299575 0.537015415625 0.75105945 0.5214379921875001 0.743426075 0.5488556484375
0 0.67150995625 0.45853794531250003 0.7441513578125 0.489013303125 0.7542412781250001 0.45971004375 0.6839904859375 0.432789290625 0.67150995625 0.45853794531250003
0 0.6606451421874999 0.4848429296875 0.74453064375 0.5246528609375 0.7482895593750001 0.482243825 0.6715758890625 0.45309773125 0.6606451421874999 0.4848429296875
0 0.6513301125 0.517144465625 0.7280437765625 0.5462905625000001 0.737358809375 0.5139890281249999 0.6614200343750001 0.487841209375 0.6513301125 0.517144465625
0 0.7163381390625 0.5750374875 0.77198153125 0.6023914140625 0.7845939328125 0.56576234375 0.7394856828124999 0.5393044921875 0.7163381390625 0.5750374875
0 0.705605196875 0.5904620453125 0.7620894140625001 0.6153740390625 0.7679752015625 0.59828046875 0.7237077734375 0.5693806796875001 0.705605196875 0.5904620453125
0 0.692151965625 0.629533065625 0.7470204640625 0.6538887140625 0.7587920390625 0.6197015796875001 0.7046984296875001 0.5983442015625 0.692151965625 0.629533065625
0 0.8758980546874999 0.3950729515625 0.9486053984374999 0.4201080984375 0.961992690625 0.3864772953125 0.8877355671875 0.355445603125 0.8758980546874999 0.3950729515625
0 0.8576636078125001 0.4270347421875 0.9125321078124999 0.4513904015625 0.9291508390625 0.41887227187500004 0.8799043875000001 0.3991838984375 0.8576636078125001 0.4270347421875
0 0.8475736843749999 0.456338009375 0.927584728125 0.4811565578125 0.9368338250000001 0.45429523281249995 0.8608950453125 0.42814741562499997 0.8475736843749999 0.456338009375
0 0.8387782734375 0.48608700312500003 0.8864749453125 0.4997788265625 0.8982465218750001 0.4655916875 0.8565590390625 0.45123753593749993 0.8387782734375 0.48608700312500003
0 0.8985598671874999 0.5066714546875 0.956725740625 0.5266995718749999 0.967656490625 0.494954371875 0.8997303703125 0.47702845156249996 0.8985598671874999 0.5066714546875
0 0.9297200671875 0.4791603578125 0.9742512359375001 0.48629929531249994 0.981818678125 0.464321846875 0.9431073609375 0.445529559375 0.9297200671875 0.4791603578125
0 0.9220370859375 0.4437373921875 0.981818678125 0.464321846875 0.9976625125 0.42880544218749994 0.9361992718750001 0.4131048703125 0.9220370859375 0.4437373921875
0 0.9564946593749999 0.41189875468750003 0.988743096875 0.428465696875 0.9972172984375 0.3986061015625 0.9690411250000001 0.3807098875 0.9564946593749999 0.41189875468750003
0 0.8288202265625 0.504509840625 0.8982301921875001 0.5338725265625001 0.9057976343749999 0.5118950812499999 0.8387782734375 0.48608700312500003 0.8288202265625 0.504509840625
0 0.908056371875 0.5263301171875 0.9467676875000001 0.5451224109374999 0.95517595625 0.520703021875 0.9099358343749999 0.5051255984374999 0.908056371875 0.5263301171875
0 0.8840680078125001 0.5645050546875 0.936545896875 0.585306096875 0.949999125 0.5462350812500001 0.9006867375000001 0.5319869234375 0.8840680078125001 0.5645050546875
0 0.816405625 0.5248182765625 0.8622887718750001 0.5542743984375 0.8756760671875 0.5206436015625 0.824747959375 0.505839103125 0.816405625 0.5248182765625
0 0.8536826968750001 0.595014428125 0.92329046875 0.608056471875 0.9325395656250001 0.5811951515625 0.8637726203125 0.565711165625 0.8536826968750001 0.595014428125
0 0.8046340484375 0.5590054109375 0.8545894593750001 0.5871322718750001 0.8679767546875 0.5535014734375 0.81388314375 0.5321440890625 0.8046340484375 0.5590054109375
0 0.7871085546875001 0.5994056953125 0.8477969109375 0.6121079968750001 0.8595684875 0.57792085625 0.8078654875 0.560118084375 0.7871085546875001 0.5994056953125
0 0.7875537718750001 0.6296050390625 0.8377069875 0.6414112578125 0.8461152578125001 0.616991878125 0.7976436953125 0.600301778125 0.7875537718750001 0.6296050390625
0 0.7856743125000001 0.6508095578125 0.835761590625 0.668055990625 0.843394971875 0.64063833125 0.79085114375 0.6252774953125 0.7856743125000001 0.6508095578125
0 0.8494126281250001 0.612664334375 0.9180477046875 0.6390287421874999 0.9281376281249999 0.6097254828125 0.86111826875 0.58391740625 0.8494126281250001 0.612664334375
0 0.8474012984374999 0.6447492765625 0.9031765625 0.661222784375 0.9124256562499999 0.634361459375 0.852644065625 0.6137770078125 0.8474012984374999 0.6447492765625
0 0.8340140046875 0.67838008125 0.8865578296875001 0.693740909375 0.9064739328125 0.656895240625 0.8466264062500001 0.6417510046875 0.8340140046875 0.67838008125
0 0.2446220671875 0.112152196875 0.31352087968750003 0.116755753125 0.3352505078125 0.064145778125 0.272814565625 0.061767567187500004 0.2446220671875 0.112152196875
0 0.2204358890625 0.16664777343749998 0.285130571875 0.183461021875 0.308607790625 0.12052695625000001 0.24623778437500002 0.11270853437499999 0.2204358890625 0.16664777343749998
0 0.201096875 0.22281235625 0.26074659375000003 0.25427723750000003 0.290043665625 0.1796898203125 0.23187779375 0.15966170156249998 0.201096875 0.22281235625
0 0.1980469140625 0.2736598796875 0.25931235625000004 0.30568109374999997 0.2763266953125 0.24052168749999997 0.21408855781249997 0.221822834375 0.1980469140625 0.2736598796875
0 0.18284609062499999 0.3230549875 0.2447545546875 0.368954903125 0.26907259843750003 0.303578903125 0.2004375234375 0.277214490625 0.18284609062499999 0.3230549875
0 0.17178347656249998 0.36568061093750004 0.22968560624999998 0.40746958125 0.2521901296875 0.35785788749999997 0.1869183609375 0.32172571875 0.17178347656249998 0.36568061093750004
0 0.15406017968750002 0.42240153593749996 0.21448479062499998 0.4568646875 0.23298298125 0.403142040625 0.173333259375 0.3716771609375 0.15406017968750002 0.42240153593749996
0 0.15514841562499998 0.4664795796875 0.199415840625 0.495379365625 0.2120282421875 0.458750290625 0.158000575 0.4319526953125 0.15514841562499998 0.4664795796875
0 0.13257796093750002 0.5215314921875 0.18311045625 0.56897726875 0.206521740625 0.511483415625 0.154439459375 0.458041090625 0.13257796093750002 0.5215314921875
0 0.117640884375 0.5491657421875 0.16312841875 0.6112631484375 0.17826329999999999 0.5673082593750001 0.134259615625 0.516647615625 0.117640884375 0.5491657421875
0 0.274547071875 0.6550905859375 0.192359553125 0.5421159453125 0.1999269953125 0.5201385000000001 0.1723115796875 0.589842040625 0.2503609015625 0.7095861593749999 0.274547071875 0.6550905859375
0 0.2119623078125 0.46419050781250004 0.2582906734375 0.5238459734375 0.28351548125 0.45058781718749996 0.2304605 0.4104678578125 0.2119623078125 0.46419050781250004
0 0.19074383125 0.5415596078125 0.2465687015625 0.6208737359375001 0.27088675 0.55549773125 0.22223370625 0.48684744062499996 0.19074383125 0.5415596078125
0 0.165584965625 0.6093775453125 0.23296727343749998 0.7391060140625 0.25365826875 0.7052586171875 0.178906325 0.581186959375 0.165584965625 0.6093775453125