0 0.3361023046875 0.1132582234375 0.17298822656249999 0.170408228125 0.185359709375 0.2372902765625 0.32885809374999997 0.2168552984375 0.3361023046875 0.1132582234375
0 0.326973053125 0.21672348281249998 0.1771127890625 0.2468700484375 0.1791170984375 0.35365295625000004 0.312423884375 0.2893403921875 0.345234875 0.2535480625 0.326973053125 0.21672348281249998
0 0.1606211609375 0.42853299062500005 0.25563852656249997 0.3970905546875 0.3279768609375 0.39199249062499997 0.33292412968749996 0.32124326875000003 0.2724261109375 0.31955194531250003 0.18324055781249998 0.348863071875 0.1606211609375 0.42853299062500005
0 0.444374596875 0.1360640359375 0.349592446875 0.13705356562499998 0.3328048625 0.21459217343749998 0.39501124062500004 0.21894206718749998 0.4671728875 0.216370759375 0.444374596875 0.1360640359375
0 0.5419252234374999 0.12257253906250001 0.45055978437500005 0.128879209375 0.46840970468750004 0.19868345468749998 0.5491131171875 0.20940501406249998 0.5712620796875 0.1906409140625 0.5419252234374999 0.12257253906250001
0 0.343232778125 0.30926855 0.3829953390625 0.3095099109375 0.4551569875 0.3069386015625 0.46175408124999995 0.26677410625000003 0.44213728124999996 0.222237440625 0.3464716921875 0.23586075312500002 0.343232778125 0.30926855
0 0.4542139140625 0.266246846875 0.5332089765625 0.2743098296875 0.5500561921875 0.25009676875000003 0.5396879109375 0.208745940625 0.48708343281250005 0.2025283609375 0.45568594687499997 0.2181066296875 0.4542139140625 0.266246846875
0 0.5934110484375 0.1718768125 0.5687288171875 0.172689978125 0.548406365625 0.2195120484375 0.5464627953125001 0.2473063828125 0.6224530546875 0.217072553125 0.5934110484375 0.1718768125
0 0.6208617578125 0.1585616734375 0.614793621875 0.10989419687499999 0.628342290625 0.1057633875 0.5364467859375 0.11965033437499999 0.5634270671875 0.16724101875 0.6208617578125 0.1585616734375
0 0.784918909375 0.1421034234375 0.6397707046875001 0.1319536734375 0.6638058124999999 0.194573090625 0.776554934375 0.207535503125 0.784918909375 0.1421034234375
0 0.93142209375 0.15996526718749998 0.7903973484375 0.145025628125 0.77466989375 0.2074036875 0.9285365578125001 0.22831954375 0.93142209375 0.15996526718749998
0 0.637062959375 0.279032896875 0.7726092687499999 0.2910503296875 0.7837417265625 0.2131162734375 0.641008625 0.1955180671875 0.637062959375 0.279032896875
0 0.7671308296875 0.288128128125 0.6344711640625 0.289008115625 0.6288756703125 0.34193821562500004 0.769723728125 0.3594046109375 0.7671308296875 0.288128128125
0 0.9362534140625 0.2263200484375 0.7833883484374999 0.21816979062500003 0.7671308296875 0.288128128125 0.919937365625 0.3242045359375 0.9362534140625 0.2263200484375
0 0.9085100625000001 0.37926595 0.7637152281249999 0.3640626828125 0.7517578578124999 0.426704371875 0.9033861062499999 0.45254193281250005 0.9085100625000001 0.37926595
0 0.75635175 0.361008665625 0.6285222953125 0.3469917328125 0.62445846875 0.40510716562500004 0.7577663578125 0.4220463 0.75635175 0.361008665625
0 0.7505806749999999 0.497717221875 0.7558813203125 0.4219144859375 0.6242817781250001 0.40763392343750005 0.609909303125 0.47772407031249997 0.7505806749999999 0.497717221875
0 0.911279646875 0.448015675 0.7587679609375 0.43481190156249994 0.7500506125 0.5052975 0.8850668578124999 0.524895209375 0.911279646875 0.448015675
0 1 0.4967106015625 0.91534458125 0.4711519421875 0.88471348125 0.5299487265625 0.9966695124999999 0.565088571875 1 0.517460375 1 0.4967106015625
0 0.8852446515624999 0.603620146875 0.9912088609374999 0.64317954375 0.9963649296874999 0.5694442859375 0.8901919203125 0.532870925 0.8852446515624999 0.603620146875
0 0.888306878125 0.5327391109375 0.7522890265625 0.5003758 0.747341759375 0.571125021875 0.9016799640625001 0.612386759375 0.888306878125 0.5327391109375
0 0.7463401609375 0.558359415625 0.7504039875 0.5002439859375001 0.619157825 0.480909903125 0.615447371875 0.533971821875 0.7463401609375 0.558359415625
0 0.734206103125 0.6235278656250001 0.745986784375 0.563412934375 0.62180925 0.5242602328125 0.6151536296875 0.5923508875 0.734206103125 0.6235278656250001
0 0.8944931734375 0.6068059828125001 0.747165071875 0.5736517812499999 0.7340294140625 0.626054625 0.8827124906250001 0.6669209109375 0.8944931734375 0.6068059828125001
0 0.8768806781249999 0.669052228125 0.9861533671875 0.715476459375 0.9910111125000001 0.6460074609374999 0.891548003125 0.621834715625 0.8768806781249999 0.669052228125
0 0.881240459375 0.715061128125 0.87911909375 0.6641305265625 0.745693040625 0.6217919968750001 0.7409224609375 0.690014459375 0.881240459375 0.715061128125
0 0.7361507765625 0.6769852265625 0.7366212109375 0.61607940625 0.6321190046875 0.593537221875 0.6402488703125 0.639809753125 0.7361507765625 0.6769852265625
0 0.88654220625 0.720510090625 0.982896946875 0.7620454375 0.9866470843749999 0.7084159765625 0.880474071875 0.6718426125 0.88654220625 0.720510090625
0 0.609905990625 0.233968971875 0.5511163203125 0.2349362265625 0.5346821125 0.3074213125 0.6061955390625 0.2870308890625 0.609905990625 0.233968971875
0 0.4368366375 0.29804017968749996 0.3349858578125 0.318848321875 0.3411721515625 0.39291519531249997 0.4603416828125 0.3682398703125 0.4368366375 0.29804017968749996
0 0.26353207031250003 0.3925642984375 0.1650979953125 0.41868958906250003 0.16132901875 0.49967765625 0.3180226953125 0.48016539218750004 0.363204059375 0.430003403125 0.33327860781249996 0.3974414515625 0.26353207031250003 0.3925642984375
0 0.3327496515625 0.48627342812499996 0.33416315625 0.46605936249999996 0.27949694687500004 0.462236728125 0.1643923515625 0.5100483203125 0.16639665625 0.616831228125 0.2516939640625 0.5618570843749999 0.3288625125 0.5418621015625 0.3327496515625 0.48627342812499996
0 0.41492510156250006 0.44885476874999997 0.346180159375 0.45674322187499994 0.33245590625 0.544652490625 0.45439392031250003 0.5074751875 0.4577509953125 0.4594667890625 0.41492510156250006 0.44885476874999997
0 0.5451674515625 0.29291984375 0.536979059375 0.274573459375 0.46087064218749996 0.27940789375 0.4412549453125 0.316122928125 0.454391709375 0.34497178906250003 0.47960400312499996 0.336578353125 0.5392771125 0.3229773078125 0.5451674515625 0.29291984375
0 0.547937040625 0.36166956250000004 0.584812959375 0.3490135046875 0.6116154468749999 0.317879240625 0.5887000984374999 0.2934248265625 0.5489375359374999 0.2931834734375 0.5289684609374999 0.33495202343749997 0.547937040625 0.36166956250000004
0 0.5477018250000001 0.3921224765625 0.5481137281249999 0.35914280781249996 0.5229599609375 0.339610096875 0.45386164375 0.352552059375 0.44196280000000004 0.38726759843749997 0.46711657031250003 0.4068003125 0.5081159468750001 0.3893543625 0.5477018250000001 0.3921224765625
0 0.5921764406250001 0.352067521875 0.5515304375000001 0.36445995625 0.5459349421875 0.4173900578125 0.592236071875 0.40539307031250005 0.6094366609375 0.37612649062500003 0.5921764406250001 0.352067521875
0 0.44402453125 0.384872653125 0.339110425 0.3953101375 0.3427634515625 0.451426075 0.4565727046875 0.4492279375 0.47512826874999997 0.4276734515625 0.44402453125 0.384872653125
0 0.547525134375 0.3946492375 0.4686482359375 0.41198564375 0.45875259375 0.4722323890625 0.54811483125 0.4403945078125 0.5731504375 0.43452783124999994 0.547525134375 0.3946492375
0 0.5794537890625 0.45274239375 0.57008710625 0.42415716875 0.45686755312500005 0.47210057499999997 0.45368716875 0.51758221875 0.5794537890625 0.45274239375
0 0.5250238984375 0.499718553125 0.46069726875 0.525689753125 0.456103378125 0.5913854609375 0.5417540578125 0.5313577953124999 0.5250238984375 0.499718553125
0 0.45386385625000003 0.515055459375 0.324385675 0.551705503125 0.3268018875 0.6255087453125 0.43336471562499995 0.5644042890625001 0.46234709374999994 0.556274478125 0.45386385625000003 0.515055459375
0 0.325269115625 0.539071715625 0.1708734921875 0.6069878296875 0.168106115625 0.7007415046875 0.26489035781250003 0.6440314875 0.3184368046875 0.6096891203125 0.325269115625 0.539071715625
0 0.531739153125 0.48495345 0.53939748125 0.51088010625 0.5901754453125 0.48903971406249996 0.5894090624999999 0.4458212 0.531739153125 0.48495345
0 0.615740009375 0.39434105937499997 0.5689088203125 0.41391832187500005 0.572266996875 0.44716162031250006 0.6228682734375 0.4278479875 0.615740009375 0.39434105937499997
0 0.6067874453125001 0.49527956562500003 0.5411058359375 0.5135386750000001 0.5550675125 0.55767989375 0.6130322640625 0.541420278125 0.6067874453125001 0.49527956562500003
0 0.5391622671875 0.5413330125 0.44703154375 0.5856728718750001 0.4530996796875 0.634340346875 0.5515922734375 0.5802889015625 0.5391622671875 0.5413330125
0 0.6068470765625 0.5486051109375001 0.5325651734375 0.5814975125 0.5340383125 0.6146089953125 0.6086735937500001 0.5766630796875 0.6068470765625 0.5486051109375001
0 0.5297966875 0.5939994859375 0.456693075 0.6371307328125 0.454867665625 0.690324465625 0.5382799296874999 0.6352185046875001 0.5297966875 0.5939994859375
0 0.58293123125 0.5926367890625001 0.533684934375 0.619662509375 0.5404598203125001 0.6582229546875 0.5818125765625 0.6357234875 0.58293123125 0.5926367890625001
0 0.5300330093750001 0.6447982765625 0.455044353125 0.6877977109375 0.4643525046875 0.7443090859375 0.533037815625 0.683095090625 0.5300330093750001 0.6447982765625
0 0.44809167343749995 0.570512321875 0.3346954296875 0.620982490625 0.3608507984375 0.653280809375 0.411628759375 0.63144041875 0.4519213890625 0.6241015 0.44809167343749995 0.570512321875
0 0.192082696875 0.7912870765625 0.26129807031249996 0.7224928 0.3167295578125 0.68828225 0.3757544421875 0.6568620843749999 0.3295703703125 0.6130067671874999 0.18560155312499999 0.6943475671875 0.192082696875 0.7912870765625
0 0.35773004531249997 0.752088 0.3297481640625 0.6917317093750001 0.2684848609375 0.7280735765624999 0.2063381171875 0.77704923125 0.20127269218750002 0.8223990578124999 0.24998892343749998 0.8029536109375 0.3031819953125 0.773664759375 0.35773004531249997 0.752088
0 0.44779792812499997 0.6288913875000001 0.32085301718750003 0.683492365625 0.35348842343750003 0.7314784875 0.4545728171875 0.66745183125 0.44779792812499997 0.6288913875000001
0 0.44650258593750003 0.6745048406249999 0.343886528125 0.733346175 0.35407812031249997 0.7772237640624999 0.4476223484375 0.712669846875 0.44650258593750003 0.6745048406249999
0 0.45103905468749994 0.7179869921875001 0.35048472343750003 0.774433375 0.364623090625 0.8160478390625 0.4487421078125 0.750834846875 0.45103905468749994 0.7179869921875001
0 0.45852069218749997 0.7464404015625 0.3572596125 0.812993821875 0.375521434375 0.849818396875 0.463940603125 0.7772887546875 0.45852069218749997 0.7464404015625
0 0.3436513078125 0.7637990859375 0.20333441875 0.820004115625 0.1957368296875 0.92865470625 0.2839793078125 0.8586518249999999 0.35708292343750003 0.8155205796875 0.3436513078125 0.7637990859375
0 0.3512511109375 0.8176518937499999 0.192320121875 0.9233375593750001 0.19550161562499999 0.9591076203125001 0.33864551718749997 0.862474459375 0.3512511109375 0.8176518937499999
0 0.40633032656249995 0.869746559375 0.360794478125 0.8437103578125 0.21264367812499999 0.9577671999999999 0.2369022984375 0.982823365625 0.29483652656250003 0.986874521875 0.38141288281249996 0.9010126328125001 0.40633032656249995 0.869746559375