0 0.8055937546875 0 0.723023040625 0.047241981249999995 0.7435072328125 0.13526810625000002 0.8594065703125 0.063043153125 0.918711659375 0.065016303125 0.9048920171875 0 0.8055937546875 0
0 0.758210878125 0.129343353125 0.77754551875 0.203616821875 0.8934885859374999 0.1649753671875 0.938714759375 0.1591234953125 0.9193726515625 0.068126034375 0.8650668625 0.0646394234375 0.758210878125 0.129343353125
0 0.77359315625 0.21005572187500002 0.796332721875 0.2920036515625 0.91282323125 0.23924884062500001 0.9535181375 0.228767909375 0.939516134375 0.1628936703125 0.8900945984374999 0.16569678125 0.77359315625 0.21005572187500002
0 0.6269217625 0 0.6013212890624999 0.0087243078125 0.6206777984375 0.0997895234375 0.7337852500000001 0.056152003125 0.7183191390625 0 0.6269217625 0
0 0.7247091015625 0.0384854015625 0.6138460890624999 0.06764886249999999 0.63037791875 0.1621138875 0.7474814656250001 0.1456209546875 0.7247091015625 0.0384854015625
0 0.599065915625 0.0148025 0.49951255000000006 0.0387626171875 0.5177304421875 0.12447106562500002 0.6150065703125 0.089797384375 0.599065915625 0.0148025
0 0.5029393390625 0.063228825 0.4260162140625 0.0851781375 0.43569447187500004 0.13071075000000001 0.5126394609375 0.12555318437500002 0.5029393390625 0.063228825
0 0.423202465625 0.0969738171875 0.34685958125 0.12999739375 0.35824576406249997 0.1835651703125 0.438015434375 0.1750078 0.423202465625 0.0969738171875
0 0.34118835625 0.12000525312500002 0.2716225171875 0.143190125 0.29604814375 0.21638147812500003 0.35825669531250004 0.19196104375 0.34118835625 0.12000525312500002
0 0.275049303125 0.1676563296875 0.229810696875 0.18846969062500002 0.23383959375000002 0.2408019109375 0.2446018 0.2497119328125 0.292106709375 0.231216246875 0.275049303125 0.1676563296875
0 0.2269641515625 0.17507775 0.16984658125000002 0.1984160625 0.1823713828125 0.257340615625 0.241196878125 0.242037465625 0.2269641515625 0.17507775
0 0.1715873046875 0.231638846875 0.120130028125 0.25657342031249997 0.1348883390625 0.29262804062500003 0.178999259375 0.2748537734375 0.1715873046875 0.231638846875
0 0.12234167031250001 0.2169117359375 0.065213165625 0.2318541734375 0.07546073125 0.280065178125 0.12976455781250001 0.26852254375 0.12234167031250001 0.2169117359375
0 0.0726251203125 0.27506910625000003 0.039265471875 0.29335751718749997 0.0472357984375 0.33085495625 0.08117568750000001 0.323640809375 0.0726251203125 0.27506910625000003
0 0.124104259375 0.266926271875 0.07264698281250001 0.2918608484375 0.0964705046875 0.3371861953125 0.1360378875 0.30638069218749997 0.124104259375 0.266926271875
0 0 0.30055007031250003 0.006497 0.331116059375 0.0421338828125 0.32354120625 0.0381159203125 0.2796048578125 0 0.295910278125 0 0.30055007031250003
0 0.517183 0.1385844203125 0.4357272671875 0.1558983703125 0.4465441390625 0.2067877625 0.5296968703125 0.18911310312500001 0.517183 0.1385844203125
0 0.618400559375 0.089075971875 0.525065865625 0.108914871875 0.5330908562500001 0.188391690625 0.6252650656250001 0.14640425937499998 0.618400559375 0.089075971875
0 0.6479937015624999 0.21995632031249998 0.6649964421875 0.2415368671875 0.7702101031249999 0.21917301406249998 0.77356035625 0.1848681015625 0.742368615625 0.12991132656249998 0.638873825 0.168706221875 0.6479937015624999 0.21995632031249998
0 0.625276 0.1548001296875 0.532532478125 0.19410916875 0.537678128125 0.23500641562500002 0.5512650171875 0.2405166375 0.648563009375 0.2226347046875 0.625276 0.1548001296875
0 0.4448799421875 0.2323360890625 0.4579521875 0.27714728125 0.54337121875 0.2617903078125 0.53483158125 0.22161447656250002 0.5404481421875 0.1896272453125 0.45050743750000005 0.2087447328125 0.4448799421875 0.2323360890625
0 0.2949095265625 0.2110247 0.308003634375 0.27262763749999996 0.37474479375 0.25284257499999996 0.443193884375 0.24109266875 0.43292444999999996 0.17608992343750002 0.3571180765625 0.1866042640625 0.2949095265625 0.2110247
0 0.2943620796875 0.2251380546875 0.23781382187500003 0.2511547625 0.2497693125 0.30740092343750003 0.3091531875 0.2863802953125 0.2943620796875 0.2251380546875
0 0.7906505625 0.2736156390625 0.812262446875 0.3586026703125 0.938409340625 0.334588715625 0.9731786906250001 0.3212635390625 0.9530294156249999 0.2264686640625 0.91282323125 0.23924884062500001 0.7906505625 0.2736156390625
0 0.8196197328125001 0.35983822656250003 0.836129696875 0.437511503125 0.9622984593749999 0.430289303125 0.9920699921875 0.410140134375 0.9702141421875 0.307316440625 0.921417534375 0.3214040453125 0.8196197328125001 0.35983822656250003
0 1 0.44744787812500003 0.9939578750000001 0.41902191406249994 0.9668310671875 0.43492466875 0.8446256015625 0.44410384374999995 0.8583218171875 0.5335727953125 0.995811165625 0.529543125 1 0.5260594249999999 1 0.44744787812500003
0 1 0.525971075 0.9924171796874999 0.530264540625 0.861704871875 0.5244555046875 0.8481617187499999 0.5525287890625 0.87595946875 0.608206978125 1 0.617786103125 1 0.525971075
0 1 0.60162978125 0.8736931640625001 0.60588929375 0.8941882906249999 0.7023112890625 1 0.69851773125 1 0.60162978125
0 1 0.7013664203125 0.904359325 0.6917511734375 0.8919547890624999 0.72518123125 0.9146615578124999 0.781941540625 1 0.78792646875 1 0.7013664203125
0 1 0.8023490796875 0.938441340625 0.7936833890625 0.9130192265625 0.8242816171875 0.9300547671875 0.8710497859374999 1 0.876299909375 1 0.8023490796875
0 1 0.8795371109375001 0.9526959343750001 0.8774348562500001 0.9408497765625 0.905147428125 0.9490113796875 0.9157299828125 1 0.9048920171875 1 0.8795371109375001
0 0.7702101031249999 0.21917301406249998 0.6649964421875 0.2415368671875 0.6752768046875001 0.3149354859375 0.787836815625 0.2854113203125 0.7702101031249999 0.21917301406249998
0 0.787836815625 0.2854113203125 0.6713244453125 0.3213743875 0.689520471875 0.39029108125 0.81737529375 0.37431229843749997 0.787836815625 0.2854113203125
0 0.649701628125 0.22799148281249998 0.5467542734374999 0.2526730171875 0.5638226171875 0.324628809375 0.658843371875 0.296033325 0.649701628125 0.22799148281249998
0 0.683269 0.36922467812500004 0.6667590359375 0.2915514015625 0.5683333578124999 0.312472425 0.5842740140625 0.38746731562500003 0.683269 0.36922467812500004
0 0.6804333890625001 0.36422860625000003 0.581449334375 0.390867115625 0.6013532859375 0.46781897343749995 0.6969652187500001 0.4586936296875 0.6804333890625001 0.36422860625000003
0 0.6923451468749999 0.38689127343749996 0.7133877187500001 0.46919991406249995 0.8350238750000001 0.45734235156249997 0.8179446015625 0.3769906828125 0.6923451468749999 0.38689127343749996
0 0.8282249640625 0.450389303125 0.724149928125 0.47810993437500005 0.743506440625 0.56917515625 0.8549496953125001 0.551085959375 0.8282249640625 0.450389303125
0 0.7048808796875 0.45421170625 0.607002646875 0.4610193671875 0.6223739921875 0.5333358703125 0.722518528125 0.528845884375 0.7048808796875 0.45421170625
0 0.7344193578125 0.5431126828124999 0.62520960625 0.538331940625 0.63776720625 0.6224441171875 0.7514986328125 0.623464346875 0.7344193578125 0.5431126828124999
0 0.8583436843750001 0.5503645453125 0.7412292015624999 0.5584615984375 0.749812571875 0.632220925 0.878816946875 0.62999479375 0.8583436843750001 0.5503645453125
0 0.8686349812499999 0.6321590390625 0.758297540625 0.6304173890625 0.75551659375 0.6674006875 0.772563071875 0.7225647359375 0.894199228125 0.7107071656249999 0.8686349812499999 0.6321590390625
0 0.7731214453125 0.71684725 0.76184459375 0.74723820625 0.7862592859374999 0.812033690625 0.910720121875 0.7967763156250001 0.8930715390625 0.7137462593749999 0.7731214453125 0.71684725
0 0.9113003671875 0.8078505765624999 0.7828652984375 0.812755103125 0.8078383703125 0.87183309375 0.9272300890625 0.874449596875 0.9113003671875 0.8078505765624999
0 0.7583740718749999 0.689188509375 0.6542771703125 0.7001173890625 0.6753088078125 0.774030159375 0.7618555234375 0.7556340859375 0.7725521343749999 0.7141688609375 0.7583740718749999 0.689188509375
0 0.632709021875 0.6487138578125 0.6497445625 0.6954820265625 0.7566770765624999 0.6895492156249999 0.7537758703125 0.634177903125 0.740725490625 0.60615845625 0.6439858703125 0.618322896875 0.632709021875 0.6487138578125
0 0.7669465093750001 0.7545519640625 0.6611635406249999 0.774237425 0.6889831609375 0.8467073624999999 0.7908246921875 0.841856675 0.7669465093750001 0.7545519640625
0 0.691851571875 0.876891053125 0.724729375 0.9230912421875 0.8039297328125 0.9118554859374999 0.8112542265625 0.887903428125 0.7862920843750001 0.8372213093750001 0.70426704375 0.8518568671875 0.691851571875 0.876891053125
0 0.7173865265625 0.964963365625 0.81632904375 0.9439324828125001 0.79657245 0.9106199281249999 0.72869266875 0.9250482218749999 0.709489221875 0.9515252359374999 0.7173865265625 0.964963365625
0 0.5326199421875 0.26127615937500004 0.462473865625 0.273386771875 0.4767175234375 0.34874236718749996 0.5638335484375 0.3330246828125 0.5326199421875 0.26127615937500004
0 0.561008871875 0.3364244875 0.4840638796875 0.341582053125 0.483538303125 0.3724871609375 0.501132215625 0.41353784375 0.5809128218749999 0.41337635156249997 0.561008871875 0.3364244875
0 0.6002256015625 0.47085807500000004 0.5837375 0.40997654375000003 0.49491354843749996 0.4176590578125 0.5102739640625 0.4815796828125 0.6002256015625 0.47085807500000004
0 0.6172939421875 0.5428138625 0.60249190625 0.47317575312500004 0.510263028125 0.4731838125 0.527342303125 0.5535354781249999 0.6172939421875 0.5428138625
0 0.6332345984375001 0.617808753125 0.622384925 0.5417317421875001 0.5313056015625001 0.5554924515625 0.5438304015625001 0.6144170046874999 0.6332345984375001 0.617808753125
0 0.6406793484375 0.6862113 0.6252861375000001 0.5971030546875 0.551757 0.6183309546875 0.5421990046875 0.6651529546875 0.555807759375 0.6874549187500001 0.6406793484375 0.6862113
0 0.6384021125 0.6754977453125 0.5739053875 0.68080875 0.56263946875 0.719595584375 0.5762700890625 0.7586892984375 0.66848803125 0.7502853609375 0.6384021125 0.6754977453125
0 0.6736664765625 0.81637023125 0.663386115625 0.7429716109375 0.5875906734375 0.76188183125 0.570653528125 0.7906765265625 0.6046371484375 0.8170458703125 0.6736664765625 0.81637023125
0 0.6731081031249999 0.8220877140624999 0.603520396875 0.828480840625 0.5927909859375 0.8447584453125 0.6103958390625001 0.8942050046875 0.691304128125 0.8910044109375 0.6731081031249999 0.8220877140624999
0 0.612705871875 0.9301061828125 0.6235118125 0.9725996953125 0.7106059734375 0.9400902640625001 0.721335384375 0.92381265625 0.6941288078125 0.8876046109375 0.6324567671875 0.889515809375 0.612705871875 0.9301061828125
0 0.44433250312499994 0.24644944687499998 0.3843683875 0.25639580781250004 0.395754571875 0.309963590625 0.45854336093750003 0.29661742343749997 0.44433250312499994 0.24644944687499998
0 0.45854336093750003 0.29661742343749997 0.3912219609375 0.305328228125 0.40204976875 0.364613490625 0.474462153125 0.3548205625 0.45854336093750003 0.29661742343749997
0 0.474462153125 0.3548205625 0.4116733609375 0.36816673125 0.4241981609375 0.42709128593749995 0.49491354843749996 0.4176590578125 0.474462153125 0.3548205625
0 0.494344240625 0.4149806734375 0.41739924687499996 0.42013823749999996 0.43615365156249997 0.48333744999999995 0.508576965625 0.48194039218749996 0.494344240625 0.4149806734375
0 0.5125512 0.492293240625 0.43955857187499997 0.491011903125 0.4486893828125 0.550657871875 0.52622555 0.5649704453125 0.5125512 0.492293240625
0 0.5228206296875 0.5572959875 0.44529539375000005 0.5513792890625 0.4583895046875 0.6129822328125 0.5404473484375 0.623534290625 0.5228206296875 0.5572959875
0 0.5415750312500001 0.620495196875 0.46575772656250003 0.62261366875 0.4714836125 0.674585175 0.5586324375 0.684055115625 0.5415750312500001 0.620495196875
0 0.5540998312500001 0.679419753125 0.4714945484375 0.682981053125 0.48457772343750005 0.7361881203125 0.5745621609375 0.750654128125 0.5540998312500001 0.679419753125
0 0.5694711781249999 0.75173625 0.48855195625 0.746540971875 0.5016460671875 0.8081439109374999 0.585389965625 0.8099393890625001 0.5694711781249999 0.75173625
0 0.583123665625 0.807621709375 0.49710252343750005 0.795112675 0.5096273250000001 0.8540372312500001 0.5933821609375001 0.8642285812500001 0.583123665625 0.807621709375
0 0.5962177765625001 0.8692246515625 0.518681603125 0.85491208125 0.531217340625 0.9222325124999999 0.60930095 0.922431721875 0.5962177765625001 0.8692246515625
0 0.606476271875 0.9258315265625001 0.5306480312499999 0.9195541203125 0.537512540625 0.976882409375 0.6023205546875 0.9894213921875 0.6151560093749999 0.9866931328125 0.621245509375 0.9702820171875001 0.606476271875 0.9258315265625001
0 0.36964287812499996 0.24552882031249998 0.3142113703125 0.260110553125 0.308036434375 0.2978152671875 0.3329657734375 0.3233097625 0.38783890312499997 0.31444551718749997 0.36964287812499996 0.24552882031249998
0 0.379901378125 0.3021356953125 0.3329439109375 0.3065180125 0.319970059375 0.337269678125 0.34945387499999997 0.3841912890625 0.406582375 0.369248853125 0.379901378125 0.3021356953125
0 0.2978435359375 0.2915836328125 0.2480723203125 0.3077616296875 0.266268346875 0.376678325 0.3160286296875 0.35210445625000003 0.33183808593749997 0.3263488578125 0.2978435359375 0.2915836328125
0 0 0.3457922140625 0.0042853609375 0.37077774531249996 0.0461518484375 0.3674775484375 0.044389253125 0.3174630140625 0 0.326898240625 0 0.3457922140625
0 0.0839894375 0.3118451328125 0.0511990984375 0.332811925 0.05635567968750001 0.382105053125 0.09538655 0.3738087859375 0.0839894375 0.3118451328125
0 0.238394065625 0.2622290171875 0.182940690625 0.260019 0.1931882546875 0.308229996875 0.2412624765625 0.292412709375 0.238394065625 0.2622290171875
0 0.1818348703125 0.27984984687500003 0.130377596875 0.30478442499999997 0.1411726015625 0.3388820625 0.198301103125 0.323939628125 0.1818348703125 0.27984984687500003
0 0.137756746875 0.32281173281250003 0.0868578484375 0.342028821875 0.09596679375 0.384883040625 0.1457380046875 0.3687050453125 0.137756746875 0.32281173281250003
0 0.200578340625 0.3346531828125 0.141183534375 0.347277940625 0.1485954859375 0.390492865625 0.204596303125 0.37858952343749996 0.200578340625 0.3346531828125
0 0.250327690625 0.301683434375 0.1943378046875 0.32198265625 0.205143746875 0.36447616875 0.2498130484375 0.3409844203125 0.250327690625 0.301683434375
0 0.2611882953125 0.38615632031249997 0.27877128125 0.4188111296875 0.337596778125 0.403507990625 0.33927190625 0.386355534375 0.32168891875 0.353700721875 0.2662574109375 0.3682824546875 0.2611882953125 0.38615632031249997
0 0.2549149609375 0.3482981703125 0.2040160578125 0.367515259375 0.21597154999999998 0.42376142968749997 0.2668813875 0.41294021093750005 0.2549149609375 0.3482981703125
0 0.2011913796875 0.37091507031250004 0.154255778125 0.39208913437500004 0.1656419609375 0.4456569109375 0.217679478125 0.43179659375 0.2011913796875 0.37091507031250004
0 0.2725526125 0.42293235156250003 0.21711017031250002 0.429118209375 0.23017148281250002 0.46553352812500004 0.270340971875 0.46259403906249996 0.2725526125 0.42293235156250003
0 0.335899784375 0.40386869687500004 0.275377290625 0.4195325453125 0.286194165625 0.470421934375 0.3404979859375 0.45887930312499997 0.335899784375 0.40386869687500004
0 0.4037576953125 0.37264865625 0.33814422187500004 0.389394625 0.343300803125 0.43868775312499997 0.416851803125 0.43425159375 0.4037576953125 0.37264865625
0 0.4106222046875 0.4299769453125 0.343300803125 0.43868775312499997 0.356383978125 0.4918948203125 0.42484399687499996 0.48854079375000004 0.4106222046875 0.4299769453125
0 0.4299349828125 0.4874586703125 0.3676936296875 0.486691478125 0.3762551328125 0.543659059375 0.44189047343750004 0.54370483125 0.4299349828125 0.4874586703125
0 0.43623017812500003 0.5421085671875 0.36721178593750003 0.55118008125 0.38880180000000003 0.6193753625 0.4538678296875 0.6167427421875 0.43623017812500003 0.5421085671875
0 0.34333360156250003 0.46387537187500005 0.289588153125 0.469700521875 0.2970110390625 0.5213113171875 0.36263544531249997 0.51296121875 0.34333360156250003 0.46387537187500005
0 0.3603691421875 0.5106435406250001 0.29475566875000003 0.5273895125 0.308955596875 0.569161615625 0.36553665625 0.56833253125 0.3603691421875 0.5106435406250001
0 0.37175532499999997 0.5642113171875 0.3129298265625 0.579514459375 0.322608084375 0.625047071875 0.38597712031250003 0.622775165625 0.37175532499999997 0.5642113171875
0 0.4595171921875 0.609943134375 0.3910681015625 0.62169304375 0.398490990625 0.673303846875 0.46864800000000006 0.6695891031250001 0.4595171921875 0.609943134375
0 0.4624183984375 0.6653144546875 0.396804925 0.682060425 0.40876041875 0.73830659375 0.48342817499999996 0.722435471875 0.4624183984375 0.6653144546875
0 0.46985221875 0.7253211328125 0.41272371874999997 0.7402635625 0.42694550937500003 0.7988274109375 0.4897343046875 0.785481240625 0.46985221875 0.7253211328125
0 0.49256991875 0.7904773125 0.424679209375 0.7965097328125 0.438342628125 0.8607910593750001 0.5124629406250001 0.8590332999999999 0.49256991875 0.7904773125
0 0.383163371875 0.634570840625 0.3248853203125 0.635760628125 0.3413734203125 0.6966421515625 0.39229418437499997 0.6942168093750001 0.383163371875 0.634570840625
0 0.3968158578125 0.6904562953125 0.3413624859375 0.68824628125 0.35445659687500003 0.749849228125 0.4036803671875 0.7477845859375 0.3968158578125 0.6904562953125
0 0.4036694328125 0.739388715625 0.3538872859375 0.7471708359375 0.363565540625 0.7927034468749999 0.41506655 0.8013523625 0.4036694328125 0.739388715625
0 0.41789123124999994 0.7979525625 0.35847455781250004 0.7937855703125 0.37325473124999997 0.8466319296875 0.433240709375 0.8534773093749999 0.41789123124999994 0.7979525625
0 0.514149003125 0.850276715625 0.43382095156249995 0.864551571875 0.448031815625 0.91471955 0.5261154234375 0.9149187578125 0.514149003125 0.850276715625
0 0.4298357890625 0.8458028531249999 0.36817467812500004 0.8561099249999999 0.3812687890625 0.9177128703124999 0.4389665984375 0.9054488218750001 0.4298357890625 0.8458028531249999
0 0.520466065625 0.9217183625 0.4531227953125 0.9136374281249999 0.46280104843750003 0.95917003125 0.530155253125 0.975646846875 0.520466065625 0.9217183625
0 0.45142580312499997 0.913998134375 0.383524159375 0.911634678125 0.39207472656250003 0.960206384375 0.46111499218749996 0.9679266171875 0.45142580312499997 0.913998134375
0 0.406767434375 0.945885753125 0.336588559375 0.9328087453125 0.3405955890625 0.9683492140625001 0.41079633125 0.998217971875 0.406767434375 0.945885753125
0 0.377261759375 0.8821723984375 0.31670646874999997 0.8726486281250001 0.327523340625 0.9235380187500001 0.3801520359375 0.929147840625 0.377261759375 0.8821723984375
0 0.27995363281249996 0.45775140625 0.22621911562500002 0.47197242812500007 0.23760529843749997 0.5255402046875 0.2930368046875 0.5109584765624999 0.27995363281249996 0.45775140625
0 0.294175425 0.5163152546875 0.24326559374999998 0.5271364734375 0.25237453906249996 0.5699906921875 0.30385367812499997 0.5618478609374999 0.294175425 0.5163152546875
0 0.30499229843750003 0.5672046390625 0.25634876875 0.58034354375 0.265468646875 0.6315936343749999 0.3180754765625 0.62041170625 0.30499229843750003 0.5672046390625
0 0.319203159375 0.6173726125 0.26885170468749997 0.622476346875 0.274008284375 0.671769465625 0.329461659375 0.6739794828125001 0.319203159375 0.6173726125
0 0.32492905 0.6693441203125 0.272311290625 0.6721301734375 0.280850928125 0.7123060078125001 0.3346073046875 0.7148767312500001 0.32492905 0.6693441203125
0 0.3346073046875 0.7148767312500001 0.28143116875 0.723380271875 0.2911094234375 0.768912878125 0.3448548703125 0.763087728125 0.3346073046875 0.7148767312500001
0 0.3488290984375 0.7734405796875 0.294514346875 0.7765873390625 0.3047619109375 0.8247983359375001 0.366444884375 0.831283009375 0.3488290984375 0.7734405796875
0 0.3635983390625 0.8178910671875 0.30249560781249996 0.8224806609374999 0.3150094734375 0.873009334375 0.3716014640625 0.8805761296875 0.3635983390625 0.8178910671875
0 0.14462125312500002 0.3801400171875 0.09710541406249999 0.39023982031250004 0.1062143609375 0.43309404531249995 0.15599650468749998 0.4253119234375 0.14462125312500002 0.3801400171875
0 0.21542410781250002 0.4378747859375 0.1684775765625 0.45065298125000003 0.1741815984375 0.4858327375 0.22681029062500002 0.49144256249999996 0.21542410781250002 0.4378747859375
0 0.227937978125 0.488403471875 0.176447903125 0.488150425 0.18441823125 0.525647865625 0.23536086093750003 0.5400142671875 0.227937978125 0.488403471875
0 0.23875485156249998 0.539292853125 0.1844291640625 0.5340437421875001 0.19694303124999998 0.5845724203125 0.2512577859375 0.5814256640625 0.23875485156249998 0.539292853125
0 0.2569180765625 0.5830219296875 0.199209334375 0.58689010625 0.21059551718749997 0.6404578828124999 0.26320234375 0.6292759546875 0.2569180765625 0.5830219296875
0 0.26320234375 0.6292759546875 0.20889852343749998 0.6408185890625 0.218576778125 0.6863512 0.273449909375 0.6774869515625 0.26320234375 0.6292759546875
0 0.2621293265625 0.67429441875 0.21800746875 0.6836728078125 0.22654710625000002 0.7238486390625 0.27577087499999997 0.721784003125 0.2621293265625 0.67429441875
0 0.28087279062500004 0.7290977578125 0.23334601406250002 0.7308016828125 0.23623629375 0.777777125 0.29565296406249997 0.7819441171875 0.28087279062500004 0.7290977578125
0 0.29282828125 0.7853439203125 0.247556878125 0.780969659375 0.2560965140625 0.8211454921874999 0.296846246875 0.829280259375 0.29282828125 0.7853439203125
0 0.2583628171875 0.8234631734375 0.2533155671875 0.8581287906249999 0.305966128125 0.8805303562500001 0.30533121875 0.8274767234375 0.2583628171875 0.8234631734375
0 0.31049873125 0.8851657218750001 0.25616211093749996 0.8715207359375 0.26470174687500003 0.9116965671875 0.331497575 0.9338908671875 0.31049873125 0.8851657218750001
0 0.3331945703125 0.9335301609375 0.2647126796875 0.920092440625 0.2715443921875 0.9522331109375 0.3394679015625 0.9713883093750001 0.3331945703125 0.9335301609375
0 0.535331675 1 0.5284473249999999 0.9676116828125 0.4661950390625 0.9584486171875 0.4727215171875 1 0.535331675 1
0 0.46683587187500003 1 0.46225361249999997 0.9732833968750001 0.40735861093750003 0.9653558890625 0.4091738078125 1 0.46683587187500003 1
0 0.0897262578125 0.37221251718750004 0.054089371875 0.3797873703125 0.0614903921875 0.41460642343750004 0.09599959062499999 0.4100706640625 0.0897262578125 0.37221251718750004
0 0.15599650468749998 0.4253119234375 0.11244395625 0.437368696875 0.12212221406249998 0.48290130937500003 0.1713459859375 0.48083667500000005 0.15599650468749998 0.4253119234375
0 0.170776675 0.47815828437499996 0.1232499015625 0.47986221562500003 0.13519445624999998 0.5277125078125 0.17366695468749999 0.5251337234375 0.170776675 0.47815828437499996
0 0.18046586250000002 0.5320867671875 0.1465259734375 0.5393009140625 0.1505330046875 0.5748413828125 0.1873085078125 0.5726233078125 0.18046586250000002 0.5320867671875
0 0.186739196875 0.5699449203125 0.14601133125000001 0.5786018937499999 0.155689584375 0.624134503125 0.20547173281250003 0.6163523828125 0.186739196875 0.5699449203125
0 0.1981144453125 0.6151168203124999 0.1443799328125 0.62933784375 0.1681925234375 0.6662673125 0.2128946171875 0.6679631796875001 0.1981144453125 0.6151168203124999
0 0.1710281328125 0.671263378125 0.1784291515625 0.7060824343750001 0.22144519062499998 0.7165348921875 0.210628315625 0.6656455 0.1710281328125 0.671263378125
0 0.2191788828125 0.714217209375 0.1818450046875 0.72215276875 0.18924602343750002 0.756971825 0.22716014687500002 0.7601105265625 0.2191788828125 0.714217209375
0 0.2282878265625 0.757071428125 0.18642134375 0.760371625 0.1932639875 0.8009081640625 0.2391047015625 0.8079608171875 0.2282878265625 0.757071428125
0 0.2481589875 0.808835665625 0.19608866875 0.7975083625 0.2035006171875 0.840723290625 0.244819659375 0.8515364515625 0.2481589875 0.808835665625
0 0.250490884375 0.8615285937499999 0.2018145578125 0.8494798703124999 0.210354196875 0.8896557046875 0.249987175 0.909225446875 0.250490884375 0.8615285937499999
0 0.25167323750000004 0.9004688625 0.21318980468749998 0.8946517734375 0.22229875312499997 0.9375059953125 0.2721137 0.9549114953125001 0.25167323750000004 0.9004688625
0 0.09713820937499999 0.4154274421875 0.0682893046875 0.421559465625 0.0768289421875 0.46173529843749994 0.1130351328125 0.45683883593749997 0.09713820937499999 0.4154274421875
0 0.1119183796875 0.46827380312500005 0.077978490625 0.47548795000000005 0.085379509375 0.5103070046875 0.12158570625000001 0.5054105437499999 0.1119183796875 0.46827380312500005
0 0.125549003125 0.5073675140625 0.0882041921875 0.5069072046875001 0.095046834375 0.5474437453125 0.1380519375 0.5495003265625 0.125549003125 0.5073675140625
0 0.141445925 0.5487789109375 0.0865618609375 0.54924728125 0.103028090625 0.593337059375 0.14717181562499998 0.60075041875 0.141445925 0.5487789109375
0 0.1466025046875 0.59807203125 0.1075607015625 0.5979724234375 0.1104400453125 0.636551990625 0.1557114515625 0.6409262499999999 0.1466025046875 0.59807203125
0 0.1545837671875 0.6439653437499999 0.115531028125 0.6354698671875 0.1212241203125 0.6622537546875 0.16425108906250002 0.681102084375 0.1545837671875 0.6439653437499999
0 0.1659590140625 0.68913725 0.12067667500000001 0.6763671171875 0.129216309375 0.716542946875 0.1778926421875 0.72859166875 0.1659590140625 0.68913725
0 0.1778926421875 0.72859166875 0.1314935484375 0.727256503125 0.139463875 0.76475395 0.1813412984375 0.769849621875 0.1778926421875 0.72859166875
0 0.1830382890625 0.769488915625 0.13437289375 0.7658360703125 0.1474451390625 0.8106472625000001 0.1876255625 0.8161036484374999 0.1830382890625 0.769488915625
0 0.18875324531249998 0.81306455 0.14122647187499998 0.8147684828124999 0.150335415625 0.8576227015625 0.20182549062500002 0.857875746875 0.18875324531249998 0.81306455
0 0.20182549062500002 0.857875746875 0.154287778125 0.8511838031250001 0.1616997328125 0.8943987312499999 0.21037606250000002 0.9064474515625 0.20182549062500002 0.857875746875
0 0.20697113906250003 0.8987729953124999 0.149240528125 0.8858494234375 0.16572862500000002 0.9467309500000001 0.21778801250000002 0.9496623796874999 0.20697113906250003 0.8987729953124999
0 0.04275785625 0.3681989609375 0.00769028125 0.3784522015625 0.020193215625 0.4205850125 0.056399410937500005 0.4156885453125 0.04275785625 0.3681989609375
0 0 0.41606000468750004 0.0184962234375 0.42094571875 0.007679351562500001 0.3700563296875 0 0.369961675 0 0.41606000468750004
0 0.06488437968750001 0.41388500937500006 0.0281198125 0.42449895625 0.0377980671875 0.4700315671875 0.0740042625 0.46513510625 0.06488437968750001 0.41388500937500006
0 0.077967559375 0.46709207656249996 0.0349624546875 0.46503549531250005 0.0440714015625 0.5078897234374999 0.0859488203125 0.5129853984375 0.077967559375 0.46709207656249996
0 0.0848102 0.5076286203125 0.0395278609375 0.4948584828125 0.049206117187499995 0.54039109375 0.08714210312500001 0.5603215453125 0.0848102 0.5076286203125
0 0.0848648671875 0.5496079875000001 0.0424181375 0.5418339234375 0.0526657015625 0.5900449203125 0.09511243281250001 0.5978189859375 0.0848648671875 0.5496079875000001
0 0.100772721875 0.599415253125 0.050410334375 0.5961231125 0.061227209375 0.647012503125 0.10705698749999999 0.6456692765625001 0.100772721875 0.599415253125
0 0.107615365625 0.639951790625 0.056705528125 0.6507730125 0.065245165625 0.690948846875 0.11899061250000001 0.6851236953125001 0.107615365625 0.639951790625
0 0.1223846015625 0.68440228125 0.07598550937500001 0.6830671171875 0.082247909375 0.7125293921875 0.1235669515625 0.723342553125 0.1223846015625 0.68440228125
0 0.125833259375 0.7256602375 0.0867914515625 0.725560628125 0.093634090625 0.76609716875 0.1298402890625 0.76120070625 0.125833259375 0.7256602375
0 0.13097890625 0.7665574859375 0.087962865625 0.7561050265625 0.096502503125 0.7962808609375001 0.1315919453125 0.8028193625 0.13097890625 0.7665574859375
0 0.13271963281250002 0.79978026875 0.096513440625 0.8046767375 0.10505307500000001 0.8448525671875 0.145791875 0.84459146875 0.13271963281250002 0.79978026875
0 0.1446641875 0.8476305625 0.10392539375000001 0.8478916640625 0.1113264109375 0.88271071875 0.15039008125 0.899602071875 0.1446641875 0.8476305625
0 0.1515177640625 0.8965629734375 0.10738497656249998 0.8975454921875 0.11649392343750001 0.9403997109375 0.1566743484375 0.9458560984375 0.1515177640625 0.8965629734375
0 0 0.446481778125 0.021364634375 0.45112941093750003 0.0111280078125 0.4113142859375 0 0.4098833 0 0.446481778125
0 0 0.47577590625 0.0327180171875 0.4795095671875 0.021923009375 0.44541192812499997 0 0.4455990140625 0 0.47577590625
0 0 0.5118454953125 0.036725045312499996 0.51505003125 0.034995253125 0.4902231171875 0 0.487768846875 0 0.5118454953125
0 0 0.5525521171875 0.0008835859374999999 0.556709065625 0.0447063078125 0.5609433515625 0.0395606609375 0.5200461015625 0 0.5223380796875 0 0.5525521171875
0 0 0.5525521125 0.008223879687500001 0.591242425 0.04701634375 0.5968445265625 0.044136999999999996 0.5582649640625 0 0.5513884546875001 0 0.5525521125
0 0.043053045312499996 0.5948875546875 0.0085861421875 0.592946740625 0.017700978125 0.6358286734374999 0.0493373125 0.6411415765624999 0.043053045312499996 0.5948875546875
0 0.0515926828125 0.6350633828125 0.016371934375 0.62957601875 0.0230524828125 0.6610055265625 0.056158085937500005 0.6648863703125001 0.0515926828125 0.6350633828125
0 0.0601104546875 0.6584474734375 0.0234636515625 0.66293991875 0.03312275 0.7083824015625 0.06978870937500001 0.7039800796875 0.0601104546875 0.6584474734375
0 0.06863915937500001 0.6902274296875001 0.0303006875 0.6951056437500001 0.041173259375 0.746257071875 0.07266805312499999 0.7425596484375 0.06863915937500001 0.6902274296875001
0 0.07945603125 0.7411168203125 0.039616128125 0.738931340625 0.047361982812499995 0.77537273125 0.08062745 0.77166121875 0.07945603125 0.7411168203125
0 0.08459074531250001 0.7736181906249999 0.045678675 0.7674533890624999 0.05572078125 0.8146977812499999 0.09087501249999999 0.819872215625 0.08459074531250001 0.7736181906249999
0 0.094849240625 0.8302250656249999 0.05564136562500001 0.814324159375 0.0626763984375 0.8474213921875 0.0943127328125 0.8527342953125 0.094849240625 0.8302250656249999
0 0.099962090625 0.8459346875 0.06260645468750001 0.84709233125 0.070419003125 0.883847478125 0.099447446875 0.8852356703125001 0.099962090625 0.8459346875
0 0.102272125 0.881835865625 0.0684264203125 0.8744731171875 0.0807822671875 0.9326027984374999 0.10800894999999999 0.942203246875 0.102272125 0.881835865625
0 0.8078493 0.880228965625 0.7926091515625 0.9086629500000001 0.8243373984375 0.9411104968749999 0.8415350546875 0.93857478125 0.936404034375 0.9184097578125 0.9379922953125 0.8833596078125 0.8078493 0.880228965625