0 0.790234503125 0.0842696640625 0.7934468359375 0.1430030625 0.9042724062499999 0.135342184375 0.9074847421875001 0.061287028125 0.790234503125 0.0842696640625
0 0.9010600703125 0.127681309375 0.790234503125 0.1583248203125 0.78862833125 0.2477017359375 0.9010600703125 0.20173646562499997 0.9010600703125 0.127681309375
0 0.78862833125 0.15577119687500002 0.78862833125 0.0766087859375 0.6778027640625 0.09703779375 0.6778027640625 0.1813074546875 0.78862833125 0.15577119687500002
0 0.671378090625 0.1813074546875 0.671378090625 0.0995914203125 0.579826534375 0.11235955 0.579826534375 0.17875383125 0.671378090625 0.1813074546875
0 0.6938644375 0.2528089875 0.790234503125 0.2477017359375 0.78862833125 0.15577119687500002 0.671378090625 0.18386108437499998 0.671378090625 0.23748723124999999 0.6938644375 0.2528089875
0 0.6697719249999999 0.229826353125 0.6681657578125 0.17109295 0.57500803125 0.17875383125 0.5782203671875 0.2477017359375 0.6697719249999999 0.229826353125
0 0.5782203671875 0.18641470625 0.5782203671875 0.1302349328125 0.504336653125 0.1302349328125 0.504336653125 0.1915219609375 0.5782203671875 0.18641470625
0 0.49951814843750003 0.21450459687499998 0.504336653125 0.1404494375 0.422422103125 0.14811031562500002 0.41439126249999997 0.21705822343749998 0.49951814843750003 0.21450459687499998
0 0.5782203671875 0.2477017359375 0.5701895265625 0.18641470625 0.4963058125 0.1991828359375 0.4963058125 0.260469865625 0.5782203671875 0.2477017359375
0 0.6794089296875 0.3038815125 0.6810150984375001 0.2451481125 0.5782203671875 0.2451481125 0.5782203671875 0.31154238749999996 0.6794089296875 0.3038815125
0 0.7998715046875 0.3140960171875 0.7982653390625 0.2425944828125 0.6794089296875 0.2451481125 0.6826212640625 0.324310521875 0.7998715046875 0.3140960171875
0 0.8014776749999999 0.2451481125 0.8014776749999999 0.3038815125 0.9251525859375 0.2936670046875 0.91712175 0.20684371875 0.8014776749999999 0.2451481125
0 0.35335688906249996 0.1736465796875 0.36138772812500003 0.20684371875 0.41599742968750003 0.20939734375 0.41920976718749997 0.16087845 0.35335688906249996 0.1736465796875
0 0.41599742968750003 0.21961184843749998 0.41599742968750003 0.27068437031250003 0.49309348125 0.2860061296875 0.49309348125 0.21450459687499998 0.41599742968750003 0.21961184843749998
0 0.41439126249999997 0.268130746875 0.412785096875 0.21705822343749998 0.3646000625 0.21705822343749998 0.3646000625 0.273238 0.41439126249999997 0.268130746875
0 0.9315772578124999 0.372829415625 0.9267587531249999 0.2911133828125 0.7982653390625 0.3013278875 0.7998715046875 0.38559755 0.9315772578124999 0.372829415625
0 0.7998715046875 0.3651685390625 0.7966591703125 0.31154238749999996 0.684227434375 0.324310521875 0.68743976875 0.393258428125 0.7966591703125 0.3830439203125 0.7998715046875 0.3651685390625
0 0.6810150984375001 0.3753830453125 0.6826212640625 0.3166496390625 0.5814327046875001 0.30898876406250003 0.5862512046874999 0.3804902984375 0.6810150984375001 0.3753830453125
0 0.5830388703125 0.39836567968750003 0.576614196875 0.3166496390625 0.504336653125 0.3038815125 0.5027304828125 0.3804902984375 0.5830388703125 0.39836567968750003
0 0.4963058125 0.324310521875 0.4963058125 0.28089887812500003 0.427240603125 0.28089887812500003 0.4208159328125 0.32941777656250004 0.4963058125 0.324310521875
0 0.3646000625 0.275791621875 0.3694185703125 0.32941777656250004 0.4336652765625 0.33452502812499996 0.4336652765625 0.273238 0.3646000625 0.275791621875
0 0.9315772578124999 0.44433095 0.9315772578124999 0.3804902984375 0.804690009375 0.3881511734375 0.804690009375 0.45454545468749996 0.9315772578124999 0.44433095
0 0.9299710890625 0.554136878125 0.9299710890625 0.45709907968749997 0.8143270140625001 0.45965270625 0.8095085125000001 0.5439223703125 0.9299710890625 0.554136878125
0 0.9299710890625 0.6486210390625 0.9315772578124999 0.551583246875 0.8095085125000001 0.5464759953125 0.807902346875 0.62308478125 0.9299710890625 0.6486210390625
0 0.8014776749999999 0.474974465625 0.7998715046875 0.3881511734375 0.68743976875 0.3804902984375 0.6858336015625001 0.474974465625 0.8014776749999999 0.474974465625
0 0.804690009375 0.551583246875 0.803083840625 0.474974465625 0.68743976875 0.474974465625 0.6938644375 0.549029621875 0.804690009375 0.551583246875
0 0.804690009375 0.6435137937500001 0.804690009375 0.554136878125 0.6986829421875 0.5464759953125 0.7002891109375 0.628192034375 0.804690009375 0.6435137937500001
0 0.9331834234375 0.73544433125 0.9315772578124999 0.6435137937500001 0.8143270140625001 0.6179775281250001 0.807902346875 0.7099080671875 0.9331834234375 0.73544433125
0 0.806296175 0.720122571875 0.806296175 0.6332992859375 0.7002891109375 0.6205311515624999 0.6938644375 0.6971399375 0.806296175 0.720122571875
0 0.8111146828125 0.694586315625 0.8143270140625001 0.789070478125 0.820751684375 0.79162410625 0.938001925 0.8197139953124999 0.938001925 0.73544433125 0.8111146828125 0.694586315625
0 0.8111146828125 0.7992849828125 0.8127208484375 0.8733401390625 0.9428204296875 0.9090909109374999 0.9412142625 0.8222676171875 0.8111146828125 0.7992849828125
0 0.6938644375 0.786516853125 0.6938644375 0.8656792640625 0.8095085125000001 0.8784473937499999 0.803083840625 0.786516853125 0.6938644375 0.786516853125
0 0.8127208484375 0.9422880499999999 0.8159331828124999 0.8912155281249999 0.6970767734375001 0.8656792640625 0.6986829421875 0.9320735453125 0.8127208484375 0.9422880499999999
0 0.6826212640625 0.43922369687499996 0.6826212640625 0.3753830453125 0.5878573703125001 0.37027579374999997 0.59106970625 0.44688457968749995 0.6826212640625 0.43922369687499996
0 0.592675878125 0.45709907968749997 0.592675878125 0.51072523125 0.6858336015625001 0.5158324828125 0.6810150984375001 0.4519918265625 0.592675878125 0.45709907968749997
0 0.5830388703125 0.467313584375 0.5846450359375 0.39581205 0.504336653125 0.3830439203125 0.5059428203125 0.4519918265625 0.5830388703125 0.467313584375
0 0.5878573703125001 0.5209397359375 0.5862512046874999 0.4724208359375 0.504336653125 0.4494382015625 0.504336653125 0.5081716015625 0.5878573703125001 0.5209397359375
0 0.5958882109375 0.5209397359375 0.5974943781250001 0.579673134375 0.6954706078124999 0.5975485171875 0.6890459375 0.5209397359375 0.5958882109375 0.5209397359375
0 0.5878573703125001 0.5924412640625001 0.5878573703125001 0.5260469875 0.5011243171875 0.5158324828125 0.5011243171875 0.5745658828125 0.5878573703125001 0.5924412640625001
0 0.5958882109375 0.5924412640625001 0.5958882109375 0.6613891734374999 0.6970767734375001 0.684371809375 0.6938644375 0.5975485171875 0.5958882109375 0.5924412640625001
0 0.68743976875 0.758426965625 0.6890459375 0.6792645546875 0.592675878125 0.666496428125 0.59106970625 0.7482124609375 0.68743976875 0.758426965625
0 0.6858336015625001 0.8222676171875 0.6858336015625001 0.7533197140625 0.5958882109375 0.7379979546875 0.5958882109375 0.8094994874999999 0.6858336015625001 0.8222676171875
0 0.6858336015625001 0.90398365625 0.6858336015625001 0.8248212468749999 0.59428204375 0.8069458656249999 0.59428204375 0.883554646875 0.6858336015625001 0.90398365625
0 0.59106970625 0.65372829375 0.59106970625 0.5924412640625001 0.5075489906249999 0.5745658828125 0.5075489906249999 0.6435137937500001 0.59106970625 0.65372829375
0 0.5846450359375 0.712641471875 0.5846450359375 0.66156895 0.5091551562500001 0.6309254328125 0.510761325 0.70753421875 0.5846450359375 0.712641471875
0 0.51397365625 0.71008784375 0.512367490625 0.7713748703125 0.589463540625 0.7866966296875 0.592675878125 0.7177487234375 0.51397365625 0.71008784375
0 0.5878573703125001 0.863305415625 0.592675878125 0.7841430046875 0.5091551562500001 0.7637139953125 0.5091551562500001 0.8454300281249999 0.5878573703125001 0.863305415625
0 0.59106970625 0.9118243093749999 0.59106970625 0.8530909109374999 0.51397365625 0.84032278125 0.5155798265625 0.9143779375 0.59106970625 0.9118243093749999
0 0.6938644375 0.9601634328124999 0.705107615625 0.93462716875 0.68743976875 0.89632278125 0.59428204375 0.89632278125 0.6023128796874999 0.9422880499999999 0.6938644375 0.9601634328124999
0 0.82235785625 1 0.8175393515625 0.947395303125 0.6986829421875 0.9371807984375 0.6970767734375001 1 0.82235785625 1
0 0.8191455187500001 0.881001021875 0.8175393515625 0.949948928125 0.9492451031250001 0.995914196875 0.9428204296875 0.90398365625 0.8191455187500001 0.881001021875
0 0.9508512687499999 1 0.8191455187500001 0.949948928125 0.820751684375 1 0.9508512687499999 1
0 0.5958882109375 0.9729315625 0.5958882109375 0.993360571875 0.692258271875 0.9984678265625 0.68743976875 0.957609803125 0.6119498875 0.9525025546875 0.5958882109375 0.9729315625
0 0.525216834375 0.901430028125 0.512367490625 0.9397344203125 0.5155798265625 0.9805924453125 0.59428204375 0.9703779375 0.592675878125 0.9167517859375 0.525216834375 0.901430028125
0 0.5974943781250001 1 0.59428204375 0.9627170546875 0.5155798265625 0.9831460671875 0.5155798265625 1 0.5974943781250001 1
0 0.494699646875 0.33452502812499996 0.42884676875 0.3319713984375 0.43045294062500006 0.390704803125 0.49951814843750003 0.390704803125 0.494699646875 0.33452502812499996
0 0.43527144218749997 0.393258428125 0.43527144218749997 0.43922369687499996 0.5059428203125 0.44433095 0.5027304828125 0.390704803125 0.43527144218749997 0.393258428125
0 0.427240603125 0.3830439203125 0.427240603125 0.3396322765625 0.36620623281250003 0.33452502812499996 0.36620623281250003 0.38559755 0.427240603125 0.3830439203125
0 0.43045294062500006 0.4494382015625 0.43205910625 0.40091930312499996 0.362993896875 0.393258428125 0.362993896875 0.44177732656249996 0.43045294062500006 0.4494382015625
0 0.4336652765625 0.4519918265625 0.4336652765625 0.5081716015625 0.504336653125 0.51072523125 0.504336653125 0.44688457968749995 0.4336652765625 0.4519918265625
0 0.43205910625 0.503064353125 0.43205910625 0.4494382015625 0.36620623281250003 0.4341164453125 0.36620623281250003 0.487742596875 0.43205910625 0.503064353125
0 0.4336652765625 0.5081716015625 0.43527144218749997 0.5694586296875 0.5027304828125 0.5847803875 0.504336653125 0.51838610625 0.4336652765625 0.5081716015625
0 0.36620623281250003 0.495403471875 0.36620623281250003 0.5388151171875 0.43045294062500006 0.564351378125 0.4336652765625 0.5081716015625 0.36620623281250003 0.495403471875
0 0.43527144218749997 0.564351378125 0.3678123984375 0.554136878125 0.3678123984375 0.6205311515624999 0.43205910625 0.625638403125 0.43527144218749997 0.564351378125
0 0.5059428203125 0.6409601640625 0.504336653125 0.5924412640625001 0.43527144218749997 0.5669050046875 0.43527144218749997 0.62308478125 0.5059428203125 0.6409601640625
0 0.4384837765625 0.6358529109375 0.4384837765625 0.6792645546875 0.512367490625 0.7073544453125 0.512367490625 0.6460674156249999 0.4384837765625 0.6358529109375
0 0.4368776109375 0.674157303125 0.4368776109375 0.628192034375 0.3694185703125 0.6154239031250001 0.3678123984375 0.6716036796875 0.4368776109375 0.674157303125
0 0.43527144218749997 0.6818181796875 0.43527144218749997 0.740551584375 0.5075489906249999 0.76608784375 0.5091551562500001 0.720122571875 0.43527144218749997 0.6818181796875
0 0.36620623281250003 0.7252298265625 0.43205910625 0.7328907015625 0.43205910625 0.692148759375 0.37102473593749996 0.676710928125 0.36620623281250003 0.7252298265625
0 0.43045294062500006 0.74310520625 0.43045294062500006 0.8043922359375 0.5075489906249999 0.8299285 0.5075489906249999 0.7737487234375 0.43045294062500006 0.74310520625
0 0.42884676875 0.7992849828125 0.42884676875 0.7379979546875 0.36620623281250003 0.7277834546874999 0.3694185703125 0.79162410625 0.42884676875 0.7992849828125
0 0.5091551562500001 0.8758937687499999 0.5091551562500001 0.8273748703124999 0.43527144218749997 0.8043922359375 0.43527144218749997 0.8605720124999999 0.5091551562500001 0.8758937687499999
0 0.510761325 0.947395303125 0.5203983296875 0.90398365625 0.512367490625 0.8861082765624999 0.43527144218749997 0.8580183874999999 0.43527144218749997 0.9218590390625 0.510761325 0.947395303125
0 0.42884676875 0.8503575046874999 0.4336652765625 0.79417773125 0.3678123984375 0.789070478125 0.3581753921875 0.8426966296874999 0.42884676875 0.8503575046874999
0 0.4336652765625 0.9116445343749999 0.4336652765625 0.8605720124999999 0.36138772812500003 0.8452502531249999 0.36138772812500003 0.8937691515624999 0.4336652765625 0.9116445343749999
0 0.3678123984375 0.90398365625 0.3694185703125 0.9448416734375 0.4368776109375 0.965270684375 0.44008994687499997 0.919305415625 0.3678123984375 0.90398365625
0 0.4368776109375 0.9218590390625 0.4368776109375 0.965270684375 0.5011243171875 1 0.5059428203125 0.9448416734375 0.4368776109375 0.9218590390625
0 0.4384837765625 1 0.4384837765625 0.9754851906249999 0.3726309015625 0.9448416734375 0.3726309015625 0.985699690625 0.4384837765625 1
0 0.297141021875 0.232379978125 0.30356569218749996 0.2425944828125 0.3597815625 0.2425944828125 0.35335688906249996 0.1915219609375 0.3083841953125 0.1940755890625 0.297141021875 0.232379978125
0 0.3051718578125 0.1889683359375 0.252168325 0.1940755890625 0.252168325 0.23493360624999998 0.3019595234375 0.2451481125 0.3051718578125 0.1889683359375
0 0.250562159375 0.2451481125 0.250562159375 0.2936670046875 0.3019595234375 0.2911133828125 0.3051718578125 0.23748723124999999 0.250562159375 0.2451481125
0 0.3597815625 0.2936670046875 0.3597815625 0.23748723124999999 0.306778028125 0.2528089875 0.306778028125 0.3013278875 0.3597815625 0.2936670046875
0 0.3099903625 0.30643513906250003 0.3099903625 0.35240041093749996 0.3597815625 0.34984678125 0.3597815625 0.3013278875 0.3099903625 0.30643513906250003
0 0.25698682968750003 0.2936670046875 0.252168325 0.34218590312499997 0.30356569218749996 0.34218590312499997 0.3083841953125 0.2936670046875 0.25698682968750003 0.2936670046875
0 0.247349825 0.3600612859375 0.247349825 0.4136874375 0.30356569218749996 0.411133809375 0.30035335625 0.3396322765625 0.247349825 0.3600612859375
0 0.30356569218749996 0.35240041093749996 0.3019595234375 0.408580184375 0.36138772812500003 0.408580184375 0.362993896875 0.354954034375 0.30356569218749996 0.35240041093749996
0 0.3581753921875 0.45709907968749997 0.362993896875 0.41879469062499997 0.30356569218749996 0.40347293281249996 0.298747190625 0.45454545468749996 0.3581753921875 0.45709907968749997
0 0.3646000625 0.4647599609375 0.3051718578125 0.467313584375 0.30035335625 0.51072523125 0.3646000625 0.513278853125 0.3646000625 0.4647599609375
0 0.3099903625 0.5209397359375 0.3099903625 0.554136878125 0.36138772812500003 0.564351378125 0.36620623281250003 0.5158324828125 0.3099903625 0.5209397359375
0 0.3019595234375 0.549029621875 0.3019595234375 0.503064353125 0.252168325 0.4979571015625 0.252168325 0.551583246875 0.3019595234375 0.549029621875
0 0.3019595234375 0.44177732656249996 0.3019595234375 0.4136874375 0.252168325 0.40347293281249996 0.250562159375 0.44433095 0.3019595234375 0.44177732656249996
0 0.250562159375 0.4494382015625 0.24895599062499998 0.495403471875 0.298747190625 0.4979571015625 0.3019595234375 0.44433095 0.250562159375 0.4494382015625
0 0.3083841953125 0.5669050046875 0.3083841953125 0.6154239031250001 0.362993896875 0.62308478125 0.3646000625 0.5694586296875 0.3083841953125 0.5669050046875
0 0.3051718578125 0.6077630218750001 0.3051718578125 0.5694586296875 0.25377449531249996 0.554136878125 0.25377449531249996 0.5975485171875 0.3051718578125 0.6077630218750001
0 0.30356569218749996 0.6128702765625 0.30356569218749996 0.6639427984374999 0.362993896875 0.6818181796875 0.3678123984375 0.625638403125 0.30356569218749996 0.6128702765625
0 0.3597815625 0.684371809375 0.3051718578125 0.6716036796875 0.311596528125 0.7303370796875 0.3581753921875 0.7328907015625 0.3597815625 0.684371809375
0 0.3099903625 0.7379979546875 0.3099903625 0.771195096875 0.36620623281250003 0.789070478125 0.36138772812500003 0.73544433125 0.3099903625 0.7379979546875
0 0.30035335625 0.65117466875 0.30035335625 0.6103166515625 0.2553806609375 0.6001021468750001 0.2553806609375 0.6460674156249999 0.30035335625 0.65117466875
0 0.298747190625 0.684371809375 0.297141021875 0.6460674156249999 0.252168325 0.6384065390625 0.252168325 0.684371809375 0.298747190625 0.684371809375
0 0.30356569218749996 0.74310520625 0.3051718578125 0.702247190625 0.25698682968750003 0.6894790625 0.260199165625 0.7328907015625 0.30356569218749996 0.74310520625
0 0.3051718578125 0.79417773125 0.3019595234375 0.7482124609375 0.25377449531249996 0.7328907015625 0.250562159375 0.786516853125 0.3051718578125 0.79417773125
0 0.3099903625 0.7814096015625001 0.3099903625 0.8197139953124999 0.3646000625 0.8401430046874999 0.3646000625 0.78396323125 0.3099903625 0.7814096015625001
0 0.311596528125 0.8248212468749999 0.3132027 0.8682328937499999 0.3646000625 0.883554646875 0.3646000625 0.8375893781249999 0.311596528125 0.8248212468749999
0 0.3051718578125 0.8503575046874999 0.3051718578125 0.7992849828125 0.252168325 0.786516853125 0.252168325 0.8426966296874999 0.3051718578125 0.8503575046874999
0 0.3083841953125 0.9090909109374999 0.3083841953125 0.8707865171875 0.247349825 0.8426966296874999 0.247349825 0.881001021875 0.3083841953125 0.9090909109374999
0 0.311596528125 0.8784473937499999 0.311596528125 0.9244126687499999 0.3646000625 0.947395303125 0.3646000625 0.883554646875 0.311596528125 0.8784473937499999
0 0.3694185703125 0.9448416734375 0.3099903625 0.9218590390625 0.3099903625 0.967824309375 0.362993896875 0.995914196875 0.3694185703125 0.9448416734375
0 0.258592996875 0.883554646875 0.2553806609375 0.9218590390625 0.3051718578125 0.9525025546875 0.306778028125 0.9141981640625 0.258592996875 0.883554646875
0 0.0337295234375 0.31154238749999996 0.0385480234375 0.273238 0.0032123359375 0.273238 0.0032123359375 0.3013278875 0.0337295234375 0.31154238749999996
0 0.1606167671875 0.20684371875 0.1557982640625 0.250255365625 0.194346290625 0.250255365625 0.199164790625 0.1966292140625 0.1606167671875 0.20684371875
0 0.23771281718749998 0.2247191015625 0.199164790625 0.232379978125 0.20398329531249998 0.275791621875 0.24253132187499998 0.260469865625 0.23771281718749998 0.2247191015625
0 0.194346290625 0.28855975312500004 0.192740121875 0.2528089875 0.1525859296875 0.257916240625 0.1525859296875 0.298774259375 0.194346290625 0.28855975312500004
0 0.117250240625 0.2477017359375 0.117250240625 0.2936670046875 0.14776742812500002 0.2834525 0.14776742812500002 0.23748723124999999 0.117250240625 0.2477017359375
0 0.11243173749999999 0.28089887812500003 0.11243173749999999 0.250255365625 0.07548987968750001 0.2477017359375 0.07548987968750001 0.28089887812500003 0.11243173749999999 0.28089887812500003
0 0.19595245625 0.275791621875 0.19755862500000002 0.3140960171875 0.25377449531249996 0.31154238749999996 0.24895599062499998 0.2655771171875 0.19595245625 0.275791621875
0 0.1895277890625 0.296220634375 0.15419209843749998 0.3013278875 0.1557982640625 0.34473952812499997 0.194346290625 0.34473952812499997 0.1895277890625 0.296220634375
0 0.250562159375 0.3575076640625 0.250562159375 0.3038815125 0.2007709609375 0.31154238749999996 0.2007709609375 0.37027579374999997 0.250562159375 0.3575076640625
0 0.20237712812500003 0.3600612859375 0.20237712812500003 0.408580184375 0.247349825 0.408580184375 0.247349825 0.3600612859375 0.20237712812500003 0.3600612859375
0 0.199164790625 0.39836567968750003 0.199164790625 0.34729315625 0.1525859296875 0.354954034375 0.1525859296875 0.39836567968750003 0.199164790625 0.39836567968750003
0 0.1509797640625 0.28089887812500003 0.117250240625 0.296220634375 0.117250240625 0.33452502812499996 0.1509797640625 0.326864146875 0.1509797640625 0.28089887812500003
0 0.11403790312499999 0.326864146875 0.1108255703125 0.28089887812500003 0.0690652109375 0.2936670046875 0.0690652109375 0.324310521875 0.11403790312499999 0.326864146875
0 0.0690652109375 0.3166496390625 0.07227754374999999 0.2834525 0.03694185625 0.273238 0.03694185625 0.30643513906250003 0.0690652109375 0.3166496390625
0 0.2007709609375 0.44177732656249996 0.199164790625 0.39581205 0.1557982640625 0.39836567968750003 0.1606167671875 0.43922369687499996 0.2007709609375 0.44177732656249996
0 0.2088017984375 0.4136874375 0.2088017984375 0.4494382015625 0.247349825 0.45965270625 0.247349825 0.4239019375 0.2088017984375 0.4136874375
0 0.20237712812500003 0.4519918265625 0.2055894640625 0.4928498484375 0.2553806609375 0.5209397359375 0.252168325 0.4647599609375 0.20237712812500003 0.4519918265625
0 0.2007709609375 0.49029621875 0.2007709609375 0.4494382015625 0.1590106015625 0.4341164453125 0.1590106015625 0.4928498484375 0.2007709609375 0.49029621875
0 0.20398329531249998 0.485188965625 0.157404434375 0.485188965625 0.1606167671875 0.533707865625 0.199164790625 0.5388151171875 0.20398329531249998 0.485188965625
0 0.2055894640625 0.5005107234375 0.2055894640625 0.549029621875 0.25377449531249996 0.551583246875 0.25377449531249996 0.505617978125 0.2055894640625 0.5005107234375
0 0.20398329531249998 0.551583246875 0.20398329531249998 0.5975485171875 0.260199165625 0.6001021468750001 0.25698682968750003 0.549029621875 0.20398329531249998 0.551583246875
0 0.199164790625 0.572012259375 0.199164790625 0.5362614875 0.1622229375 0.533707865625 0.16382910312500001 0.572012259375 0.199164790625 0.572012259375
0 0.2007709609375 0.59499489375 0.2007709609375 0.65117466875 0.250562159375 0.6409601640625 0.252168325 0.60265576875 0.2007709609375 0.59499489375
0 0.19755862500000002 0.5771195125 0.157404434375 0.5771195125 0.157404434375 0.62308478125 0.2007709609375 0.62308478125 0.19755862500000002 0.5771195125
0 0.1461612578125 0.326864146875 0.11243173749999999 0.3319713984375 0.11403790312499999 0.372829415625 0.14937359375 0.37793666875 0.1461612578125 0.326864146875
0 0.1108255703125 0.372829415625 0.109219403125 0.32941777656250004 0.07709605 0.324310521875 0.07709605 0.3677221640625 0.1108255703125 0.372829415625
0 0.030517187499999997 0.34218590312499997 0.032123353125 0.3140960171875 0 0.298774259375 0.001606165625 0.34218590312499997 0.030517187499999997 0.34218590312499997
0 0.115644075 0.372829415625 0.115644075 0.4162410625 0.1557982640625 0.4162410625 0.1509797640625 0.372829415625 0.115644075 0.372829415625
0 0.12046257656249999 0.41879469062499997 0.12046257656249999 0.45965270625 0.1557982640625 0.45709907968749997 0.1557982640625 0.4136874375 0.12046257656249999 0.41879469062499997
0 0.117250240625 0.45454545468749996 0.117250240625 0.4979571015625 0.157404434375 0.5005107234375 0.157404434375 0.44433095 0.117250240625 0.45454545468749996
0 0.11885641093749999 0.49029621875 0.11885641093749999 0.5362614875 0.1606167671875 0.5439223703125 0.157404434375 0.5005107234375 0.11885641093749999 0.49029621875
0 0.25377449531249996 0.6894790625 0.24574365625 0.6384065390625 0.20237712812500003 0.6460674156249999 0.19755862500000002 0.6894790625 0.25377449531249996 0.6894790625
0 0.2007709609375 0.684371809375 0.20237712812500003 0.7482124609375 0.258592996875 0.740551584375 0.258592996875 0.6894790625 0.2007709609375 0.684371809375
0 0.247349825 0.7737487234375 0.25698682968750003 0.74310520625 0.2055894640625 0.7277834546874999 0.2007709609375 0.778855978125 0.247349825 0.7737487234375
0 0.25377449531249996 0.789070478125 0.2055894640625 0.768641471875 0.199164790625 0.8248212468749999 0.24895599062499998 0.8478038828125 0.25377449531249996 0.789070478125
0 0.032123353125 0.31154238749999996 0.032123353125 0.3370786515625 0.07388371406250001 0.354954034375 0.07548987968750001 0.324310521875 0.032123353125 0.31154238749999996
0 0.032123353125 0.3396322765625 0.0289110171875 0.37793666875 0.07548987968750001 0.390704803125 0.08191455 0.35240041093749996 0.032123353125 0.3396322765625
0 0.157404434375 0.7482124609375 0.157404434375 0.702247190625 0.1108255703125 0.704800815625 0.11403790312499999 0.7379979546875 0.157404434375 0.7482124609375
0 0.157404434375 0.625638403125 0.157404434375 0.6639427984374999 0.19755862500000002 0.666496428125 0.199164790625 0.6128702765625 0.157404434375 0.625638403125
0 0.16382910312500001 0.5464759953125 0.12046257656249999 0.5413687406250001 0.117250240625 0.579673134375 0.16382910312500001 0.579673134375 0.16382910312500001 0.5464759953125
0 0.0289110171875 0.372829415625 0.022486346875 0.4060265546875 0.07388371406250001 0.42134831562499997 0.07388371406250001 0.3753830453125 0.0289110171875 0.372829415625
0 0.2055894640625 0.8299285 0.2055894640625 0.8656792640625 0.250562159375 0.8784473937499999 0.250562159375 0.8375893781249999 0.2055894640625 0.8299285
0 0.20398329531249998 0.8656792640625 0.2007709609375 0.90398365625 0.250562159375 0.9167517859375 0.252168325 0.8886618984375 0.24413748750000003 0.8733401390625 0.20398329531249998 0.8656792640625
0 0.019274009375 0.3753830453125 0.022486346875 0.34218590312499997 0.0032123359375 0.3396322765625 0.004818503125 0.3753830453125 0.019274009375 0.3753830453125
0 0.11885641093749999 0.3677221640625 0.078702215625 0.37027579374999997 0.07067137812499999 0.4162410625 0.115644075 0.4162410625 0.11885641093749999 0.3677221640625
0 0 0.40347293281249996 0.022486346875 0.39836567968750003 0.022486346875 0.37027579374999997 0 0.37027579374999997 0 0.40347293281249996
0 0.022486346875 0.411133809375 0.022486346875 0.44433095 0.07548987968750001 0.45709907968749997 0.080308384375 0.4239019375 0.022486346875 0.411133809375
0 0.08352072187500001 0.41879469062499997 0.078702215625 0.44177732656249996 0.11885641093749999 0.4494382015625 0.11885641093749999 0.41879469062499997 0.08352072187500001 0.41879469062499997
0 0.07709605 0.44688457968749995 0.07709605 0.4800817140625 0.12046257656249999 0.4979571015625 0.11885641093749999 0.44688457968749995 0.07709605 0.44688457968749995
0 0.07709605 0.4872900890625 0.07709605 0.5255944828125 0.117250240625 0.5383626125000001 0.117250240625 0.5000582234375 0.07709605 0.4872900890625
0 0.07388371406250001 0.48984371875 0.07388371406250001 0.4566465796875 0.022486346875 0.45153932656249995 0.017667843750000002 0.4796292140625 0.07388371406250001 0.48984371875
0 0.0690652109375 0.51793360625 0.0690652109375 0.484736465625 0.019274009375 0.4745219609375 0.009637007812499999 0.5102727234375 0.0690652109375 0.51793360625
0 0.06745904375 0.556238 0.07227754374999999 0.515379978125 0.009637007812499999 0.51793360625 0.009637007812499999 0.5536843703125001 0.06745904375 0.556238
0 0.1591835046875 0.66613589375 0.1591835046875 0.7043372359375 0.201231978125 0.709112403125 0.201231978125 0.6637483093750001 0.1591835046875 0.66613589375
0 0.1591835046875 0.7019496515625 0.1576817734375 0.7425385796875 0.19973024687500002 0.7592516640625 0.19973024687500002 0.7067248203125 0.1591835046875 0.7019496515625
0 0.16218696875 0.7520889109375 0.16218696875 0.7926778359375 0.1982285171875 0.8070033437499999 0.1982285171875 0.7592516640625 0.16218696875 0.7520889109375
0 0.1636887 0.580182878125 0.11713503125 0.57540770625 0.10962637500000001 0.62793455 0.1591835046875 0.630322134375 0.1636887 0.580182878125
0 0.1126298359375 0.6207717984375 0.1126298359375 0.6637483093750001 0.15618004375 0.673298646875 0.15618004375 0.62793455 0.1126298359375 0.6207717984375
0 0.11713503125 0.6709110625 0.1126298359375 0.7043372359375 0.1606852359375 0.7067248203125 0.1606852359375 0.668523478125 0.11713503125 0.6709110625
0 0.11413157031250001 0.580182878125 0.11563330000000001 0.537206365625 0.0705813625 0.5252684453125 0.072083096875 0.57779529375 0.11413157031250001 0.580182878125
0 0.0705813625 0.594508378125 0.067577903125 0.5515318703125 0.0105121171875 0.5467567015625 0.018020773437500002 0.5873456218750001 0.0705813625 0.594508378125
0 0.0750865578125 0.580182878125 0.0750865578125 0.6064462984375 0.11112810625 0.615996634375 0.11413157031250001 0.580182878125 0.0750865578125 0.580182878125
0 0.0750865578125 0.611221465625 0.078090021875 0.6518103875000001 0.1126298359375 0.6565855546875 0.1126298359375 0.6183842140625 0.0750865578125 0.611221465625
0 0.10962637500000001 0.7425385796875 0.10962637500000001 0.7831275 0.15618004375 0.790290253125 0.1576817734375 0.747313740625 0.10962637500000001 0.7425385796875
0 0.1576817734375 0.8380419328125001 0.1576817734375 0.7879026687499999 0.106622915625 0.7879026687499999 0.106622915625 0.828491596875 0.1576817734375 0.8380419328125001
0 0.1606852359375 0.7879026687499999 0.1591835046875 0.8404295125000001 0.196726784375 0.8595301843750001 0.19973024687500002 0.8117785046874999 0.1606852359375 0.7879026687499999
0 0.0750865578125 0.649422803125 0.07358482656250001 0.6804613984375 0.106622915625 0.6947868984375 0.1126298359375 0.649422803125 0.0750865578125 0.649422803125
0 0.09140625 0.7125 0.03125 0.0359375
0 0.0890625 0.75234375 0.03125 0.04375
0 0.084375 0.79296875 0.03125 0.04375
0 0.040625 0.60234375 0.053125 0.04375
0 0.04453125 0.63671875 0.053125 0.0484375
0 0.04453125 0.678125 0.0609375 0.034375
0 0.04296875 0.71015625 0.0578125 0.0359375
0 0.04296875 0.74375 0.05625 0.040625
0 0.03984375 0.77890625 0.0484375 0.0484375
0 0.009375 0.4171875 0.01875 0.025
0 0.0109375 0.44609375 0.021875 0.03125
0 0.00703125 0.478125 0.0140625 0.0265625
0 0.00625 0.51796875 0.0125 0.0390625
0 0.00703125 0.571875 0.0140625 0.065625
0 0.00703125 0.6296875 0.0140625 0.0578125
0 0.00859375 0.6875 0.0171875 0.053125
0 0.00703125 0.7328125 0.0140625 0.059375
0 0.009375 0.7875 0.01875 0.0375