0 0.5686803296875 0.40664637031249995 0.5794678156249999 0.37620497343750003 0.5758719906249999 0.305175040625 0.343941028125 0.2239979734375 0.3295577140625 0.3178589515625 0.4644012953125 0.36352105468749996 0.5686803296875 0.40664637031249995
0 0.13178712812499999 0.229071534375 0.15336210156250002 0.25443937031249997 0.2702265390625 0.295027903125 0.33315354375 0.310248603125 0.33135562812499997 0.2239979734375 0.15336210156250002 0.15804160312499999 0.13538295625000002 0.1834094375 0.13178712812499999 0.229071534375
0 0.40147429062500006 0.45230847343749997 0.3942826328125 0.393962459375 0.41226177656249996 0.35591070468749997 0.25404530468750003 0.302638253125 0.25404530468750003 0.393962459375 0.33135562812499997 0.42947742499999997 0.40147429062500006 0.45230847343749997
0 0.1299892140625 0.310248603125 0.15156418437500002 0.3508371375 0.2576411375 0.386352103125 0.25404530468750003 0.3432267890625 0.25404530468750003 0.295027903125 0.15336210156250002 0.25443937031249997 0.13178712812499999 0.2747336375 0.1299892140625 0.310248603125
0 0.48957209687500003 0.485286659375 0.5650845 0.5030441375 0.5686803296875 0.393962459375 0.414059690625 0.3457635671875 0.3942826328125 0.399036021875 0.40686803437499997 0.447234903125 0.48957209687500003 0.485286659375
0 0.379899315625 0.551243021875 0.4536138046875 0.581684425 0.550701184375 0.6121258218750001 0.56688241875 0.5715372890625 0.5596907578125 0.5131912734374999 0.3421431109375 0.4396245546875 0.3277598 0.5030441375 0.379899315625 0.551243021875
0 0.13178712812499999 0.4370877734375 0.1623516703125 0.459918821875 0.266630709375 0.5030441375 0.33315354375 0.523338403125 0.33135562812499997 0.4396245546875 0.1659475 0.35591070468749997 0.13178712812499999 0.37620497343750003 0.13178712812499999 0.4370877734375
0 0.3978784609375 0.6552511437499999 0.39608054843749996 0.607052259375 0.40507011562499995 0.5664637265625 0.2630348796875 0.5055809250000001 0.2576411375 0.594368340625 0.2864077671875 0.6146626109375 0.3978784609375 0.6552511437499999
0 0.1605537578125 0.5563165890625 0.2576411375 0.5892947734375 0.25404530468750003 0.5030441375 0.15156418437500002 0.45738204062500004 0.1407767 0.472602740625 0.1407767 0.5284119734375 0.1605537578125 0.5563165890625
0 0.491370009375 0.7085235890625 0.5596907578125 0.733891425 0.561488675 0.609589040625 0.414059690625 0.5613901593749999 0.399676371875 0.6019786921875 0.40327220468749997 0.6577879249999999 0.491370009375 0.7085235890625
0 0.5686803296875 0.8302891921875 0.5632865859375 0.7364282109375 0.39608054843749996 0.6577879249999999 0.3403452 0.6501775750000001 0.3421431109375 0.72881785625 0.4554117234375 0.787163878125 0.5686803296875 0.8302891921875
0 0.2234807625 0.6653982734375 0.33495145625 0.7161339453125 0.3385472859375 0.637493659375 0.1605537578125 0.548706240625 0.144372528125 0.5613901593749999 0.144372528125 0.6222729593749999 0.2234807625 0.6653982734375
0 0.716109315625 0.23921867031250002 0.716109315625 0.3254693078125 0.8743257812499999 0.2671232890625 0.883315353125 0.221461184375 0.8779216109375 0.18594621875 0.716109315625 0.23921867031250002
0 0.8797195234374999 0.322932521875 0.8635382953124999 0.2671232890625 0.7556634328125 0.3178589515625 0.7628550859375001 0.37620497343750003 0.7628550859375001 0.41679350781249996 0.8689320390624999 0.36352105468749996 0.8797195234374999 0.322932521875
0 0.689140596875 0.45230847343749997 0.6855447671875 0.45230847343749997 0.696332253125 0.5461694593749999 0.7538655140625 0.518264840625 0.773642571875 0.5157280546874999 0.8491549812500001 0.4624556109375 0.8653362093749999 0.447234903125 0.8689320390624999 0.3914256703125 0.8545487234375001 0.3660578359375 0.689140596875 0.45230847343749997
0 0.858144553125 0.5613901593749999 0.8707299515625 0.5131912734374999 0.8653362093749999 0.48021308906250004 0.8455591515625 0.46752917031249996 0.7538655140625 0.523338403125 0.7592592578125 0.581684425 0.75746134375 0.6171993890625 0.858144553125 0.5613901593749999
0 0.717907228125 0.746575340625 0.79162171875 0.6856925406250001 0.858144553125 0.637493659375 0.8689320390624999 0.6045154734375 0.8599424656249999 0.5664637265625 0.690938509375 0.6603247046875 0.7071197421875001 0.7085235890625 0.717907228125 0.746575340625
0 0.561488675 0.1986301375 0.717907228125 0.14535768437500002 0.7286947140625 0.14535768437500002 0.5812657328124999 0.09462202187499999 0.40327220468749997 0.1478944734375 0.561488675 0.1986301375
0 0.561488675 0.0971588 0.45001798125 0.06671740312499999 0.2810140234375 0.1174530671875 0.40507011562499995 0.14535768437500002 0.561488675 0.0971588