0 0.494570315625 0.0698094609375 0.49122350781249996 0.00007703124999999999 0.345320384375 0.002623778125 0.3433382109375 0.042224846875 0.494570315625 0.0698094609375
0 0.515925721875 0 0.5100645625 0.064043665625 0.556015271875 0.0907183046875 0.626554471875 0.111468409375 0.6341623890625 0.026157803125 0.5911183125 0 0.515925721875 0
0 0.721634228125 0.1235471421875 0.7579632734375 0.12016534062499999 0.7594588703125 0.056942803125 0.6459029421875 0.028700539062500002 0.6449873312500001 0.0506978921875 0.6449827 0.12488510156249999 0.721634228125 0.1235471421875
0 0.8819172625 0.0740389765625 0.782412565625 0.0318130984375 0.759118615625 0.11190216093750001 0.7944361609375 0.12502404843749998 0.8701720765625 0.1456834421875 0.8819172625 0.0740389765625
0 0.8694003078125 0.175921303125 0.981321434375 0.18495839375 0.9915277109374999 0.0996024328125 0.8888926156249999 0.101393934375 0.8694003078125 0.175921303125
0 0.9866866328125001 0 0.9495271171875 0.0014193890625 0.9523126281250001 0.0865485796875 0.9928905625000001 0.0883372046875 0.9913486328125 0 0.9866866328125001 0
0 0.7908660078125 0 0.789967903125 0.0179428625 0.8912512421875001 0.08761440937500001 0.9496663249999999 0.0838471015625 0.9494421203125001 0 0.7908660078125 0
0 0.6030048781249999 0 0.6221821078125 0.00988089375 0.7330917312499999 0.0354216734375 0.7338132468749999 0 0.6030048781249999 0
0 0.9009115812499999 0.268792090625 0.995779396875 0.2538383484375 0.9945092421874999 0.1810713 0.9149194953125 0.17787443281249998 0.9009115812499999 0.268792090625
0 0.8327310046875 0.2342624609375 0.9061562406249999 0.27144821406249997 0.9046219609374999 0.18354951875 0.8378844031250001 0.1572377140625 0.758155059375 0.1311526828125 0.75203810625 0.2274279421875 0.8327310046875 0.2342624609375
0 0.73602108125 0.1287913625 0.629296665625 0.1196635578125 0.56159555 0.112602271875 0.553119971875 0.222657059375 0.7297602859375 0.216826125 0.73602108125 0.1287913625
0 0.34289743281249996 0.1658777453125 0.5046668000000001 0.2015214453125 0.552400778125 0.18145455 0.549663215625 0.0990721953125 0.488266209375 0.0809101828125 0.34194314375 0.036753853125 0.34289743281249996 0.1658777453125
0 0.3664264828125 0.1737100546875 0.3686320078125 0.30006443437499997 0.503602721875 0.28946550000000004 0.5018287140625 0.18783262812499998 0.3664264828125 0.1737100546875
0 0.506920271875 0.33062265625 0.6259172734375 0.29832117343750003 0.6231797109375 0.21593882656250002 0.504182709375 0.2482403046875 0.506920271875 0.33062265625
0 0.746409875 0.202797146875 0.6271731390624999 0.22136445624999998 0.6288512578125001 0.31750366093750004 0.689768803125 0.3081973296875 0.7477523671874999 0.27970850937499997 0.746409875 0.202797146875
0 0.862995678125 0.255715559375 0.76945483125 0.257348321875 0.761751021875 0.3371652578125 0.8594291328124999 0.3491986375 0.8714140484374999 0.29128834375 0.862995678125 0.255715559375
0 0.8738159859374999 0.35444285625 0.976499028125 0.355398184375 0.97506064375 0.27299315156250004 0.8750718515625 0.27748613906249997 0.8738159859374999 0.35444285625
0 0.9777982062499999 0.355375509375 0.9974695765625 0.350668678125 0.9958367499999999 0.2571240859375 0.9748688609375 0.2620058203125 0.9777982062499999 0.355375509375
0 0.9339091843749999 0.446814746875 0.9988631828125 0.430508325 0.9975506031249999 0.355310678125 0.9311716203125 0.3644323921875 0.9339091843749999 0.446814746875
0 0.9233765500000001 0.3645684546875 0.7696419875 0.34252286249999997 0.772331603125 0.42215838281250007 0.8634658749999999 0.4315583078125 0.9274132937499999 0.44692813437499995 0.9233765500000001 0.3645684546875
0 0.600269334375 0.318002559375 0.6012282578125 0.3729392421875 0.762614053125 0.38660827656249996 0.7438068875 0.2770297015625 0.6846679828125 0.3137817015625 0.600269334375 0.318002559375
0 0.5639356484375 0.395571565625 0.56004275 0.3214523875 0.489551490625 0.303449115625 0.37243364843750004 0.2945027328125 0.37368025 0.36592042812500003 0.5639356484375 0.395571565625
0 1 0.49563654531249995 0.9988099609375001 0.4274593390625 0.9325620593749999 0.44409058593750006 0.9311144140625001 0.5100599609375001 0.9842848343749999 0.50363653125 1 0.4994015671875 1 0.49563654531249995
0 0.927552496875 0.5293558359375 0.9233719203125 0.43875565625 0.774738175 0.41112568749999995 0.769632721875 0.49089726406249995 0.8400280859375 0.5034068671874999 0.927552496875 0.5293558359375
0 0.6463066640624999 0.49854527343750005 0.7732905265625 0.4770950625 0.768678428125 0.361773378125 0.6497773171875 0.399568528125 0.6463066640624999 0.49854527343750005
0 0.5122995078125 0.489893696875 0.6433726875 0.47936278593750004 0.6494896390625 0.3830875265625 0.523661121875 0.396274559375 0.5122995078125 0.489893696875
0 0.377956721875 0.46201427187500005 0.5123954015625001 0.4953873609375 0.517117284375 0.39364110625 0.3765183359375 0.3796092453125 0.377956721875 0.46201427187500005
0 0.36933730468750003 0.5638285656249999 0.5630107765625 0.5659433171875 0.5669608921875 0.494434915625 0.371508778125 0.464874496875 0.36933730468750003 0.5638285656249999
0 0.5696984546875 0.576817271875 0.7407584875000001 0.5491023625 0.7381168203125 0.47221368437500005 0.5668170531250001 0.48619441406249997 0.5696984546875 0.576817271875
0 0.747973575 0.5901914921875 0.93139745625 0.600728175 0.9337127687500001 0.5100146078125001 0.75538970625 0.49389355312500005 0.747973575 0.5901914921875
0 1 0.49713878125 0.9337127687500001 0.5100146078125001 0.9340437625 0.6034296593749999 1 0.5995412499999999 1 0.49713878125
0 0.38145679375 0.662533175 0.5063697046875 0.671343503125 0.504835425 0.5834448046875 0.3695770359375 0.5775627359375 0.38145679375 0.662533175
0 0.5037713484374999 0.67138885625 0.6229601390624999 0.6500747062500001 0.621617646875 0.5731633515625 0.5046915890625 0.575204303125 0.5037713484374999 0.67138885625
0 0.62839658125 0.6637181703125 0.74349605 0.63148471875 0.7422015046875 0.5573201953125 0.624263946875 0.5758648265625 0.62839658125 0.6637181703125
0 0.8769278578125 0.6071742890625 0.7505239828125 0.5873993078125 0.7770303265625 0.6913481421875 0.8798092578125001 0.6977971484375 0.8831314421875 0.6647671015625 0.8769278578125 0.6071742890625
0 0.9536752765625 0.611330003125 0.8862138921874999 0.6180028828124999 0.8787498125000001 0.711553996875 0.9684890140625001 0.7154829296874999 0.971715303125 0.676959221875 0.9536752765625 0.611330003125
0 1 0.592017728125 0.95608184375 0.6002973078125 0.9807616031249999 0.6740536484375 0.9775832624999999 0.715324190625 1 0.709543240625 1 0.592017728125
0 0.75777775 0.779609678125 0.8952509296875 0.76347171875 0.8928010437499999 0.697570375 0.7678881328125 0.68876005 0.75777775 0.779609678125
0 1 0.7046458796875 0.9179648968749999 0.72460784375 0.9189238203125001 0.77954453125 1 0.7686887421875 1 0.7046458796875
0 0.5790711171875 0.7415139453124999 0.74618566875 0.7111202375000001 0.7459985140625001 0.6259456953125 0.5762376640625 0.653637928125 0.5790711171875 0.7415139453124999
0 0.3761116109375 0.728570590625 0.4934212359375 0.7485043124999999 0.567234675 0.7334775390625 0.5658921828125 0.656566175 0.49862258125 0.674226396875 0.377559259375 0.662601209375 0.3761116109375 0.728570590625
0 0.5092464734375 0.836153559375 0.6260766421875 0.8286189374999999 0.626081271875 0.7544317359375 0.51969248125 0.764531771875 0.5092464734375 0.836153559375
0 0.5016911375 0.8500237953124999 0.507999871875 0.7647358671875 0.515603159375 0.753612471875 0.3734173578125 0.7231222765624999 0.36114013906250003 0.8387387671875001 0.5016911375 0.8500237953124999
0 0.6367577453125 0.8449185312499999 0.746948175 0.8292567937499999 0.7490717046875 0.727555884375 0.6325771609374999 0.7543183484375 0.6367577453125 0.8449185312499999
0 0.7500259921875 0.856679784375 0.8758545124999999 0.84349275 0.8781698265625 0.7527791828125 0.7614355546875 0.7658074765625 0.7500259921875 0.856679784375
0 0.7654676640625 0.92235435625 0.9130465937500001 0.8895539734375 0.9133868515625 0.8345946078125 0.7603235265625 0.8510046953125 0.7654676640625 0.92235435625
0 0.962856153125 0.765039334375 0.8810079109375 0.7664679999999999 0.87970410625 0.8406778875 0.9628173046875 0.8178249015624999 0.962856153125 0.765039334375
0 1 0.79855639375 0.980704396875 0.8196812187500001 0.9589539859375 0.839294575 0.9571707140625 0.8860361078125001 1 0.8547188171875 1 0.79855639375
0 1 0.868084153125 0.9583740000000001 0.8805197625 0.9593808703125 0.938203284375 1 0.9204493671874999 1 0.868084153125
0 0.8795556328125 0.9066245859375 0.8816219515625001 0.9505512578124999 0.9580337453125001 0.935479128125 0.9571227671875 0.8832892781250001 0.8795556328125 0.9066245859375
0 0.7651274109374999 0.9773137140625 0.8795030578125 0.9780649546875001 0.8730117937499999 0.9039911343749999 0.7640246484375 0.9141365312499999 0.7651274109374999 0.9773137140625
0 0.7479070984375 0.8841934765625 0.7428109093749999 0.8155906515625 0.6301180125 0.8367914093750001 0.6315563984375 0.9191964421875 0.7479070984375 0.8841934765625
0 0.625055871875 0.993497028125 0.743089321875 0.980446065625 0.7465599765625 0.8814693203124999 0.63261584375 0.9054395906250001 0.625055871875 0.993497028125
0 0.5824273484375 0.9337923484375 0.631844075 0.935677446875 0.632764315625 0.8394928921875 0.510689490625 0.844371384375 0.5824273484375 0.9337923484375