0 0.2134586484375 0 0.20388322812499998 0.0431342 0.308949728125 0.0792178078125 0.327253928125 0.023317115625000003 0.2796370390625 0 0.2134586484375 0
0 0.1898020046875 0.10809756562499999 0.2865060359375 0.18159608124999999 0.30808704374999996 0.0948489015625 0.20896888906250002 0.0365657765625 0.1898020046875 0.10809756562499999
0 0.41073941875 0.14614789687500002 0.43255001249999997 0.06474965625 0.33078814843750004 0.0163329828125 0.3102994109375 0.092798 0.41073941875 0.14614789687500002
0 0.506038115625 0.1690394015625 0.523222221875 0.1049074515625 0.438094840625 0.0688790984375 0.41694517500000006 0.1478107265625 0.506038115625 0.1690394015625
0 0.40240477812500003 0.20207622343749998 0.416284246875 0.150277340625 0.3102994109375 0.092798 0.28495459375 0.181180371875 0.376719075 0.21105600937500002 0.40240477812500003 0.20207622343749998
0 0.48974452187499995 0.23605367031250002 0.5106924328125 0.17028652187499999 0.422691759375 0.138775684375 0.40593899687499996 0.1950920890625 0.48974452187499995 0.23605367031250002
0 0.57565110625 0.20091068750000002 0.59151335625 0.1417119640625 0.52014716875 0.12258945156250001 0.5056067718749999 0.17685494531249998 0.57565110625 0.20091068750000002
0 0.6559224109375 0.24885640156250002 0.6660102453125 0.180179303125 0.588869646875 0.15157841875 0.5743570796874999 0.22435732968750002 0.6559224109375 0.24885640156250002
0 0.565563271875 0.269587784375 0.581425521875 0.21038905937500002 0.51336396875 0.17893348125 0.48974452187499995 0.23605367031250002 0.565563271875 0.269587784375
0 0.47322134687500006 0.297719003125 0.49040545 0.23358705937500002 0.3911133625 0.206981825 0.37746348125 0.2641296390625 0.47322134687500006 0.297719003125
0 0.3690731875 0.283031134375 0.392664803125 0.20739753125 0.27851925781250003 0.1741686125 0.2584618609375 0.242818084375 0.3690731875 0.283031134375
0 0.1729657578125 0.10887372343749999 0.1427370453125 0.1906600453125 0.259554128125 0.23253592343750001 0.27475545 0.1758038171875 0.1729657578125 0.10887372343749999
0 0.6658084875 0.19334378593749998 0.656353753125 0.24104085312499998 0.7097636015625 0.252708271875 0.7261128484375 0.22272083125000003 0.6658084875 0.19334378593749998
0 0.580562834375 0.22602015312499998 0.562056875 0.29508533125 0.6404915046874999 0.300239575 0.6537100453125 0.25090730781250004 0.580562834375 0.22602015312499998
0 0.6894766203125 0.31600880937500003 0.7040170171875 0.2617433125 0.6574738484375 0.24927210781250003 0.6427038703125 0.2981886734375 0.6894766203125 0.31600880937500003
0 0.2399559015625 0.3118832625 0.26331793281250004 0.2309007265625 0.141846534375 0.187777728125 0.11604255000000001 0.26546223593749996 0.2399559015625 0.3118832625
0 0.24371970625 0.310248059375 0.3465738390625 0.3483825765625 0.36752174531250004 0.28261542500000003 0.262225665625 0.2411828828125 0.2452433203125 0.292150353125 0.24371970625 0.310248059375
0 0.44761912031250006 0.3622390390625 0.47077939375 0.29442098125 0.37105596875 0.27563129062499997 0.35740608125 0.3327791109375 0.44761912031250006 0.3622390390625
0 0.5282939421874999 0.383855790625 0.546570315625 0.309441678125 0.4734509328125 0.3030679375 0.4460955078125 0.3803367453125 0.5282939421874999 0.383855790625
0 0.6206358625 0.3557245703125 0.6269877234375001 0.307196084375 0.5602758531250001 0.2893206921875 0.54904009375 0.331253121875 0.6206358625 0.3557245703125
0 0.6227647468749999 0.29813341875 0.606902496875 0.3573321421875 0.670281903125 0.36902718437500004 0.6888156953125 0.3184754203125 0.6227647468749999 0.29813341875
0 0.21745655312499998 0.3772347015625 0.23464065625 0.313102753125 0.11405976874999998 0.2728620796875 0.097536590625 0.3345274140625 0.21745655312499998 0.3772347015625
0 0.1896697890625 0.46231905468749995 0.20682606718750002 0.379673690625 0.09578339687500001 0.34727618437499996 0.070668165625 0.441007503125 0.1896697890625 0.46231905468749995
0 0.17073248593749998 0.539199778125 0.18900886249999999 0.464785665625 0.069777653125 0.43812517812499996 0.046213865625 0.5322721921875 0.17073248593749998 0.539199778125
0 0.3269756109375 0.42772991562499996 0.3498784734375 0.336049509375 0.2392949765625 0.314349871875 0.2152720125 0.3977990265625 0.3269756109375 0.42772991562499996
0 0.300051534375 0.4971831703125 0.3254241703125 0.427314209375 0.21372057500000002 0.3973833203125 0.192341325 0.4709660140625 0.300051534375 0.4971831703125
0 0.2733570359375 0.5719853609375 0.29605814218750004 0.493469434375 0.191680396875 0.47343262968750005 0.16854794687500002 0.5597641015625 0.2733570359375 0.5719853609375
0 0.148260965625 0.6230646328125 0.16584858593750001 0.5326037234375 0.045984278125 0.5269232671874999 0.020639465625 0.6153056421875001 0.148260965625 0.6230646328125
0 0.2617177625 0.640246746875 0.2753398171875 0.5645855171874999 0.16964021875 0.549481940625 0.14716869999999999 0.63334679375 0.2617177625 0.640246746875
0 0 0.6956121015625001 0.11469979062499999 0.6986706109374999 0.1215664734375 0.697866821875 0.14912364843749998 0.607433540625 0.0159851515625 0.614058521875 0 0.6737159187499999 0 0.6956121015625001
0 0 0.780326778125 0.1013073171875 0.7796807718750001 0.1220256390625 0.708564690625 0 0.697927846875 0 0.780326778125
0 0.133087471875 0.698310159375 0.10308834062500001 0.7854454140625 0.218096575 0.8030432375000001 0.23858531562500002 0.7265782187500001 0.133087471875 0.698310159375
0 0.19625815156249998 0.8659280671875 0.214993696875 0.8022118218750001 0.09357795 0.7961156593750001 0.0834622859375 0.8462793390625001 0.19625815156249998 0.8659280671875
0 0.4257807015625 0.4251238671875 0.4487113921875 0.351956878125 0.35585464375 0.332363403125 0.33933146875000003 0.3940287375 0.4257807015625 0.4251238671875
0 0.337578271875 0.406777509375 0.3164007765625 0.467195728125 0.40770608125 0.4863734953125 0.421585553125 0.4345746109375 0.337578271875 0.406777509375
0 0.50668510625 0.45208955 0.526081575 0.3859066953125 0.44520499999999996 0.3774544203125 0.428250478125 0.4469353046875 0.50668510625 0.45208955
0 0.4936961484375 0.506770753125 0.508897471875 0.45003864374999997 0.42382574687499996 0.4510371203125 0.4097166953125 0.4974870703125 0.4936961484375 0.506770753125
0 0.31197604375 0.47129754375 0.285942478125 0.5436331156249999 0.3852067375 0.5517249375 0.401959496875 0.4954085359375 0.31197604375 0.47129754375
0 0.4796149234375 0.5717341171875 0.49481624531249996 0.5150020093750001 0.40839484062500003 0.5024202984375 0.3912107375 0.5665522453125 0.4796149234375 0.5717341171875
0 0.28749391874999997 0.5440488218749999 0.26191951874999997 0.627082271875 0.3656085078125 0.6310722734375 0.38345354062500003 0.564473709375 0.28749391874999997 0.5440488218749999
0 0.34779130468749997 0.716184253125 0.36738953125 0.63683691875 0.270998565625 0.624227575 0.2520612640625 0.7011082984375 0.34779130468749997 0.716184253125
0 0.32727473749999997 0.774135853125 0.345780696875 0.705070675 0.254934559375 0.696590778125 0.237089528125 0.7631893390625 0.32727473749999997 0.774135853125
0 0.309659290625 0.8460833515624999 0.329487103125 0.77208495 0.23642860156249998 0.76565595625 0.2159398609375 0.8421209718749999 0.309659290625 0.8460833515624999
0 0.45556413281249997 0.6366698562499999 0.473409165625 0.5700712890624999 0.3881078578125 0.5657208296875 0.3722456078125 0.6249195546874999 0.45556413281249997 0.6366698562499999
0 0.43589155 0.697677425 0.457270803125 0.624094728125 0.376422053125 0.634155871875 0.3632035125 0.6834881421875 0.43589155 0.697677425
0 0.35412445937500003 0.686342834375 0.3393823078125 0.753772809375 0.41781693750000004 0.7589270531250001 0.43212775 0.699312625 0.35412445937500003 0.686342834375
0 0.40175292812499996 0.8312902578125 0.42290259375000006 0.7523586296875 0.33694035625 0.7504747843749999 0.321105934375 0.8281869234375 0.40175292812499996 0.8312902578125
0 0.3777021421875 0.8962259953125 0.398420465625 0.8251099156249999 0.3206467671875 0.8174890546875 0.3054454453125 0.8742211640625 0.3777021421875 0.8962259953125
0 0.2867007765625 0.900736928125 0.30635465625 0.8584164203125001 0.21637120156249998 0.834305428125 0.18939146874999999 0.8667318484375001 0.193642271875 0.894307934375 0.2867007765625 0.900736928125
0 0.07748611562499999 0.849965446875 0.0592167 0.899530559375 0.18022893281250002 0.9319556906249999 0.1949362984375 0.87086129375 0.07748611562499999 0.849965446875
0 0 0.8581262890625 0.0768251875 0.8524320578125 0.093118778125 0.7854177890625 0 0.778133740625 0 0.8581262890625
0 0 0.8836634953125 0.0607681421875 0.89994626875 0.075273746875 0.8520163515625001 0 0.8596728515625 0 0.8836634953125
0 0.2747484328125 0.9081091421874999 0.2005089546875 0.8935041437500001 0.185279803125 0.9317228468750001 0.2796879875 0.9517320234375 0.28497540312499997 0.9319991156249999 0.2747484328125 0.9081091421874999
0 0.302618678125 0.87856503125 0.287187771875 0.9299482093749999 0.360564565625 0.9601842984375001 0.374242278125 0.9215498921874999 0.3717446734375 0.8812250359375 0.302618678125 0.87856503125
0 0.289170553125 0.9225483656250001 0.2764181390625 0.9577295124999999 0.35554151875 0.9789305578124999 0.3599036390625 0.962650909375 0.289170553125 0.9225483656250001
0 0.5287531109375 0.394553659375 0.5954649812499999 0.41242904999999996 0.6122177453125001 0.356112646875 0.547947821875 0.341535284375 0.5287531109375 0.394553659375
0 0.5256502328125 0.3937222453125 0.5086678874999999 0.4446897109375 0.57825305 0.45804758124999995 0.5901497375 0.41364854375000004 0.5256502328125 0.3937222453125
0 0.6588443875000001 0.42412409375 0.672062928125 0.3747918265625 0.6117864015625 0.3639281921875 0.6005506421875 0.4058606203125 0.6588443875000001 0.42412409375
0 0.6474068703125 0.47922100468749995 0.6599644859375 0.4323553484375 0.5912698359374999 0.42187979374999995 0.580263659375 0.46916115625000004 0.6474068703125 0.47922100468749995
0 0.5095583968749999 0.447572034375 0.49303522187500004 0.5092373671875 0.56195945625 0.5250618515625 0.576499853125 0.47079635625 0.5095583968749999 0.447572034375
0 0.6324073046875001 0.5227886328125 0.6462867734375 0.47098974687500006 0.578712221875 0.4687454515625 0.5648327531249999 0.5205443359374999 0.6324073046875001 0.5227886328125
0 0.49105244062500003 0.51663720625 0.4754197765625 0.5811848656249999 0.54454576875 0.5838448671875 0.56195945625 0.5250618515625 0.49105244062500003 0.51663720625
0 0.56195945625 0.5250618515625 0.550521940625 0.5801587625 0.6191887625 0.5721208984375 0.6304245234375 0.53018846875 0.56195945625 0.5250618515625
0 0.533108253125 0.6389417765625 0.5964876609374999 0.6506368203124999 0.6136717625 0.586504878125 0.545867621875 0.5789116421875 0.533108253125 0.6389417765625
0 0.5306663 0.635643753125 0.545206696875 0.5813782546875 0.4718855546875 0.5881689953125 0.457776503125 0.634618946875 0.5306663 0.635643753125
0 0.45024889218749997 0.637889346875 0.4343866421875 0.697088071875 0.513023028125 0.689077834375 0.5242587890625 0.64714540625 0.45024889218749997 0.637889346875
0 0.5832691171875 0.6999690968750001 0.596258071875 0.6452878921874999 0.5277930078125 0.640161271875 0.5158963203125 0.6845603125 0.5832691171875 0.6999690968750001
0 0.434184884375 0.7102525484375 0.423839634375 0.7550672984375 0.500263653125 0.749107971875 0.515464978125 0.6923758609374999 0.434184884375 0.7102525484375
0 0.578844384375 0.704070903125 0.51589410625 0.7031858468750001 0.505349315625 0.7425395406249999 0.5709410859374999 0.7521836828125 0.578844384375 0.704070903125
0 0.42185685156249997 0.7624671390625 0.40731645624999996 0.8167326375 0.48839479375000006 0.812020425 0.50425704375 0.7528217015625 0.42185685156249997 0.7624671390625
0 0.5506541031250001 0.815484215625 0.570280159375 0.7546502953124999 0.5071303390625 0.7483041828125 0.4912680890625 0.8075029062500001 0.5506541031250001 0.815484215625
0 0.46920008125 0.8650388031249999 0.483740478125 0.8107733046875 0.40642594687500005 0.8138503125 0.39386833125 0.8607159718749999 0.46920008125 0.8650388031249999
0 0.45333783125 0.9242375234375 0.469861009375 0.862572190625 0.3881217453125 0.8697510140625001 0.3757380625 0.884938771875 0.3738109328125 0.9293654421875001 0.45333783125 0.9242375234375
0 0.5482956375 0.867726434375 0.5528664734375 0.8134333093749999 0.487935621875 0.8013225578125001 0.47804954843749997 0.8568351734374999 0.5482956375 0.867726434375
0 0.531974215625 0.9162272890625 0.54453183125 0.8693616328125 0.47075151875000004 0.865454509375 0.457532978125 0.9147867765625 0.531974215625 0.9162272890625
0 0.449344440625 0.9205237937499999 0.4405506328125 0.965754246875 0.510998478125 0.963481021875 0.5231247531250001 0.9244309156250001 0.449344440625 0.9205237937499999
0 0.3791261796875 0.9281459453125 0.369504471875 0.98267191875 0.4405506328125 0.965754246875 0.45178639218749994 0.9238218171874999 0.3791261796875 0.9281459453125
0 0.49788759843749997 1 0.50789560625 0.9626496078125 0.4363554859375 0.9752049953125 0.43001058593749997 0.9988844828125 0.45325015312500005 1 0.49788759843749997 1
0 0.76426571875 0.25409353125 0.7214863578124999 0.239987125 0.702062059375 0.28765656562499997 0.7563624203125 0.302206303125 0.765211884375 0.294002675 0.76426571875 0.25409353125
0 0.7572529328125001 0.305088628125 0.8079912468750001 0.30810908124999997 0.8185660796875001 0.26864326875 0.7686904515624999 0.249991715625 0.7572529328125001 0.305088628125
0 0.7561328390625001 0.29685737031250004 0.7453562453125 0.34948766875000004 0.7943413625 0.36525689375 0.8068989765625 0.3183912453125 0.7561328390625001 0.29685737031250004
0 0.73805821875 0.358107 0.750615834375 0.31124134375 0.7033839140625 0.2827233390625 0.6888435187499999 0.336988834375 0.73805821875 0.358107
0 0.6868607359375 0.34438867812499996 0.674303121875 0.3912543296875 0.7217368 0.40660785781250003 0.7336334875 0.36220881562499996 0.6868607359375 0.34438867812499996
0 0.738489565625 0.3502914515625 0.7305862640624999 0.398404228125 0.780232309375 0.41170684687500003 0.78813560625 0.3635940671875 0.738489565625 0.3502914515625
0 0.7343500703125 0.396769028125 0.7127412328125 0.465002790625 0.7663806640625 0.48201914375 0.780260134375 0.43022025937499997 0.7343500703125 0.396769028125
0 0.6698783921875 0.39535614375 0.6575503625 0.44757073593749996 0.7149535984375001 0.46295188749999994 0.7279425546875 0.40827068437499997 0.6698783921875 0.39535614375
0 0.7061597890625 0.508182340625 0.7147240140625 0.45760295156249997 0.6533552140625 0.4570214828125 0.648095628125 0.49526780312499996 0.7061597890625 0.508182340625
0 0.6273494765625001 0.54787046875 0.69006795625 0.5620321328125 0.6966494015625 0.5188525796875 0.6399070890624999 0.5010048203124999 0.6273494765625001 0.54787046875
0 0.62513710625 0.5499213796875 0.6172338093749999 0.598034153125 0.669523559375 0.6014703203125 0.6781156125 0.56940434375 0.62513710625 0.5499213796875
0 0.7260362890625001 0.6139691484375 0.7399157578125 0.56217026875 0.6904992984375 0.554216584375 0.6786026109375001 0.598615625 0.7260362890625001 0.6139691484375
0 0.7553466640625001 0.5107870906249999 0.764370059375 0.4709055703125 0.7136317453125 0.46788511250000003 0.7063615484375 0.4950178625 0.7553466640625001 0.5107870906249999
0 0.7057006203125 0.4974844734375 0.694924028125 0.550114771875 0.7436795625 0.560535065625 0.7540248093749999 0.5157203171875 0.7057006203125 0.4974844734375
0 0.6128090796875 0.6021359656249999 0.6004810484374999 0.6543505578125 0.65521275 0.66108475 0.667770365625 0.614219090625 0.6128090796875 0.6021359656249999
0 0.7125881609375 0.6579524812499999 0.72382391875 0.6160200578125 0.6702123171875 0.6175171171875 0.6602984109375 0.6545163203125 0.7125881609375 0.6579524812499999
0 0.5951658046875 0.6555700484375 0.5852797265625 0.711082665625 0.6473094515625 0.709197521875 0.6605279921875 0.6598652546875 0.5951658046875 0.6555700484375
0 0.576715503125 0.761662053125 0.6223681562500001 0.771250940625 0.6437752328124999 0.7161816609375 0.5877216734374999 0.7143806953125 0.576715503125 0.761662053125
0 0.5729516953125 0.7632972578125 0.554417909375 0.8138490171875 0.613344759375 0.811132459375 0.6219368125 0.7790664828125 0.5729516953125 0.7632972578125
0 0.6984791078125 0.7044024328125 0.7103757953125001 0.6600033921875 0.6642918 0.6582300578125 0.6537169656249999 0.6976958703125 0.6984791078125 0.7044024328125
0 0.6916680796875 0.7422330500000001 0.7035647671875 0.6978340078125 0.658141696875 0.6935940546875 0.6466763515625 0.730177553125 0.6916680796875 0.7422330500000001
0 0.67135326875 0.787020165625 0.685691909375 0.74591915625 0.6358441078125 0.7457810171875 0.6268207140625 0.7856625390625 0.67135326875 0.787020165625
0 0.6667824343750001 0.8413132937500001 0.6775590234375 0.7886829921875 0.6270502984374999 0.7910114734375 0.6120507359375 0.8345791015625 0.6667824343750001 0.8413132937500001
0 0.5572912046875 0.8093315000000001 0.5427508078125001 0.8635969953125 0.6007871437500001 0.8579981171875 0.6107010500000001 0.8209989140625 0.5572912046875 0.8093315000000001
0 0.5434117359374999 0.8611303796875 0.5315150484375 0.9055294203124999 0.5851266515625 0.9040323609375 0.597913853125 0.8625156390625 0.5434117359374999 0.8611303796875
0 0.6506906015625 0.89516308125 0.665230996875 0.8408975859375 0.6107288796875 0.8395123296874999 0.5975103390625 0.8888445968750001 0.6506906015625 0.89516308125
0 0.645431009375 0.933409403125 0.655344915625 0.8964102015625001 0.58912004375 0.907746090625 0.5792061375 0.9447452953125 0.645431009375 0.933409403125
0 0.5315150484375 0.9055294203124999 0.5149918718750001 0.967194759375 0.5721376968749999 0.958713565625 0.584034384375 0.91431451875 0.5315150484375 0.9055294203124999
0 0.56273785625 1 0.5743500625 0.956662653125 0.510998478125 0.963481021875 0.5059764328125 1 0.56273785625 1
0 0.57943571875 0.950094228125 0.5710732546874999 0.9875091390625 0.6270989828125 0.970796684375 0.6339100125 0.9329660703125 0.57943571875 0.950094228125
0 0.869102634375 0.28482820468750003 0.859877478125 0.337874209375 0.8971120140625001 0.3478511734375 0.9036934593750001 0.3046716203125 0.869102634375 0.28482820468750003
0 0.81069060625 0.3352694546875 0.8439595765625001 0.3600460984375 0.85984965625 0.319360790625 0.824597903125 0.3019839875 0.81069060625 0.3352694546875
0 0.8876572765624999 0.3955482375 0.8982321109375 0.3560824234375 0.8607679921875 0.3407565265625 0.849963575 0.37487340625 0.8876572765624999 0.3955482375
0 0.9081738406250001 0.337596634375 0.89627715625 0.381995675 0.9231107859375 0.3997605578125 0.9350074734374999 0.35536151718750003 0.9081738406250001 0.337596634375
0 0.96675283125 0.3982358703125 0.975344884375 0.36616989375000003 0.9390008609375 0.3590752546875 0.9310697375 0.388674615625 0.96675283125 0.3982358703125
0 0.803163 0.33853985625 0.7866119921875 0.3816917734375 0.8402514249999999 0.3987081296875 0.8517167718750001 0.36212463281249996 0.803163 0.33853985625
0 0.835423178125 0.42913890156249995 0.8726577109375 0.439115865625 0.8854449093750001 0.39759914687500003 0.8526351078125 0.38352037031249997 0.835423178125 0.42913890156249995
0 0.8226081515624999 0.4521422109375 0.8378094765625 0.3954100984375 0.791697653125 0.3751233515625 0.7778181828124999 0.4269222359375 0.8226081515624999 0.4521422109375
0 0.780260134375 0.43022025937499997 0.76770251875 0.477085915625 0.8111428078125 0.48872570625 0.8237004234375 0.44186005 0.780260134375 0.43022025937499997
0 0.8618811203125001 0.49174616406249994 0.8731168796875 0.4498137328125 0.8301079375 0.430358396875 0.816889396875 0.47969066875 0.8618811203125001 0.49174616406249994
0 0.8819385171875 0.4230966921875 0.9125359515625 0.43922637968749995 0.9224498578125001 0.402227175 0.8938352015625 0.3786976515625 0.8819385171875 0.4230966921875
0 0.9617228250000001 0.44183112500000005 0.96965395 0.4122317625 0.9326211750000001 0.38909032187500003 0.9176216125 0.43265795 0.9617228250000001 0.44183112500000005
0 1 0.4009300265625 0.9691947843750001 0.40153389375000004 0.9637056062499999 0.43443128125 0.9973780937500001 0.43287896875 1 0.4230938796875 1 0.4009300265625
0 0.8435490937499999 0.5291334453125 0.8587782421875 0.49091475000000007 0.817550325 0.47722404999999996 0.8041021921875 0.5212073890625 0.8435490937499999 0.5291334453125
0 0.76373695625 0.49188559375 0.754483978125 0.526418184375 0.7943622218749999 0.5265286953125 0.8036152 0.49199610781249997 0.76373695625 0.49188559375
0 0.748507809375 0.53010429375 0.730864534375 0.583538375 0.7862293359375 0.5692925390625 0.7999070484375 0.530658134375 0.748507809375 0.53010429375
0 0.8312210625 0.581348034375 0.8464223875 0.5246159234375 0.8021194140624999 0.528607228125 0.7915445796875 0.5680730406250001 0.8312210625 0.581348034375
0 0.78053840625 0.61535440625 0.81909479375 0.6203981421875 0.83475528125 0.574363896875 0.7897635578125 0.5623084015625001 0.78053840625 0.61535440625
0 0.736381534375 0.5691544015625001 0.724484846875 0.613553440625 0.771688940625 0.623558034375 0.7842465546875 0.576692375 0.736381534375 0.5691544015625001
0 0.722042896875 0.610255415625 0.7057214765625 0.658756271875 0.7606827671875 0.6708393921875 0.7725794515625 0.6264403515625 0.722042896875 0.610255415625
0 0.8060780078124999 0.6565659328125 0.8175433515625 0.619982434375 0.781199334375 0.6128877890625 0.7719463531249999 0.6474203828125 0.8060780078124999 0.6565659328125
0 0.712817746875 0.663301415625 0.704455278125 0.7007163265624999 0.7499061734375 0.723469690625 0.7644465671875 0.6692041953125 0.712817746875 0.663301415625
0 0.7571763703125 0.6963369421875 0.79906521875 0.7075610265625001 0.81096190625 0.6631619859375 0.7721759375 0.6527693171875 0.7571763703125 0.6963369421875
0 0.870271415625 0.47284466875 0.905724925 0.47705699062500007 0.9178511953124999 0.4380068828125 0.8865928359374999 0.4243438125 0.870271415625 0.47284466875
0 0.9427298703125 0.4816850171875 0.9539656296875 0.43975259062500005 0.921614996875 0.43637168437499996 0.9088278031250001 0.47788840312499997 0.9427298703125 0.4816850171875
0 0.8700418296875 0.4674957328125 0.8541517546874999 0.50818104375 0.8929377234375 0.5185737109375 0.9041734828125 0.47664128124999994 0.8700418296875 0.4674957328125
0 0.8548126796875 0.5057144296875 0.8435769203125 0.5476468578125 0.8770476468749999 0.559259021875 0.88762248125 0.5197932062499999 0.8548126796875 0.5057144296875
0 0.8453301156249999 0.534898084375 0.83078971875 0.5891635765625 0.8702366203125 0.5970896390625 0.8814723796875 0.55515720625 0.8453301156249999 0.534898084375
0 0.83078971875 0.5891635765625 0.8164510843749999 0.630264596875 0.858771271875 0.633673128125 0.870667959375 0.5892740859375001 0.83078971875 0.5891635765625
0 0.74309514375 0.7613003078125 0.7496765890625 0.7181207578125 0.709770521875 0.699496834375 0.688794784375 0.7467505703125 0.74309514375 0.7613003078125
0 0.68414046875 0.74550345 0.6709219281250001 0.794835715625 0.7232395078125 0.8167852953124999 0.7413141203125 0.755535665625 0.68414046875 0.74550345
0 0.7168598171875 0.8468003656249999 0.72542404375 0.7962209765625 0.671812440625 0.797718034375 0.673189946875 0.8298116390624999 0.7168598171875 0.8468003656249999
0 0.652471621875 0.9009277234375 0.706514571875 0.8916151125 0.7148492109375 0.8356867890625 0.6630186296875 0.842948490625 0.652471621875 0.9009277234375
0 1 0.439076746875 0.955517071875 0.4401683 0.9491373843750001 0.47018336562499996 0.994101284375 0.46372545 1 0.4417111421875 1 0.439076746875
0 0.9420411171874999 0.46563822187500004 0.938332965625 0.50430025 0.9866293296875 0.5040226750000001 0.9934403578125 0.46619205937499997 0.9420411171874999 0.46563822187500004
0 0.8112123531250001 0.8297827109375 0.82290728125 0.7985481515624999 0.778576478125 0.7840260406249999 0.766679790625 0.828425084375 0.8112123531250001 0.8297827109375
0 0.761371521875 0.686886196875 0.7490434875 0.7391007890625 0.788490384375 0.7470268390625 0.79840429375 0.7100276375 0.761371521875 0.686886196875
0 0.8040952265625 0.66396576875 0.8490869546875001 0.6760212671875 0.85589798125 0.6381906484375001 0.8126872781250001 0.6318997953125 0.8040952265625 0.66396576875
0 0.943849965625 0.48991627656250003 0.9319532781250001 0.5343153171874999 0.9855648875 0.5328182499999999 0.9879511843750001 0.49908944999999993 0.943849965625 0.48991627656250003
0 0.6535638921875 0.8906455624999999 0.642989059375 0.9301113750000001 0.6897339828125 0.9294180984375 0.6989869609375 0.8948855124999999 0.6535638921875 0.8906455624999999
0 0.6505166703125 0.9268409734375 0.6387939140625 0.939562121875 0.633075153125 0.9671105765625001 0.6844743921875 0.9676644203125001 0.6912854203125 0.9298338046874999 0.6505166703125 0.9268409734375
0 0.8929377234375 0.5185737109375 0.9363780125 0.5302135031249999 0.9405175046875 0.48373592812500005 0.9023924593749999 0.47087664218749997 0.8929377234375 0.5185737109375
0 1 0.4996742140625 0.9948178656250001 0.498285665625 0.9875476687500001 0.5254184140625 1 0.5319827593750001 1 0.4996742140625
0 0.9250865984375001 0.5351190984375 0.9211488624999999 0.568432196875 0.9756509812499999 0.5698174546875 0.9842430343749999 0.53775148125 0.9250865984375001 0.5351190984375
0 0.889173915625 0.5202089140624999 0.88124279375 0.5498082734375 0.9220115453125001 0.55280110625 0.9233055718750001 0.5293544640625 0.889173915625 0.5202089140624999
0 0.88190371875 0.5473416640625001 0.867133740625 0.5962582234375 0.9136490796875 0.590216009375 0.9222411296875 0.558150040625 0.88190371875 0.5473416640625001
0 0.8696928078124999 0.599119165625 0.859778903125 0.636118365625 0.9018695078125001 0.63417796875 0.9117834140625 0.5971787640625 0.8696928078124999 0.599119165625
0 0.971169434375 0.6051600796875001 0.973785315625 0.5767802109375 0.9228174156250001 0.5684108218749999 0.914225365625 0.6004767953125 0.971169434375 0.6051600796875001
0 0.970995503125 0.636837971875 0.9709398515625001 0.599811146875 0.9202015343750001 0.596790690625 0.9116094828125 0.6288566640625 0.970995503125 0.636837971875
0 0.9597597406249999 0.6787704015625 0.969012721875 0.644237815625 0.9091675359375 0.6255586375 0.9032470140625 0.666271575 0.9597597406249999 0.6787704015625
0 0.7462065671875 0.7354955765625 0.7344654765625 0.7793139250000001 0.7763170859375 0.7855844140625 0.786204321875 0.74868475 0.7462065671875 0.7354955765625
0 0.7365339875 0.777396371875 0.722939040625 0.8281334093750001 0.7678804109375 0.8228727546875 0.7769350390625 0.7832781828125001 0.7365339875 0.777396371875
0 0.7243896015625 0.8285220843750001 0.7120305578125 0.874646665625 0.7505517328125 0.8701375265625 0.7610569203125 0.8309316375 0.7243896015625 0.8285220843750001
0 0.795473603125 0.714091315625 0.8439600671875 0.724611415625 0.8503022109374999 0.671930996875 0.8040989156249999 0.66449448125 0.795473603125 0.714091315625
0 0.7989926781250001 0.712562440625 0.7872515859375 0.756380790625 0.8317896640625 0.758427496875 0.842912803125 0.716915375 0.7989926781250001 0.712562440625
0 0.7841358078125 0.750602303125 0.774248575 0.787501965625 0.8212844765625 0.7976333890625 0.825584121875 0.764180153125 0.7841358078125 0.750602303125
0 0.8932010859374999 0.6858975265625 0.908246596875 0.635549165625 0.8616400046875 0.6354200125 0.851967425 0.677320809375 0.8932010859374999 0.6858975265625
0 0.942949471875 0.7091147953125 0.9607074609374999 0.67185229375 0.9043502406249999 0.6616950390625 0.8903259828125 0.7024298046874999 0.942949471875 0.7091147953125
0 0.851967425 0.677320809375 0.8455992671875 0.7126915984375 0.8828845390625 0.7127949203124999 0.8896820125 0.687426403125 0.851967425 0.677320809375
0 0.8435307578125 0.714609146875 0.8336435218749999 0.7515088078125001 0.868242325 0.7558359109375 0.8816486343750001 0.717407378125 0.8435307578125 0.714609146875
0 0.7666445093750001 0.8274852046875001 0.7569719296875 0.8693860046875 0.8037931781250001 0.87451629375 0.8142983625 0.83531040625 0.7666445093750001 0.8274852046875001
0 0.7949532046875001 0.919111996875 0.8054583921875 0.879906103125 0.756139321875 0.8666910984375 0.743162325 0.915121909375 0.7949532046875001 0.919111996875
0 0.70934409375 0.878870440625 0.6998861734374999 0.925772375 0.7410938125000001 0.91703945625 0.7532382 0.8659137453125 0.70934409375 0.878870440625
0 0.8354973781249999 0.7445901203124999 0.8295585265625001 0.789963178125 0.86517858125 0.7846766953125 0.8717614015624999 0.7543070359375 0.8354973781249999 0.7445901203124999
0 0.83984375 0.8109375 0.0390625 0.04375
0 0.83203125 0.85 0.040625 0.0515625
0 0.82578125 0.890625 0.04375 0.0515625
0 0.9171875 0.7171875 0.0625 0.05625
0 0.9046875 0.75 0.0625 0.0609375
0 0.89453125 0.78984375 0.0671875 0.0484375
0 0.88671875 0.82109375 0.0671875 0.0515625
0 0.87890625 0.853125 0.065625 0.053125
0 0.87265625 0.88828125 0.0578125 0.0578125
0 0.99140625 0.5484375 0.0171875 0.028125
0 0.98515625 0.57265625 0.0296875 0.0359375
0 0.98203125 0.60703125 0.0203125 0.028125
0 0.97265625 0.6453125 0.021875 0.040625
0 0.9578125 0.696875 0.0296875 0.0671875
0 0.9421875 0.75234375 0.0296875 0.0578125
0 0.9265625 0.80859375 0.0296875 0.05625
0 0.915625 0.853125 0.0296875 0.0625
0 0.89921875 0.9046875 0.0296875 0.04375