0 0.67651216875 0.1759131609375 0.5109823921875 0.216457659375 0.5046559015625001 0.2746142234375 0.5865946078125 0.286621625 0.6806339968749999 0.2416998 0.67651216875 0.1759131609375
0 0.6589104234375001 0.2776513828125 0.49778164843750006 0.2785622671875 0.4735802890625 0.39242071875 0.5698182859375 0.37501226718749997 0.6459835625 0.3668602546875 0.6589104234375001 0.2776513828125
0 0.46203039375 0.4278301796875 0.4548792375 0.48040224687500005 0.5511164765625 0.48192587187499997 0.6047342718750001 0.4852088671875 0.6206866796875 0.37230165625 0.47440571406250004 0.37907314375 0.46203039375 0.4278301796875
0 0.50739696875 0.48886063437500005 0.4405814640625 0.47195394999999996 0.4257298703125 0.56075370625 0.4790730265625 0.5558645234374999 0.5219671078125 0.5622773343749999 0.5706361390625 0.550985415625 0.5890595265624999 0.5305599859375 0.595110625 0.4831632984375 0.5585407625000001 0.475390134375 0.50739696875 0.48886063437500005
0 0.4122567640625 0.5578899109375001 0.3952058046875 0.6381083656250001 0.487044309375 0.6224693828125 0.55111041875 0.6333824515625001 0.5750348703125 0.5681480234375 0.513718159375 0.5632285718750001 0.4122567640625 0.5578899109375001
0 0.39960529375 0.636338903125 0.3754039328125 0.75019735625 0.47439208437499997 0.719850446875 0.5387335890625 0.7200036296875 0.5549598796875 0.6342006796875 0.5062916078125 0.626560521875 0.39960529375 0.636338903125
0 0.5511073921875 0.709110740625 0.3864030390625 0.736307659375 0.3699021109375 0.81393841875 0.3993223265625 0.8364195078125001 0.5230573296875 0.8032188937500001 0.5511073921875 0.709110740625
0 0.51150895 0.800764209375 0.379525 0.8349160578125 0.362199403125 0.906962325 0.506007128125 0.8645052718749999 0.51150895 0.800764209375
0 0.506557159375 0.8619175765625 0.3597253984375 0.8902088296875 0.34212516875 0.95408290625 0.43396367500000005 0.9384439203125 0.4749337859375 0.9255155484375001 0.506557159375 0.8619175765625
0 0.46094371093750003 1 0.4732836921875 0.933278621875 0.33580095 0.9554432531250001 0.3309040890625 0.9752278515624999 0.44744787812500003 1 0.46094371093750003 1
0 0.6861335484375 0.23475495156249998 0.665784675 0.273703340625 0.660284365625 0.2995802640625 0.763395096875 0.316087915625 0.7886950078125 0.23491822812500002 0.6990581375 0.20234229531249998 0.6861335484375 0.23475495156249998
0 0.647908290625 0.3672693671875 0.741120740625 0.3735592640625 0.7669699203125 0.3087339515625 0.657534965625 0.29358665156249997 0.647908290625 0.3672693671875
0 0.6358098796875 0.3674023796875 0.6234338078125 0.4350914859375 0.6946488078125 0.4502287 0.7383675578125 0.46222600937499997 0.742495434375 0.3765560671875 0.6866782734375 0.3646917640625 0.6358098796875 0.3674023796875
0 0.672373684375 0.5266321203125 0.7427640140625 0.536184834375 0.76971023125 0.5419124296875 0.7842856703125001 0.48280462812499997 0.732593365625 0.46099866875 0.683100428125 0.44777401718750004 0.6182088890624999 0.45020852343750006 0.5997832359374999 0.5274301734375 0.672373684375 0.5266321203125
0 0.56568434375 0.612138790625 0.6341507046875 0.6023503203125 0.70811585625 0.6045490796874999 0.7592588874999999 0.61001065625 0.7724596296875 0.5479060437500001 0.71774253125 0.530866353125 0.62727948125 0.5305700765625 0.5805351796875 0.542271103125 0.56568434375 0.612138790625
0 0.56568434375 0.612138790625 0.5579823984375001 0.686230628125 0.665768771875 0.6712768609374999 0.74715820625 0.6669398796875 0.762008284375 0.61600426875 0.6814442734374999 0.6069936703125001 0.56568434375 0.612138790625
0 0.8098602156249999 0.4098071296875 0.7416700140625 0.389903646875 0.7257191171875 0.4649467109375 0.7914345578125 0.4870287765625 0.8098602156249999 0.4098071296875
0 0.834883971875 0.35832939375 0.763944371875 0.3324322984375 0.73974528125 0.38949453125 0.81590904375 0.4192066609375 0.834883971875 0.35832939375
0 0.8607339140624999 0.2745720125 0.784020121875 0.247447571875 0.7620196421875 0.3320231828125 0.8329592453125001 0.35792028125 0.8533073578125 0.337903959375 0.8607339140624999 0.2745720125
0 0.8805335140624999 0.21927923749999997 0.8024465359375 0.1512938515625 0.7798960265625 0.23845715156249997 0.8241640484375001 0.266798846875 0.8703568031250001 0.2955496515625 0.8805335140624999 0.21927923749999997
0 0.9022593531249999 0.1265314375 0.8008002281250001 0.064396565625 0.7873233359375 0.15619312968750002 0.8725599562499999 0.20947059375000002 0.8929080703125001 0.189454278125 0.9022593531249999 0.1265314375
0 0.7790743875 0.157144365625 0.6097004515625 0.064346121875 0.596224315625 0.1372106203125 0.6897106421875 0.170604771875 0.7559753609375 0.2090312140625 0.7790743875 0.157144365625
0 0.666044165625 0.6605169765625 0.55715773125 0.6806461296874999 0.54340695625 0.7453384296875 0.6503686656250001 0.7248001656249999 0.666044165625 0.6605169765625
0 0.749907603125 0.672933490625 0.6734676921875 0.672913315625 0.65146796875 0.7385568515625 0.7328574015625 0.734219878125 0.749907603125 0.672933490625
0 0.650918696875 0.722212471875 0.54010753125 0.7419325078125001 0.5230580859375 0.7842868171874999 0.5260813609375 0.8173846953125 0.6544912421875 0.7716547265625 0.650918696875 0.722212471875
0 0.722409084375 0.7265898078124999 0.654492759375 0.7337905796874999 0.6484416609375 0.7811872671875 0.70453421875 0.7822916875 0.722409084375 0.7265898078124999
0 0.7070089765625001 0.7801131125 0.6338684953125 0.783498853125 0.6242425703125 0.838249503125 0.68885946875 0.8276428046875001 0.7070089765625001 0.7801131125
0 0.6385426171875 0.78990158125 0.5189324765625 0.813160540625 0.5005068171875 0.8903821953125 0.6264419375 0.846830803125 0.6385426171875 0.78990158125
0 0.61764295625 0.85036973125 0.5027069421875 0.880031425 0.4884061375 0.94731141875 0.5915183828125 0.9259549296875 0.61764295625 0.85036973125
0 0.6913342328125001 0.8254642265625 0.622042446875 0.8486002687499999 0.6099417671875 0.9055294921874999 0.674834059375 0.8841629140625 0.6913342328125001 0.8254642265625
0 0.596467903125 0.921597771875 0.47493302656249997 0.9444476171874999 0.464482440625 0.9936137687500001 0.5444971749999999 0.9862799859375 0.588767471875 0.9578254562499999 0.596467903125 0.921597771875
0 0.6712592359375 0.8915168796874999 0.5997680890625 0.9060716203125001 0.588767471875 0.9578254562499999 0.636886471875 0.9491212328125 0.6762072453125 0.9250238656249999 0.6712592359375 0.8915168796874999
0 0.65692001875 1 0.6696053578125001 0.9939403203125 0.6668582328125 0.9311504875000001 0.562645165625 0.9766144375 0.5617221390625 1 0.65692001875 1
0 0.5563095437500001 1 0.5585203125 0.9865560859375 0.49952145625 1 0.5563095437500001 1
0 0.9921701031250001 0.186211628125 0.9165578875 0.11604766562499999 0.9036325406250001 0.16739238750000002 0.960822125 0.23904971874999997 0.9921701031250001 0.186211628125
0 0.95724654375 0.265335753125 0.9047318437499999 0.1811490796875 0.8841068203125 0.2497894234375 0.9432211374999999 0.3218558609375 0.95724654375 0.265335753125
0 0.9393709203125 0.3399697046875 0.8907056734375001 0.2566012640625 0.8659573093749999 0.2973191171875 0.9011486953125001 0.39675583593749997 0.9275448718750001 0.40507112031250003 0.9393709203125 0.3399697046875
0 0.8304837265625 0.379030928125 0.8563283671875 0.42779805312499997 0.8860232187499999 0.45845133125000004 0.9115406640625 0.3979420484375 0.8681559234374999 0.3248324875 0.8304837265625 0.379030928125
0 0.8884979828124999 0.4562727546875 0.8274581796874999 0.4027292734375 0.8156328890625 0.4488986125 0.8774973656249999 0.50802659375 0.8884979828124999 0.4562727546875
0 0.8807975499999999 0.49250044062500004 0.8082086109375 0.4554343515625 0.7906083781250001 0.519308425 0.86237264375 0.5507900171875 0.8807975499999999 0.49250044062500004
0 0.864847409375 0.548611440625 0.789233678125 0.5163116171875 0.7675085937499999 0.590127346875 0.8178262015625 0.608936496875 0.8409229546875 0.6138458625000001 0.864847409375 0.548611440625
0 0.8381735578124999 0.60785225 0.770257990625 0.596120959375 0.759257371875 0.6478747953124999 0.80792564375 0.6555149546875 0.82909766875 0.66001520625 0.8381735578124999 0.60785225
0 0.833222521875 0.650073553125 0.767231684375 0.6387513703125001 0.749906846875 0.6918655625000001 0.79610035625 0.7016842953125 0.8156222890624999 0.7139476250000001 0.833222521875 0.650073553125
0 0.81754701875 0.714356740625 0.7411078671875 0.695404490625 0.721856784375 0.7859737140624999 0.8029708203125001 0.792396615625 0.81754701875 0.714356740625
0 0.796921996875 0.7829970859375 0.721307509375 0.769629334375 0.7122316203125 0.8217922906249999 0.772173634375 0.823714940625 0.796921996875 0.7829970859375
0 0.7713489640625 0.8181304421875 0.6982084828125 0.8215161828124999 0.68775789375 0.8706823312499999 0.7628238656249999 0.8487736343750001 0.7713489640625 0.8181304421875
0 0.7595244375 0.845367709375 0.6734601171875 0.8622340359375 0.6786820078125 0.922845290625 0.7608976203125 0.886228659375 0.7595244375 0.845367709375
0 0.7540233703125 0.8901767046875 0.6665828390625 0.9419103718749999 0.6643812046875001 0.9901252812499999 0.7600706828125 0.9374403796875 0.7540233703125 0.8901767046875
0 1 0.33877545 0.9638446437500001 0.2910796640625 0.9429449828124999 0.351547815625 0.9874868921875001 0.406993771875 1 0.3714027265625 1 0.33877545
0 0.968238834375 0.42183470625 0.9404694687499999 0.372658465625 0.9129717062499999 0.40738270625000006 0.9525640859375001 0.46718581718749996 0.9610884328125 0.4554747015625 0.968238834375 0.42183470625
0 0.888222584375 0.4670326375 0.8920712890625 0.48678293437500003 0.9198414140625 0.5170270984374999 0.944038990625 0.4978290125 0.9492646640625001 0.46377990156250004 0.9113216156249999 0.4151457890625 0.888222584375 0.4670326375
0 0.9159919546875 0.5162088703125 0.8860224609375 0.47738340625 0.8730971171874999 0.5287281328125 0.9044420593750001 0.551618334375 0.91269176875 0.5317350234375 0.9159919546875 0.5162088703125
0 0.8571469765625 0.5848391328125 0.8923413796874999 0.6085475578125 0.9082900078125 0.590300709375 0.915990440625 0.55407301875 0.8986678749999999 0.5503909921875 0.874197178125 0.5235527453125 0.8571469765625 0.5848391328125
0 0.8945415046875 0.59819679375 0.8601717640625001 0.5800728609375 0.843397715625 0.6116672890625 0.886841071875 0.6344244781249999 0.8945415046875 0.59819679375
0 0.885190978125 0.6421875578125 0.847521809375 0.6206577015625 0.8307470046875001 0.6711842046875 0.8725410234375 0.6827723984375 0.885190978125 0.6421875578125
0 0.8189217187500001 0.71735354375 0.8241451203124999 0.7401006531250001 0.8664891703125001 0.749101159375 0.8813384921875 0.7170976171875 0.882439309375 0.6929901640625 0.833496403125 0.6771778171875 0.8189217187500001 0.71735354375
0 0.8766628515624999 0.7485590390625 0.82277041875 0.7371038484375 0.7949965078125001 0.801520040625 0.8670376875000001 0.7843776109375 0.8766628515624999 0.7485590390625
0 0.86813775 0.7792022234375 0.780973371875 0.8012439421875 0.764748590625 0.849182746875 0.8486135453125 0.823735115625 0.86813775 0.7792022234375
0 0.8505382734375001 0.824144228125 0.7589744031250001 0.84795540625 0.7584228609375 0.8884072421875 0.8334888265625 0.8664985390625001 0.8505382734375001 0.824144228125
0 0.8348642859375 0.850563271875 0.762822353125 0.8866377734374999 0.757871315625 0.9288590765625001 0.8326618921875 0.9177102546875 0.840636959375 0.889654759375 0.8348642859375 0.850563271875
0 0.9333016484375 0.8417361281250001 0.8554855234375 0.8765832890624999 0.8444849031249999 0.9283371328125 0.9192762374999999 0.8982562359375 0.9333016484375 0.8417361281250001
0 0.9372278843749999 0.8478717046875 0.944649634375 0.8129551109375001 0.8653860796874999 0.8300048296875 0.858785709375 0.8610571374999999 0.9349509859375 0.852905125 0.9372278843749999 0.8478717046875
0 0.942317934375 0.8239248937499999 0.9497361124999999 0.789025115625 0.8774860046875 0.792007678125 0.8697855703125 0.8282353671875 0.9118549859374999 0.8290636875 0.942317934375 0.8239248937499999
0 0.8843602531249999 0.7880596343749999 0.951952659375 0.7785970843750001 0.9612377765625 0.73491404375 0.893160746875 0.7466565625 0.8843602531249999 0.7880596343749999
0 0.9663042640624999 0.66754253125 0.89206371875 0.67610365625 0.8862872546875 0.73167253125 0.9377056828124999 0.726374228125 0.9630025625 0.7209328296875 0.9663042640624999 0.66754253125
0 0.9542081250000001 0.610879325 0.8920659875 0.619307440625 0.8832654921875 0.6607105140625 0.9181860187499999 0.6573146828125 0.9503571515625 0.6479252375 0.9542081250000001 0.610879325
0 0.9608084953124999 0.5798270171875 0.9088407953125 0.5687809421875001 0.9011403625 0.605008628125 0.957507553125 0.6142852421875 0.9608084953124999 0.5798270171875
0 0.972083753125 0.5362453671875 0.9294650656250001 0.51907266875 0.9126902546875 0.5695991703125001 0.9588837671875 0.579417903125 0.972083753125 0.5362453671875
0 0.992432621875 0.4972969765625 0.9506393609374999 0.46677670468750004 0.926165634375 0.5156667500000001 0.9863815265625 0.5446936640625 0.992432621875 0.4972969765625
0 1 0.42950655937500004 0.9632900718749999 0.40725978906250004 0.9517394234375001 0.4616013203125 1 0.487951365625 1 0.42950655937500004
0 0.3372119953125 0.04970059375 0.266546271875 0.05090775937499999 0.2563710796875 0.08931402656250001 0.2527955 0.115600059375 0.3152115140625 0.13427620468749998 0.3372119953125 0.04970059375
0 0.3471064921875 0.1545787109375 0.24674591562499998 0.125132596875 0.2244715578125 0.1826039453125 0.3377552109375 0.21750154843749997 0.3471064921875 0.1545787109375
0 0.298279934375 0 0.2904684515625 0.0424695484375 0.3581086296875 0.064960728125 0.37543766875 0 0.298279934375 0
0 0.3366551484375 0.2226769328125 0.2151225453125 0.1887305703125 0.20412192812500002 0.24048440937499999 0.319879584375 0.2921355046875 0.3366551484375 0.2226769328125
0 0.3229028609375 0.32523338281249997 0.3209788890625 0.305892196875 0.19642300937499999 0.2388479515625 0.1848731171875 0.274257415625 0.17359710625 0.336771134375 0.28578069687499996 0.376844121875 0.31492703906249997 0.37222095 0.3229028609375 0.32523338281249997
0 0.1689229765625 0.3303684140625 0.162872634375 0.3588330265625 0.2068652640625 0.3979345984375 0.2714798921875 0.44412412031250004 0.301728565625 0.377529346875 0.22776416875 0.35639851875 0.1689229765625 0.3303684140625
0 0.1579231125 0.36319018281250004 0.145272403125 0.4227070984375 0.1826654234375 0.47392890625 0.2395803671875 0.5374140390625 0.27780335312500004 0.46169584375 0.209339271875 0.41468809375 0.1579231125 0.36319018281250004