0 0.671005915625 0.019851115625 0.542011834375 0.0570719609375 0.53964496875 0.13399503906250002 0.6769230765625001 0.1066997546875 0.671005915625 0.019851115625
0 0.42011834375 0.173697271875 0.48402366875 0.153846153125 0.5254437890625 0.1290322578125 0.5147928984375 0.032258065625 0.4118343203125 0.0967741953125 0.42011834375 0.173697271875
0 0.4011834296875 0.09925558125 0.29822485312499997 0.1265508703125 0.30059171562500003 0.1836228265625 0.333727809375 0.18610421875 0.40355029531250003 0.18610421875 0.402366865625 0.119106696875 0.4011834296875 0.09925558125
0 0.1988165703125 0.20843672343750003 0.267455621875 0.18858560625 0.299408284375 0.176178659375 0.27692307656250004 0.1042183609375 0.18698225 0.14392059375 0.1988165703125 0.20843672343750003
0 0.18106508906250002 0.168734490625 0.0875739640625 0.168734490625 0.098224853125 0.2456575671875 0.2 0.23573201250000003 0.18106508906250002 0.168734490625
0 0.0816568046875 0.173697271875 0.0035502953125 0.168734490625 0.0035502953125 0.2307692328125 0.099408284375 0.2307692328125 0.0816568046875 0.173697271875
0 0.12426035312499999 0.0794044640625 0.0035502953125 0.0769230765625 0.0011834296875 0.16377170937500002 0.12307692343750001 0.156327540625 0.12426035312499999 0.0794044640625
0 0.26508875781249996 0.022332503125 0.22721893437500001 0.024813896874999998 0.12426035312499999 0.074441690625 0.1254437890625 0.153846153125 0.1786982234375 0.156327540625 0.26982248593749997 0.0918114140625 0.26508875781249996 0.022332503125
0 0.08994082656249999 0.0595533484375 0.131360946875 0.0595533484375 0.17751479375 0.027295284375 0.171597634375 0 0.08994082656249999 0.009925559375 0.08994082656249999 0.0595533484375
0 0.08402366875 0 0.004733728125 0.0024813875 0.004733728125 0.0769230765625 0.08639053125 0.0645161296875 0.08402366875 0
0 0.275739646875 0.0024813875 0.2899408265625 0.0794044640625 0.38224851875 0.007444168750000001 0.275739646875 0.0024813875
0 0.319526628125 0.044665012500000004 0.32189349218749996 0.1066997546875 0.42248520625 0.08188585781249999 0.49230769218750003 0.044665012500000004 0.48875739687499997 0 0.392899409375 0.007444168750000001 0.319526628125 0.044665012500000004
0 0.1585798828125 0.23821339843749997 0.028402365625 0.2456575671875 0.029585800000000002 0.30024814218749996 0.172781065625 0.32009925781250004 0.1585798828125 0.23821339843749997
0 0.228402365625 0.218362284375 0.1680473390625 0.2431761796875 0.1680473390625 0.32258064375 0.2343195265625 0.2878411953125 0.3076923078125 0.28039701875 0.30059171562500003 0.1935483875 0.228402365625 0.218362284375
0 0.3278106515625 0.2704714640625 0.48875739687499997 0.27295285156250004 0.4792899421875 0.173697271875 0.41775148125 0.18114144062499998 0.3207100578125 0.19106700000000001 0.3278106515625 0.2704714640625
0 0.48994082656250004 0.161290321875 0.48875739687499997 0.23573201250000003 0.532544378125 0.25310173593749996 0.6792899421875 0.218362284375 0.6781065078124999 0.10173697343749999 0.5455621296875 0.14392059375 0.48994082656250004 0.161290321875
0 0.5349112421875 0.24069478593750002 0.5349112421875 0.33250620625 0.6579881656250001 0.339950375 0.6579881656250001 0.2258064515625 0.5349112421875 0.24069478593750002
0 0.533727809375 0.2952853609375 0.4248520703125 0.26799007656249996 0.42366863906249996 0.3424317625 0.532544378125 0.3697270453125 0.533727809375 0.2952853609375
0 0.3124260359375 0.327543425 0.3656804734375 0.352357321875 0.42130177656249995 0.359801490625 0.42130177656249995 0.27295285156250004 0.3124260359375 0.2580645171875 0.3124260359375 0.327543425
0 0.2 0.339950375 0.2118343203125 0.3920595546875 0.30059171562500003 0.37965260624999997 0.29230769218749997 0.30769230937500003 0.207100590625 0.30769230937500003 0.2 0.339950375
0 0.1964497046875 0.327543425 0.10532544218749999 0.32506203125 0.10532544218749999 0.39950372343749996 0.1988165703125 0.39702233593749997 0.1964497046875 0.327543425
0 0.0248520703125 0.317617865625 0.0248520703125 0.3821339921875 0.10414201249999999 0.39950372343749996 0.10532544218749999 0.315136478125 0.0236686390625 0.297766746875 0.0248520703125 0.317617865625
0 0.14674556249999998 0.40694788906249996 0.0213017765625 0.3920595546875 0.027218934374999997 0.45409429062499995 0.14556212968749999 0.48138958125000003 0.14674556249999998 0.40694788906249996
0 0.15147928906250002 0.48138958125000003 0.2094674546875 0.4665012375 0.29230769218749997 0.4565756828125 0.293491121875 0.3846153875 0.153846153125 0.40694788906249996 0.15147928906250002 0.48138958125000003
0 0.3704142 0.357320096875 0.31597633125 0.32506203125 0.30059171562500003 0.42431762031250003 0.4473372765625 0.4094292765625 0.4473372765625 0.359801490625 0.3704142 0.357320096875
0 0.6544378703125 0.39950372343749996 0.6544378703125 0.33498759375 0.5479289921875 0.3449131484375 0.48402366875 0.362282878125 0.4816568046875 0.42928039843750004 0.6544378703125 0.39950372343749996
0 0.100591715625 0.5334987625000001 0.149112425 0.5384615359375 0.14674556249999998 0.47890818749999997 0.028402365625 0.451612903125 0.03076923125 0.51612903125 0.100591715625 0.5334987625000001
0 0.2319526609375 0.5310173671875 0.2958579875 0.51861041875 0.2899408265625 0.44665012187500003 0.155029584375 0.47394540625000003 0.1526627234375 0.5558312640625 0.2319526609375 0.5310173671875
0 0.40355029531250003 0.4342431734375 0.29467455781249996 0.4019851109375 0.29230769218749997 0.5062034718749999 0.40828402343750003 0.5235732 0.40355029531250003 0.4342431734375
0 0.5183431953125 0.42928039843750004 0.40355029531250003 0.4193548390625 0.4106508875 0.5062034718749999 0.5301775140625 0.5136476437499999 0.5183431953125 0.42928039843750004
0 0.6520710078125 0.41191067031250006 0.5242603531250001 0.4267990078125 0.5301775140625 0.51861041875 0.6520710078125 0.48635235625 0.6520710078125 0.41191067031250006
0 0.6579881656250001 0.488833746875 0.48047337187499994 0.51861041875 0.4852071015625 0.5831265484375 0.6615384609375 0.5781637734375 0.6579881656250001 0.488833746875
0 0.48047337187499994 0.5111662531250001 0.324260353125 0.501240696875 0.3230769234375 0.5707196015625 0.4792899421875 0.5930521109375 0.48047337187499994 0.5111662531250001
0 0.3088757375 0.5210918125 0.14674556249999998 0.5384615359375 0.15029585781250002 0.62034739375 0.3171597625 0.6079404453125 0.3088757375 0.5210918125
0 0.035502959375 0.5980148890625 0.0875739640625 0.62034739375 0.1479289921875 0.6228287859375 0.14674556249999998 0.5384615359375 0.033136096875 0.51861041875 0.035502959375 0.5980148890625
0 0.6615384609375 0.5905707234375 0.5384615390625 0.5980148890625 0.5384615390625 0.6774193562499999 0.6520710078125 0.6674937937500001 0.6615384609375 0.5905707234375
0 0.5384615390625 0.5905707234375 0.4319526609375 0.5905707234375 0.4319526609375 0.660049625 0.540828403125 0.6774193562499999 0.5384615390625 0.5905707234375
0 0.4295858 0.5930521109375 0.32189349218749996 0.5781637734375 0.32189349218749996 0.645161290625 0.427218934375 0.672456575 0.4295858 0.5930521109375
0 0.195266271875 0.6774193562499999 0.1988165703125 0.70719603125 0.29230769218749997 0.6997518578124999 0.3147928984375 0.6054590578125 0.2 0.6253101734375 0.195266271875 0.6774193562499999
0 0.1147928984375 0.689826303125 0.1183431953125 0.7245657546875 0.2 0.71960298125 0.1917159765625 0.635235728125 0.1301775140625 0.6302729546875 0.1147928984375 0.689826303125
0 0.10650887812500001 0.687344915625 0.1278106515625 0.62034739375 0.054437870312500004 0.6079404453125 0.0473372765625 0.640198509375 0.0473372765625 0.70967741875 0.1100591734375 0.7245657546875 0.10650887812500001 0.687344915625
0 0.30059171562500003 0.697270471875 0.18698225 0.70719603125 0.185798815625 0.7667493796875 0.311242603125 0.7791563296875 0.30059171562500003 0.697270471875
0 0.16449704062499998 0.7320099234375 0.053254437499999994 0.70719603125 0.0568047328125 0.7692307671874999 0.16449704062499998 0.781637715625 0.16449704062499998 0.7320099234375
0 0.4745562109375 0.66253101875 0.319526628125 0.640198509375 0.3207100578125 0.7171215859375 0.47337278125 0.7419354828125 0.4745562109375 0.66253101875
0 0.48402366875 0.66501240625 0.48402366875 0.7344913171874999 0.5514792890625 0.7468982640624999 0.6579881656250001 0.7270471484375001 0.6556213 0.6674937937500001 0.5455621296875 0.6799007421875001 0.48402366875 0.66501240625
0 0.5278106515625 0.7617866015625 0.43076923125000005 0.7543424328125 0.4319526609375 0.8213399499999999 0.5384615390625 0.826302728125 0.5278106515625 0.7617866015625
0 0.67337278125 0.826302728125 0.6603550312500001 0.7220843671875 0.531360946875 0.7518610453125001 0.5384615390625 0.7617866015625 0.5455621296875 0.838709678125 0.67337278125 0.826302728125
0 0.4248520703125 0.7543424328125 0.3183431953125 0.7320099234375 0.32189349218749996 0.8238213406250001 0.42248520625 0.836228290625 0.4248520703125 0.7543424328125
0 0.3076923078125 0.7667493796875 0.2011834296875 0.7568238203125001 0.204733728125 0.838709678125 0.319526628125 0.8486352374999999 0.3076923078125 0.7667493796875
0 0.3100591734375 0.843672459375 0.17041420000000002 0.8312655093749999 0.171597634375 0.8808933031249999 0.306508878125 0.9081885859375 0.3100591734375 0.843672459375
0 0.1251347625 0.8169001796875 0.2011834296875 0.836228290625 0.1988165703125 0.7692307671874999 0.12426035312499999 0.7692307671874999 0.1251347625 0.8169001796875
0 0.06035503125 0.828784115625 0.131360946875 0.878411909375 0.12899408437499998 0.836228290625 0.10887573749999999 0.818858559375 0.0568047328125 0.7642679875 0.06035503125 0.828784115625
0 0.1301775140625 0.8734491296875 0.0497041421875 0.8511166250000001 0.0520710078125 0.8933002453125001 0.1301775140625 0.9255583093749999 0.1301775140625 0.8734491296875
0 0.131360946875 0.8759305218750001 0.131360946875 0.9230769234375 0.2011834296875 0.9354838703125001 0.202366865625 0.8957816390625 0.131360946875 0.8759305218750001
0 0.3076923078125 0.9007444187500001 0.2082840234375 0.8933002453125001 0.2035502953125 0.9602977671874999 0.3076923078125 0.9578163749999999 0.3076923078125 0.9007444187500001
0 0.42840236562499995 0.9032258046875 0.42840236562499995 0.828784115625 0.32544378906250004 0.81141439375 0.32189349218749996 0.8734491296875 0.42840236562499995 0.9032258046875
0 0.427218934375 0.8908188578124999 0.3230769234375 0.8709677421875 0.3278106515625 0.9602977671874999 0.43550295937500005 0.970223321875 0.427218934375 0.8908188578124999
0 0.5372781078125 0.833746896875 0.42603550312499994 0.8312655093749999 0.42840236562499995 0.9181141421874999 0.47337278125 0.9156327546874999 0.5372781078125 0.833746896875
0 0.5278106515625 0.0397022328125 0.6686390531249999 0.009925559375 0.49112426249999996 0.00496278125 0.49112426249999996 0.027295284375 0.5278106515625 0.0397022328125