0 0.64351653125 0 0.58408448125 0.0368440859375 0.598788246875 0.2201868984375 0.6321721421875 0.24145149687499998 0.9780918312500001 0.0688742765625 0.9744822843750001 0 0.64351653125 0
0 0.594909846875 0.24340433125 0.55921295625 0.048376070312500005 0.5539980890625 0.0460922421875 0.2780466828125 0.2574533 0.27282915937499996 0.352340571875 0.29422321875 0.371676396875 0.594909846875 0.24340433125
0 0.2678842375 0.2579858921875 0.1605076828125 0.347998565625 0.15328546406250002 0.404633940625 0.17833429843749998 0.428892490625 0.265162334375 0.3680851515625 0.2678842375 0.2579858921875
0 0.1616641796875 0.434880396875 0.0904370890625 0.46929882031250003 0.08437402187500001 0.5156449203125 0.0996613515625 0.5480864453125001 0.142629440625 0.5253775359375 0.1616641796875 0.434880396875
0 0.48690704843750005 0 0.4020046328125 0.0044495453125 0.274751840625 0.1297694421875 0.26574589375 0.2171838671875 0.2940485671875 0.23871476249999998 0.5493178046875 0.0540089140625 0.5364683218749999 0 0.48690704843750005 0
0 0.53969375 0 0.5406717953125 0.01866220625 0.5769085796875 0.0295487671875 0.625397221875 0 0.53969375 0
0 0.619023153125 0.24981200312500002 0.27782039687500004 0.3827645546875 0.2767922328125 0.4927750578125 0.3098188515625 0.539629684375 0.6307840437500001 0.474223134375 0.619023153125 0.24981200312500002
0 0.997459925 0.438439521875 0.9784260031249999 0.075250628125 0.620716896875 0.24972323749999997 0.62414273125 0.47712832031249997 0.7009393125 0.5165748 0.997459925 0.438439521875
0 0.283654521875 0.558900815625 0.2810662625 0.6715502046874999 0.34484750468750003 0.7219073171875 0.70106764375 0.7134671328125 0.690776865625 0.5171073921875 0.63925275 0.4737793078125 0.3763656609375 0.513127940625 0.283654521875 0.558900815625
0 0.1518073796875 0.6680958578125 0.27308848124999996 0.648954128125 0.2949761171875 0.54807895625 0.2792878515625 0.5079870484375 0.13982020625 0.5689959828125 0.1298787359375 0.6385595187499999 0.1518073796875 0.6680958578125
0 0.2734973890625 0.3650912046875 0.16674540625 0.4346141015625 0.135988121875 0.5282827265625001 0.16625182656249998 0.5548251109375 0.27523213750000003 0.49541395 0.2734973890625 0.3650912046875
0 0.1005505578125 0.62986801875 0.141200334375 0.627737653125 0.1391956375 0.5894857625000001 0.1697729546875 0.5571977015625 0.13442802812500002 0.530921615625 0.0945801296875 0.5483527406250001 0.0759026609375 0.6132598484375 0.1005505578125 0.62986801875
0 0.035386528125 0.6179403406249999 0.0777300453125 0.6157212109375 0.086111428125 0.548796565625 0.031911721875 0.551637053125 0.035386528125 0.6179403406249999
0 0.060522690625 0.7086797140625001 0.07696917812500001 0.7308319640625001 0.1345563625 0.727813946875 0.15858234375 0.6677407984375 0.14329501718749998 0.635299271875 0.09065540625 0.6355008625 0.06997324218749999 0.6621560796875 0.060522690625 0.7086797140625001
0 0.153542128125 0.798418603125 0.279680825 0.8071507406249999 0.27803605781249996 0.64613770625 0.1501136421875 0.6681846218749999 0.13776653125 0.6918458828125 0.133307221875 0.7687935 0.153542128125 0.798418603125
0 0.7040763 0.9899909875 0.6996411953125 0.7186561515625 0.35425173593750003 0.739314375 0.29020054375000004 0.7810281156250001 0.290375196875 0.9139897578125 0.4485149921875 0.982415915625 0.6149522578125 0.9946617812499999 0.7040763 0.9899909875
0 1 0.48690702343750003 0.9981364515625 0.45134840625 0.6868548 0.507084415625 0.700887678125 0.7748477015625 1 0.8778729296875 1 0.48690702343750003
0 1 0.883832534375 0.8911185671874999 0.8722776078125 0.7547711109375 0.9280087531250001 0.7635666062500001 0.9868732328125001 1 0.9744822843750001 1 0.883832534375
0 0.5130929546874999 1 0.53190333125 0.9990141906250001 0.3666371921875 0.94323573125 0.37876066875 0.947714625 0.2945182375 0.993043678125 0.2990002640625 1 0.5130929546874999 1
0 0.289709028125 1 0.27878895937500003 0.822540259375 0.1517147421875 0.7959572374999999 0.15474229374999998 0.918540840625 0.2772853484375 1 0.289709028125 1
0 0.0704588484375 0.833458378125 0.1361574640625 0.8555865671875 0.146499871875 0.793673409375 0.138344784375 0.7352867937500001 0.1362501015625 0.7277251828125 0.0840114296875 0.73557715625 0.061769173437500005 0.764871259375 0.0704588484375 0.833458378125
0 0.009051503125 0.68580589375 0.0121253703125 0.7444588078125001 0.0182228390625 0.744139253125 0.039930509375 0.7046446390625001 0.0219239296875 0.685131278125 0.009051503125 0.68580589375
0 0.0057103390625 0.6220527359375 0.00838326875 0.6730552640624999 0.022949440625 0.6722918828125 0.0498719828125 0.63508110625 0.038907659375 0.6203129374999999 0.0057103390625 0.6220527359375
0 0.0392622765625 0.691894009375 0.0648020359375 0.6931126562500001 0.0701068890625 0.6647062046875 0.1005505578125 0.62986801875 0.0794237890625 0.6156324468750001 0.039308598437499995 0.6279633125 0.0242422375 0.6645527375 0.0392622765625 0.691894009375
0 0.0873989140625 0.735399625 0.06533662031250001 0.7033131609375001 0.034715643750000004 0.7023608125 0.0199165765625 0.7440504859375 0.035203909374999995 0.776492009375 0.0590499234375 0.7777994203125 0.0873989140625 0.735399625
0 0.022676834375 0.8615338359375 0.055392492187499996 0.8700478031250001 0.0588262953125 0.8059395765625 0.023882309375 0.7873138749999999 0.022676834375 0.8615338359375
0 0.07005525312500001 0.9229791015625001 0.13294463437499998 0.9887257359375001 0.146587196875 0.8601542312499999 0.063149303125 0.8236129328124999 0.07005525312500001 0.9229791015625001
0 0.28773333125 1 0.154117721875 0.9390306203125001 0.129557153125 0.9889032640625001 0.1377956953125 1 0.28773333125 1
0 0.08546767968749999 1 0.05788545625 0.9824309015624999 0.024142415625 0.9737576796875 0.025517715625 1 0.08546767968749999 1