0 0 0.072072075 0.4205128203125 0.1184041203125 0.45811965624999995 0.097812096875 0.4786324765625 0.0592020578125 0.4615384609375 0.0051480046875 0 0 0 0.072072075
0 0.4786324765625 0.0128700125 0.48547008593749996 0.0900900890625 0.8205128203125 0.1312741328125 0.8888888875 0.10810810781249999 0.8888888875 0.043758043749999996 0.526495728125 0.0025740046875 0.4786324765625 0.0128700125
0 0.4205128203125 0.128700128125 0.47179487187499997 0.164736165625 0.4649572671875 0.20077220156250003 0.728205128125 0.20077220156250003 0.85128205 0.21879022187500002 0.8717948718749999 0.18275417968750002 0.8717948718749999 0.1621621609375 0.823931625 0.133848134375 0.49230769218750003 0.09266409375 0.4205128203125 0.128700128125
0 1 0.030888031249999996 0.8854700859375001 0.0283140265625 0.895726496875 0.102960103125 0.9948717953124999 0.123552121875 1 0.030888031249999996
0 1 0.12097812031249999 0.8923076921875 0.1106821125 0.83076923125 0.1312741328125 0.875213678125 0.1801801796875 1 0.185328184375 1 0.12097812031249999
0 0.83076923125 0.21621621562499999 0.8854700859375001 0.27027026875 0.9982906015624999 0.2676962671875 1 0.187902190625 0.8820512812500001 0.190476190625 0.83076923125 0.21621621562499999
0 0.8683760671874999 0.2985842984375 0.8923076921875 0.33976833906250004 0.9948717953124999 0.33976833906250004 1 0.25997425937499996 0.8888888875 0.2728442734375 0.8683760671874999 0.2985842984375
0 0.8717948718749999 0.3706563703125 0.8717948718749999 0.4144144140625 1 0.40411840625 0.9982906015624999 0.3217503203125 0.8854700859375001 0.3346203359375 0.8717948718749999 0.3706563703125
0 1 0.3912483890625 0.8717948718749999 0.40154440156250004 0.8410256421875 0.4324324328125 0.875213678125 0.46332046406250005 1 0.45559845625 1 0.409266409375 1 0.3912483890625
0 0.8478632453125 0.5148005140625 0.8717948718749999 0.5482625484375 0.9982906015624999 0.5096525093750001 0.9948717953124999 0.4504504515625 0.8786324765625 0.468468465625 0.8478632453125 0.5148005140625
0 0.9982906015624999 0.5122265140625 0.8683760671874999 0.54311454375 0.85128205 0.5559845546875 0.8854700859375001 0.5894465906249999 0.9675213703125 0.584298584375 1 0.5791505796875 0.9982906015624999 0.5122265140625
0 0.8615384609375001 0.64350064375 0.9367521390625001 0.625482625 0.9948717953124999 0.6100386109375 1 0.574002575 0.8854700859375001 0.6100386109375 0.8615384609375001 0.64350064375
0 0.85128205 0.7155727140625 0.9367521390625001 0.6898326921875 1 0.6615186609375 0.9982906015624999 0.6151866125 0.85128205 0.65637065625 0.85128205 0.7155727140625
0 0.953846153125 0.7361647375 0.9948717953124999 0.720720721875 1 0.6512226515624999 0.85128205 0.70785070625 0.85470085625 0.76705276875 0.953846153125 0.7361647375
0 0.8615384609375001 0.8314028296875 0.9299145281250001 0.8159588156250001 0.9982906015624999 0.779922778125 0.9948717953124999 0.7155727140625 0.8615384609375001 0.7747747765625 0.8615384609375001 0.8314028296875
0 0.9880341906250001 0.7824967843749999 0.8478632453125 0.8416988406250001 0.8923076921875 0.885456884375 1 0.8314028296875 0.9880341906250001 0.7824967843749999
0 0 0.2110682109375 0.4 0.23166023125000001 0.45470085625 0.20849420937500002 0.4376068359375 0.1312741328125 0.00683760625 0.06949807031250001 0 0.2110682109375
0 0.222222221875 0.32432432499999997 0.386324784375 0.3346203359375 0.45470085625 0.33976833906250004 0.4649572671875 0.29343629375 0.44444444687500007 0.24453024218750002 0.3897435890625 0.23680823593749997 0.0102564109375 0.21879022187500002 0.0102564109375 0.33204633125 0.222222221875 0.32432432499999997
0 0.0170940140625 0.3294723296875 0.0102564109375 0.45302445156250004 0.239316240625 0.427284428125 0.372649575 0.44530244531249996 0.47179487187499997 0.44530244531249996 0.495726496875 0.40411840625 0.50940170625 0.3577863578125 0.45128205 0.3474903484375 0.3145299140625 0.3268983296875 0.0170940140625 0.3294723296875
0 0 0.44787644687499995 0.0102564109375 0.574002575 0.2188034203125 0.5456885437500001 0.413675215625 0.5173745171874999 0.4786324765625 0.522522521875 0.50940170625 0.489060490625 0.49230769218750003 0.45559845625 0.33504273281249997 0.435006434375 0.2256410265625 0.43758043437499994 0 0.44787644687499995
0 0.0102564109375 0.6975547 0.2837606828125 0.6280566296875 0.46837606718749997 0.602316603125 0.48888888750000004 0.5714285718750001 0.48547008593749996 0.527670528125 0.4102564109375 0.527670528125 0.22905983124999998 0.5456885437500001 0.0034188046875 0.5688545671874999 0.0102564109375 0.6975547
0 0 0.7953667953125 0.184615384375 0.741312740625 0.372649575 0.6949806953125 0.49230769218750003 0.674388675 0.526495728125 0.6357786375 0.4649572671875 0.60489060625 0.177777778125 0.6512226515624999 0.0034188046875 0.6975547 0 0.7953667953125
0 0 0.8957528968749999 0.23247862968750002 0.8416988406250001 0.4205128203125 0.7644787640625 0.4991452984375 0.754182753125 0.49230769218750003 0.676962675 0.39316239375 0.6872586875 0 0.7979407984375 0 0.8957528968749999
0 0.177777778125 0.9214929234374999 0.386324784375 0.8494208484374999 0.47179487187499997 0.833976834375 0.475213678125 0.8056628078125 0.48547008593749996 0.76962676875 0.4205128203125 0.761904759375 0.0034188046875 0.9009008984375001 0.0102564109375 0.9935649921874999 0.177777778125 0.9214929234374999
0 0.4102564109375 0.9009008984375001 0.4786324765625 0.8725868718750001 0.4649572671875 0.8365508390624999 0.39658119531249997 0.8416988406250001 0.00683760625 0.9935649921874999 0.1435897421875 1 0.29059829375 0.9549549546874999 0.4102564109375 0.9009008984375001
0 0.1743589734375 0.9961389953124999 0.3589743578125 0.9987130000000001 0.50940170625 0.944658946875 0.50940170625 0.8931788921875 0.4786324765625 0.882882884375 0.1743589734375 0.9961389953124999
0 0.502564103125 0.9420849421874999 0.3658119640625 0.9961389953124999 0.4649572671875 0.9987130000000001 0.50940170625 0.9884169875 0.502564103125 0.9420849421874999
0 0.46837606718749997 0.20077220156250003 0.46837606718749997 0.2882882890625 0.6632478609375 0.2908622890625 0.8786324765625 0.2908622890625 0.8717948718749999 0.21879022187500002 0.6495726515625 0.2059202046875 0.46837606718749997 0.20077220156250003
0 0.6871794875 0.3809523828125 0.85470085625 0.375804375 0.8854700859375001 0.32432432499999997 0.85470085625 0.29343629375 0.6837606828125 0.3063063046875 0.48205128124999996 0.29343629375 0.47179487187499997 0.3371943359375 0.502564103125 0.3680823671875 0.6871794875 0.3809523828125
0 0.6632478609375 0.45559845625 0.85128205 0.44015444062500003 0.8683760671874999 0.3706563703125 0.7931623937500001 0.37837837812499997 0.615384615625 0.3835263828125 0.495726496875 0.3835263828125 0.48888888750000004 0.4427284453125 0.50940170625 0.478764478125 0.6632478609375 0.45559845625
0 0.48888888750000004 0.5096525093750001 0.505982909375 0.5817245843750001 0.6529914515625 0.540540540625 0.8205128203125 0.5122265140625 0.85470085625 0.5122265140625 0.8717948718749999 0.4839124828125 0.8341880359375 0.4427284453125 0.666666665625 0.44787644687499995 0.5196581171875 0.4761904765625 0.48888888750000004 0.5096525093750001
0 0.8478632453125 0.5070785046874999 0.666666665625 0.5482625484375 0.50940170625 0.576576575 0.5435897421875 0.6280566296875 0.69059829375 0.6100386109375 0.85470085625 0.5688545671874999 0.8478632453125 0.5070785046874999
0 0.48547008593749996 0.674388675 0.5162393171875 0.7258687265625 0.7076923078124999 0.6718146703125 0.8615384609375001 0.6332046328125001 0.8854700859375001 0.5971685984375 0.85128205 0.576576575 0.670085471875 0.60746460625 0.5162393171875 0.64607464375 0.48547008593749996 0.674388675
0 0.8376068359375 0.6898326921875 0.8376068359375 0.64607464375 0.6495726515625 0.676962675 0.48888888750000004 0.73101673125 0.48888888750000004 0.7979407984375 0.6529914515625 0.751608753125 0.8376068359375 0.6898326921875
0 0.8410256421875 0.7361647375 0.8376068359375 0.6949806953125 0.646153846875 0.7490347500000001 0.4786324765625 0.813384815625 0.48888888750000004 0.8803088796875 0.69059829375 0.8056628078125 0.8410256421875 0.7361647375
0 0.533333334375 0.8725868718750001 0.5128205125 0.913770915625 0.5435897421875 0.9317889296875 0.85470085625 0.7953667953125 0.8410256421875 0.7361647375 0.533333334375 0.8725868718750001
0 0.8478632453125 0.8185328203125 0.8478632453125 0.7953667953125 0.5230769234375 0.9317889296875 0.5230769234375 0.9806949812499999 0.8478632453125 0.8185328203125
0 0.875213678125 0.864864865625 0.8410256421875 0.8236808218749999 0.5401709375 0.97039896875 0.5982906015625 1 0.875213678125 0.864864865625
0 0.6803418828125001 1 0.8683760671874999 0.913770915625 0.8629343796875 0.8768977109374999 0.615384615625 1 0.6803418828125001 1