0 0.3153246375 0.02653890625 0.30806741875 0.027949567187500003 0.327000403125 0.1253513390625 0.48728932187499996 0.160002896875 0.46820045 0.0768460765625 0.3153246375 0.02653890625
0 0.5175815796875 0.2330849609375 0.3377774609375 0.173270996875 0.352002584375 0.2915936953125 0.46966657500000003 0.2950455546875 0.545125465625 0.314598290625 0.5175815796875 0.2330849609375
0 0.49129715625000003 0.2934733359375 0.3522124921875 0.31524397656250003 0.384333740625 0.435352696875 0.525743696875 0.410497728125 0.49129715625000003 0.2934733359375
0 0.6529252718749999 0.31996755781249997 0.5319531468750001 0.26187953125 0.5599900859375 0.3459293609375 0.57267260625 0.3434641296875 0.6639122375000001 0.391537509375 0.6529252718749999 0.31996755781249997
0 0.5947962359375001 0.34442841562500004 0.50299033125 0.33858259375 0.523065303125 0.426812415625 0.6130389546874999 0.43827907499999996 0.5947962359375001 0.34442841562500004
0 0.670535003125 0.3955148578125 0.6021219609374999 0.3745925546875 0.6187456015625 0.4450668515625 0.6853263984375 0.47160999531250003 0.670535003125 0.3955148578125
0 0.37933005 0.45475171562499994 0.41257733124999996 0.59570029375 0.5208734374999999 0.5509585796875001 0.5921048203125 0.571333059375 0.5644209953125 0.474052871875 0.49431889843750004 0.421870771875 0.37933005 0.45475171562499994
0 0.6243822781249999 0.443971190625 0.5591374203125 0.46191818749999997 0.588723465625 0.5614609546875 0.7111779828125 0.5745110078125 0.689623875 0.478671675 0.6243822781249999 0.443971190625
0 0.41300040625 0.590353371875 0.44828984062500005 0.749331403125 0.564901028125 0.687179346875 0.5696948078124999 0.6441300453125 0.546801496875 0.556448053125 0.493253075 0.566856809375 0.41300040625 0.590353371875
0 0.708782721875 0.569711915625 0.6239526953125 0.5546130859375 0.5701211328125 0.5861356203125 0.563851471875 0.5689279296875001 0.574695240625 0.6773785078125 0.6449437812500001 0.6400324921875 0.7206158359375 0.6305880171875 0.708782721875 0.569711915625
0 0.42771532187499994 0.76386005 0.45138155468749996 0.8856122640624999 0.5520688046875 0.8318201843749999 0.6321815281250001 0.7925567671875 0.6040046515624999 0.6927400765625 0.504939740625 0.717261040625 0.42771532187499994 0.76386005
0 0.6595984875 0.6477132812499999 0.6095713609375 0.6837609921875 0.6385943875 0.772883834375 0.7386486437500001 0.7007883968749999 0.724913315625 0.6376497062500001 0.6595984875 0.6477132812499999
0 0.155005303125 0.2561804828125 0.0853897453125 0.3118298625 0.10278956718750001 0.3637268828125 0.183678471875 0.305886184375 0.155005303125 0.2561804828125
0 0.21883773125 0.2911548828125 0.0972228609375 0.3727059640625 0.1106050859375 0.4490750046875 0.21537664374999999 0.43134182968749996 0.2537805703125 0.3580682859375 0.21883773125 0.2911548828125
0 0.12293125 0.5124876203125 0.1397680546875 0.5539647000000001 0.25517997812500004 0.5157368484375 0.2609598515625 0.477760553125 0.234402053125 0.40132023125 0.11920003906250001 0.463198375 0.12293125 0.5124876203125
0 0.1421633171875 0.5587638046875 0.132225909375 0.6054452640625 0.14532825 0.6502806062500001 0.1989466515625 0.6477552671875 0.2769439921875 0.6352264609375 0.25045942499999996 0.5140220796875 0.1421633171875 0.5587638046875
0 0.2360780890625 0.6431699875 0.1496257328125 0.6573422812499999 0.1562452421875 0.713967121875 0.174561190625 0.7630537234375 0.260097425 0.751691846875 0.2360780890625 0.6431699875
0 0.2987779828125 0.7625995078125001 0.1732219921875 0.771211059375 0.181813690625 0.8379819234375001 0.33075928593750004 0.866941375 0.31004808125 0.8130556828125 0.2987779828125 0.7625995078125001
0 0.07756771875 0.3317767109375 0.006822871875 0.419233715625 0.0174599859375 0.451386528125 0.0612874234375 0.40601454062500003 0.09644667968750001 0.3912832375 0.07756771875 0.3317767109375
0 0.0211244734375 0.4401448515625 0.0369019609375 0.5213129953125 0.078967125 0.4894452625 0.11750773750000001 0.4845860671875 0.0969397265625 0.3938197375 0.0560738171875 0.4017632671875 0.0211244734375 0.4401448515625
0 0.13081674062499998 0.6057191796875 0.12201187499999999 0.567945528125 0.080229840625 0.5786994765625 0.047112745312499996 0.6114602109375 0.052113182812500006 0.6447086843750001 0.057043648437500004 0.6700737359375 0.140254596875 0.6617961875 0.13081674062499998 0.6057191796875
0 0.0006395546874999999 0.5514347453124999 0.015349490625 0.6271108046875 0.058669232812500006 0.588155115625 0.0816390171875 0.5784255593750001 0.0594486734375 0.5169303578125 0.0006395546874999999 0.5514347453124999
0 0.11144798593750001 0.49102865625 0.07995321875 0.494518278125 0.0532489734375 0.50760608125 0.068956490625 0.58089079375 0.1276485453125 0.566849871875 0.11144798593750001 0.49102865625
0 0.13701317500000001 0.667690940625 0.079237246875 0.6789214421875001 0.093535596875 0.7524800671875 0.15384673124999998 0.7618155234375 0.13701317500000001 0.667690940625
0 0.0757094453125 0.758577471875 0.09000779375 0.8321360984374999 0.1398917234375 0.832969009375 0.1743447765625 0.844698415625 0.1580742421875 0.760993778125 0.10473897812499999 0.7424053265625 0.0757094453125 0.758577471875
0 0.0418291734375 0.5993255265624999 0.013412521875 0.6171459687499999 0.0298382546875 0.701649040625 0.061834170312500006 0.679671915625 0.0418291734375 0.5993255265624999
0 0.030732539062499998 0.70624973125 0.0416190078125 0.76225575 0.0845875359375 0.751587053125 0.0787442015625 0.676384940625 0.056197492187499996 0.6807675765625001 0.030732539062499998 0.70624973125
0 0.043268246875 0.7707403578124999 0.055085245312499996 0.83153354375 0.0848641609375 0.8357682625 0.0764823703125 0.7926476796874999 0.0780347328125 0.7554931296875 0.043268246875 0.7707403578124999
0 0 0.5431897234374999 0.0008965578125 0.5467381375 0.037325043749999995 0.5159660625 0.022110565625000002 0.44521785625000004 0 0.47870864375 0 0.5431897234374999
0 0 0.479614215625 0.018869153125 0.45111261562499994 0.0054137046875 0.41950762968750005 0 0.42596114218750003 0 0.479614215625