0 0.873015871875 0.0757020765625 0.57770395 0.05372405 0.590623846875 0.22466422656249999 0.9117755624999999 0.251526253125 0.873015871875 0.0757020765625
0 0.4724990765625 0.33455433437500004 0.509413065625 0.3052503078125 0.590623846875 0.29304029374999996 0.5647840546875 0.129426128125 0.46142487968749996 0.1196581171875 0.4724990765625 0.33455433437500004
0 0.7161314156249999 0.26373626250000004 0.59800664375 0.2539682578125 0.59800664375 0.300366303125 0.719822815625 0.3125763125 0.7161314156249999 0.26373626250000004
0 0.9062384640625 0.273504271875 0.732742709375 0.2686202671875 0.7216685125 0.302808303125 0.9191583609375 0.3272283296875 0.9062384640625 0.273504271875
0 0.7272056124999999 0.3125763125 0.7585825046875 0.6373626375 0.9856035437499999 0.6422466421874999 0.9431524546875 0.332112334375 0.7272056124999999 0.3125763125
0 0.729051309375 0.3125763125 0.505721665625 0.3076923078125 0.516795865625 0.647130646875 0.7604282015625 0.6324786296875 0.729051309375 0.3125763125
0 0.452196384375 0.1318681328125 0.25839793437499997 0.1098901078125 0.2731635265625 0.43467643437500003 0.3746770046875 0.44932845156249995 0.378368403125 0.3711843703125 0.465116278125 0.3711843703125 0.452196384375 0.1318681328125
0 0.251015134375 0.122100121875 0.0535252859375 0.124542121875 0.0535252859375 0.417582415625 0.275009228125 0.43223442968750003 0.251015134375 0.122100121875
0 0.27131782968749996 0.43467643437500003 0.0424510890625 0.45177045156249995 0.0442967859375 0.5177045171875 0.2676264296875 0.4932844921875 0.27131782968749996 0.43467643437500003
0 0.36729420468749996 0.44688644687499995 0.2694721328125 0.43956044062500005 0.2694721328125 0.495726496875 0.3746770046875 0.4932844921875 0.36729420468749996 0.44688644687499995
0 0.3912882984375 0.7081807062500001 0.382059803125 0.48107448281250004 0.0276854921875 0.5250305234375 0.0276854921875 0.7521367546875 0.3912882984375 0.7081807062500001
0 0.505721665625 0.3785103796875 0.3839055 0.383394384375 0.40420819531249996 0.7130647140625 0.5131044640625 0.698412696875 0.505721665625 0.3785103796875
0 0.6293835359375 0.70573870625 0.6201550390625 0.7765567734375 0.9413067546875 0.8205128203125 0.9505352531250001 0.7399267375 0.6293835359375 0.70573870625
0 0.60723514375 0.7765567734375 0.505721665625 0.783882784375 0.5186415656250001 0.8376068359375 0.6035437453125 0.8229548203125001 0.7124400140625 0.847374846875 0.729051309375 0.7985348 0.60723514375 0.7765567734375
0 0.946843853125 0.815628815625 0.7345884109374999 0.786324784375 0.719822815625 0.847374846875 0.9302325578125 0.8522588515624999 0.946843853125 0.815628815625
0 0.28977482499999996 0.8522588515624999 0.394979696875 0.8424908406249999 0.5001845703125001 0.8498168515625 0.502030271875 0.781440778125 0.2916205234375 0.788766790625 0.28977482499999996 0.8522588515624999
0 0.2731635265625 0.778998778125 0.0424510890625 0.8058608046875 0.0498338875 0.876678878125 0.2823920265625 0.8522588515624999 0.2731635265625 0.778998778125