0 0.6527554828125 0.4483282671875 0.8257535218750001 0.3368794296875 0.8364544296875 0.293819653125 0.8239700390625 0.27862208437499997 0.6438380593749999 0.39766970625 0.6527554828125 0.4483282671875
0 0.8239700390625 0.34701114375 0.695559121875 0.43059777187500003 0.713393971875 0.4888551171875 0.834670946875 0.38500506562500003 0.8239700390625 0.34701114375
0 0.8132691281250001 0.43819655312499994 0.6331371484375 0.5648429562499999 0.654538971875 0.6180344468750001 0.8435883703125 0.48378925937500006 0.8132691281250001 0.43819655312499994
0 0.6937756375 0.433130696875 0.5903335125 0.50911854375 0.5814160859374999 0.56231003125 0.5974674546875 0.5901722406250001 0.7026930625000001 0.5015197546875 0.7116104875 0.45592705312500004 0.6937756375 0.433130696875
0 0.638487603125 0.41033434687500003 0.46370608124999996 0.5268490359375 0.4601391125 0.5724417453124999 0.4601391125 0.5876393078125 0.558230784375 0.5268490359375 0.647405028125 0.45845997812499995 0.638487603125 0.41033434687500003
0 0.451221684375 0.6053698078124999 0.4601391125 0.6813576484375 0.5760656328125 0.595238096875 0.579632603125 0.557244175 0.5546638125000001 0.5344478203125 0.451221684375 0.6053698078124999
0 0.467273053125 0.762411346875 0.558230784375 0.6864235046875 0.6527554828125 0.620567378125 0.6331371484375 0.5597771015624999 0.4601391125 0.6940222859375 0.467273053125 0.762411346875
0 0.5939004828125001 0.263424521875 0.4280363828125 0.134245184375 0.2942750140625 0.220364740625 0.46192259687500004 0.3546099296875 0.5939004828125001 0.263424521875
0 0.5403959328125 0.0405268515625 0.42981986718750004 0.126646403125 0.5992509375 0.273556228125 0.7187444281250001 0.18490374999999998 0.5403959328125 0.0405268515625
0 0.3299447109375 0.49392097343749997 0.45478865625 0.3622087140625 0.28357410625 0.217831815625 0.1551631875 0.331813575 0.3299447109375 0.49392097343749997
0 0.2907080453125 0.460992909375 0.18726591875 0.37740628125 0.16051364375 0.43566362812500004 0.2693062234375 0.5192502546875 0.2907080453125 0.460992909375
0 0.1551631875 0.49645389843750004 0.16051364375 0.5192502546875 0.338862134375 0.6585612984375 0.3566969859375 0.602836878125 0.1765650078125 0.460992909375 0.1551631875 0.49645389843750004