0 0.6492449609375 0 0.5398516250000001 0.0497045125 0.5114221390625 0.10833578125000001 0.5720889234375 0.12508896875 0.798194825 0.010489665625 0.79271933125 0 0.6492449609375 0
0 0.5061707375 0.0887372859375 0.532363825 0.051710860937500006 0.5001549375 0.0363348046875 0.43724465625000003 0.026184357812499996 0.25229322656250003 0.06974034375 0.265060834375 0.1473408890625 0.5061707375 0.0887372859375
0 0.028445026562499996 0.2077411015625 0.25158563906250003 0.15695315625 0.23956823124999999 0.0821523984375 0.009682915625 0.12274437812500001 0.028445026562499996 0.2077411015625
0 0.295811934375 0.2471299765625 0.5249328484375 0.173734009375 0.5436381328125 0.138713934375 0.50242684375 0.089740459375 0.309237415625 0.1325030078125 0.25234293750000003 0.174755040625 0.25386464375 0.22536090937500003 0.295811934375 0.2471299765625
0 0.256079740625 0.1587497671875 0.0733718078125 0.1957030046875 0.0194639296875 0.21914998125000001 0.036718534375 0.283545034375 0.259859146875 0.2327570890625 0.256079740625 0.1587497671875
0 0.10714501406250002 0.351697534375 0.27412004843750004 0.300955103125 0.317525125 0.2383111421875 0.2643461421875 0.2195516015625 0.10036480781249998 0.266491065625 0.06894162499999999 0.32892529062500003 0.10714501406250002 0.351697534375
0 0.33552992812500004 0.30550598125 0.4134087046875 0.29664162968749996 0.591622534375 0.25789177812499997 0.5916012281249999 0.21288548125 0.54216614375 0.1931227625 0.3362446203125 0.23329526718750002 0.30930843750000003 0.282524003125 0.33552992812500004 0.30550598125
0 0.8056897265625 0.023485415625 0.5645940234375 0.112093221875 0.5451598390625 0.1893198078125 0.580355325 0.18589080468750002 0.8499018203125001 0.08365803125 0.8056897265625 0.023485415625
0 0.8896340140625 0.1720382375 0.8776237140625 0.11223957968750001 0.8439215265625 0.10626605 0.5885933265625 0.186684240625 0.60285423125 0.25488225781249996 0.7323902765625 0.214171571875 0.8896340140625 0.1720382375
0 0.6058692375 0.29608559375 0.6335911296875001 0.3246671421875 0.7346763890625 0.297581428125 0.8926703265624999 0.25824787968749996 0.9113685125 0.208225709375 0.8664204249999999 0.1752575046875 0.742121571875 0.20556248125 0.6043546296875 0.260481825 0.6058692375 0.29608559375
0 0.7669065859375 0.357963784375 0.9069241296874999 0.31144379375 0.8971715281250001 0.27504659062500003 0.852237646875 0.27208258125 0.6335911296875001 0.3246671421875 0.589435853125 0.384511321875 0.623145146875 0.40548694531249996 0.7669065859375 0.357963784375
0 0.45762789843749996 0.371816346875 0.60514034375 0.338292103125 0.583384540625 0.257098340625 0.33853072812499996 0.316705121875 0.3056142546875 0.38854187812499996 0.334829446875 0.40772089375 0.45762789843749996 0.371816346875
0 0.304856946875 0.3707399921875 0.33628012812499997 0.30830576718749997 0.302570840625 0.2873301390625 0.10264381250000001 0.334898825 0.0674838390625 0.41333832187499997 0.126650215625 0.4244919421875 0.304856946875 0.3707399921875
0 0.5991529421874999 0.34589802812500003 0.36103673125 0.40069867343750004 0.34981214375 0.41871029374999996 0.35731414687499996 0.44670814375 0.6119063437500001 0.393494371875 0.5991529421874999 0.34589802812500003
0 0.31085145000000003 0.3781361734375 0.11391812187499999 0.421901896875 0.1109457328125 0.4707111515625 0.15738001875000002 0.47927472812499994 0.34607534375000004 0.4347155671875 0.31085145000000003 0.3781361734375
0 0.344603353125 0.48912439374999994 0.331099753125 0.4387282640625 0.12443512968749999 0.491103084375 0.10798044062500001 0.5345225124999999 0.1506708296875 0.5440892625 0.344603353125 0.48912439374999994
0 0.587949659375 0.408915946875 0.3565639453125 0.44390835781250004 0.3423669546875 0.510729240625 0.36184375 0.523515253125 0.593222365625 0.47352074218749995 0.587949659375 0.408915946875
0 0.8792590499999999 0.40287904531249996 0.8912196421875 0.3576630078125 0.847021753125 0.32749458593749997 0.6104201484375 0.41789899999999996 0.61119165625 0.46570508437499997 0.64414364375 0.4688788296875 0.8792590499999999 0.40287904531249996
0 0.8777586515625 0.39727947656249996 0.6201798515625 0.4692983046875 0.6134635625 0.5191107374999999 0.670379340625 0.5218650046875 0.9062378515624999 0.44366290625 0.8777586515625 0.39727947656249996
0 0.587978065625 0.468924346875 0.373075446875 0.5205057281250001 0.3978107453125 0.5678923359375 0.616464365625 0.5303098796875 0.617186159375 0.47310126406249997 0.587978065625 0.468924346875
0 0.36410145 0.54691670625 0.3438602546875 0.5013267109374999 0.139439134375 0.5470987843749999 0.12224134843750001 0.6027205234374999 0.1754132265625 0.606477965625 0.36410145 0.54691670625
0 0.197897925 0.645465215625 0.383599553125 0.6047090171875 0.41579424062500003 0.590080878125 0.370088853125 0.5393107890625 0.19263232187499998 0.5958625234375 0.15820123749999998 0.632095509375 0.197897925 0.645465215625
0 0.60747616875 0.52671665625 0.4232749375 0.5730724296874999 0.43827894062499995 0.629068128125 0.65317445625 0.562484646875 0.6449151515625 0.5166849109375 0.60747616875 0.52671665625
0 0.186666228125 0.648474740625 0.20392083125 0.7128698 0.41208585624999994 0.6660945500000001 0.399325353125 0.603496103125 0.186666228125 0.648474740625
0 0.6636630546875 0.5716774375 0.42629704375 0.629277865625 0.433813253125 0.68727991875 0.5408930078124999 0.667590384375 0.6794172578125 0.6304729234375 0.6636630546875 0.5716774375
0 0.67567335625 0.6314760984375 0.4428014453125 0.6908731375 0.46379284375 0.7392629187499999 0.6307749859375 0.703522590625 0.7093968562499999 0.682455925 0.67567335625 0.6314760984375
0 0.42783295624999995 0.7098879328125001 0.40459805781249997 0.6681008984375 0.230878325 0.7086473578125 0.2099224328125 0.7352680765625 0.23240003125 0.759253228125 0.42783295624999995 0.7098879328125001
0 0.45481885312500003 0.7656738921875 0.444308946875 0.7114748093750001 0.2368941296875 0.7610498359375 0.20995084687499999 0.7952764734375 0.22494064218749998 0.8212679765625 0.45481885312500003 0.7656738921875
0 0.46758645625 0.843274440625 0.45481885312500003 0.7656738921875 0.21670264687500002 0.8204745390625 0.23918734375 0.859461790625 0.296853321875 0.86501584375 0.46758645625 0.843274440625
0 0.2714175390625 0.9198441484375 0.471351665625 0.8872775624999999 0.46458565625 0.832075303125 0.22796275000000002 0.877473415625 0.2714175390625 0.9198441484375
0 0.2901654421875 0.974836675 0.4953367625 0.9318643874999999 0.469101065625 0.8788782062499999 0.25719214687499997 0.9266566296875001 0.2901654421875 0.974836675
0 0.5072476390625 0.7816336515625 0.71690595625 0.725455871875 0.7078964546875001 0.67685635625 0.478018240625 0.7324504328125 0.5072476390625 0.7816336515625
0 0.4930506484375 0.848454534375 0.7101967671875 0.79027040625 0.6959429640625 0.737074490625 0.47729644687499995 0.7896590484375 0.4930506484375 0.848454534375
0 0.49457946093749994 0.914062503125 0.7416767671875 0.8478529781249999 0.713190465625 0.7864674468749999 0.4930506484375 0.848454534375 0.49457946093749994 0.914062503125
0 0.52530215625 0.953843184375 0.7589313703125 0.912248034375 0.7416767671875 0.8478529781249999 0.49682295468750004 0.9074597578124999 0.52530215625 0.953843184375
0 1 0.8228290125 0.9872878703125 0.806048084375 0.743162959375 0.823448346875 0.745449071875 0.9068582 1 0.86810259375 1 0.8228290125
0 1 0.7703512953125 0.9880025625 0.7338373703125 0.7364040593750001 0.7832481828125 0.779865946875 0.8406210171874999 1 0.801750865625 1 0.7703512953125
0 0.7401550593749999 0.7972471062500001 0.9827653656249999 0.744243075 0.9714981593750001 0.6722420984374999 0.71840635625 0.7310554421875 0.7401550593749999 0.7972471062500001
0 0.9595233656250001 0.687453940625 0.955758159375 0.643450815625 0.71314785625 0.696454846875 0.71616285625 0.737658190625 0.9595233656250001 0.687453940625
0 0.728873646875 0.695241934375 0.957251459375 0.634048284375 0.94299765625 0.5808523703125 0.7101328484375 0.655251509375 0.728873646875 0.695241934375
0 0.708632446875 0.6496519421875 0.93700315625 0.5734561874999999 0.91376115625 0.516667053125 0.69437864375 0.5964560265625 0.708632446875 0.6496519421875
0 0.6891343437499999 0.5918596328125 0.9175050578124999 0.515663878125 0.893512853125 0.4560749609375 0.6688860484375 0.531267534375 0.6891343437499999 0.5918596328125