0 0.743697478125 0.231139646875 0.8937575046875 0.263242378125 0.91176470625 0.1936864609375 0.743697478125 0.1214553265625 0.743697478125 0.231139646875
0 0.9017607062499999 0.2739432859375 0.7456982765625 0.231139646875 0.7236894765625 0.26859283125 0.7557022812499999 0.308721240625 0.8917567015625 0.3863028359375 0.9017607062499999 0.2739432859375
0 0.8077230890625 0.426431246875 0.9057623078124999 0.46655965625 0.8877551015625 0.3809523828125 0.7957182859375 0.34349919687499997 0.731692675 0.340823971875 0.731692675 0.4157303359375 0.8077230890625 0.426431246875
0 0.727691075 0.1455323703125 0.6276510578125001 0.137506684375 0.5976390546875 0.22043873593750002 0.673669465625 0.2284644203125 0.739695878125 0.2284644203125 0.727691075 0.1455323703125
0 0.621648659375 0.12948100468749998 0.5256102421875 0.11610487031250001 0.489595840625 0.18566078125000002 0.5116046421875 0.20706260156249998 0.5976390546875 0.201712146875 0.621648659375 0.12948100468749998
0 0.6796718703125 0.32477260625 0.721688675 0.32744783125 0.7236894765625 0.2498662359375 0.6236494593749999 0.2284644203125 0.5996398578125001 0.2739432859375 0.603641459375 0.3167469203125 0.6796718703125 0.32477260625
0 0.5236094453125 0.27661851249999997 0.6076430578124999 0.2739432859375 0.6096438578125001 0.223113965625 0.57763105 0.2043873703125 0.5216086421874999 0.20706260156249998 0.5076030406250001 0.2498662359375 0.5236094453125 0.27661851249999997
0 0.49359743749999996 0.16693419062499998 0.467587034375 0.1642589609375 0.433573428125 0.2097378265625 0.5116046421875 0.2471910125 0.5116046421875 0.2177635125 0.49359743749999996 0.16693419062499998
0 0.44957983125 0.0973782765625 0.43957583125 0.14820759687500001 0.499599840625 0.1615837359375 0.531612646875 0.1134296390625 0.43557423125000005 0.0920278203125 0.44957983125 0.0973782765625
0 0.27150860625 0.1883360125 0.391556621875 0.1829855546875 0.42156862500000003 0.11878009687499999 0.2675070046875 0.11878009687499999 0.27150860625 0.1883360125
0 0.1094437765625 0.199036915625 0.273509403125 0.1883360125 0.2615046015625 0.1214553265625 0.11144457968749999 0.12680578125 0.1094437765625 0.199036915625
0 0.4155662265625 0.18566078125000002 0.26350540312500004 0.1936864609375 0.269507803125 0.27661851249999997 0.413565425 0.2739432859375 0.4155662265625 0.18566078125000002
0 0.2675070046875 0.34884965156250003 0.41756702343749996 0.340823971875 0.4155662265625 0.28464419687500003 0.27551020625 0.2739432859375 0.2675070046875 0.34884965156250003
0 0.11144457968749999 0.30069556249999996 0.27551020625 0.2739432859375 0.26350540312500004 0.199036915625 0.101440575 0.196361690625 0.11144457968749999 0.30069556249999996
0 0.11944777656250001 0.43713215625 0.28151260625 0.42108079375 0.273509403125 0.35420010625 0.11944777656250001 0.3595505625 0.11944777656250001 0.43713215625
0 0.27551020625 0.4157303359375 0.41756702343749996 0.40770465624999996 0.41756702343749996 0.346174428125 0.28151260625 0.3515248828125 0.27551020625 0.4157303359375
0 0.42757102812500003 0.485286246875 0.41756702343749996 0.4103798828125 0.2775110046875 0.4157303359375 0.2775110046875 0.49598715625 0.42757102812500003 0.485286246875
0 0.13345338281250002 0.514713753125 0.2775110046875 0.50401284375 0.273509403125 0.42910647187500006 0.11144457968749999 0.43178170156249995 0.13345338281250002 0.514713753125
0 0 0.5518407765625 0.13345338281250002 0.52006420625 0.105442175 0.455858746875 0 0.4797544203125 0 0.5518407765625
0 0 0.6352366796875 0.127450978125 0.5976457984375 0.127450978125 0.5227394328125 0 0.55682183125 0 0.6352366796875
0 0.1094437765625 0.6056714828125 0.27551020625 0.573568753125 0.27551020625 0.4986623875 0.12945178125 0.5227394328125 0.1094437765625 0.6056714828125
0 0.41756702343749996 0.5441412531250001 0.41756702343749996 0.487961478125 0.2775110046875 0.4986623875 0.2775110046875 0.5601926171875 0.41756702343749996 0.5441412531250001
0 0.413565425 0.6056714828125 0.411564625 0.5334403437499999 0.2775110046875 0.565543071875 0.28551420625 0.629748528125 0.413565425 0.6056714828125
0 0.1254501796875 0.6645264828124999 0.28551420625 0.6324237593750001 0.27551020625 0.5762439828125 0.117446978125 0.600321028125 0.1254501796875 0.6645264828124999
0 0 0.7123977640625 0.1314525796875 0.6672017140625 0.11944777656250001 0.6163723937500001 0 0.6366531640625 0 0.7123977640625
0 0.273509403125 0.6993044375 0.273509403125 0.627073303125 0.12945178125 0.661851259375 0.12344937812500001 0.715355803125 0.273509403125 0.6993044375
0 0.3835534203125 0.653825571875 0.3955582234375 0.6056714828125 0.283513403125 0.6217228484375 0.27951180781249996 0.6859283031250001 0.3835534203125 0.653825571875
0 0 0.7617771734375001 0.117446978125 0.720706259375 0.127450978125 0.6698769375 0 0.7039593359375 0 0.7617771734375001
0 0.44557823125 0.28464419687500003 0.51960784375 0.311396465625 0.5076030406250001 0.23381487812500001 0.44557823125 0.2284644203125 0.44557823125 0.28464419687500003
0 0.5936374546875001 0.3809523828125 0.717687075 0.4157303359375 0.7296918781249999 0.338148740625 0.6236494593749999 0.308721240625 0.5936374546875001 0.3809523828125
0 0.9017607062499999 0.455858746875 0.7997198875 0.42108079375 0.7256902765625 0.42108079375 0.6916766734375 0.45318352187500005 0.7356942765625 0.5093632984375 0.8997599031249999 0.541466021875 0.9017607062499999 0.455858746875
0 0.719687875 0.573568753125 0.7997198875 0.600321028125 0.8857543031249999 0.6645264828124999 0.8957583031249999 0.5521669328125001 0.777711084375 0.49331193281249996 0.719687875 0.49331193281249996 0.719687875 0.514713753125 0.719687875 0.573568753125
0 0.707683071875 0.48261102187500005 0.6356542593750001 0.46923488750000003 0.589635853125 0.4772605671875 0.589635853125 0.5280898875 0.7156862734375 0.5762439828125 0.707683071875 0.48261102187500005
0 0.5136054421875 0.32744783125 0.575630253125 0.346174428125 0.6016406562500001 0.3568753359375 0.6176470578125001 0.32744783125 0.5996398578125001 0.2873194203125 0.51960784375 0.27661851249999997 0.509603840625 0.29534510625 0.5136054421875 0.32744783125
0 0.46358543281250003 0.3515248828125 0.5016006390625 0.367576240625 0.5236094453125 0.340823971875 0.505602240625 0.29534510625 0.46358543281250003 0.292669878125 0.43757502812500004 0.3167469203125 0.46358543281250003 0.3515248828125
0 0.541616646875 0.399678971875 0.5836334546875 0.42108079375 0.611644659375 0.4023542015625 0.6016406562500001 0.3649010171875 0.5296118437499999 0.346174428125 0.5016006390625 0.3649010171875 0.499599840625 0.399678971875 0.541616646875 0.399678971875
0 0.4975990390625 0.37025147187499996 0.45558223125 0.35420010625 0.43557423125000005 0.37827715156249997 0.45158062968749996 0.4103798828125 0.499599840625 0.426431246875 0.4975990390625 0.37025147187499996
0 0.719687875 0.4184055625 0.6096438578125001 0.399678971875 0.5736294546875 0.4424826125 0.5916366562500001 0.46655965625 0.7116846734375 0.4772605671875 0.719687875 0.4184055625
0 0.5816326515625 0.426431246875 0.499599840625 0.4023542015625 0.46958783593750003 0.4424826125 0.495598240625 0.45050829375 0.5876350546875 0.49063670156250005 0.5816326515625 0.426431246875
0 0.589635853125 0.5387907984375 0.589635853125 0.49063670156250005 0.4735894375 0.43178170156249995 0.461584634375 0.46120920156249995 0.589635853125 0.5387907984375
0 0.495598240625 0.546816478125 0.5816326515625 0.6163723937500001 0.5816326515625 0.546816478125 0.5156062421875001 0.514713753125 0.495598240625 0.546816478125
0 0.7236894765625 0.5842696640625 0.589635853125 0.5361155671875 0.57763105 0.5789192062499999 0.6076430578124999 0.5896201171875 0.7156862734375 0.661851259375 0.7236894765625 0.5842696640625
0 0.8817527015625 0.653825571875 0.7236894765625 0.5708935281249999 0.7256902765625 0.64579989375 0.7797118875 0.6859283031250001 0.8777511015625 0.7528089875 0.8817527015625 0.653825571875
0 0.45158062968749996 0.45318352187500005 0.447579034375 0.4986623875 0.499599840625 0.5254146640624999 0.509603840625 0.4986623875 0.45158062968749996 0.45318352187500005
0 0.41756702343749996 0.43178170156249995 0.46958783593750003 0.455858746875 0.4755902359375 0.42108079375 0.42757102812500003 0.397003746875 0.41756702343749996 0.43178170156249995
0 0.4195678265625 0.5521669328125001 0.47959183593750004 0.573568753125 0.4975990390625 0.5280898875 0.42957182656250004 0.50401284375 0.4195678265625 0.5521669328125001
0 0.4815926390625 0.5976457984375 0.5816326515625 0.661851259375 0.5916366562500001 0.6110219375 0.4975990390625 0.5575173875 0.4815926390625 0.5976457984375
0 0.42156862500000003 0.5896201171875 0.4975990390625 0.6350989828125 0.5016006390625 0.600321028125 0.4255702265625 0.5601926171875 0.42156862500000003 0.5896201171875
0 0.4915966390625 0.6565008031249999 0.575630253125 0.720706259375 0.57763105 0.6645264828124999 0.5036014421874999 0.6136971640625 0.4915966390625 0.6565008031249999
0 0.44557823125 0.653825571875 0.4875950390625 0.6805778484375 0.4975990390625 0.6404494374999999 0.447579034375 0.60834670625 0.44557823125 0.653825571875
0 0.49359743749999996 0.707330121875 0.5616246515625 0.776886034375 0.575630253125 0.718031034375 0.499599840625 0.6672017140625 0.49359743749999996 0.707330121875
0 0.707683071875 0.6565008031249999 0.5916366562500001 0.594970571875 0.5836334546875 0.6511503484375 0.625650259375 0.661851259375 0.6776710671874999 0.688603534375 0.707683071875 0.6565008031249999
0 0.777711084375 0.768860353125 0.84573829375 0.84644195 0.8597438984375 0.744783309375 0.7136854765625 0.6484751171875 0.6616646640625 0.691278759375 0.721688675 0.7287319453125 0.777711084375 0.768860353125
0 0.7296918781249999 0.8196896734375001 0.7837134875 0.8544676296875 0.8337334921874999 0.8785446734375 0.8317326921875001 0.830390584375 0.7697078828125 0.774210809375 0.707683071875 0.73140716875 0.673669465625 0.7929373984375 0.7296918781249999 0.8196896734375001
0 0.57763105 0.6966292140625 0.6796718703125 0.7715355796875001 0.717687075 0.7233814875 0.5876350546875 0.6565008031249999 0.57763105 0.6966292140625
0 0.5816326515625 0.744783309375 0.67567026875 0.8196896734375001 0.6896758703125 0.774210809375 0.5856342531250001 0.70465489375 0.5816326515625 0.744783309375
0 0.57763105 0.78491171875 0.6616646640625 0.8598180843750001 0.6796718703125 0.8170144453124999 0.57763105 0.7501337640625 0.57763105 0.78491171875
0 0.5596238484375 0.8116639875 0.6476590625 0.8945960390625001 0.6696678656249999 0.8571428609374999 0.56762705 0.7795612640625 0.5596238484375 0.8116639875
0 0.8317326921875001 0.87586945 0.687675071875 0.8063135390625 0.6696678656249999 0.8598180843750001 0.743697478125 0.910647403125 0.8317326921875001 0.9909042234375001 0.8317326921875001 0.87586945
0 0.8334190796875 1 0.8357342937500001 0.98555376875 0.67567026875 0.862493315625 0.6856742687499999 0.910647403125 0.800234378125 1 0.8334190796875 1
0 0.7887603984375 1 0.6636654656250001 0.889245584375 0.613645459375 0.9133226343749999 0.6376550625 0.9481005890624999 0.683263303125 1 0.7887603984375 1