0 0.4974656921875 0 0.4679917984375 0.0664989875 0.5918633843750001 0.14159982499999998 0.616747559375 0.0660684328125 0.52604634375 0 0.4974656921875 0
0 0.729328146875 0.1507029921875 0.6519907640625 0.051609300000000004 0.6074295703125 0.1418081296875 0.63894551875 0.1805656078125 0.6940847906250001 0.22246395156249998 0.729328146875 0.1507029921875
0 0.7737243703125001 0.265093690625 0.8068299015625 0.2744144546875 0.8293023578125001 0.21983456562499998 0.73881035625 0.1568828921875 0.7306435359375001 0.1757397 0.7058142000000001 0.2403764109375 0.7737243703125001 0.265093690625
0 0.93135940625 0.2760809109375 0.8579134921874999 0.2056902109375 0.8106118468749999 0.2676049875 0.8373045093749999 0.290963628125 0.8970478609375 0.334537715625 0.93135940625 0.2760809109375
0 1 0.32835065625 0.9283447578124999 0.30227028125 0.8862501203125 0.360622934375 0.9817299328125 0.40628938437500006 1 0.3717773125 1 0.32835065625
0 1 0.213483346875 0.9343195140624999 0.14618258125 0.8983638562499999 0.130367125 0.8692044828125001 0.1961564921875 0.9350316703124999 0.2910608125 0.9877045390625 0.307503509375 1 0.2752292953125 1 0.213483346875
0 0.85402201875 0.176987221875 0.8929044234375001 0.110916628125 0.8107438578125 0.081012628125 0.7896747359375 0.0744355578125 0.85402201875 0.176987221875
0 0.6859349609375001 0.03558590625 0.6694752671875001 0.07161644687499999 0.7242308203125 0.1324757546875 0.813297759375 0.1921800796875 0.8375241656249999 0.1327812421875 0.7793155546875 0.070665125 0.767235340625 0.06517682500000001 0.6859349609375001 0.03558590625
0 1 0.4096616109375 0.9256588406249999 0.3776951953125 0.8829064375 0.45218040625 1 0.4773262671875 1 0.4096616109375
0 0.8344540765625 0.399072596875 0.886633540625 0.4562656203125 0.91469673125 0.3791626375 0.86476446875 0.3337021703125 0.803322 0.2840523296875 0.76572176875 0.365870096875 0.8344540765625 0.399072596875
0 0.7846316390625 0.274520934375 0.693755909375 0.230530228125 0.6365337984375 0.20151710312499999 0.5922466515625 0.294544334375 0.7496623265625 0.3491102953125 0.7846316390625 0.274520934375
0 0.426225896875 0.1740871828125 0.5566747140625 0.25976792031249996 0.605401271875 0.258402315625 0.630559496875 0.1856993265625 0.5826003875 0.149143009375 0.46859473124999995 0.061261112500000006 0.426225896875 0.1740871828125
0 0.4443133296875 0.1888564515625 0.4039724921875 0.2996919921875 0.5263094828125 0.336033034375 0.5587575499999999 0.2468827046875 0.4443133296875 0.1888564515625
0 0.515456903125 0.373012928125 0.6309974515625 0.385050978125 0.6561556734375 0.31234799999999996 0.540615125 0.30030995 0.515456903125 0.373012928125
0 0.769010459375 0.342509134375 0.657854784375 0.318423740625 0.62716066875 0.402755134375 0.6838895265625 0.41521676718749995 0.74445516875 0.40997424687499995 0.769010459375 0.342509134375
0 0.8539117359375 0.4279838921875 0.7710383046875 0.3978204296875 0.737548896875 0.46476245 0.8194905140625 0.5082300656250001 0.8494171828124999 0.46182060312499995 0.8539117359375 0.4279838921875
0 0.83039778125 0.517657309375 0.9204513796875 0.5531627953125 0.946760621875 0.4808787453125 0.857255115625 0.4510300703125 0.83039778125 0.517657309375
0 1 0.47823937031249997 0.95026851875 0.471240878125 0.9216023984374999 0.5535817328125 1 0.5641303625 1 0.47823937031249997
0 1 0.574548221875 0.877534759375 0.5457284062500001 0.8523765390625 0.61843139375 0.9771252453124999 0.633820934375 1 0.5857714421875 1 0.574548221875
0 0.8706286390625 0.543214784375 0.7427010671875001 0.472095009375 0.7184198203125 0.5423885265624999 0.7954833156250001 0.5813519828125 0.8466214375 0.616336709375 0.8706286390625 0.543214784375
0 0.6018382328125 0.393538521875 0.584298740625 0.44172787968750005 0.7217633515624999 0.508132878125 0.741879084375 0.4063079640625 0.6775315 0.41835995156249994 0.6018382328125 0.393538521875
0 0.5439033625 0.448854459375 0.5652796421875 0.3829609421875 0.50926339375 0.343472065625 0.40917950000000003 0.296129865625 0.38637815937500003 0.358776040625 0.5439033625 0.448854459375
0 0.9517478203125 0.69280083125 0.9768512015624999 0.63099253125 0.8521024921875 0.6156029859375 0.8287530593750001 0.6725923484375 0.877698821875 0.68494983125 0.9517478203125 0.69280083125
0 0.819161175 0.6882018171875 0.8457993046875 0.607851490625 0.724229759375 0.5335885234375 0.69304239375 0.60136841875 0.75081259375 0.63603835625 0.819161175 0.6882018171875
0 0.5819415546875 0.56638834375 0.7008803296874999 0.5905778875000001 0.7354112234375 0.488542346875 0.618116728125 0.4813232328125 0.5819415546875 0.56638834375
0 0.46689440937500004 0.513599965625 0.585778340625 0.548684190625 0.623378575 0.466866425 0.5082217499999999 0.43586741562500003 0.46689440937500004 0.513599965625
0 0.357986084375 0.44394530000000004 0.46514046093749994 0.518418896875 0.5033436250000001 0.43136325937500003 0.38429532499999997 0.3716612578125 0.357986084375 0.44394530000000004
0 0.3163298578125 0.5297441375 0.4860778703125 0.5969846750000001 0.5134832953124999 0.53601425 0.35135400781250004 0.44426008906250003 0.3163298578125 0.5297441375
0 0.48832507031250005 0.6087172359374999 0.6481524656250001 0.6423317 0.6715567375 0.57444765625 0.5161142187500001 0.528785846875 0.48832507031250005 0.6087172359374999
0 0.640752946875 0.680568409375 0.798661871875 0.7516858656250001 0.8310550984375 0.673430221875 0.6795042 0.59916958125 0.640752946875 0.680568409375
0 0.9485688031249999 0.694372425 0.8310550984375 0.673430221875 0.8000869375 0.7549332109375 0.859665928125 0.7738895265625 0.9182035718750001 0.7706375390625 0.9485688031249999 0.694372425
0 0.2939669296875 0.6198364859375001 0.4009569375 0.669692309375 0.4290201296875 0.5925893265625 0.3119449859375 0.5417914781250001 0.2939669296875 0.6198364859375001
0 0.398654896875 0.668854434375 0.51068755 0.6905303578125 0.5352428406249999 0.6230652531249999 0.43165105312499996 0.585360925 0.398654896875 0.668854434375
0 0.5109067546875 0.704253446875 0.6229942453125 0.7150346875 0.646672559375 0.6499790453125 0.536667903125 0.6263125890625 0.5109067546875 0.704253446875
0 0.7485650890625 0.73890945 0.6439319593749999 0.6789968203125001 0.6324763 0.7785164109375 0.7207759406250001 0.818840840625 0.7347527015625 0.79118403125 0.7485650890625 0.73890945
0 0.8147213093750001 0.7684456703125 0.75311433125 0.7514798796875 0.71524005 0.8304692453125 0.7929064734375 0.8641948296875 0.8086371781249999 0.8317190859375 0.8147213093750001 0.7684456703125
0 0.8917848046874999 0.807409128125 0.89627935625 0.773572415625 0.8205312499999999 0.75964566875 0.8175712890625 0.8322421796875 0.8009636109375 0.8671273875000001 0.8672295125 0.8748742406250001 0.8917848046874999 0.807409128125
0 0.5859967890625 0.848916409375 0.71238976875 0.881276384375 0.7322861390625001 0.8230302109375 0.6252961328125 0.7731743875 0.5859967890625 0.848916409375
0 0.727846278125 0.9032740578125 0.836973959375 0.92934998125 0.862351384375 0.8703700890625001 0.7453857734375 0.8550846906249999 0.727846278125 0.9032740578125
0 0.44146168750000003 0.7553800171875 0.5987129999999999 0.7853282046875 0.6270502328124999 0.711053621875 0.4683738578125 0.6778580984375 0.44146168750000003 0.7553800171875
0 0.26716443437500004 0.67556904375 0.363740425 0.732549115625 0.43373343281250004 0.7443811796875 0.45828872656249997 0.6769160671875001 0.393173846875 0.6695881531250001 0.2905138703125 0.6185796734375 0.26716443437500004 0.67556904375
0 0.3483384546875 0.814260403125 0.45368419531250004 0.84714579375 0.47851352656249996 0.782509090625 0.3814989734375 0.7553846609375 0.3483384546875 0.814260403125
0 0.3370474609375 0.823794125 0.3711397984375 0.75161423125 0.3815538125 0.74448998125 0.266616346875 0.66991223125 0.2171221875 0.7665015890625 0.3370474609375 0.823794125
0 0.45763050312500003 0.8649541031249999 0.5598520625 0.8885164031249999 0.595753190625 0.800622884375 0.484268628125 0.7846037765625 0.45763050312500003 0.8649541031249999
0 0.55338435625 0.9134489609375 0.6685411796875 0.944447971875 0.7009344109375 0.8661923296875 0.593834721875 0.8381258781250001 0.55338435625 0.9134489609375
0 0.5449981828125 0.9758845046875001 0.68586116875 0.9971391703125001 0.7045516843749999 0.949368740625 0.5643464640625 0.91198151875 0.5449981828125 0.9758845046875001
0 0.7713658265625 0.905470575 0.698851571875 0.87907754375 0.67287121875 0.9432953171875 0.7536680046875001 0.9514487781250001 0.7713658265625 0.905470575
0 0.759582575 1 0.8124735078124999 0.98592040625 0.8387279109374999 0.9245310437500001 0.768789590625 0.9591061218749999 0.7430834281250001 0.968850471875 0.7297219828125 1 0.759582575 1
0 0.6447083484375 1 0.6457946796875 0.9961994593749999 0.5464780859375 0.968237165625 0.5349173609375 1 0.6447083484375 1
0 0.5423125703125 0.9367057640625 0.5607838796875 0.87521225 0.4545063296875 0.8556310093749999 0.4281970859375 0.9279150578124999 0.5423125703125 0.9367057640625
0 0.5139189140625 1 0.5420385234375 0.9338773625 0.433732978125 0.916286653125 0.397612646875 0.9904570765624999 0.43387783437499994 1 0.5139189140625 1
0 0.3800734546875 0.9240427953125 0.42293523750000006 0.942371865625 0.45593139374999997 0.8588783531249999 0.3468585484375 0.8219077453124999 0.3800734546875 0.9240427953125
0 0.5496422265625001 0 0.6366986203125 0.0542293984375 0.6767651109374999 0.0551691015625 0.684131696875 0.034929571874999996 0.6323358703124999 0.0160774296875 0.58400878125 0 0.5496422265625001 0