0 0.269047946875 0.142773065625 0.0351174328125 0.177891503125 0.04162884375 0.2458732984375 0.2825153078125 0.22017765156250002 0.32238716875 0.1750944875 0.269047946875 0.142773065625
0 0.2760928125 0.14048405 0.31637850312500004 0.15660172187500002 0.5400973578125 0.078069603125 0.509876221875 0.0090293796875 0.33899383437499997 0.0703938875 0.2938827859375 0.1113379109375 0.2760928125 0.14048405
0 0.5556981390625 0 0.526541090625 0.0123768203125 0.5559038468749999 0.07877521875 0.761152165625 0.0033238156249999996 0.759906478125 0 0.5556981390625 0
0 0.5897363265625 0.134959134375 0.5645765625 0.093481653125 0.4969697984375 0.0891618671875 0.3199009296875 0.1554572140625 0.3124115265625 0.2163052375 0.345652346875 0.234711925 0.5674766296875 0.1743197625 0.5897363265625 0.134959134375
0 0.7188829875 0.017057903125000003 0.55323979375 0.08256155312499999 0.5887890359375 0.14402911093749998 0.794037353125 0.06857770625000001 0.7742946015625 0.0078157625 0.7188829875 0.017057903125000003
0 0.6129126015625 0.20628837187500002 0.773138784375 0.160069190625 0.7918760484375 0.1218530671875 0.73415601875 0.08803433125 0.5783106515624999 0.135750834375 0.545483659375 0.1785449828125 0.6129126015625 0.20628837187500002
0 0.5751131421875 0.2098079765625 0.527871496875 0.18426751875 0.341952096875 0.2592800359375 0.3126475390625 0.30092967812500004 0.336090540625 0.337123509375 0.49906967968749993 0.2754061953125 0.566084790625 0.24194875 0.5751131421875 0.2098079765625
0 0.2817458390625 0.20582402656249998 0.0423983125 0.2602269234375 0.0383424234375 0.3316422421875 0.30758616562499996 0.2733669328125 0.3375712890625 0.25778271875000003 0.2817458390625 0.20582402656249998
0 0.031030834375 0.3690666640625 0.0525792578125 0.4234004515625 0.200521384375 0.3753311390625 0.325523246875 0.34055703125000003 0.3013996796875 0.2782977734375 0.0549183828125 0.3467014859375 0.031030834375 0.3690666640625
0 0.09508445 0.494290803125 0.2421681921875 0.44357966875 0.33727384374999997 0.41267796875 0.344585434375 0.37525355 0.3272400078125 0.3458406796875 0.1882373265625 0.37348101875 0.07285546875 0.41389158593750003 0.054029290625000004 0.46381950781250003 0.09508445 0.494290803125
0 0.387771190625 0.472209325 0.403844409375 0.4377795390625 0.33727384374999997 0.41267796875 0.1346895765625 0.48434304375000004 0.10023473281249999 0.510141746875 0.1113936796875 0.5444854515625 0.24782121875000002 0.5089196421875 0.387771190625 0.472209325
0 0.3671700578125 0.4088055578125 0.502828125 0.358886121875 0.6199267468749999 0.32375920156250004 0.6333359109375001 0.2931157453125 0.569518315625 0.2525160453125 0.34227702187500003 0.3321926703125 0.3671700578125 0.4088055578125
0 0.5669431734375 0.244590575 0.6246632015625 0.278409309375 0.795456678125 0.22875660312499999 0.837045290625 0.1889570859375 0.7679885 0.1442182453125 0.583016384375 0.2101607859375 0.5669431734375 0.244590575
0 0.5952697312499999 0.3317707546875 0.3759316875 0.411800190625 0.39052415625000003 0.4567111921875 0.6222351640625 0.36682008125 0.6136513578125 0.34040184375 0.5952697312499999 0.3317707546875
0 0.804307209375 0.220039434375 0.6237159109375 0.287479290625 0.624988125 0.3513219453125 0.799392940625 0.288812928125 0.83213101875 0.25773058125000003 0.804307209375 0.220039434375
0 0.639077846875 0.346743915625 0.654528696875 0.3942967421875 0.8385535187500001 0.33742418281250003 0.867769175 0.307486340625 0.8319532046875 0.2811541875 0.639077846875 0.346743915625
0 0.6213767812500001 0.3641782578125 0.4177563125 0.4566251125 0.44720797812499996 0.5113117109374999 0.658642784375 0.43092946562499995 0.667582228125 0.41050049218750007 0.6213767812500001 0.3641782578125
0 0.14806803125 0.5734594328125 0.181219946875 0.60357791875 0.4039915140625 0.5341157765625 0.4287374453125 0.5143924234374999 0.40443605937499993 0.4755567671875 0.1677525859375 0.52617333125 0.14806803125 0.5734594328125
0 0.42340934375000006 0.521965084375 0.1795031875 0.5982942718750001 0.1808643078125 0.650425128125 0.41059183125 0.5903857718750001 0.4547555890625 0.5585117265624999 0.42340934375000006 0.521965084375
0 0.6480754875 0.4343629875 0.4490136515625 0.504883553125 0.42779015156250005 0.5234624015625 0.45818911093750003 0.569079021875 0.6529590437499999 0.4853493359375 0.6480754875 0.4343629875
0 0.661484653125 0.403719528125 0.6690322625 0.4509195453125 0.8512514109374999 0.40047513749999997 0.8918927359375 0.36974560312500004 0.849120815625 0.333990659375 0.661484653125 0.403719528125
0 0.6835358171875 0.5075423484375 0.8535598265625 0.44353601718749996 0.8783946640625 0.4121008625 0.8319224875 0.40091403124999997 0.660270634375 0.4479249140625 0.650117175 0.51255926875 0.6835358171875 0.5075423484375
0 0.6352579781250001 0.5027836734375 0.46351720937499996 0.5615063578124999 0.4282928984375 0.5729514296875 0.44554941562500006 0.614076103125 0.6524255890624999 0.555620146875 0.6352579781250001 0.5027836734375
0 0.670304471875 0.5147622046875 0.6927112765625 0.5717378171874999 0.8838698718750001 0.500864440625 0.8641271203124999 0.4401024953125 0.670304471875 0.5147622046875
0 0.662134503125 0.5495447999999999 0.4419380765625 0.626932415625 0.4599640671875 0.6824107109375 0.5902940359375 0.6400639375 0.6863469734375001 0.6000922625 0.662134503125 0.5495447999999999
0 0.681018875 0.6076649234375 0.46348650312500006 0.6812662046875 0.46304195000000004 0.7398252140625 0.5370130125 0.7157905578125 0.6894248625 0.6575067625 0.681018875 0.6076649234375
0 0.6997561390625 0.569448803125 0.7029229328125 0.615151503125 0.8852309921874999 0.5529952953125 0.890736915625 0.5219990265625001 0.8600712312500001 0.511517815625 0.6997561390625 0.569448803125
0 0.690549971875 0.6250131796875 0.710381628125 0.6740633218750001 0.9235331921875 0.5989647234375 0.92199425 0.570257471875 0.8825669406250001 0.556781625 0.690549971875 0.6250131796875
0 0.710381628125 0.6740633218750001 0.740602771875 0.74310354375 0.8887227109375001 0.6716106328125 0.9320280859375 0.6370947625000001 0.9297196734375 0.594033884375 0.710381628125 0.6740633218750001
0 0.9504097187499999 0.6457258515625 0.73716925 0.73253625 0.7605233390625 0.780441884375 0.9376811203125 0.7024347359374999 0.9504097187499999 0.6457258515625
0 0.9526292218749999 0.70049853125 0.7579481968749999 0.7725164140625 0.7645485140625 0.8287864109375 0.9513262953125 0.756415715625 0.9526292218749999 0.70049853125
0 0.674476753125 0.65944296875 0.46132518749999996 0.7345415671875 0.479440090625 0.778308059375 0.6766962578125 0.7142156484375 0.674476753125 0.65944296875
0 0.7048757109375 0.7050595890625 0.502291440625 0.7767246609375 0.5186006703125 0.8269193125 0.7229017015625 0.7605378828125 0.7048757109375 0.7050595890625
0 0.7229017015625 0.7605378828125 0.5142198578125 0.8254219953125 0.5233953171875 0.8896174640625001 0.7558757953125 0.8140799781249999 0.7229017015625 0.7605378828125
0 0.7506366078125 0.809940834375 0.5233953171875 0.8896174640625001 0.5431380703124999 0.9503794062500001 0.75199773125 0.8620716906249999 0.7506366078125 0.809940834375
0 0.4164606078125 1 0.551130221875 0.939020415625 0.5094834109375 0.8707718874999999 0.3048267453125 0.9840005234375001 0.30368348749999996 1 0.4164606078125 1
0 0.49394364843750005 0.8349308656250001 0.26661345000000003 0.9263192953124999 0.28369215625 0.9908675703125001 0.48902938437500004 0.9037043609375001 0.49394364843750005 0.8349308656250001
0 0.4811568515625 0.78359170625 0.24772907656249998 0.8681991734375 0.276233459375 0.931955746875 0.49823554999999997 0.8481399828124999 0.4811568515625 0.78359170625
0 0.4863960453125 0.7877308484375 0.46733385156249996 0.7530343312500001 0.245331759375 0.836850096875 0.2652523296875 0.874188440625 0.4863960453125 0.7877308484375
0 0.4482716640625 0.718337815625 0.2229249546875 0.7798744859375 0.23923418437500002 0.8300691375 0.454102509375 0.760254184375 0.4482716640625 0.718337815625
0 0.43024567343750003 0.66285951875 0.21289111562500002 0.7130371953125 0.22387224687499999 0.7708045046875001 0.446554903125 0.71305416875 0.43024567343750003 0.66285951875
0 0.4166893984375 0.5971667359375 0.19752917812499998 0.6537725671875 0.2093686828125 0.7141817015624999 0.43205134375 0.6564313625 0.4166893984375 0.5971667359375