0 0.654730559375 0.2246913609375 0.428295590625 0.30370370625 0.4247849765625 0.3728395078125 0.435316834375 0.40246913281249996 0.5371248 0.3604938265625 0.6687730390625 0.3160493796875 0.654730559375 0.2246913609375
0 0.8618571171875 0.229629628125 0.8583464968750001 0.1851851875 0.8407933984374999 0.1604938265625 0.66701773125 0.2246913609375 0.665262415625 0.3086419734375 0.726698259375 0.2938271609375 0.8407933984374999 0.2543209859375 0.8618571171875 0.229629628125
0 0.742496053125 0.30123456718749997 0.5880287859375 0.35308642031250004 0.6055818875 0.390123459375 0.5985606437500001 0.4469135796875 0.66701773125 0.42469136093750004 0.742496053125 0.390123459375 0.742496053125 0.30123456718749997
0 0.863612425 0.3086419734375 0.8618571171875 0.27407407500000003 0.8407933984374999 0.2543209859375 0.742496053125 0.2938271609375 0.742496053125 0.340740740625 0.7389854296875 0.3827160453125 0.8425487109375001 0.348148146875 0.863612425 0.3086419734375
0 0.5862734781250001 0.34320987187499996 0.435316834375 0.390123459375 0.43882745468750006 0.49629629375000006 0.5125504640625 0.479012346875 0.593294715625 0.4419753078125 0.6055818875 0.3950617265625 0.5862734781250001 0.34320987187499996
0 0.619624365625 0.543209871875 0.6705283468750001 0.49629629375000006 0.656485871875 0.4345678984375 0.444093384375 0.5061728390625 0.4370721421875 0.562962959375 0.4528699328125 0.6024691328125 0.5476566640625 0.5728395078124999 0.619624365625 0.543209871875
0 0.8618571171875 0.43209876718749995 0.8618571171875 0.3728395078125 0.8285062328125001 0.35308642031250004 0.66701773125 0.4345678984375 0.665262415625 0.5160493796875001 0.7302088828125 0.49629629375000006 0.832016853125 0.4543209859375 0.8618571171875 0.43209876718749995
0 0.733719503125 0.4987654328125 0.595050028125 0.5580246921875001 0.603826575 0.5975308671875 0.6020712640625 0.644444446875 0.7109004734375 0.6049382734375001 0.7389854296875 0.5851851875 0.733719503125 0.4987654328125
0 0.8425487109375001 0.451851853125 0.742496053125 0.49629629375000006 0.7389854296875 0.5802469140625 0.8337721609375001 0.548148146875 0.8530805703125001 0.520987653125 0.8530805703125001 0.46666666562500003 0.8425487109375001 0.451851853125
0 0.5862734781250001 0.5530864203125 0.44233807187499996 0.6 0.444093384375 0.720987653125 0.51079515625 0.69629629375 0.5968053359375001 0.6469135796875001 0.60031595625 0.59259259375 0.5862734781250001 0.5530864203125
0 0.6582411796875001 0.6395061734375 0.603826575 0.6469135796875001 0.44058276249999995 0.7234567937499999 0.435316834375 0.8148148125000001 0.5459013515625 0.7728395078125 0.656485871875 0.7160493796875 0.6582411796875001 0.6395061734375
0 0.8337721609375001 0.540740740625 0.6599964875000001 0.6271604921875 0.6635071078125 0.70370370625 0.7723363171875001 0.6543209859375 0.8495699468750001 0.6123456796875 0.8495699468750001 0.5530864203125 0.8337721609375001 0.540740740625
0 0.1334035453125 0.1876543203125 0.12813761562499998 0.222222221875 0.136914165625 0.26666666562499997 0.291381425 0.32345679375 0.291381425 0.2395061734375 0.1334035453125 0.1876543203125
0 0.245743375 0.3728395078125 0.2527646109375 0.3160493796875 0.1474460234375 0.26666666562499997 0.13164823750000001 0.320987653125 0.14218009375000001 0.3604938265625 0.245743375 0.41234567968749997 0.245743375 0.3728395078125
0 0.145690715625 0.4419753078125 0.16148850312500002 0.45679012812500003 0.2352115171875 0.5086419734375001 0.2545199234375 0.5111111125 0.31068983906250003 0.53827160625 0.321221696875 0.4469135796875 0.3177110765625 0.4469135796875 0.156222575 0.362962959375 0.14218009375000001 0.38765432031249997 0.145690715625 0.4419753078125
0 0.1527119515625 0.5530864203125 0.25100930312499997 0.60740740625 0.2492539953125 0.5728395078124999 0.2545199234375 0.5160493796875001 0.16499912187500002 0.46172839374999997 0.145690715625 0.474074075 0.14042478593750002 0.5061728390625 0.1527119515625 0.5530864203125
0 0.2896261171875 0.7333333343749999 0.3001579765625 0.69629629375 0.3159557671875 0.6493827140625 0.15095664375 0.5580246921875001 0.14218009375000001 0.5950617265625 0.1527119515625 0.6271604921875 0.21765841562500002 0.6740740749999999 0.2896261171875 0.7333333343749999
0 0.5968053359375001 0.15061728593749998 0.42302966406250003 0.0987654328125 0.279094259375 0.148148146875 0.2896261171875 0.148148146875 0.44233807187499996 0.2 0.5968053359375001 0.15061728593749998
0 0.595050028125 0.148148146875 0.716166403125 0.120987653125 0.551167278125 0.071604940625 0.44233807187499996 0.10123456718749999 0.595050028125 0.148148146875