0 0.0219780234375 0.056455571875 0.0384615390625 0.203730978125 0.195970696875 0.144820815625 0.31868132031249996 0.1620029421875 0.333333334375 0.0711831125 0.0219780234375 0.056455571875
0 0.32783882656249996 0.1080019640625 0.322344321875 0.21109474687500002 0.4377289375 0.1939126171875 0.5989011015625 0.1791850765625 0.5989011015625 0.0932744234375 0.47252747343749996 0.0711831125 0.32783882656249996 0.1080019640625
0 0.602564103125 0.1006381953125 0.602564103125 0.1939126171875 0.7655677640625 0.17673048593750001 0.7619047625 0.1080019640625 0.602564103125 0.1006381953125
0 0.9010988984375 0.09572901406249999 0.76923076875 0.10554737031250001 0.76923076875 0.18900343749999998 0.9010988984375 0.1644575359375 0.9010988984375 0.09572901406249999
0 0.9120879109375 0.0810014734375 0.9120879109375 0.1423662265625 0.9945054953125 0.1080019640625 0.9945054953125 0.056455571875 0.9120879109375 0.0810014734375
0 0.3260073265625 0 0.3260073265625 0.049091804687500004 0.5109890125 0.019636721875 0.5109890125 0 0.3260073265625 0
0 0.51831501875 0 0.5714285718750001 0.061364753125000004 0.7380952375 0.056455571875 0.7417582421875 0.0024545859375 0.51831501875 0
0 0.74908425 0.0098183609375 0.74908425 0.0711831125 0.9010988984375 0.07609229375 0.908424909375 0.0024545859375 0.74908425 0.0098183609375
0 0.9120879109375 0.007363768749999999 0.9120879109375 0.0785468828125 0.9963369953125 0.05891015937500001 0.9963369953125 0.0024545859375 0.9120879109375 0.007363768749999999
0 0.586080584375 0.31418753125 0.58241758125 0.19636720624999998 0.3681318703125 0.252822778125 0.37362637187500003 0.38782523125 0.586080584375 0.31418753125
0 0.3571428578125 0.3534609734375 0.3589743578125 0.2356406484375 0.1190476203125 0.24300441875 0.13369963437500001 0.4197349015625 0.3571428578125 0.3534609734375
0 0.366300365625 0.5081001484375001 0.3589743578125 0.37064310312500004 0.104395603125 0.439371621875 0.102564103125 0.5817378515625 0.366300365625 0.5081001484375001
0 0.37179487187500004 0.38782523125 0.37362637187500003 0.5498281796875 0.6117216109375 0.4344624421875 0.591575090625 0.328915071875 0.37179487187500004 0.38782523125
0 0.595238096875 0.216003928125 0.6098901109375 0.35100638281249996 0.7527472546875 0.3092783515625 0.7472527453125 0.203730978125 0.595238096875 0.216003928125
0 0.7619047625 0.203730978125 0.7619047625 0.30191458125000004 0.8919413921875 0.27982326875 0.8901098890625001 0.1791850765625 0.7619047625 0.203730978125
0 0.9926739921875001 0.132547865625 0.895604396875 0.154639175 0.902930403125 0.2749140859375 0.9963369953125 0.26018654531249996 0.9926739921875001 0.132547865625
0 0.8919413921875 0.3927344140625 0.8791208796875001 0.30191458125000004 0.7637362640625 0.31909671093749997 0.78021978125 0.4491899859375 0.8919413921875 0.3927344140625
0 0.7582417578125 0.412371134375 0.7527472546875 0.326460478125 0.6080586078125 0.358370153125 0.613553115625 0.4614629375 0.7582417578125 0.412371134375
0 1 0.2626411390625 0.8919413921875 0.294550809375 0.902930403125 0.38537064375 1 0.34855179375 1 0.2626411390625
0 0.377289378125 0.5473735859375 0.097069596875 0.5792832578125 0.097069596875 0.7461953875 0.3681318703125 0.6921944015625 0.377289378125 0.5473735859375
0 0.395604396875 0.567010309375 0.4249084234375 0.6995581750000001 0.6190476203124999 0.6062837531249999 0.602564103125 0.446735396875 0.382783884375 0.5645557218749999 0.395604396875 0.567010309375
0 0.7545787546875 0.4197349015625 0.6208791203125 0.459008346875 0.6282051281250001 0.5817378515625 0.7728937734375 0.5105547375 0.7545787546875 0.4197349015625
0 0.877289378125 0.39764359374999997 0.76739926875 0.44428080468750003 0.7728937734375 0.5081001484375001 0.8846153843750001 0.47864506718750005 0.877289378125 0.39764359374999997
0 0.9963369953125 0.36818850937500003 0.8901098890625001 0.38782523125 0.8901098890625001 0.483554246875 1 0.47619047343750004 0.9963369953125 0.36818850937500003
0 0.9139194156249999 0.5105547375 0.7637362640625 0.5203730984375 0.7765567765625 0.6381934234375 0.906593409375 0.6185567015625 0.9139194156249999 0.5105547375
0 1 0.47128129375 0.91758241875 0.4958271953125 0.9212454234375 0.5964653921874999 1 0.559646540625 1 0.47128129375
0 0.7985348 0.6161021125 0.7527472546875 0.527736865625 0.615384615625 0.62592046875 0.6391941390625 0.7830142375 0.7985348 0.6161021125
0 0.406593409375 0.8615611171875001 0.622710621875 0.7486499734375001 0.6098901109375 0.6308296484375 0.6062271078125 0.613647521875 0.3919413921875 0.711831121875 0.406593409375 0.8615611171875001
0 0.09890110156250001 0.758468334375 0.093406590625 0.8394698093749999 0.20146519999999998 0.9106529234374999 0.3626373609375 0.8173785 0.34981685156250003 0.6897398156250001 0.09890110156250001 0.758468334375
0 0.4010988984375 0.8566519375 0.4010988984375 0.9180166906249999 0.5347985343749999 0.9131075093750001 0.626373628125 0.8566519375 0.624542121875 0.7461953875 0.4010988984375 0.8566519375
0 0.8131868125 0.753559153125 0.9139194156249999 0.753559153125 0.965201465625 0.7388316125000001 0.91758241875 0.6111929328125 0.7893772890624999 0.6210112890625 0.8131868125 0.753559153125
0 0.8021978031250001 0.7486499734375001 0.7765567765625 0.65783014375 0.6556776531249999 0.7879234187499999 0.6886446875 0.883652428125 0.8021978031250001 0.7486499734375001
0 0.9377289375 0.5915562109375 0.946886446875 0.6725576796875 0.9981685 0.65783014375 0.9981685 0.5645557218749999 0.9377289375 0.5915562109375
0 0.934065934375 0.7609229281250001 0.7728937734375 0.7928325984375 0.78205128125 0.876288659375 0.934065934375 0.8419243968749999 0.934065934375 0.7609229281250001
0 0.9542124546874999 0.7830142375 0.9505494499999999 0.8713794781249999 1 0.876288659375 0.9981685 0.773195878125 0.9542124546874999 0.7830142375
0 0.9963369953125 0.66028473125 0.9542124546874999 0.6799214546875 0.9560439562499999 0.753559153125 1 0.7511045671875001 0.9963369953125 0.66028473125
0 0.946886446875 0.8321060359375 0.785714284375 0.8885616078125 0.7930402937500001 0.915562103125 0.9450549468749999 0.8934707890625001 0.946886446875 0.8321060359375
0 0.77106226875 0.837015215625 0.6355311343750001 0.8934707890625001 0.78021978125 0.9131075093750001 0.77106226875 0.837015215625
0 0.384615384375 0.9008345625 0.33150183125 0.8492881703125 0.22710622656249999 0.9081983296875 0.384615384375 0.9008345625