0 0.411129565625 0.017318159375 0.411129565625 0.11627907500000001 0.5564784031250001 0.17812963906249998 0.5537098578124999 0.0964868828125 0.411129565625 0.017318159375
0 0.404208196875 0.27709055312499997 0.514950165625 0.3018307765625 0.5827796249999999 0.33399307500000003 0.571705428125 0.25235032031250004 0.41251384687500003 0.1632855 0.404208196875 0.27709055312499997
0 0.5357142859375 0.30430479843749997 0.4000553703125 0.2993567546875 0.40836101718749995 0.4181098515625 0.5467884828125 0.420583871875 0.5357142859375 0.30430479843749997
0 0.5910852734375001 0.366155371875 0.6035437453125 0.366155371875 0.681063125 0.42800593437499995 0.6838316734375 0.3587332984375 0.580011071875 0.282038596875 0.5910852734375001 0.366155371875
0 0.6243078625 0.37110341562500004 0.538482834375 0.3488372140625 0.5412513875 0.435428009375 0.6243078625 0.46264225468750003 0.6243078625 0.37110341562500004
0 0.686600221875 0.432953978125 0.6256921375 0.4007916921875 0.628460684375 0.47006432968749995 0.686600221875 0.5071746703125 0.686600221875 0.432953978125
0 0.571705428125 0.48738247812499996 0.514950165625 0.425531915625 0.4000553703125 0.435428009375 0.405592471875 0.5739732765625 0.516334440625 0.551707075 0.580011071875 0.583869371875 0.571705428125 0.48738247812499996
0 0.5786267984375 0.5739732765625 0.692137321875 0.6086095968749999 0.6893687671875 0.5145967328125 0.6339977859375 0.47006432968749995 0.568936875 0.475012371875 0.5786267984375 0.5739732765625
0 0.5398671078125 0.5616031703125001 0.4872646734375 0.5616031703125001 0.40697674531250005 0.5690252328125001 0.411129565625 0.7248886703124999 0.5329457375 0.6877783296875 0.545404209375 0.64819396875 0.5398671078125 0.5616031703125001
0 0.6907530484375 0.663038096875 0.6907530484375 0.603661553125 0.6132336656249999 0.5739732765625 0.5564784031250001 0.59376545625 0.5537098578124999 0.5764473078125001 0.544019934375 0.6803562546874999 0.6173864874999999 0.658090053125 0.6907530484375 0.663038096875
0 0.568936875 0.700148434375 0.47065337500000004 0.705096490625 0.3889811734375 0.7347847546875 0.3889811734375 0.8535378515625001 0.49418604843749997 0.821375553125 0.5772425234375 0.7991093515625 0.568936875 0.700148434375
0 0.586932446875 0.7817911921875 0.6949058703125 0.7323107328125 0.6935215968749999 0.6704601703125 0.629844959375 0.6679861484375 0.57585825 0.692726371875 0.586932446875 0.7817911921875
0 0.22425249531250002 0.20781791562500002 0.1481173875 0.2474022765625 0.15503876249999998 0.2993567546875 0.242248059375 0.25977239375 0.22425249531250002 0.20781791562500002
0 0.1467331125 0.3809995 0.249169434375 0.38347353125 0.299003321875 0.32162295625000004 0.27823920156250004 0.25235032031250004 0.1481173875 0.30677882031250003 0.1467331125 0.3809995
0 0.2727021015625 0.3587332984375 0.152270209375 0.39584363906250003 0.1467331125 0.44285007500000007 0.15503876249999998 0.48490845625 0.2713178265625 0.47006432968749995 0.283776303125 0.435428009375 0.2727021015625 0.3587332984375
0 0.269933553125 0.58634339375 0.2671650046875 0.4675902984375 0.1564230359375 0.489856509375 0.1384274640625 0.53191489375 0.1425802859375 0.5764473078125001 0.1937984515625 0.583869371875 0.269933553125 0.58634339375
0 0.1411960125 0.638297871875 0.1495016609375 0.6877783296875 0.2325581375 0.692726371875 0.2297895890625 0.58634339375 0.1453488390625 0.583869371875 0.1411960125 0.638297871875
0 0.1425802859375 0.759524990625 0.27823920156250004 0.8139534906250001 0.26854927812499996 0.759524990625 0.2671650046875 0.71004453125 0.1467331125 0.69520039375 0.1425802859375 0.759524990625
0 0.0581395359375 0.366155371875 0.10797342343750001 0.33151905312499996 0.14396456562499998 0.324096978125 0.137043190625 0.264720434375 0.053986709375 0.33399307500000003 0.0581395359375 0.366155371875
0 0.14396456562499998 0.326571 0.103820596875 0.326571 0.0636766296875 0.3562592765625 0.0636766296875 0.435428009375 0.10935769687500001 0.41316179843749995 0.1467331125 0.4156358203125 0.14396456562499998 0.326571
0 0.13565891562500001 0.58634339375 0.137043190625 0.53191489375 0.13565891562500001 0.494804553125 0.0941306734375 0.497278575 0.0567552625 0.5220187984375 0.0553709875 0.5541810968750001 0.0553709875 0.5789213296875 0.13565891562500001 0.58634339375
0 0.022148392187499998 0.53191489375 0.071982278125 0.5022266171875 0.09551495156249999 0.497278575 0.08582502812500001 0.435428009375 0.022148392187499998 0.45769421406250005 0.022148392187499998 0.53191489375
0 0.0816722015625 0.425531915625 0.08305647656250001 0.497278575 0.1411960125 0.494804553125 0.1398117375 0.420583871875 0.10935769687500001 0.4181098515625 0.0816722015625 0.425531915625
0 0.1315060890625 0.591291434375 0.07475083437499999 0.591291434375 0.07475083437499999 0.663038096875 0.130121815625 0.6828302859375001 0.1315060890625 0.591291434375
0 0.13427464218750002 0.6828302859375001 0.087209303125 0.65561603125 0.0567552625 0.6655121281249999 0.0567552625 0.7372587859374999 0.103820596875 0.7471548718750001 0.13427464218750002 0.76447303125 0.13427464218750002 0.6828302859375001
0 0.053986709375 0.5096486921875 0.0152270234375 0.5244928296875 0.017995571874999998 0.6061355749999999 0.0581395359375 0.588817415625 0.053986709375 0.5096486921875
0 0.019379846875000002 0.6110836171875 0.017995571874999998 0.663038096875 0.066445184375 0.660564075 0.07475083437499999 0.588817415625 0.05260243437499999 0.588817415625 0.019379846875000002 0.6110836171875
0 0.0152270234375 0.7273626921874999 0.0512181609375 0.7397328078125 0.0512181609375 0.697674415625 0.059523809375 0.663038096875 0.0152270234375 0.6729341921875001 0.0152270234375 0.7273626921874999
0 0.0636766296875 0.3612073203125 0.022148392187499998 0.4032657140625 0.024916946875000002 0.4527461703125 0.06506091093750001 0.43047995625 0.0636766296875 0.3612073203125
0 0.05260243437499999 0.33399307500000003 0.024916946875000002 0.3562592765625 0.027685495312500003 0.398317659375 0.059523809375 0.366155371875 0.05260243437499999 0.33399307500000003