0 0.621041278125 0 0.621150228125 0.005211771875 0.6796062734375 0.058203715625 0.74551384375 0.025482659375 0.8900331906250001 0 0.621041278125 0
0 0.8435063921875001 0 0.688937075 0.043371084375 0.6535401750000001 0.07598723125 0.6730661921875 0.2017803828125 0.68819466875 0.2123001796875 0.7424598609374999 0.2264690078125 0.9249412890625001 0.20747996875000002 0.8933440390625 0 0.8435063921875001 0
0 0.42768414843749997 0.15009887187499998 0.44540603125 0.2656602546875 0.4557704453125 0.27174514375 0.548975040625 0.2658605453125 0.67879809375 0.2192319953125 0.64658671875 0.066663425 0.52024039375 0.11795388281250001 0.42768414843749997 0.15009887187499998
0 0.456255665625 0 0.44020985156250003 0.002829309375 0.40765070000000003 0.06659474531250001 0.427233115625 0.1475409328125 0.6294003890625001 0.0670563671875 0.6489640624999999 0.042506990625000005 0.6254632546875001 0.007088742187499999 0.6234097984375 0 0.456255665625 0
0 0.41886078437499996 0.12264248281250001 0.4101595859375 0.0582399453125 0.4205146328125 0.011577053125 0.37159607656250004 0.0202027140625 0.2966207953125 0.09935967031250001 0.3133090625 0.194003534375 0.41886078437499996 0.12264248281250001
0 0.4694423890625 0.41703282656249996 0.6953077890625 0.39566896875 0.6864563031250001 0.20996923125000003 0.45904985781249996 0.25270459375 0.4694423890625 0.41703282656249996
0 0.7088294421875 0.41965945156249995 0.9521442578125001 0.42950591875 0.92584335625 0.21259585312499998 0.6918029421874999 0.23276371875000001 0.7088294421875 0.41965945156249995
0 0.456606740625 0.2689602109375 0.4387720625 0.243092759375 0.33914018437500004 0.30286009062499997 0.3558942234375 0.4054047734375 0.463898434375 0.3705358875 0.456606740625 0.2689602109375
0 0.31170224062499996 0.20747421875 0.330645678125 0.314907790625 0.43568059375 0.23308798125000002 0.42188647812499996 0.12474644531250001 0.31170224062499996 0.20747421875
0 0.4608727375 0.368431925 0.3558284515625 0.3975039546875 0.366596871875 0.503741534375 0.4859991109375 0.4958750546875 0.46718721875 0.4042431171875 0.4608727375 0.368431925
0 0.6988502890625 0.4082316875 0.47800266875 0.41288595 0.49784817343750004 0.52543540625 0.6029018296875 0.5491111609375 0.712202740625 0.5667630625 0.6988502890625 0.4082316875
0 0.7172298890625 0.6028012453125 0.9877195593750001 0.6764303171875 0.959097715625 0.4388297234375 0.700720196875 0.4263642734375 0.7172298890625 0.6028012453125
0 0.22724587187499998 0.18016660625 0.2869047328125 0.119535178125 0.3058858265625 0.0766262234375 0.34623473125 0.019399659375 0.31533880000000003 0.0248474453125 0.20972130781249998 0.088307678125 0.22724587187499998 0.18016660625
0 0.29121775781250003 0.12141214687499999 0.2340677859375 0.17368877656249998 0.23813646406250003 0.2494580359375 0.2835782890625 0.2361704734375 0.3086107765625 0.197469440625 0.29121775781250003 0.12141214687499999
0 0.2516674921875 0.3261963046875 0.331030940625 0.3095649140625 0.31357215156249996 0.2256068046875 0.23845595468749997 0.23621434687499998 0.2516674921875 0.3261963046875
0 0.265264290625 0.41083538906249994 0.349842834375 0.401196853125 0.32845628125 0.310018896875 0.25250378906250004 0.3234113703125 0.265264290625 0.41083538906249994
0 0.27441651875 0.4777958671875 0.3633080890625 0.470034303125 0.35106439375 0.39306904375 0.26519851875 0.4029345703125 0.27441651875 0.4777958671875
0 0.290587978125 0.561980971875 0.365835721875 0.5671750656250001 0.3577735078125 0.4762851421875 0.27789325 0.48245776874999996 0.290587978125 0.561980971875
0 0.48593333593750004 0.4879742375 0.35790505 0.4920867765625 0.36686933437499997 0.588092584375 0.486788378125 0.5906848703125 0.49360091875 0.5314592546875 0.48593333593750004 0.4879742375
0 0.3866490703125 0.6927412265624999 0.4520492 0.7023091921875 0.5039934500000001 0.695787490625 0.499285790625 0.646505615625 0.48640311562500005 0.5960277453125 0.3742080546875 0.5920735140625 0.377374665625 0.6627268921875 0.3866490703125 0.6927412265624999
0 0.7066023875 0.5651130859375 0.49405195468749996 0.5340172 0.509715978125 0.660491321875 0.6486912625000001 0.680823246875 0.7258089140624999 0.7041499296875 0.7066023875 0.5651130859375
0 0.6349158890625 0.6779772734375 0.5045008875 0.65349846875 0.510176384375 0.7157970453125 0.596427521875 0.7005886421875 0.6112458796875 0.7770999187500001 0.628046946875 0.7820498515625001 0.6422169546875 0.8323007328124999 0.7600217406249999 0.890652721875 0.734566509375 0.7237055046875 0.6349158890625 0.6779772734375
0 1 0.8718509953125 0.761675590625 0.779587290625 0.7748307265625 0.9144162140625 0.8396208703125 0.9478289828124999 1 0.919549815625 1 0.8718509953125
0 1 0.756775534375 0.9855301609374999 0.6715414234375 0.71993609375 0.6181488984375 0.7334013515625 0.6869863484375001 0.7421683171875 0.7592897046875 1 0.8656474375000001 1 0.756775534375
0 0.77301271875 0.9595737984375001 0.7630474375 0.8927566828125 0.64530841875 0.8423055125 0.62728579375 0.8454833875000001 0.637274321875 0.9096589328125001 0.5991054421875 0.9190266062499999 0.6904786296875 0.974126784375 0.77301271875 0.9595737984375001
0 0.7843200046875001 0.9575800187500001 0.8348827546875001 0.9486644406250001 0.780045821875 0.9214090671875 0.7843200046875001 0.9575800187500001
0 0.5746864015625001 0.9945440796874999 0.6866186437499999 0.974807403125 0.6004585437500001 0.9267004328124999 0.5472927359375 0.9413499421875 0.558822309375 0.9841539875 0.5746864015625001 0.9945440796874999
0 0.4878407359375 0.7170979515625 0.39270045625 0.696949146875 0.39753966093750004 0.7620326562499999 0.4826443828125 0.8156006609374999 0.49841183906250003 0.7996330765625 0.4878407359375 0.7170979515625
0 0.365835721875 0.5671750656250001 0.30088662187500004 0.560165040625 0.301478571875 0.6312724015625 0.373897934375 0.658064990625 0.375495384375 0.591846521875 0.365835721875 0.5671750656250001
0 0.3666249875 0.6619848796875 0.3140323875 0.6422461828125 0.3150095984375 0.708010665625 0.39399716093750003 0.7494699375 0.383623371875 0.6906372640625 0.3666249875 0.6619848796875
0 0.3953502625 0.7571437624999999 0.3215120265625 0.71477653125 0.33368995 0.783840971875 0.405921365625 0.8396788875000001 0.3953502625 0.7571437624999999
0 0.4146789609375 0.8592344593749999 0.5051303218750001 0.9355969546875 0.484833784375 0.8204895546875 0.3993437984375 0.772264425 0.4146789609375 0.8592344593749999
0 0.5437443265625 1 0.5557442546875 0.9978840890624999 0.5569524015625 0.9660213984375 0.41023439218749996 0.84155585625 0.417845575 0.9298878359374999 0.48665041562500005 1 0.5437443265625 1
0 0.3351181953125 0.8521633968750001 0.42299489375 0.928979871875 0.41506422656249997 0.8538915843750001 0.3307300265625 0.7896378296875 0.3351181953125 0.8521633968750001
0 0.4526237421875 1 0.447783034375 0.9641711296875 0.3658919515625 0.8836617578125001 0.3651872 0.9022483250000001 0.3636461515625 0.9236198265625 0.43120907500000005 1 0.4526237421875 1
0 0.4835510171875 1 0.45125976406249996 0.968833034375 0.4572871515625 1 0.4835510171875 1
0 0.43797968750000005 1 0.3274599859375 0.8614261609374999 0.3122093359375 0.8878525078124999 0.3958461109375 1 0.43797968750000005 1
0 0.392897846875 1 0.30911787031250004 0.877847728125 0.203819865625 0.92806426875 0.23868794218749997 1 0.392897846875 1
0 0.08440859687499999 0.1605156515625 0.194743121875 0.19908507656250002 0.1872634828125 0.12655473125 0.084201909375 0.08406541875 0.08440859687499999 0.1605156515625
0 0.11654482656250001 0.252435621875 0.20852786562499998 0.25467883125 0.1895280265625 0.19209222343750001 0.09355145625 0.1747283515625 0.054348964062500005 0.1631785078125 0.0649200671875 0.2457136296875 0.11654482656250001 0.252435621875
0 0.08025523125 0.33268366562499996 0.1323968 0.34986441562500004 0.2168437984375 0.3244242453125 0.2037638078125 0.2502439203125 0.1161595671875 0.257778496875 0.0658221375 0.2508295140625 0.08025523125 0.33268366562499996
0 0.12919253125000002 0.42955356718750004 0.2412560484375 0.4177061609375 0.220452071875 0.344887784375 0.124221784375 0.34866842343750004 0.07458910625000001 0.3231328703125 0.0877348671875 0.4052140125 0.12919253125000002 0.42955356718750004
0 0.150579084375 0.5207315234375 0.24796516093749998 0.500922259375 0.230957403125 0.41952208906250005 0.13820384375 0.4279646296875 0.0915310859375 0.39663222187499997 0.10203641875 0.47126652656249995 0.150579084375 0.5207315234375
0 0.105588290625 0.536577028125 0.16115018750000001 0.603266646875 0.2636198125 0.574648603125 0.24480792031249998 0.48301666406250005 0.24539049999999998 0.5013762421875 0.1534732328125 0.5070338484375 0.098559690625 0.466604625 0.105588290625 0.536577028125
0 0.1732623390625 0.66443026875 0.279659728125 0.6430320671875001 0.257953684375 0.5650978046875 0.148596375 0.5922928656249999 0.11376330781249999 0.5377730234375 0.12259604843750001 0.617977196875 0.1732623390625 0.66443026875
0 0.12376120625 0.6546963531250001 0.1837018984375 0.7311637578125 0.2857862625 0.7078885859375 0.2732230765625 0.644167021875 0.1815031296875 0.6735270843750001 0.119570353125 0.6158732375 0.12376120625 0.6546963531250001
0 0.2031527734375 0.796308309375 0.29178125312500003 0.7569434734375 0.2827605671875 0.705784628125 0.19573890625 0.7316787812500001 0.1286568125 0.6749328984375 0.1355538671875 0.7291036703125 0.2031527734375 0.796308309375
0 0.3066653828125 0.8413555625000001 0.297578925 0.7822959015625 0.20592475000000002 0.819556778125 0.1481076828125 0.7400774515624999 0.1494043875 0.7925982421875 0.1995632421875 0.881340334375 0.3066653828125 0.8413555625000001
0 0.318965478125 0.8734738578125001 0.3117489296875 0.832546784375 0.2125023171875 0.8869712421875 0.14592765624999998 0.7879363406250001 0.155465146875 0.8495539421875 0.217595240625 0.9309102421875 0.318965478125 0.8734738578125001
0 0.192995384375 0.14400634375000002 0.21829095937499998 0.1369085796875 0.209204503125 0.07784891875 0.181719528125 0.0800577890625 0.192995384375 0.14400634375000002
0 0.20240133125 0.18982231249999998 0.231173634375 0.1873864515625 0.2226039828125 0.13878554999999998 0.195184784375 0.1488952375 0.20240133125 0.18982231249999998
0 0.2079452859375 0.2363192546875 0.2383901796875 0.228313528125 0.23020579375 0.17436975 0.1993756375 0.18771835312500001 0.2079452859375 0.2363192546875
0 0.235749746875 0.2208666921875 0.21045417500000002 0.22796445625 0.2120703671875 0.267241553125 0.2265598625 0.30424874062499996 0.24799344687499997 0.29783195 0.235749746875 0.2208666921875
0 0.24496774999999998 0.29572798749999996 0.21883587968749998 0.305610684375 0.2229609609375 0.33653298593750003 0.238286753125 0.3707552375 0.257596709375 0.367350371875 0.24496774999999998 0.29572798749999996
0 0.248021559375 0.45607529375 0.275506534375 0.453866425 0.26107344062500004 0.3720122734375 0.2362288984375 0.381667978125 0.248021559375 0.45607529375
0 0.2501545578125 0.505811153125 0.2782221109375 0.5219618578125 0.2704229828125 0.46267520624999997 0.24596370625000002 0.4669880359375 0.2501545578125 0.505811153125
0 0.2749520703125 0.5937501921874999 0.29960866406250003 0.6131398156250001 0.28556083125 0.5259427890625 0.25974845156250004 0.5225817937499999 0.2749520703125 0.5937501921874999
0 0.308046771875 0.64593908125 0.30308539375 0.61780171875 0.2710243078125 0.5865303484375 0.2798570453125 0.666734521875 0.3132054640625 0.6977789015625 0.308046771875 0.64593908125
0 0.291583934375 0.7332410171875 0.331951584375 0.7815100171875 0.31880582031250004 0.699428878125 0.28288274062499996 0.66883848125 0.291583934375 0.7332410171875
0 0.30807488437499997 0.804182428125 0.3371102765625 0.8333498359375 0.332336846875 0.7761671421874999 0.28991134375 0.7388108843750001 0.30807488437499997 0.804182428125
0 0.317546603125 0.8578992140624999 0.33911173125 0.8672840578125 0.3371102765625 0.8333498359375 0.30852592031250003 0.8067403671875001 0.317546603125 0.8578992140624999