0 1 0.1409792640625 0.8195996750000001 0.1400167328125 0.8023844812500001 0.254577465625 0.90794996875 0.25741126406250003 1 0.25627364375 1 0.1409792640625
0 1 0.2638180859375 0.8218612109375 0.2583633578125 0.8172447328124999 0.3341055703125 0.8122092140625 0.3773418984375 0.965428840625 0.3776480265625 1 0.370306809375 1 0.2638180859375
0 1 0.4243393203125 0.8165595578125 0.37229216875 0.7926326828125 0.400065684375 0.807040625 0.45592446875 0.9130584203125001 0.48242759687500003 1 0.49932732656249995 1 0.4243393203125
0 0.7660316296875 0.5629124765625 0.7729429156250001 0.59668033125 0.9130782546875 0.6209722015625 0.9737168828125 0.6209684515625 0.9815462140625 0.554693784375 0.7878498703125 0.51999070625 0.7660316296875 0.5629124765625
0 0.9627079609375 0.6689390234375 0.7549894421875 0.6197196078125 0.7356323484375 0.7279686421875 0.9298475390625001 0.7686679296875 0.9627079609375 0.6689390234375
0 0.926987190625 0.8093793890625 0.7305968296875001 0.77120496875 0.7151710390625 0.84189839375 0.7247763296875 0.8791375796875001 0.9168163515625001 0.9223617281250001 0.926987190625 0.8093793890625
0 0.8935980812500001 1 0.910876215625 0.918259403125 0.730264159375 0.8595705765625 0.71314876875 0.947621625 0.8459301421875001 1 0.8935980812500001 1
0 0.8322649234374999 0.0835250984375 0.8371323578125001 0.05617354375 0.6518329109375001 0.020154981250000002 0.646031971875 0.0797495078125 0.8322649234374999 0.0835250984375
0 0.812069746875 0.126762365625 0.6362270703124999 0.0955296828125 0.6151471109375 0.22997291406249998 0.805663871875 0.2463718875 0.812069746875 0.126762365625
0 0.8130939953125 0.2861359421875 0.6145284656250001 0.250486384375 0.586989534375 0.3748310890625 0.7947745859374999 0.406377384375 0.8130939953125 0.2861359421875
0 0.7947745859374999 0.406377384375 0.6118875546875 0.37672309843749996 0.5909073984375001 0.4846566390625 0.7769740171875 0.5326150281250001 0.7947745859374999 0.406377384375
0 0.767202384375 0.5395586437500001 0.58441515625 0.483394675 0.5550004562499999 0.530735196875 0.5406123484375 0.6134210312499999 0.7413530484375 0.6465457140625 0.767202384375 0.5395586437500001
0 0.54407790625 0.6995772578125 0.6079626515625 0.7002044875 0.6544127734375 0.7298672093749999 0.729073571875 0.7443797984375 0.7439805234375 0.6676901749999999 0.5639205765625 0.6061609859375 0.54407790625 0.6995772578125
0 0.7225480625 0.75195439375 0.644674409375 0.7279742625 0.6406433046875 0.7920395625000001 0.722248659375 0.8314834375 0.7225480625 0.75195439375
0 0.6025262984374999 1 0.6376300546875 0.729552659375 0.6090336062499999 0.7033603390625001 0.4374747359375 0.6847510484375 0.386597565625 0.9873151468750001 0.451855478125 1 0.6025262984374999 1
0 0.5439250046875 0.5963788921875001 0.5681180140625 0.497912884375 0.4783308296875 0.474564675 0.4609627328125 0.48592703593750003 0.47215782500000003 0.5323182734375 0.46001141875 0.5948061171875 0.5194460234375 0.62699276875 0.5439250046875 0.5963788921875001
0 0.5959429203125 0.44142030937500004 0.597280009375 0.373883678125 0.4961646609375 0.33949046875 0.4759694875 0.38272773125000004 0.49696947343750003 0.4133387953125 0.48703150468749995 0.46446521093750004 0.5713308703125 0.5073804281250001 0.5959429203125 0.44142030937500004
0 0.492732371875 0.244497675 0.5099008625 0.286154678125 0.5016192234375 0.3287600234375 0.5935150453125 0.3672564921875 0.61618479375 0.2419653125 0.5231514875000001 0.21798612187500002 0.492732371875 0.244497675
0 0.5299431343750001 0.13971904375 0.52100958125 0.2116744296875 0.4981869296875 0.23376723593749998 0.615113846875 0.2388094734375 0.633466521875 0.10973146874999999 0.5106327421875 0.09175034843749999 0.5299431343750001 0.13971904375
0 0.472950528125 0 0.46925140625 0.010014740625 0.47609615625 0.0614557140625 0.5106327421875 0.09175034843749999 0.583184903125 0.091114684375 0.6307725125 0.106260128125 0.637976196875 0.0174615078125 0.54814453125 0 0.472950528125 0
0 0.35647696406249996 0 0.3577457859375 0.003078625 0.44045535312500006 0.036841790624999995 0.4446486421875 0 0.35647696406249996 0
0 0.175696834375 0.038436107812499995 0.16134199062500001 0.11228537499999999 0.21210918437499998 0.14573491875 0.27320012031249996 0.169400496875 0.331111465625 0.1747619765625 0.40440190937500003 0.2656477578125 0.42874782031249997 0.270380125 0.450865465625 0.1479293046875 0.199557175 0.02833570625 0.175696834375 0.038436107812499995
0 0.3072178609375 0.1936989296875 0.2282399953125 0.17539951250000002 0.1672488609375 0.1252242578125 0.146820815625 0.230317440625 0.2494926828125 0.2826992671875 0.324120215625 0.30604841562499996 0.3969250796875 0.3821014375 0.421084825 0.2924719921875 0.3487322640625 0.2400882984375 0.3072178609375 0.1936989296875
0 0.00802535625 0.41056860312500004 0.085283971875 0.46890832031249996 0.20691373125 0.51907983125 0.27705784843750003 0.5828249515625 0.30401140625 0.47015717031250004 0.22416219062499998 0.39568253593749997 0.029475615625 0.300216575 0.00802535625 0.41056860312500004
0 0 0.765358965625 0.10501980468750001 0.8353086796875001 0.120611934375 0.72043245625 0 0.61185133125 0 0.765358965625
0 0 0.9041535406250001 0.0078545171875 0.91369495625 0.0821257765625 0.9281318265625 0.0957670140625 0.8482484953125 0 0.772602571875 0 0.9041535406250001
0 0.3772685796875 0.5698795140625 0.2660489296875 0.630795521875 0.25704884375 0.720424021875 0.356907071875 0.657299584375 0.3772685796875 0.5698795140625
0 0.47975428124999997 0.5278995281250001 0.378339534375 0.5730353625 0.3628472015625 0.6614018984375 0.45838835624999996 0.594490628125 0.47975428124999997 0.5278995281250001
0 0.336898059375 0.79489865625 0.42922636093750005 0.718519834375 0.44578964218749995 0.6333091421875 0.370343865625 0.683492834375 0.336898059375 0.79489865625
0 0.24587358906249998 0.8125773984375 0.2353502421875 0.8753807265625 0.28700221875 0.817624315625 0.3418670453125 0.769335446875 0.358982434375 0.681284396875 0.25474060625 0.7582951328124999 0.24587358906249998 0.8125773984375
0 0.25008011093750004 0.960778840625 0.2735852578125 0.9299756734375 0.3084545140625 0.8719047015625 0.3442283875 0.8611723874999999 0.33634595156249997 0.7977390078125 0.241290375 0.8794830484375 0.22200116093750002 0.9553208468750001 0.25008011093750004 0.960778840625
0 0.343223965625 0.8403434234375 0.3349423265625 0.8829487671875 0.3827628078125 0.8362382890625 0.41425287187500004 0.8128825796875001 0.42484275 0.7324061296875 0.3390732328125 0.7923737890625 0.343223965625 0.8403434234375
0 0.327776990625 0.9758815859375 0.34589195625 0.979402778125 0.37096890625 0.9489051375 0.3755188484375 0.89083604375 0.3227959234375 0.94543660625 0.327776990625 0.9758815859375
0 0.4915481828125 0.41523268281250003 0.4737943171875 0.38525259843750004 0.39731085625 0.42344387968749997 0.383927159375 0.526958675 0.48703150468749995 0.46446521093750004 0.4915481828125 0.41523268281250003