0 0.068296584375 0 0.047426146875000005 0.21029131250000002 0.2448559421875 0.2203423625 0.30246573125 0.20187345156249997 0.3181617234375 0.1896103984375 0.332187221875 0.052267778125 0.2922836375 0.018987675000000002 0.208101253125 0 0.068296584375 0
0 0.4779671109375 0.0900336875 0.33915220625 0.041770746875 0.3129627625 0.2088384375 0.45526015937500003 0.2518528625 0.55588795 0.2528561796875 0.5667034953125001 0.24566999531249997 0.5793558171875001 0.119510990625 0.4779671109375 0.0900336875
0 0.3445027953125 0 0.33525208906250004 0.0157493703125 0.3576688796875 0.041206253124999995 0.5796991109375 0.116715084375 0.5962763265625 0.0279327265625 0.5840008875 0.006559098437499999 0.530581315625 0 0.3445027953125 0
0 0.587325909375 0.08927098125 0.7048777890625 0.16046565156249998 0.7175796640625001 0.057017179687499996 0.676741040625 0.017946159375 0.5898805078125 0.007281026562499999 0.593112353125 0.0190300703125 0.587325909375 0.08927098125
0 0.5513012421875 0.2324266109375 0.3042069765625 0.19924919531250002 0.30499624999999997 0.40084807031249997 0.5492450578125 0.4109716609375 0.5513012421875 0.2324266109375
0 0.2997193796875 0.224240690625 0.046739559375 0.2158831203125 0.0304844421875 0.4522839328125 0.29177764375000004 0.4276055890625 0.2997193796875 0.224240690625
0 0.5725890453125 0.22085014687500001 0.5548332890625 0.24988862812499998 0.5526284453125 0.360302084375 0.67079258125 0.39183915156250004 0.6831263875 0.2798313203125 0.5725890453125 0.22085014687500001
0 0.5841867093750001 0.09172359062499999 0.5753601749999999 0.20983817343750003 0.6929368296875 0.29238811249999996 0.7073551734375 0.174960115625 0.5841867093750001 0.09172359062499999
0 0.670424509375 0.383279790625 0.55576764375 0.3578494734375 0.550961528125 0.3969921390625 0.5358070406250001 0.49730141406249995 0.6647371734374999 0.49894176406249996 0.670424509375 0.383279790625
0 0.5398026875 0.406974228125 0.3018818296875 0.41465594687499996 0.296318371875 0.587094246875 0.4129606734375 0.5616833390625 0.5246977546875 0.529994034375 0.5398026875 0.406974228125
0 0.30087672187500003 0.434398928125 0.02351945625 0.4627809640625 0.005915940624999999 0.7217206609375 0.292910209375 0.626408559375 0.30087672187500003 0.434398928125
0 0.7291561296875 0.0783049828125 0.7967250171875 0.140524459375 0.8104815500000001 0.040043540625 0.7966952218750001 0.0326746796875 0.6965360484375 0.0203766796875 0.706346490625 0.0329334734375 0.7291561296875 0.0783049828125
0 0.7890238921875 0.13390276875 0.7246189765625 0.08058594687500001 0.710126303125 0.16394814375 0.7392143359375 0.2044144328125 0.78885403125 0.21618553437500002 0.7890238921875 0.13390276875
0 0.7877745984375 0.201862715625 0.7063500703125001 0.194703096875 0.692225465625 0.28662465625 0.7785552140625 0.3000626734375 0.7877745984375 0.201862715625
0 0.7775005578124999 0.297095121875 0.6950213703125 0.2869679515625 0.67707098125 0.38693392968749996 0.76862446875 0.39249917343749996 0.7775005578124999 0.297095121875
0 0.768256396875 0.38393981250000003 0.67530495625 0.3782029203125 0.6664040890625 0.462251709375 0.76249473125 0.4655359875 0.768256396875 0.38393981250000003
0 0.7590122375 0.4707845046875 0.6727072640625 0.46870175312500006 0.6690796921875 0.5675882953125 0.7497680796874999 0.5576291921875 0.7590122375 0.4707845046875
0 0.67344340625 0.48582047656249994 0.5354389734375 0.488742053125 0.5296029765625 0.5362724296875 0.5402238890625 0.6000137421875 0.6691292453125001 0.5902988265625 0.67344340625 0.48582047656249994
0 0.661969625 0.6717233578124999 0.66145289375 0.5950324015625 0.5409352546874999 0.6057772 0.5298755171875 0.661180353125 0.527546790625 0.71481748125 0.583808178125 0.7188874546874999 0.6536562406249999 0.7047592734375 0.661969625 0.6717233578124999
0 0.5292596828125 0.539068334375 0.3022534765625 0.5849849296875 0.2893074140625 0.7366503671875 0.37100090625000004 0.7069482859375 0.519428040625 0.6769258984375 0.5292596828125 0.539068334375
0 0.2628490046875 0.9405797625 0.3863819609375 0.8706060265625 0.39883964843749997 0.815374521875 0.416644959375 0.8090465703125 0.42834173125 0.7253410765625 0.5220045359375 0.7368414234375 0.52465178125 0.669053125 0.38566701875 0.703072946875 0.2809692546875 0.7583310187500001 0.2628490046875 0.9405797625
0 0 0.9423626328125 0.24024807187500002 0.9718613875000001 0.24823244687499998 0.9671656328125 0.2549001125 0.820405415625 0 0.935650934375 0 0.9423626328125
0 0 0.9288631921875 0.27476518437499997 0.7973020359375 0.280183559375 0.7185017640625 0.290850446875 0.6431839874999999 0.008000478125 0.7163005 0 0.7850537984375 0 0.9288631921875
0 0.3952510234375 0.99089335625 0.4375930453125 0.9620356328125 0.39599776875 0.9540903171874999 0.403182165625 0.8840210578125 0.383610834375 0.8816179999999999 0.2597098046875 0.943032371875 0.25674291562499996 0.9738867000000001 0.3952510234375 0.99089335625
0 0.64737784375 0.7096644953125 0.5461130187500001 0.7369635171875 0.539321471875 0.826947409375 0.557176334375 0.8433299906249999 0.6457852578125001 0.78042034375 0.64737784375 0.7096644953125
0 0.738584459375 0.5562560171875 0.6690796921875 0.5675882953125 0.6600549421874999 0.5948607546875 0.6654521171875001 0.6664748406250001 0.741897096875 0.6332902671875 0.738584459375 0.5562560171875
0 0.7289970078125 0.645896615625 0.6734965390625 0.6703006296875 0.6567954406250001 0.7023066609375 0.6488996796875 0.76661246875 0.731598278125 0.717167409375 0.7289970078125 0.645896615625
0 0.64107825 0.8649840718749999 0.7157076515624999 0.8003579593750001 0.7249765859374999 0.724868534375 0.6478697984374999 0.7750001828124999 0.64107825 0.8649840718749999
0 0.6444120812499999 0.7916039640625 0.5550917937500001 0.8487501515625 0.539643565625 0.9745658609375001 0.6327400890625 0.886664721875 0.6444120812499999 0.7916039640625
0 0.6010788609375 1 0.6332568171874999 0.9633556750000001 0.6365410984375 0.8672650359375 0.49663009843749994 1 0.6010788609375 1
0 0.71921491875 0.806464709375 0.6320287234374999 0.8809012671875 0.627665009375 0.9626690859375 0.717965628125 0.8744246562500001 0.71921491875 0.806464709375
0 0.65443076875 1 0.691234675 0.9534461249999999 0.68838921875 0.9303923 0.686598415625 0.910306028125 0.6049510890625001 1 0.65443076875 1
0 0.6860466078125 1 0.744601053125 0.9117517453125 0.7267214109375 0.8840138984375001 0.6442406296875001 1 0.6860466078125 1
0 0.8420996921875 1 0.86347655 0.9490522671875 0.747372178125 0.9007397734374999 0.6870102218749999 1 0.8420996921875 1
0 0.9464320765625001 0.051060053125000004 0.9075660703124999 0.046287909375000005 0.8367736796875 0.080166534375 0.832753259375 0.15913845 0.949346009375 0.1110170125 0.9464320765625001 0.051060053125000004
0 0.8210069375 0.22013341406250003 0.9198687046874999 0.212405721875 0.97505065625 0.202152878125 0.9818422046874999 0.1121689875 0.9402964828125 0.12693420625000001 0.8379770000000001 0.151265678125 0.8210069375 0.22013341406250003
0 0.9082214875 0.3188217453125 0.9633786609375001 0.29721363749999996 0.9743640671874999 0.20774468437500002 0.9205800703125 0.218169178125 0.8258873828125 0.21505654375 0.8159318578124999 0.29613778125 0.9082214875 0.3188217453125
0 0.79484226875 0.3985563703125 0.9160960484375 0.40493029375 0.9593582421875 0.376185553125 0.9689456968749999 0.286544959375 0.9169524953125 0.3170557234375 0.8131855046875 0.3185050171875 0.79484226875 0.3985563703125
0 0.7922445765624999 0.48905520156250004 0.8981456609375 0.5048962734375 0.9476366953124999 0.44853578125000004 0.9547963156250001 0.36711125 0.906310384375 0.4037287640625 0.8060258875 0.39992954531249997 0.7922445765624999 0.48905520156250004
0 0.9511191875 0.44328726406249996 0.8942703203125 0.4902301640625 0.79504048125 0.4893984953125 0.794647634375 0.4694838671875 0.7794931484375 0.5697931421875 0.8913541109375 0.5948801640625 0.947442059375 0.519463278125 0.9511191875 0.44328726406249996
0 0.76603035625 0.644767628125 0.88171710625 0.661810228125 0.9336607499999999 0.6085889328125 0.938711053125 0.5212293031249999 0.9042541999999999 0.582273815625 0.7850601828125 0.5591244640624999 0.76603035625 0.644767628125
0 0.8741894140625 0.7346753968749999 0.9344464453124999 0.6484181875 0.9367999499999999 0.606136321875 0.8733541656250001 0.6721356125 0.7730201171875 0.6456258609375001 0.7630398171875 0.71535183125 0.8741894140625 0.7346753968749999
0 0.7593131375 0.7688173125 0.8568760578125 0.8063390359374999 0.9258888750000001 0.7296710703125 0.9303021421875 0.6706137765625 0.8612645499999999 0.73592648125 0.7661790171875 0.712899221875 0.7593131375 0.7688173125
0 0.7544822453125 0.7966047109375001 0.7479844375 0.861082165625 0.8654619859375 0.8982110437499999 0.914510621875 0.7992253890625001 0.9129887859375 0.74227741875 0.8551843671875 0.831673825 0.7544822453125 0.7966047109375001
0 0.7420245578125 0.8518362187499999 0.736531853125 0.8965706921875001 0.8488104406250001 0.95292760625 0.9111520125 0.8612502359375 0.917993115625 0.793976875 0.851850534375 0.9050539343749999 0.7420245578125 0.8518362187499999
0 0.83157471875 0.099394571875 0.8391271843749999 0.0378846703125 0.8098917468750001 0.034295009375000005 0.8039589640625 0.093165728125 0.83157471875 0.099394571875
0 0.8294901781249999 0.10481473593749999 0.7994218156249999 0.0954466921875 0.7928992312500001 0.14856887968750002 0.8239974765625 0.149549209375 0.8294901781249999 0.10481473593749999
0 0.827136675 0.147096596875 0.793217746875 0.134417709375 0.787406528125 0.193303353125 0.8206140906250001 0.20021878593750003 0.827136675 0.147096596875
0 0.8174501125000001 0.19131613281249998 0.7898343609375 0.18508728593749998 0.780933496875 0.269136075 0.8043553921875001 0.274849978125 0.8178925140625 0.23394128906249997 0.8174501125000001 0.19131613281249998
0 0.8127431062499999 0.2758798609375 0.7840726953125 0.2666834640625 0.774460465625 0.34496879375 0.79542975 0.347543496875 0.81002153125 0.3096023625 0.8127431062499999 0.2758798609375
0 0.7982504328125 0.3592420578125 0.7709779734375 0.3502173078125 0.7599925671875 0.4396862578125 0.7896928578125 0.440494940625 0.7982504328125 0.3592420578125
0 0.792513540625 0.4521935 0.765952446875 0.44893220625 0.760852590625 0.5135813078125 0.7901600390625 0.49447536249999996 0.792513540625 0.4521935
0 0.780767215625 0.5131884609374999 0.7531762421875 0.518314884375 0.7429022 0.6135472859375 0.7683590812500001 0.591130496875 0.780767215625 0.5131884609374999
0 0.73941970625 0.618795803125 0.7356434734375 0.6495507546875 0.7329714546874999 0.7059837890625 0.7671345671875 0.670445709375 0.7721848703124999 0.5830860765625 0.73941970625 0.618795803125
0 0.7639953671875 0.6728983203125 0.7270363515625 0.70809310625 0.717448896875 0.7977337 0.758208925 0.743139228125 0.7639953671875 0.6728983203125
0 0.7603182421875 0.74907433125 0.716737534375 0.7919702421875 0.714776875 0.8541667359374999 0.7444028390625 0.8209096203125 0.7603182421875 0.74907433125
0 0.7440595453125 0.8237055234374999 0.714776875 0.8541667359374999 0.7145079109375 0.8910284374999999 0.737193665625 0.8796236171875 0.7440595453125 0.8237055234374999