0 1 0.080450184375 0.93192116875 0.06844605000000001 0.8732709953125 0.098187071875 0.8730081734375 0.162272934375 1 0.138229134375 1 0.080450184375
0 1 0.14198113750000002 0.8661285453125 0.1637320484375 0.8097206124999999 0.1831797359375 0.8050069656250001 0.22243122187500003 0.826127915625 0.25287716875 0.9921529281250001 0.2126752984375 1 0.21258784843749998 1 0.14198113750000002
0 1 0.2109661171875 0.9591256953125 0.2121960578125 0.811141709375 0.2502346953125 0.80811198125 0.29245527656250003 0.8064531593750001 0.326901059375 0.9539801734375001 0.291454021875 1 0.291138134375 1 0.2109661171875
0 1 0.2997730625 0.9270876828124999 0.31877825312499997 0.800343509375 0.336512465625 0.799454665625 0.37911054375000003 0.8297400859374999 0.3951393828125 0.885860103125 0.4023626796875 0.9976180703124999 0.3819859921875 1 0.3818070046875 1 0.2997730625
0 1 0.38834843281250003 0.925766965625 0.4013828078125 0.8433553843749999 0.40555665156250004 0.802822503125 0.38504873281249996 0.764649746875 0.46382745625000005 0.7889694781250001 0.47613220624999997 0.8918759828124999 0.4809165234375 0.9756584687500001 0.46896788437500003 1 0.4691431875 1 0.38834843281250003
0 1 0.47023241406249994 0.90731915625 0.480967396875 0.77552323125 0.489794321875 0.7463709921875 0.5674914328125 0.901115740625 0.5787440546875 0.99516678125 0.5711548796875 1 0.543744334375 1 0.47023241406249994
0 0.7228463359374999 0.600753853125 0.739854565625 0.6545241921875 0.8608020984375001 0.657145278125 0.9801114140625 0.6565381109375 0.9967231703125 0.5623281515625 0.8972909375 0.5753974609375 0.7228463359374999 0.600753853125
0 0.9812866796874999 0.6498728390624999 0.898111103125 0.6583795140625 0.7433663578124999 0.6471268921875 0.728887309375 0.7167225796875 0.798622621875 0.73436314375 0.8766084734374999 0.7427698046875 0.9645287734375 0.7449116484375 0.9812866796874999 0.6498728390624999
0 0.9670094609375001 0.7308429656250001 0.8677319156250001 0.730515925 0.730571228125 0.7196916734375 0.7304523656249999 0.7704420437499999 0.79821584375 0.8117845046875001 0.90280626875 0.819537915625 0.950129175 0.8265758265625 0.9670094609375001 0.7308429656250001
0 0.94925639375 0.8315256249999999 0.8332400078125 0.8259767328125 0.7212878921875 0.7848591515625001 0.6905705984375 0.80883679375 0.684799053125 0.866606971875 0.7965821156249999 0.8836451640625 0.9369903875000001 0.9010896109375001 0.94925639375 0.8315256249999999
0 0.7400302265625001 0.916428346875 0.9266644921875 0.9596506640625 0.936462459375 0.9040836375 0.685112065625 0.877350865625 0.7400302265625001 0.916428346875
0 0.8023840171875 0.18723044687499998 0.69902054375 0.185037728125 0.694619903125 0.2350331078125 0.7837671562499999 0.24273564687500002 0.80883176875 0.22577780937499997 0.8023840171875 0.18723044687499998
0 0.6671264875 0.2782844328125 0.8021462906249999 0.28873119062499997 0.8051760187499999 0.24651060625 0.673981021875 0.239410440625 0.6671264875 0.2782844328125
0 0.8036862499999999 0.305035778125 0.807798971875 0.2817113828125 0.6856244874999999 0.2735296015625 0.6571920359375001 0.2845492453125 0.665467665625 0.312730215625 0.7734259234375 0.3264218171875 0.8036862499999999 0.305035778125
0 0.645166884375 0.3652663203125 0.6803350078125 0.366123059375 0.777131865625 0.38051878125 0.8078491609375 0.3565411421875 0.7836733875 0.33090089843750004 0.6666946125 0.31829090937500004 0.622818990625 0.3292596796875 0.645166884375 0.3652663203125
0 0.7831226484375 0.42165774999999994 0.7890632453124999 0.38796695625 0.6292667453125 0.3678070484375 0.6224122109375 0.4066810390625 0.7831226484375 0.42165774999999994
0 0.6725665359375 0.410180246875 0.6244091375 0.42039402656249997 0.6514957781249999 0.454564059375 0.763735809375 0.46901065624999994 0.77196125 0.422361865625 0.6725665359375 0.410180246875
0 0.7611630484374999 0.5086396375 0.770302425 0.4568076484375 0.6507257984375 0.4464117671875 0.6201524593750001 0.45705391406249996 0.6180366687500001 0.4940912984375 0.673699715625 0.5039061953124999 0.7611630484374999 0.5086396375
0 0.7419201640625 0.542657053125 0.7607060796875 0.5112312359375 0.6900568265625 0.49877386718750005 0.612527946875 0.48777561093750005 0.6206596171875 0.5292920750000001 0.6870270984375 0.54099445 0.7419201640625 0.542657053125
0 0.6390387546875 0.575287615625 0.690733040625 0.5950914109375 0.7350656328125 0.58153104375 0.736580496875 0.5604207531250001 0.74451801875 0.54044295 0.69987241875 0.543259428125 0.6241714140625 0.52189476875 0.5998767765624999 0.5470048984375 0.6390387546875 0.575287615625
0 0.7298950171875 0.623374128125 0.7284990140625001 0.5937340484375 0.6173168796875 0.5607687625 0.5899674203124999 0.59068459375 0.6419747140625 0.621232284375 0.6985517 0.6258639828125 0.7298950171875 0.623374128125
0 0.6248727187500001 0.6556271953125 0.7169308359375 0.6718595234375 0.733888871875 0.65080010625 0.7328058828125 0.63190391875 0.6112323265625 0.6077950453125001 0.5922773578125 0.6151414734375 0.5953572765625 0.6477506484375 0.6248727187500001 0.6556271953125
0 0.7236915984375 0.721150784375 0.7310031015625 0.6796851953124999 0.60437779375 0.646669034375 0.5765713625 0.6791764640625 0.7236915984375 0.721150784375
0 0.71084628125 0.7188858078125 0.5849909515625 0.6940219421875 0.6026001078125 0.731865190625 0.7018508625 0.757382303125 0.7224897453125 0.75300496875 0.71084628125 0.7188858078125
0 0.1480929421875 0.1546987109375 0.1973333296875 0.16338112031250002 0.2445767890625 0.158350540625 0.256483075 0.128383834375 0.1772451796875 0.077001603125 0.093606653125 0.07561475 0.070420103125 0.1570359453125 0.1480929421875 0.1546987109375
0 0.141720471875 0.228395978125 0.21405364218749998 0.24382244531250002 0.2593001734375 0.225078878125 0.2471997375 0.1935513125 0.17974926875 0.16295275 0.0881481203125 0.144128821875 0.06633247812500001 0.217775215625 0.141720471875 0.228395978125
0 0.046970731249999995 0.3025430046875 0.11074035625 0.3164594859375 0.1584407859375 0.30883730468750004 0.21884257499999998 0.316815596875 0.229064940625 0.28387979531249996 0.217878446875 0.2471690359375 0.1446313390625 0.23692576875000002 0.068473365625 0.2181527140625 0.046970731249999995 0.3025430046875
0 0.1129314328125 0.3916667375 0.191975178125 0.38155470625 0.22880211718750001 0.347965659375 0.2033993984375 0.3167647234375 0.11793299531250001 0.3257442671875 0.041775021875 0.3069712109375 0.0343195625 0.36177229375 0.1129314328125 0.3916667375
0 0.024122285937499998 0.432122971875 0.0831531703125 0.44787605937499997 0.12520091875 0.447273684375 0.1869736125 0.44747717812500004 0.2083573828125 0.413837259375 0.188920353125 0.38636040625 0.10650877343750001 0.39053425 0.0474778890625 0.3747811640625 0.024122285937499998 0.432122971875
0 0.0082723359375 0.5094934546875 0.0848872765625 0.5256749140625 0.1209693359375 0.5213484515625 0.1720375984375 0.5196644609375001 0.1990740484375 0.47900473750000006 0.17030349218750002 0.4418656109375 0.0891188609375 0.451600146875 0.0253492359375 0.437683665625 0.0082723359375 0.5094934546875
0 0.1769704875 0.579322121875 0.19392852656249998 0.5582627015625 0.164701003125 0.5237151734375 0.08289034843750001 0.5119619234375 0.0134680453125 0.50506525 0.0038717 0.559488834375 0.07100915937499999 0.5793435078125 0.1769704875 0.579322121875
0 0 0.6286889515625 0.0698323984375 0.648612571875 0.1423095265625 0.650703540625 0.162923315625 0.6089113296875001 0.1679499734375 0.5804037375 0.0798857140625 0.591597384375 0.0080095140625 0.5735793218749999 0 0.6104604953125 0 0.6286889515625
0 0 0.709404321875 0.0308896640625 0.7192389968749999 0.0769061734375 0.7086477234374999 0.133483159375 0.7132794234375 0.1557808671875 0.6744563046875001 0.1419965140625 0.6399596484375001 0.0774820078125 0.6553057531250001 0 0.6288960046875001 0 0.709404321875
0 0 0.78594105 0.033537709375 0.7918546531249999 0.15831004843750002 0.79782233125 0.1151291171875 0.704698759375 0.0441919515625 0.718912375 0 0.7029924859375 0 0.78594105
0 0.11797682031250001 0 0.11070865156250001 0.0412198390625 0.28152259375 0.0740111203125 0.3319899296875 0.08825422656250001 0.3631641953125 0.0616849828125 0.350149821875 0.035340621875 0.28592323125 0.024015740625 0.17074384843749998 0 0.11797682031250001 0
0 0.25771002187500003 0.133944528125 0.3367788625 0.161247375 0.3557087359375 0.11648606718750001 0.2702172359375 0.0880507328125 0.25771002187500003 0.133944528125
0 0.24979759375000002 0.1913372109375 0.31938895 0.22231327343750001 0.338462778125 0.164216471875 0.26458965156250003 0.13248541875 0.24979759375000002 0.1913372109375
0 0.218792384375 0.2419858359375 0.24205421562499999 0.272809278125 0.29680332656249997 0.287807371875 0.32629367343750004 0.2582690390625 0.310368434375 0.22339488749999997 0.2617289765625 0.19878538437499998 0.261441059375 0.225456371875 0.218792384375 0.2419858359375
0 0.28427101875 0.29628629375000004 0.22355622187500002 0.2775641078125 0.21395987187499999 0.3319876953125 0.2910317859375 0.345577553125 0.310587678125 0.32230403124999996 0.28427101875 0.29628629375000004
0 0.2307990484375 0.36167864843749997 0.18983429062499999 0.381177209375 0.2046765390625 0.397155175 0.26462135781249996 0.40772506562500005 0.307413990625 0.37786010625 0.2755886109375 0.3455266796875 0.214272884375 0.3427315890625 0.2307990484375 0.36167864843749997
0 0.2681331515625 0.4003277625 0.20895830937499998 0.39791016562500003 0.182691840625 0.446722184375 0.2645024921875 0.45847543437500005 0.29613372656250003 0.429314596875 0.2681331515625 0.4003277625
0 0.18105811249999998 0.5185828484375 0.270036309375 0.5022059999999999 0.2632755453125 0.452914740625 0.1924823359375 0.453792865625 0.18105811249999998 0.5185828484375
0 0.24971043437499998 0.517327228125 0.187793784375 0.5304592312499999 0.1671799921875 0.5722514421875 0.23920015156250002 0.5769340140625 0.2815358171875 0.54966065625 0.24971043437499998 0.517327228125
0 0.241222175 0.6280618828125 0.2616920046875 0.5996051640625 0.2589250984375 0.5777398796875 0.18262316875 0.572302315625 0.1476491953125 0.632939840625 0.194435684375 0.6305008625 0.241222175 0.6280618828125
0 0.13653798281250001 0.708473721875 0.1839253984375 0.690107646875 0.21449873749999998 0.679465496875 0.2441581375 0.67400655 0.22486506562500003 0.63319420625 0.155755771875 0.6370414249999999 0.15837872343749998 0.6722422015625 0.13653798281250001 0.708473721875
0 0.1456086875 0.7822218624999999 0.17250117812500002 0.7548976328125 0.2220294828125 0.7369090546875 0.239444490625 0.7132580390625 0.20105249218750001 0.693127615625 0.1379088921875 0.7006989203125 0.124174728125 0.7410320234375 0.1456086875 0.7822218624999999
0 0.3601093703125 0.0664906875 0.4215941515625 0.09336516406249999 0.435328309375 0.053032065625 0.3649669765625 0.01390370625 0.3601093703125 0.0664906875
0 0.345461271875 0.1120069875 0.41014483124999995 0.12074026874999999 0.42450501406249996 0.10189495468750001 0.3636211640625 0.059093387500000004 0.345461271875 0.1120069875
0 0.339689728125 0.169777165625 0.388930115625 0.178459575 0.39669858593749996 0.1344023875 0.358763559375 0.11168036249999999 0.339689728125 0.169777165625
0 0.3253546421875 0.22603735781249998 0.3767359140625 0.2350972625 0.384961353125 0.1884484765625 0.343057565625 0.1757153578125 0.3253546421875 0.22603735781249998
0 0.3171292015625 0.2726861484375 0.370507403125 0.295459040625 0.38010375 0.24103545468749998 0.33146428906250003 0.21642595468749998 0.3171292015625 0.2726861484375
0 0.3615119828125 0.333955534375 0.37096437187500003 0.2928674421875 0.3264627265625 0.282348425 0.307651715625 0.2763593609375 0.291006690625 0.3081626734375 0.3011101953125 0.3259772453125 0.3615119828125 0.333955534375
0 0.341524215625 0.397235534375 0.37024458125000004 0.35954490625 0.348979675 0.3424344546875 0.306161946875 0.334884534375 0.286149084375 0.3607496515625 0.307270034375 0.3911955984375 0.341524215625 0.397235534375
0 0.343690196875 0.435027909375 0.3577373703125 0.4054387015625 0.3398402984375 0.394266440625 0.306043084375 0.38563490312500004 0.27272793281249996 0.411826646875 0.30087246875 0.4274779875 0.343690196875 0.435027909375
0 0.3319529609375 0.489074 0.36786596875 0.460668153125 0.34705803125 0.4409661015625 0.29781764375 0.4322836921875 0.2661864109375 0.46144453125 0.273091134375 0.49740029999999996 0.3319529609375 0.489074
0 0.32449750312500003 0.543875084375 0.33640379062500003 0.513908378125 0.31942065625 0.49755291562500004 0.2701802671875 0.48887050781249997 0.25262130312500003 0.52585701875 0.2850476078125 0.5422633515624999 0.32449750312500003 0.543875084375
0 0.2977740671875 0.5952786999999999 0.33705490625 0.5728110453124999 0.321442678125 0.548680784375 0.2829067234375 0.54188585625 0.2537293875 0.5821680859375 0.261378996875 0.5888612671875 0.2977740671875 0.5952786999999999
0 0.246129971875 0.6503046593749999 0.3040778609375 0.647161559375 0.308021528125 0.59975778125 0.268258625 0.58740215625 0.246129971875 0.6503046593749999
0 0.270017825 0.7026158890625 0.2989072453125 0.689004646875 0.2777862953125 0.6585587 0.246129971875 0.6503046593749999 0.217866571875 0.6854036906250001 0.24004541562499998 0.697330946875 0.270017825 0.7026158890625
0 0.23730360312499998 0.712880540625 0.19528095 0.75089779375 0.234586884375 0.7658450171875 0.278919478125 0.752284646875 0.2729286921875 0.7111456796875 0.23730360312499998 0.712880540625
0 0.1943670125 0.7560809921875 0.169446353125 0.7597033343749999 0.1489765234375 0.788160053125 0.1702414296875 0.8052705078125 0.21808581562499998 0.784312834375 0.1943670125 0.7560809921875
0 0.42755983906250006 0.097089253125 0.4795671375 0.1276369453125 0.501094865625 0.080661534375 0.441750971875 0.054164553125 0.42755983906250006 0.097089253125
0 0.41154083437500005 0.15038035156250001 0.47057171562500005 0.1661334375 0.47742625 0.12725945 0.4312406875 0.1137713359375 0.41154083437500005 0.15038035156250001
0 0.39689273593749996 0.1958966515625 0.4579205453125 0.225362728125 0.467829903125 0.181683034375 0.40160638437499996 0.1566451640625 0.39689273593749996 0.1958966515625
0 0.3872963875 0.2503202375 0.44632726875 0.26607332499999997 0.45195485625 0.22163863906249998 0.3964357640625 0.19848825 0.3872963875 0.2503202375
0 0.37555915624999997 0.30436632656249996 0.439785746875 0.31569120625 0.448925125 0.263859221875 0.3889803046875 0.25328933125 0.37555915624999997 0.30436632656249996
0 0.3616810359375 0.3580349234375 0.4280485140625 0.3697372984375 0.4367309234375 0.3204969109375 0.3751021875 0.306957928125 0.3616810359375 0.3580349234375
0 0.4294194203125 0.3619625 0.381549940625 0.34550529375 0.342438153125 0.3920523359375 0.3560534515625 0.40246960625000006 0.42119398124999996 0.408611290625 0.4294194203125 0.3619625
0 0.41308740312500003 0.40450970625 0.3638470171875 0.39582729843750003 0.345518071875 0.4246615125 0.365869040625 0.44695516562500004 0.4057759015625 0.4459752953125 0.41308740312500003 0.40450970625
0 0.4001232234375 0.45299510156249995 0.36418512187499996 0.44398607031250004 0.339289559375 0.4850232890625 0.368805 0.492899834375 0.4070279453125 0.4889508703125 0.4001232234375 0.45299510156249995
0 0.339170696875 0.5357736609375 0.387040178125 0.5522308703125 0.39526561718750003 0.50558208125 0.34082952187500004 0.501327878125 0.339170696875 0.5357736609375
0 0.38826712812499997 0.5577915625000001 0.33306105 0.5453850671875 0.33217220625 0.58798314375 0.34181874218749997 0.6083893171875 0.3898321796875 0.611511028125 0.38826712812499997 0.5577915625000001
0 0.3472086015625 0.665455375 0.39291209843749997 0.64412020625 0.3970248203125 0.6207958125 0.32591859843750004 0.61093004375 0.3472086015625 0.665455375
0 0.3470395484375 0.6413759875 0.284665925 0.6570995890625 0.28360803125 0.67561828125 0.2972233265625 0.6860355499999999 0.3508894453125 0.682137459375 0.3470395484375 0.6413759875
0 0.280747353125 0.741918246875 0.352141490625 0.725113034375 0.3473776515625 0.6895347593750001 0.279952278125 0.696351075 0.280747353125 0.741918246875
0 0.358395096875 0.702166134375 0.4144900171875 0.671974553125 0.415691871875 0.6401203703125 0.352404309375 0.66102716875 0.358395096875 0.702166134375