0 0.43705291874999996 0.27357505312499997 0.43806459843749995 0.3104128671875 0.566765659375 0.3005091484375 0.7296282734374999 0.2986627625 0.7470564375000001 0.191755778125 0.46600282656249997 0.197793540625 0.43705291874999996 0.27357505312499997
0 0.988363925 0.2214825265625 0.9777363250000001 0.18760515625000002 0.7607547859375 0.1962066421875 0.7283968984375 0.2891353875 0.802253503125 0.294878303125 0.9437587625000001 0.2921773390625 0.97618310625 0.2722883921875 0.988363925 0.2214825265625
0 0.632355253125 0.3583296109375 0.6039622578125 0.4190799453125 0.688328928125 0.4191105140625 0.7849939515625 0.4079249296875 0.8171832234374999 0.3088565359375 0.6261983828125001 0.31069273750000004 0.632355253125 0.3583296109375
0 0.9600884687500001 0.3218225890625 0.9437587625000001 0.2921773390625 0.8198656640624999 0.300600840625 0.8028768828124999 0.3528869328125 0.78376258125 0.39839755 0.91173810625 0.39738536562500004 0.949527325 0.3609850171875 0.9600884687500001 0.3218225890625
0 0.4080008515625 0.41625673125 0.496449940625 0.42369860781249996 0.59987983125 0.4116686328125 0.6305669609375 0.363833403125 0.627818065625 0.2990492953125 0.4425353296875 0.296653378125 0.4080008515625 0.41625673125
0 0.6663124921875 0.500187271875 0.67301090625 0.42630308437500003 0.41029498281250004 0.42917184375 0.3819019875 0.48992218281250005 0.38520780781249997 0.5396751156249999 0.5016105093750001 0.5409875453125 0.5925734296875 0.5340340796875 0.6663124921875 0.500187271875
0 0.9243226124999999 0.43189857187499997 0.8942945625000001 0.397802465625 0.6847523437499999 0.43011810781250004 0.653288603125 0.52029495625 0.7328473125 0.5218057453125 0.861548378125 0.5119020265625001 0.9028630984375001 0.49794416874999997 0.9243226124999999 0.43189857187499997
0 0.55529004375 0.5888533406249999 0.5363443578125 0.640503596875 0.6719788984374999 0.635895121875 0.710442575 0.624053325 0.7358669812499999 0.525829325 0.5598118609375 0.541643759375 0.55529004375 0.5888533406249999
0 0.7122308671875001 0.618549521875 0.829527715625 0.6171100484375 0.8608892953125 0.5938333625000001 0.8805605171875 0.533291571875 0.8741839562499999 0.5129651515625 0.746545659375 0.5262566078125 0.7122308671875001 0.618549521875
0 0.332504246875 0.6685871125 0.41580815624999995 0.6652299375 0.5295794953125 0.64134798125 0.55316453125 0.582077865625 0.5518156203125 0.532960771875 0.374360509375 0.5331081921874999 0.332504246875 0.6685871125
0 0.327696284375 0.670067340625 0.2887421515625 0.7699801109375 0.42722774062499996 0.7632555765625 0.5710782187500001 0.7400196421875 0.600753659375 0.655346590625 0.5374071171875 0.6438913296875 0.327696284375 0.670067340625
0 0.5833765703125 0.728803496875 0.722587696875 0.7131874234375 0.8238920671875001 0.694381978125 0.8453515796875 0.6283363875 0.83221015625 0.6088543515625 0.6071812953125 0.6422229296874999 0.5833765703125 0.728803496875
0 0.16066949531250002 0 0.154568559375 0.05096602812499999 0.3062109515625 0.170213415625 0.3366119296875 0.076648825 0.23175392499999997 0 0.16066949531250002 0
0 0.166309996875 0.054781053125 0.129026621875 0.1096003078125 0.126461715625 0.1574457265625 0.2231421203125 0.252750028125 0.2374484640625 0.2087196328125 0.2658414546875 0.1479692890625 0.166309996875 0.054781053125
0 0.11662610625 0.187716621875 0.10086870156250001 0.2495300890625 0.11311597343749999 0.271764028125 0.1765289765625 0.3562590859375 0.1971607953125 0.36600520468750003 0.2499461921875 0.416622896875 0.2947710484375 0.3186176328125 0.2908572359375 0.31734595625 0.141222821875 0.165284321875 0.11662610625 0.187716621875
0 0.1583752734375 0.4720576109375 0.16893641875 0.43289517968749996 0.1953725046875 0.371508996875 0.115241496875 0.278539496875 0.0892447984375 0.2853047859375 0.071750175 0.31917196875 0.0684597359375 0.37590892343750004 0.1583752734375 0.4720576109375
0 0.18097938281249998 0.5889294421875 0.215580325 0.5423658890625 0.06471453906249999 0.3807768875 0.041517809375 0.4188761921875 0.04163534375 0.4584659109375 0.0970520984375 0.5342779906249999 0.155825746875 0.626392915625 0.18097938281249998 0.5889294421875
0 0.4022995546875 0 0.5192122265625 0.08730045 0.7093029203125 0.08821615625 0.5835007421875 0.0013999234375000002 0.5791922234375 0 0.4022995546875 0
0 0.8531023125000001 0.0984303 0.827362040625 0.0806352625 0.594503571875 0.004974959375 0.7082401640625 0.0848284140625 0.8531023125000001 0.0984303