0 0.41183650937499994 0 0.333008253125 0.0286911390625 0.3455683046875 0.055173103125 0.3848651421875 0.076701121875 0.43521822187500003 0.0583741015625 0.50546841875 0 0.41183650937499994 0
0 0.505354153125 0 0.3929530390625 0.0827150984375 0.4281878 0.22814384062499998 0.62215058125 0.11275853437500001 0.7344619546875 0.05396508437500001 0.7181084156249999 0 0.505354153125 0
0 0.8175647546875 0 0.7391219140625 0.0343535484375 0.6349920484375 0.1588450703125 0.7080108 0.191986584375 0.8125555656250001 0.16587903125 0.896293059375 0.1269040359375 0.85010376875 0 0.8175647546875 0
0 0.39423820468750004 0.23751457187499997 0.4502151171875 0.3156756203125 0.62512314375 0.180352503125 0.612098684375 0.1283607625 0.39423820468750004 0.23751457187499997
0 0.3735323078125 0.050966856250000005 0.1406386703125 0.156634565625 0.18962563906250002 0.2642129203125 0.35955663437499996 0.22326445625 0.41557402187500003 0.1610730796875 0.3735323078125 0.050966856250000005
0 0 0.3490616734375 0.023671559375 0.3485025390625 0.16111266562499998 0.2507035265625 0.1227265671875 0.1452385859375 0 0.17788356562500002 0 0.3490616734375
0 0.4315710453125 0.28065879374999997 0.388846271875 0.2335052578125 0.1765117984375 0.2660000578125 0.0180519421875 0.3654774515625 0.030804018750000002 0.465342871875 0.10601445937500001 0.45588395625 0.1839208578125 0.44842970937500004 0.2632422859375 0.4016436171875 0.3439340359375 0.3424151375 0.44518916875 0.3234767328125 0.4315710453125 0.28065879374999997
0 0 0.483830509375 0.030804018750000002 0.465342871875 0.0147623078125 0.372646596875 0.001876146875 0.3534495078125 0 0.354520434375 0 0.483830509375
0 0.6194630546875 0.337679846875 0.735751334375 0.322227553125 0.8606275765625 0.243931325 0.8493394343749999 0.1913076078125 0.646324884375 0.18457933437500001 0.45679438437500003 0.30133732968750004 0.5012107765625 0.374748340625 0.6194630546875 0.337679846875
0 0.92781353125 0.21350582031249998 0.8881223046875 0.1044550671875 0.8749245359375 0.11033358906249999 0.84860746875 0.167686759375 0.8951708437500001 0.2253867859375 0.92781353125 0.21350582031249998
0 0.9290839296875 0.21699620625 0.8795440265625001 0.23107448125 0.7425135984375 0.313794471875 0.7770610859375 0.40871291562499995 0.838791696875 0.389230721875 0.9315482578125 0.3793573671875 0.9706443390624999 0.3311824921875 0.9290839296875 0.21699620625
0 0.5013937671875001 0.38065355312500004 0.5547683250000001 0.5164940484375 0.76490689375 0.41313667968749995 0.730542396875 0.32412345 0.5013937671875001 0.38065355312500004
0 0.3157018796875 0.50795804375 0.5008937015625 0.44951145156249994 0.5075623609375 0.38139427656249997 0.46291828593749995 0.328967496875 0.2252263875 0.421452090625 0.258037565625 0.517002503125 0.3157018796875 0.50795804375
0 0 0.5881634906250001 0.0241023625 0.654384190625 0.0970647328125 0.6203804500000001 0.230577846875 0.5658138312500001 0.24515140624999998 0.49780541562499997 0.201283990625 0.44211004843749996 0.0703285453125 0.4658866609375 0 0.5010468921875 0 0.5881634906250001
0 0.501259690625 0.46132187968749994 0.1294610125 0.6175468921875 0.1704494734375 0.6653323921875 0.19060217343750002 0.72070148125 0.5629498265625 0.5821921156250001 0.501259690625 0.46132187968749994
0 1 0.41183651250000003 0.9992884468750001 0.4098815359375 0.9429257890624999 0.3782021875 0.5599772671875 0.5145981468749999 0.6070002375 0.6437926968750001 0.822713728125 0.550349865625 0.994836403125 0.46680097187499997 1 0.4559136078125 1 0.41183651250000003
0 1 0.4648248125 0.857257 0.5318053265625 0.8375191953125001 0.574820196875 0.8669024343749999 0.6447450984375 1 0.6059175046874999 1 0.4648248125
0 1 0.6170956078125001 0.8688217406250001 0.650018346875 0.6771889421874999 0.755597884375 0.6667263703125 0.786279128125 0.683955425 0.8606277906249999 0.9129657546875001 0.77130303125 1 0.74866726875 1 0.6170956078125001
0 1 0.758890990625 0.9136977234374999 0.794923884375 0.944356471875 0.8703563578125 1 0.85010376875 1 0.758890990625
0 0.7053890703125 0.957333378125 0.9516974765624999 0.8676844499999999 0.9065694765625001 0.7915465359375 0.7908301734375 0.8247144765625001 0.6727608875 0.8676881828124999 0.7053890703125 0.957333378125
0 0.22652421406249998 0.916640521875 0.250104846875 0.9976351296875 0.40504738749999997 0.9263111171875 0.5268169859375 0.8610892421875 0.64036460625 0.8705217359375 0.64333295 0.82465271875 0.580638465625 0.7280353046875 0.36012671093750004 0.808295021875 0.22652421406249998 0.916640521875
0 0.24511767343750002 1 0.24663221875 0.9988990624999999 0.21190174218750002 0.8980754015624999 0.125211334375 0.9321788 0.14989623125 1 0.24511767343750002 1
0 0.5881634906250001 1 0.6786498484375 0.967065659375 0.659053371875 0.8786491203125 0.52508066875 0.8617212109375 0.4117649515625 0.9447674812500001 0.42499094687500005 1 0.5881634906250001 1
0 0.0751005671875 0.7945006015625 0.12030839687499999 0.91870809375 0.22250261093749998 0.9001888203125 0.35898406718750003 0.799753184375 0.30131553437499997 0.6953346609375 0.0751005671875 0.7945006015625
0 0.31502304531249997 0.6843737187500001 0.366112315625 0.803130534375 0.609013146875 0.7087500437500001 0.5706270484375 0.6032851031249999 0.31502304531249997 0.6843737187500001
0 0.5938863890625 0.6455798359375 0.5739166796874999 0.59611595625 0.323521615625 0.6753086749999999 0.36053738750000003 0.7932160078125 0.60284455 0.7080093171875 0.5938863890625 0.6455798359375
0 0.625327240625 0.75357264375 0.86420646875 0.642740446875 0.8406258359375001 0.5617458390625 0.5915564109375 0.6553856078125 0.625327240625 0.75357264375
0 0.025097973437499997 0.65711960625 0.0770155578125 0.7997619968749999 0.1855762265625 0.72850259375 0.16332123125 0.661955040625 0.1280906828125 0.629989284375 0.025097973437499997 0.65711960625