0 0.43966942031249995 0.2111276734375 0.49421487812500003 0.19870839375 0.535537190625 0.22106308593750001 0.535537190625 0.1539990046875 0.4413223125 0.163934425 0.43966942031249995 0.2111276734375
0 0.5041322328125 0.203676103125 0.41487603437500004 0.22106308593750001 0.4132231421875 0.26577248125 0.5041322328125 0.2533532015625 0.5041322328125 0.203676103125
0 0.5388429734375 0.2533532015625 0.44628099218750006 0.260804771875 0.4413223125 0.3104818671875 0.5388429734375 0.3030303 0.5388429734375 0.2533532015625
0 0.5421487593750001 0.30551415937500004 0.43636363749999996 0.3204172890625 0.44628099218750006 0.3750620984375 0.5421487593750001 0.3750620984375 0.5421487593750001 0.30551415937500004
0 0.5173553703125 0.372578240625 0.44628099218750006 0.37754595156250004 0.4413223125 0.42722304843750003 0.5157024812500001 0.4222553390625 0.5173553703125 0.372578240625
0 0.732231403125 0.1217088921875 0.6165289281249999 0.1266766015625 0.619834709375 0.173869846875 0.732231403125 0.16145057499999999 0.732231403125 0.1217088921875
0 0.604958675 0.1713859875 0.550413221875 0.1713859875 0.5471074375 0.23596621875 0.604958675 0.23348236562500002 0.604958675 0.1713859875
0 0.7669421484375001 0.173869846875 0.60991735625 0.1838052671875 0.604958675 0.2459016390625 0.7669421484375001 0.23596621875 0.7669421484375001 0.173869846875
0 0.631404959375 0.25086934843750003 0.5454545453125 0.2483854921875 0.550413221875 0.29557873749999997 0.6330578515624999 0.29061102656250004 0.631404959375 0.25086934843750003
0 0.629752065625 0.29061102656250004 0.694214878125 0.293094884375 0.773553721875 0.3104818671875 0.778512396875 0.2459016390625 0.6396694203125 0.2459016390625 0.629752065625 0.29061102656250004
0 0.5157024812500001 0.3700943875 0.5157024812500001 0.43964232187499996 0.7338842984375 0.43715846875000003 0.7338842984375 0.365126678125 0.6413223125 0.372578240625 0.5157024812500001 0.3700943875
0 0.7471074375 0.29806259687500003 0.5603305796875 0.30551415937500004 0.5570247937499999 0.3576751078125 0.7404958703125 0.3700943875 0.7471074375 0.29806259687500003
0 0.5570247937499999 0.5116741203124999 0.6363636374999999 0.5091902625 0.7041322328125 0.5240933937500001 0.7041322328125 0.4495777421875 0.5603305796875 0.4495777421875 0.5570247937499999 0.5116741203124999
0 0.299173553125 0.53154495625 0.4380165265625 0.536512665625 0.5024793390625 0.5191256828124999 0.5041322328125 0.469448584375 0.29421487812499997 0.47938400468750003 0.299173553125 0.53154495625
0 0.662809915625 0.5464480859374999 0.4347107453125 0.5340288156249999 0.43636363749999996 0.5961251843750001 0.662809915625 0.6110283171875001 0.662809915625 0.5464480859374999
0 0.32727272812499997 0.5663189281250001 0.19008264375 0.57625434375 0.19173553906250002 0.6333830125000001 0.332231403125 0.6284153 0.32727272812499997 0.5663189281250001
0 0.1966942140625 0.7054148031249999 0.3173553703125 0.7103825140625 0.421487603125 0.7054148031249999 0.419834709375 0.6507699953125 0.195041325 0.645802284375 0.1966942140625 0.7054148031249999
0 0.5933884296875 0.665673125 0.4380165265625 0.6482861421874999 0.42975206562499996 0.7029309515625 0.5933884296875 0.7550919015625001 0.5933884296875 0.665673125
0 0.431404959375 0.7103825140625 0.34876033125 0.7103825140625 0.3454545453125 0.772478884375 0.4694214875 0.7973174375000001 0.5983471078125 0.8196721328125 0.5983471078125 0.7501241921874999 0.431404959375 0.7103825140625
0 0.2016528921875 0.757575759375 0.28429751875 0.7600596125 0.3471074375 0.7600596125 0.3404958703125 0.7103825140625 0.195041325 0.7153502234375 0.2016528921875 0.757575759375
0 0.4247933890625 0.7848981640625 0.28925619999999996 0.769995034375 0.20330578593749998 0.7749627421875 0.20330578593749998 0.8221559828125 0.299173553125 0.8147044203125 0.431404959375 0.8569299562499999 0.4247933890625 0.7848981640625
0 0.42975206562499996 0.8544460984375 0.5190082640625 0.861897665625 0.5933884296875 0.90163934375 0.5933884296875 0.829607553125 0.4347107453125 0.7873820171875 0.42975206562499996 0.8544460984375
0 0.3041322328125 0.2483854921875 0.22644627812499998 0.24093392812499997 0.22809917500000002 0.275707896875 0.3041322328125 0.28315946406250003 0.3041322328125 0.2483854921875
0 0.371900825 0.24093392812499997 0.3107438 0.24341778593750002 0.3140495859375 0.275707896875 0.371900825 0.263288621875 0.371900825 0.24093392812499997
0 0.3669421484375 0.2781917546875 0.2859504140625 0.293094884375 0.2859504140625 0.3154495796875 0.3669421484375 0.300546446875 0.3669421484375 0.2781917546875
0 0.2809917359375 0.2781917546875 0.22314049531250002 0.28067560625 0.22314049531250002 0.30799801250000003 0.27933884375 0.3104818671875 0.2809917359375 0.2781917546875
0 0.27768595 0.30551415937500004 0.22314049531250002 0.3104818671875 0.22314049531250002 0.3427719828125 0.2809917359375 0.3378042734375 0.27768595 0.30551415937500004
0 0.373553721875 0.3104818671875 0.3107438 0.31793343281249997 0.309090909375 0.3427719828125 0.373553721875 0.3378042734375 0.373553721875 0.3104818671875
0 0.2826446296875 0.3477396953125 0.229752065625 0.340288125 0.229752065625 0.372578240625 0.27933884375 0.372578240625 0.2826446296875 0.3477396953125
0 0.2859504140625 0.3750620984375 0.3289256171875 0.3750620984375 0.3669421484375 0.3700943875 0.3619834734375 0.340288125 0.2859504140625 0.3477396953125 0.2859504140625 0.3750620984375
0 0.2809917359375 0.372578240625 0.22809917500000002 0.365126678125 0.22809917500000002 0.39990064375 0.28429751875 0.39990064375 0.2809917359375 0.372578240625
0 0.27768595 0.39741679375 0.22479338906250002 0.40238450312499996 0.22644627812499998 0.42970690625 0.27768595 0.4346746171875 0.27768595 0.39741679375
0 0.272727271875 0.42722304843750003 0.22644627812499998 0.42722304843750003 0.229752065625 0.46199702187499997 0.2710743828125 0.45454545468749996 0.272727271875 0.42722304843750003
0 0.3619834734375 0.36761053125 0.28925619999999996 0.3700943875 0.28925619999999996 0.39990064375 0.3652892546875 0.394932934375 0.3619834734375 0.36761053125
0 0.3669421484375 0.3899652234375 0.2876033046875 0.39244908125 0.27768595 0.43219075937499996 0.3669421484375 0.4222553390625 0.3669421484375 0.3899652234375
0 0.3652892546875 0.42473919687499995 0.2876033046875 0.42473919687499995 0.2859504140625 0.4570293125 0.3652892546875 0.45454545468749996 0.3652892546875 0.42473919687499995
0 0.27768595 0.44709389218749995 0.22809917500000002 0.4570293125 0.22809917500000002 0.49428713281250003 0.2876033046875 0.48683556718750004 0.27768595 0.44709389218749995
0 0.2826446296875 0.47938400468750003 0.2330578515625 0.491803278125 0.2330578515625 0.5091902625 0.29256198125 0.504222553125 0.2826446296875 0.47938400468750003
0 0.290909090625 0.5116741203124999 0.2347107453125 0.5141579734375 0.2347107453125 0.548931940625 0.29256198125 0.5439642359375 0.290909090625 0.5116741203124999
0 0.2 0.23348236562500002 0.12231405 0.2384500765625 0.1239669421875 0.27322404375 0.1983471078125 0.27322404375 0.2 0.23348236562500002
0 0.1933884296875 0.275707896875 0.142148759375 0.2781917546875 0.1471074375 0.312965721875 0.204958675 0.30799801250000003 0.1933884296875 0.275707896875
0 0.2016528921875 0.30799801250000003 0.1239669421875 0.30799801250000003 0.1239669421875 0.335320415625 0.204958675 0.3378042734375 0.2016528921875 0.30799801250000003
0 0.1983471078125 0.3303527046875 0.15570049531250002 0.3303527046875 0.15570049531250002 0.365126678125 0.20363438281250001 0.36761053125 0.1983471078125 0.3303527046875
0 0.1507418171875 0.340288125 0.082973221875 0.335320415625 0.082973221875 0.36761053125 0.14247735625 0.36761053125 0.1507418171875 0.340288125
0 0.120989753125 0.29806259687500003 0.07966743750000001 0.3030303 0.07966743750000001 0.325385 0.12264264375 0.3328365625 0.120989753125 0.29806259687500003
0 0.13751867499999998 0.2707401921875 0.076361653125 0.26577248125 0.07966743750000001 0.3030303 0.1408244609375 0.3030303 0.13751867499999998 0.2707401921875
0 0.11768396562500001 0.2309985078125 0.0862790078125 0.2384500765625 0.084626115625 0.268256334375 0.1193368578125 0.263288621875 0.11768396562500001 0.2309985078125
0 0.20363438281250001 0.36761053125 0.13421289218750002 0.3700943875 0.13421289218750002 0.39244908125 0.20694016406250001 0.387481371875 0.20363438281250001 0.36761053125
0 0.13255999999999998 0.3626428203125 0.0862790078125 0.3626428203125 0.0862790078125 0.387481371875 0.12760132500000002 0.3825136609375 0.13255999999999998 0.3626428203125
0 0.13255999999999998 0.3899652234375 0.082973221875 0.387481371875 0.082973221875 0.42722304843750003 0.13751867499999998 0.42473919687499995 0.13255999999999998 0.3899652234375
0 0.21024595000000001 0.3899652234375 0.15900627812499998 0.387481371875 0.160659175 0.4222553390625 0.21189884375 0.40983606562499997 0.21024595000000001 0.3899652234375
0 0.15570049531250002 0.43219075937499996 0.0879319015625 0.42473919687499995 0.0879319015625 0.4520616015625 0.15570049531250002 0.46199702187499997 0.15570049531250002 0.43219075937499996
0 0.21189884375 0.417287628125 0.15570049531250002 0.4197714859375 0.15735338906250002 0.45454545468749996 0.21189884375 0.444610034375 0.21189884375 0.417287628125
0 0.2085930578125 0.444610034375 0.15570049531250002 0.444610034375 0.15570049531250002 0.47938400468750003 0.2152046296875 0.48683556718750004 0.2085930578125 0.444610034375
0 0.205287271875 0.484351715625 0.15570049531250002 0.484351715625 0.15570049531250002 0.5091902625 0.205287271875 0.5141579734375 0.205287271875 0.484351715625
0 0.20363438281250001 0.5091902625 0.1507418171875 0.506706409375 0.14908892812500002 0.5340288156249999 0.20032859687500001 0.5340288156249999 0.20363438281250001 0.5091902625
0 0.152394709375 0.4495777421875 0.082973221875 0.4520616015625 0.082973221875 0.48186785781249997 0.15404760312500002 0.47938400468750003 0.152394709375 0.4495777421875
0 0.1507418171875 0.47938400468750003 0.08958479375 0.47938400468750003 0.08958479375 0.506706409375 0.1457831421875 0.5091902625 0.1507418171875 0.47938400468750003
0 0.147436034375 0.506706409375 0.0879319015625 0.5017387 0.0945434734375 0.5414803781249999 0.147436034375 0.5439642359375 0.147436034375 0.506706409375
0 0.8548740499999999 0.158966715625 0.797022809375 0.1415797328125 0.8003285968749999 0.196224540625 0.864791403125 0.2136115234375 0.8548740499999999 0.158966715625
0 0.8631385125 0.2136115234375 0.8036343828125 0.20119225312500003 0.805287271875 0.26577248125 0.8697500843749999 0.2707401921875 0.8631385125 0.2136115234375
0 0.8614856171874999 0.260804771875 0.8019814875 0.260804771875 0.805287271875 0.3378042734375 0.8697500843749999 0.32786885312499997 0.8614856171874999 0.260804771875
0 0.8581798359375 0.3229011421875 0.795369915625 0.3204172890625 0.790411240625 0.3849975140625 0.8565269421874999 0.3750620984375 0.8581798359375 0.3229011421875
0 0.8532211562500001 0.37754595156250004 0.782146778125 0.3800298078125 0.78379966875 0.44709389218749995 0.8548740499999999 0.42473919687499995 0.8532211562500001 0.37754595156250004
0 0.8515682640625 0.4222553390625 0.780493884375 0.4346746171875 0.7854525625 0.48683556718750004 0.8515682640625 0.4669647265625 0.8515682640625 0.4222553390625
0 0.8482624812499999 0.4719324375 0.78379966875 0.48186785781249997 0.78379966875 0.536512665625 0.8499153703125 0.5240933937500001 0.8482624812499999 0.4719324375
0 0.8433037999999999 0.53154495625 0.7854525625 0.5389965234375 0.7854525625 0.57625434375 0.8350393390624999 0.563835071875 0.8433037999999999 0.53154495625
0 0.838345121875 0.5563835078125 0.7738823125 0.588673621875 0.7771880984374999 0.6482861421874999 0.838345121875 0.6209637375 0.838345121875 0.5563835078125
0 0.838345121875 0.6159960265625 0.782146778125 0.6482861421874999 0.782146778125 0.69299553125 0.8433037999999999 0.6507699953125 0.838345121875 0.6159960265625
0 0.6714029734375 0.7550919015625001 0.780493884375 0.6706408359375 0.7771880984374999 0.59860904375 0.7771880984374999 0.6209637375 0.6664442984375001 0.697963240625 0.6714029734375 0.7550919015625001
0 0.78379966875 0.489319425 0.72264264375 0.5091902625 0.72264264375 0.5837059140624999 0.78379966875 0.5439642359375 0.78379966875 0.489319425
0 0.7672707453125 0.5613512187499999 0.701155040625 0.608544459375 0.702807934375 0.6756085453125 0.7788409921875 0.6209637375 0.7672707453125 0.5613512187499999
0 0.7771880984374999 0.6607054156250001 0.669750084375 0.7501241921874999 0.6780145453124999 0.7873820171875 0.780493884375 0.6905116734375001 0.7771880984374999 0.6607054156250001