0 0.359533034375 0.105600003125 0.1337807578125 0.0788647140625 0.13673043437500002 0.15828811250000002 0.2185184140625 0.1951523921875 0.3865367546875 0.2191054765625 0.359533034375 0.105600003125
0 0.38989678125 0.23258180468749998 0.174032003125 0.20910691875 0.1891322140625 0.311266190625 0.23186426718750003 0.3578682046875 0.4246631015625 0.3928197109375 0.38989678125 0.23258180468749998
0 0.43754008437499997 0.39247193281250004 0.4195340859375 0.3826472546875 0.217519759375 0.34713061562499997 0.203244325 0.36786677343749996 0.2242 0.45711485312500005 0.248377559375 0.49689175937499996 0.471935865625 0.53562533125 0.43754008437499997 0.39247193281250004
0 0.2737358046875 0.6193959421875 0.294306315625 0.6343068484375001 0.462270215625 0.6840388468749999 0.5094446484375 0.6808653875 0.47327987499999996 0.5410158625 0.24972157187500002 0.502282290625 0.2737358046875 0.6193959421875
0 0.514148684375 0.6997322453125 0.50755214375 0.6784744234375 0.45683973125 0.6882556328125 0.278864821875 0.629568396875 0.2992720078125 0.7218160484375 0.475710321875 0.7379441640625 0.54065835625 0.7904583749999999 0.514148684375 0.6997322453125
0 0.45286621875 0.9010947 0.425066978125 0.779199125 0.187959684375 0.7381180656249999 0.2247964609375 0.880662853125 0.45286621875 0.9010947
0 0.4784414828125 1 0.4562262453125 0.9145710265625 0.223274496875 0.8953563984375 0.24653421406249998 1 0.4784414828125 1
0 0 0.36113095624999997 0.0705659765625 0.36086778124999996 0.0458797359375 0.24105886562499998 0 0.23580122656250002 0 0.36113095624999997
0 0 0.4936969734375 0.1053867359375 0.49532677343750003 0.0713614953125 0.36925788437499996 0 0.36662101874999997 0 0.4936969734375
0 0 0.561392278125 0.020588617187499998 0.6439687140625 0.1466805265625 0.6453487499999999 0.10130026406249999 0.50493409375 0 0.5010934015624999 0 0.561392278125
0 0.1361210265625 0.6393930812499999 0.0204607984375 0.6434560546875 0.0565105171875 0.78804358125 0.18486131249999999 0.7932840718749999 0.1361210265625 0.6393930812499999
0 0.17729129999999999 0.7837202265625 0.055545789062499996 0.784174271875 0.089795590625 0.9215427281249999 0.220477590625 0.936133165625 0.17729129999999999 0.7837202265625
0 0.2347553203125 1 0.21571911250000003 0.94304521875 0.09295408125 0.9342107421874999 0.109357184375 1 0.2347553203125 1
0 0.45255694531249996 0 0.46247982656250003 0.0713440390625 0.6129862187499999 0.10825178437500001 0.603526709375 0 0.45255694531249996 0
0 0.553359784375 0.1030786171875 0.468527871875 0.09560142968749999 0.499138646875 0.23397290312500002 0.59117003125 0.2339294296875 0.553359784375 0.1030786171875
0 0.6222602265625 0.33782758125 0.5923905281249999 0.23362512500000002 0.491568634375 0.22440905781249998 0.4924332234375 0.2642729109375 0.5290627890625 0.312396446875 0.5464114109375 0.37677852343749996 0.6195868359375 0.38429918281250003 0.6222602265625 0.33782758125
0 0.5680537234374999 0.5259745359375 0.5947267218750001 0.5393639203125 0.6539826171875001 0.52745258125 0.634617978125 0.45498470625 0.6259363515625 0.39416733593750003 0.54055595 0.389689721875 0.5680537234374999 0.5259745359375
0 0.5810688484375001 0.588574259375 0.6110474296875 0.6412188890625 0.6224715187500001 0.687038409375 0.7201804109375 0.6941678171875 0.66936966875 0.5579699453125 0.5799572328125 0.5373207359375 0.5810688484375001 0.588574259375
0 0.6134486156250001 0.7236418609374999 0.6527117578125 0.8083253750000001 0.7357746749999999 0.819106434375 0.7433845 0.7456387015625 0.7060829296875 0.6948198984375 0.6242405125 0.6837345359375 0.6134486156250001 0.7236418609374999
0 0.70578554375 0.963998715625 0.7946696171875 0.9418374281249999 0.7453607046874999 0.8367560796875001 0.6601582546875 0.8121943843749999 0.6602963984375 0.8751418875000001 0.70578554375 0.963998715625
0 0.6923600671875 0.9673460625000001 0.6994360281249999 0.9541305671875 0.65987141875 0.88383629375 0.5668519328125 0.8383210796875 0.5538660671875 0.8902266843750001 0.5942261953125 0.9689110624999999 0.6380282312500001 0.9808925125 0.6923600671875 0.9673460625000001
0 0.915110621875 0.2333208046875 0.83791779375 0.26688121875 0.87364295625 0.3581724828125 0.96603025 0.3179608484375 0.9245731375 0.245275615625 0.915110621875 0.2333208046875
0 0 0.138645825 0.0282150140625 0.13381336562499999 0.0215295625 0.1039892640625 0 0.10935718750000001 0 0.138645825
0 1 0.677896375 0.967679803125 0.5637517140625 0.9034184015625 0.5711854328125 0.9304221281249999 0.68469090625 1 0.678755496875 1 0.677896375
0 1 0.7035865125 0.9982905796875 0.7021231875 0.9368951515624999 0.70025389375 0.9718938671874999 0.8146288046875 1 0.82017708125 1 0.7035865125