0 0.47985348125 0.294550809375 0.5567765578125 0.2896416296875 0.633699634375 0.23073146875 0.617216115625 0.1718213046875 0.4743589734375 0.2405498296875 0.47985348125 0.294550809375
0 0.4743589734375 0.40746195468749996 0.5586080578125 0.373097690625 0.626373628125 0.35100638281249996 0.6208791203125 0.2675503203125 0.4743589734375 0.299459990625 0.4743589734375 0.40746195468749996
0 0.604395603125 0.3608247421875 0.47252747343749996 0.3951890046875 0.47069596875 0.441826215625 0.4743589734375 0.49091801406249996 0.5622710625 0.4737358875 0.6117216109375 0.46637211250000005 0.604395603125 0.3608247421875
0 0.45970696093749996 0.48600883437500003 0.46336996093750005 0.569464896875 0.5109890125 0.5547373609374999 0.55128205 0.55228276875 0.593406590625 0.5326460453124999 0.6062271078125 0.5105547375 0.602564103125 0.46637211250000005 0.5677655703125 0.46637211250000005 0.5238095234375 0.48846342812500004 0.45970696093749996 0.48600883437500003
0 0.6007326015625 0.5473735859375 0.54395604375 0.5547373609374999 0.45054945 0.569464896875 0.45054945 0.645557190625 0.53113553125 0.613647521875 0.591575090625 0.6111929328125 0.6007326015625 0.5473735859375
0 0.595238096875 0.6111929328125 0.54945055 0.613647521875 0.4542124546875 0.643102603125 0.4542124546875 0.7511045671875001 0.5384615390625 0.70446735625 0.597069596875 0.6921944015625 0.595238096875 0.6111929328125
0 0.4615384609375 0.8100147265625001 0.49267399218749997 0.82474226875 0.5989011015625 0.7707412890625001 0.6062271078125 0.6799214546875 0.4615384609375 0.7363770265625 0.4615384609375 0.8100147265625001
0 0.5879120890625 0.7707412890625001 0.4743589734375 0.82719685625 0.47252747343749996 0.8959253828125 0.595238096875 0.8296514500000001 0.5879120890625 0.7707412890625001
0 0.46336996093750005 0.94256259375 0.54395604375 0.9106529234374999 0.5787545765625 0.8910162015624999 0.595238096875 0.82719685625 0.46703296562499996 0.8811978406250001 0.46336996093750005 0.94256259375
0 0.5787545765625 0.8983799687499999 0.45787545625000003 0.9450171796875001 0.45604395625 1 0.58058608125 0.9671084953125 0.5787545765625 0.8983799687499999
0 0.73076923125 0.203730978125 0.6428571421875 0.1914580265625 0.6373626390625 0.22336769531249998 0.626373628125 0.2626411390625 0.626373628125 0.287187040625 0.7234432234375 0.28227786093749996 0.73076923125 0.203730978125
0 0.6282051281250001 0.35100638281249996 0.714285715625 0.3387334328125 0.7252747265624999 0.2749140859375 0.622710621875 0.28227786093749996 0.6282051281250001 0.35100638281249996
0 0.716117215625 0.34118802187499997 0.6630036609375 0.34118802187499997 0.617216115625 0.3534609734375 0.6190476203124999 0.41728031562499995 0.6868131875000001 0.41728031562499995 0.72893773125 0.4197349015625 0.716117215625 0.34118802187499997
0 0.6813186796874999 0.49091801406249996 0.7472527453125 0.48600883437500003 0.7728937734375 0.48600883437500003 0.7747252734375001 0.4295532625 0.7234432234375 0.4197349015625 0.675824178125 0.41728031562499995 0.617216115625 0.43200785625 0.615384615625 0.5056455578125 0.6813186796874999 0.49091801406249996
0 0.6007326015625 0.5891016171875 0.6611721609375001 0.567010309375 0.72893773125 0.5547373609374999 0.7765567765625 0.5498281796875 0.7765567765625 0.49091801406249996 0.7234432234375 0.48600883437500003 0.6410256421875 0.50319096875 0.6007326015625 0.5228276843749999 0.6007326015625 0.5891016171875
0 0.78021978125 0.5547373609374999 0.7051282046875 0.5621011296875 0.6007326015625 0.5891016171875 0.6080586078125 0.65783014375 0.7032967046875 0.6234658828125 0.7765567765625 0.603829159375 0.78021978125 0.5547373609374999
0 0.783882784375 0.358370153125 0.71794871875 0.3534609734375 0.71794871875 0.42464408125 0.78205128125 0.43200785625 0.783882784375 0.358370153125
0 0.7967032953125 0.3068237625 0.7271062265625 0.2970054015625 0.716117215625 0.3534609734375 0.79120879375 0.3657339234375 0.7967032953125 0.3068237625
0 0.7252747265624999 0.2970054015625 0.7948717953125 0.3068237625 0.8095238078125 0.28473245 0.804029303125 0.2258222890625 0.72893773125 0.216003928125 0.7252747265624999 0.2970054015625
0 0.7234432234375 0.208640153125 0.76923076875 0.2258222890625 0.8168498156249999 0.24300441875 0.8113553124999999 0.1718213046875 0.7271062265625 0.12518409375 0.7234432234375 0.208640153125
0 0.714285715625 0.132547865625 0.8021978031250001 0.1644575359375 0.8168498156249999 0.1423662265625 0.8131868125 0.0834560625 0.70879120625 0.0466372109375 0.714285715625 0.132547865625
0 0.5366300390625 0.1521845859375 0.6282051281250001 0.1644575359375 0.695970696875 0.186548846875 0.7069597062499999 0.1350024546875 0.5347985343749999 0.0834560625 0.5366300390625 0.1521845859375
0 0.7014652 0.613647521875 0.6062271078125 0.6529209640625 0.6062271078125 0.714285715625 0.6996336999999999 0.6750122734375 0.7014652 0.613647521875
0 0.78021978125 0.608738340625 0.7106227109375001 0.6234658828125 0.7032967046875 0.6872852218750001 0.7765567765625 0.6676485046875 0.78021978125 0.608738340625
0 0.595238096875 0.753559153125 0.604395603125 0.7830142375 0.7124542109374999 0.7167403046875 0.6996336999999999 0.6725576796875 0.602564103125 0.711831121875 0.595238096875 0.753559153125
0 0.7655677640625 0.662739325 0.7051282046875 0.682376040625 0.70879120625 0.726558665625 0.7600732625 0.7167403046875 0.7655677640625 0.662739325
0 0.7619047625 0.714285715625 0.695970696875 0.731467846875 0.697802196875 0.7830142375 0.7545787546875 0.7609229281250001 0.7619047625 0.714285715625
0 0.7014652 0.7363770265625 0.597069596875 0.78055964375 0.595238096875 0.8541973515624999 0.7014652 0.7903780046875 0.7014652 0.7363770265625
0 0.6941391921875 0.795287184375 0.595238096875 0.844378990625 0.595238096875 0.9081983296875 0.6849816843750001 0.8689248921875 0.6941391921875 0.795287184375
0 0.7564102578125 0.758468334375 0.697802196875 0.7928325984375 0.697802196875 0.8468335765624999 0.7527472546875 0.81492390625 0.7564102578125 0.758468334375
0 0.58241758125 0.954835540625 0.653846153125 0.93274423125 0.6886446875 0.8983799687499999 0.6886446875 0.8640157109375 0.58241758125 0.9081983296875 0.58241758125 0.954835540625
0 0.6886446875 0.8983799687499999 0.73076923125 0.8811978406250001 0.7619047625 0.8517427578125 0.75091575 0.8222876796874999 0.6886446875 0.8492881703125 0.6886446875 0.8983799687499999
0 0.7545787546875 0.8591065312499999 0.66849816875 0.920471284375 0.6794871796875 0.984290621875 0.76923076875 0.915562103125 0.7545787546875 0.8591065312499999
0 0.604395603125 1 0.66849816875 0.9695630812499999 0.666666665625 0.9302896390625 0.554945053125 0.98183603125 0.5622710625 1 0.604395603125 1
0 0.906593409375 0.12027491406249999 0.824175821875 0.0711831125 0.8223443218750001 0.12027491406249999 0.8882783890624999 0.174275896875 0.906593409375 0.12027491406249999
0 0.8901098890625001 0.1988217984375 0.8260073265625 0.132547865625 0.8205128203125 0.1988217984375 0.8882783890624999 0.252822778125 0.8901098890625001 0.1988217984375
0 0.8131868125 0.24545900937499998 0.864468865625 0.328915071875 0.8901098890625001 0.331369659375 0.8882783890624999 0.27000490625 0.8278388265625001 0.203730978125 0.8131868125 0.24545900937499998
0 0.8626373609375 0.38782523125 0.8741595765625 0.3279869375 0.8205128203125 0.27000490625 0.7967032953125 0.326460478125 0.82967033125 0.3657339234375 0.8626373609375 0.38782523125
0 0.864468865625 0.38537064375 0.7985348 0.34855179375 0.7967032953125 0.3927344140625 0.864468865625 0.4344624421875 0.864468865625 0.38537064375
0 0.864468865625 0.4197349015625 0.79120879375 0.400098184375 0.7875457890625001 0.4614629375 0.8589743578125001 0.47619047343750004 0.864468865625 0.4197349015625
0 0.78021978125 0.530191459375 0.82967033125 0.5375552265625 0.8516483515625 0.5375552265625 0.8608058609375 0.4737358875 0.785714284375 0.459008346875 0.78021978125 0.530191459375
0 0.783882784375 0.5841924374999999 0.82967033125 0.5817378515625 0.8498168515625 0.5817378515625 0.8479853468749999 0.5326460453124999 0.783882784375 0.5351006390624999 0.783882784375 0.5841924374999999
0 0.783882784375 0.62592046875 0.8278388265625001 0.62592046875 0.8479853468749999 0.6332842421875 0.8516483515625 0.571919490625 0.7893772890624999 0.5743740765625 0.783882784375 0.62592046875
0 0.8498168515625 0.6332842421875 0.7765567765625 0.6308296484375 0.7765567765625 0.7167403046875 0.8516483515625 0.7069219421875 0.8498168515625 0.6332842421875
0 0.8443223468750001 0.6995581750000001 0.7728937734375 0.7020127625 0.7747252734375001 0.7511045671875001 0.82967033125 0.7412862062500001 0.8443223468750001 0.6995581750000001
0 0.8278388265625001 0.7363770265625 0.7619047625 0.753559153125 0.7619047625 0.800196365625 0.8260073265625 0.7658321078125 0.8278388265625001 0.7363770265625
0 0.8223443218750001 0.7633775140625 0.7472527453125 0.795287184375 0.7637362640625 0.8492881703125 0.83150183125 0.800196365625 0.8223443218750001 0.7633775140625
0 0.8260073265625 0.8051055453125 0.7564102578125 0.8689248921875 0.7637362640625 0.9131075093750001 0.840659340625 0.8468335765624999 0.8260073265625 0.8051055453125
0 0.9523809546875001 0.26509572656249997 0.9010988984375 0.2209131078125 0.8937728921874999 0.27982326875 0.9450549468749999 0.3215512984375 0.9523809546875001 0.26509572656249997
0 0.877289378125 0.336278840625 0.9249084234374999 0.38291605 0.9304029296874999 0.37064310312500004 0.9304029296874999 0.3387334328125 0.895604396875 0.299459990625 0.877289378125 0.336278840625
0 0.9212454234375 0.38046146406250003 0.877289378125 0.3436426125 0.866300365625 0.3951890046875 0.8736263718749999 0.412371134375 0.904761903125 0.4344624421875 0.9230769234375 0.412371134375 0.9212454234375 0.38046146406250003
0 0.864468865625 0.454099165625 0.897435896875 0.46882670624999995 0.9010988984375 0.4491899859375 0.9010988984375 0.4344624421875 0.866300365625 0.40500736562500006 0.864468865625 0.454099165625
0 0.8919413921875 0.46882670624999995 0.864468865625 0.4491899859375 0.8608058609375 0.5081001484375001 0.897435896875 0.5228276843749999 0.908424909375 0.50319096875 0.908424909375 0.46882670624999995 0.8919413921875 0.46882670624999995
0 0.897435896875 0.5130093296875 0.8626373609375 0.50319096875 0.8534798531250001 0.5351006390624999 0.897435896875 0.5473735859375 0.897435896875 0.5130093296875
0 0.897435896875 0.5547373609374999 0.8589743578125001 0.5424644062499999 0.8534798531250001 0.5915562109375 0.8937728921874999 0.5940107984375 0.897435896875 0.5547373609374999
0 0.904761903125 0.601374571875 0.8571428578125 0.5964653921874999 0.8516483515625 0.6357388296875001 0.8608058609375 0.65537555 0.9010988984375 0.65537555 0.908424909375 0.6234658828125 0.904761903125 0.601374571875
0 0.9102564109375001 0.6529209640625 0.8589743578125001 0.6529209640625 0.846153846875 0.7167403046875 0.908424909375 0.6872852218750001 0.9102564109375001 0.6529209640625
0 0.908424909375 0.682376040625 0.833333334375 0.719194896875 0.8278388265625001 0.7658321078125 0.8992673984374999 0.726558665625 0.908424909375 0.682376040625
0 0.9010988984375 0.726558665625 0.8223443218750001 0.7658321078125 0.82967033125 0.802650959375 0.8937728921874999 0.7682866953125 0.9010988984375 0.726558665625
0 0.8369963390624999 0.8394698093749999 0.902930403125 0.81492390625 0.904761903125 0.7879234187499999 0.8919413921875 0.753559153125 0.833333334375 0.800196365625 0.8369963390624999 0.8394698093749999
0 0.9798534812499999 0.726558665625 0.9157509156250001 0.773195878125 0.9157509156250001 0.8222876796874999 0.9780219765625 0.78055964375 0.9798534812499999 0.726558665625
0 0.9926739921875001 0.6946489953125 0.9157509156250001 0.729013253125 0.9157509156250001 0.758468334375 0.9835164859375001 0.7363770265625 0.9926739921875001 0.6946489953125
0 0.9194139187499999 0.726558665625 0.95787545625 0.719194896875 0.9890109875 0.7069219421875 0.9963369953125 0.6725576796875 0.9194139187499999 0.6921944015625 0.9194139187499999 0.726558665625
0 0.9926739921875001 0.6210112890625 0.9249084234374999 0.6480117843750001 0.9249084234374999 0.6872852218750001 0.9926739921875001 0.662739325 0.9926739921875001 0.6210112890625
0 0.9157509156250001 0.6357388296875001 0.9615384609375001 0.6210112890625 0.9835164859375001 0.6111929328125 0.9761904765624999 0.5621011296875 0.9102564109375001 0.5841924374999999 0.9157509156250001 0.6357388296875001
0 0.8992673984374999 0.571919490625 0.9304029296874999 0.5621011296875 0.95787545625 0.5473735859375 0.9542124546874999 0.5130093296875 0.8992673984374999 0.5326460453124999 0.8992673984374999 0.571919490625
0 0.9542124546874999 0.483554246875 0.904761903125 0.483554246875 0.904761903125 0.5179185046875 0.95787545625 0.51546391875 0.9542124546874999 0.483554246875
0 0.9560439562499999 0.441826215625 0.9139194156249999 0.4344624421875 0.908424909375 0.483554246875 0.9523809546875001 0.483554246875 0.9560439562499999 0.441826215625
0 0.9670329656250001 0.4025527734375 0.9230769234375 0.38291605 0.9102564109375001 0.43200785625 0.97069596875 0.446735396875 0.9670329656250001 0.4025527734375
0 0.9725274734375 0.3436426125 0.9230769234375 0.326460478125 0.9230769234375 0.3780068703125 0.9725274734375 0.3927344140625 0.9725274734375 0.3436426125
0 0.21794871875 0.174275896875 0.21978021874999998 0.1988217984375 0.28021978125 0.203730978125 0.283882784375 0.12272950468749999 0.21978021874999998 0.1374570453125 0.21794871875 0.174275896875
0 0.3131868125 0.216003928125 0.21611721562500003 0.208640153125 0.20695970625000001 0.26509572656249997 0.31684981562500003 0.2749140859375 0.3131868125 0.216003928125
0 0.3095238078125 0.061364753125000004 0.2380952375 0.05891015937500001 0.2399267375 0.12518409375 0.30586080781249997 0.132547865625 0.3095238078125 0.061364753125000004
0 0.31684981562500003 0.27982326875 0.1996337 0.27245949999999997 0.1996337 0.3215512984375 0.315018315625 0.3460972015625 0.31684981562500003 0.27982326875
0 0.3260073265625 0.4197349015625 0.324175821875 0.375552284375 0.31868132031249996 0.358370153125 0.1923076921875 0.3215512984375 0.18864468750000002 0.3559155625 0.1904761921875 0.41482572187500005 0.3003663 0.4295532625 0.3260073265625 0.4197349015625
0 0.315018315625 0.427098675 0.2435897421875 0.4221894953125 0.184981684375 0.4099165453125 0.184981684375 0.43691703593750003 0.23260073124999997 0.4639175265625 0.3003663 0.4933726078125 0.315018315625 0.427098675
0 0.3095238078125 0.5081001484375001 0.2380952375 0.47864506718750005 0.18131867968749998 0.441826215625 0.18131867968749998 0.49828178906250004 0.2252747265625 0.5375552265625 0.28937728906250004 0.5841924374999999 0.3095238078125 0.5081001484375001