0 0.0878318078125 0 0.07613529531249999 0.0601733359375 0.163589690625 0.11768774062500001 0.18148756562499999 0.01592740625 0.14957809375 0 0.0878318078125 0
0 0.1864658671875 0 0.183864553125 0.013382610937500001 0.3033846734375 0.06668334375 0.3163466015625 0 0.1864658671875 0
0 0.3238759203125 0 0.31063986250000003 0.06809361093750001 0.41458950781250004 0.08529253906249999 0.4292324640625 0.0099610546875 0.40026490625 0 0.3238759203125 0
0 0.29824966875 0.131835634375 0.3100766703125 0.07099098125 0.183864553125 0.013382610937500001 0.1617758921875 0.1173351734375 0.26947736093749997 0.14428389375 0.29824966875 0.131835634375
0 0.40119715625 0.1638739546875 0.42003089843749997 0.08635023750000001 0.316520221875 0.057209284375 0.301753034375 0.12349611093749999 0.40119715625 0.1638739546875
0 0.49702203437500003 0.1163499875 0.5105386109375 0.04681323125 0.42710392812500003 0.0305951734375 0.4147137328125 0.094337196875 0.49702203437500003 0.1163499875
0 0.5929627859375 0.1650673625 0.5990999453125 0.08507567499999999 0.5082858484375 0.05840269218750001 0.4973947109375 0.143483971875 0.5929627859375 0.1650673625
0 0.490884878125 0.19634166875 0.5044014515625 0.1268049140625 0.423782721875 0.09610003125 0.40119715625 0.1638739546875 0.490884878125 0.19634166875
0 0.38711738906250004 0.2363080703125 0.401760346875 0.160976590625 0.285677309375 0.138412334375 0.2745377234375 0.2054042890625 0.38711738906250004 0.2363080703125
0 0.266404603125 0.227878075 0.2874911078125 0.13876490156250001 0.1538332859375 0.1097776109375 0.136250153125 0.190551259375 0.266404603125 0.227878075
0 0.14964249999999998 0.111969846875 0.07431940625 0.06951527187499999 0.057455504687500006 0.156272528125 0.136689115625 0.17860923281250002 0.14964249999999998 0.111969846875
0 0.5999115859375 0.1002676375 0.5928385578124999 0.15602270000000001 0.655070865625 0.16511259843749998 0.6714613296875 0.1292096875 0.5999115859375 0.1002676375
0 0.5046498984375 0.1448942359375 0.48888055937499997 0.2260204515625 0.5793219828125 0.22555945156249999 0.5905857953125 0.16761215625 0.5046498984375 0.1448942359375
0 0.6368003156250001 0.23973895 0.649190509375 0.1759969234375 0.59477658125 0.165419928125 0.5816989718750001 0.22301465937499998 0.6368003156250001 0.23973895
0 0.14087989843749998 0.1764170046875 0.058026303125 0.153336028125 0.0396934828125 0.2476502015625 0.12048081562499999 0.2716774734375 0.14087989843749998 0.1764170046875
0 0.12467160156249998 0.269485240625 0.24575705937499998 0.3050492234375 0.264590803125 0.22752550781249997 0.140440940625 0.1883590265625 0.12498633906250001 0.24849855468749998 0.12467160156249998 0.269485240625
0 0.3628422546875 0.312774090625 0.38405298593750004 0.232705575 0.268094178125 0.2191859765625 0.2569545859375 0.2861779375 0.3628422546875 0.312774090625
0 0.4571597265625 0.33110755 0.472241646875 0.2438340390625 0.3878048078125 0.242455365625 0.3625275171875 0.33376077656250003 0.4571597265625 0.33110755
0 0.5609272062499999 0.291141146875 0.5643726390625 0.23468095 0.4863793515625 0.2195205890625 0.47680510781249996 0.268775790625 0.5609272062499999 0.291141146875
0 0.5588070218750001 0.2245785890625 0.5452904453125 0.294115346875 0.6189687234375 0.3024232734375 0.636237121875 0.2426363125 0.5588070218750001 0.2245785890625
0 0.114476228125 0.2735171375 0.0384780265625 0.2539031921875 0.0241373359375 0.32767963906249997 0.09983327187499999 0.348848621875 0.114476228125 0.2735171375
0 0.0878241078125 0.3525279546875 0.022086603125 0.338229753125 0.002033134375 0.441395903125 0.07468020625 0.449198690625 0.0878241078125 0.3525279546875
0 0 0.540265946875 0.05903509375 0.539369565625 0.0741170171875 0.452096053125 0.0020694562499999998 0.44120904375 0 0.4518554734375 0 0.540265946875
0 0.229548759375 0.3981174640625 0.2485730140625 0.2905624015625 0.119917625 0.2745748359375 0.098955340625 0.372732675 0.229548759375 0.3981174640625
0 0.2041472421875 0.480378209375 0.227734959375 0.397764896875 0.0971415453125 0.3723801078125 0.0784320265625 0.45894848125000004 0.2041472421875 0.480378209375
0 0.1794331421875 0.5687862499999999 0.1992690390625 0.47642314218750004 0.077868834375 0.4618458484375 0.058157160937499994 0.5632536171875 0.1794331421875 0.5687862499999999
0 0 0.6382794765625001 0.0398866125 0.6378799609375 0.0529062859375 0.5321645703125 0 0.5334049453125 0 0.6382794765625001
0 0.171482184375 0.648425365625 0.18112271562499999 0.5600941515625 0.0585961296875 0.551311590625 0.039447648437499996 0.649821990625 0.171482184375 0.648425365625
0 0 0.7281005546875 0.0073541328125 0.7277751078125 0.0151725140625 0.7262880046875 0.039638159374999996 0.6197906468750001 0 0.624606815625 0 0.7281005546875
0 0.028432284375 0.7258586078125 0.0009022312500000001 0.828753471875 0.1343116015625 0.8396514406250001 0.1517705125 0.7498331328125001 0.028432284375 0.7258586078125
0 0 0.9022065187500001 0.11422724687500001 0.9139252234375 0.1306840078125 0.8389463046875001 0 0.8416409765624999 0 0.9022065187500001
0 0.34275790625 0.387047878125 0.36328122343749997 0.3008320625 0.255140790625 0.2858253703125 0.2410610234375 0.3582594875 0.34275790625 0.387047878125
0 0.2400588671875 0.373098875 0.220537709375 0.44447529843750005 0.32686434062499997 0.45912942812499996 0.338691346875 0.3982847640625 0.2400588671875 0.373098875
0 0.437762790625 0.411528625 0.45478273593749996 0.333652346875 0.3612769109375 0.330510840625 0.3473213703125 0.411989621875 0.437762790625 0.411528625
0 0.42718639375 0.47562321562500004 0.440139778125 0.40898383125000004 0.3425673921875 0.417079221875 0.3300529734375 0.47177658906250003 0.42718639375 0.47562321562500004
0 0.21578373125 0.449564896875 0.191632821875 0.5350755703125001 0.306216803125 0.5363005750000001 0.32098398281249996 0.4700137546875 0.21578373125 0.449564896875
0 0.41617102812500006 0.551659834375 0.42912441562500003 0.485020446875 0.32892659375 0.4775713171875 0.3142836375 0.5529027953125001 0.41617102812500006 0.551659834375
0 0.193446621875 0.535428134375 0.1706705453125 0.6332334093750001 0.2900084953125 0.629368815625 0.30521464374999996 0.5511399609375001 0.193446621875 0.535428134375
0 0.2763014109375 0.7289369140625 0.2925097109375 0.635868678125 0.18086591093749999 0.6292015125 0.16522079843749998 0.719372384375 0.2763014109375 0.7289369140625
0 0.2573434375 0.797415971875 0.2731127765625 0.7162897546875 0.168160978125 0.713930221875 0.15295482968750002 0.7921590671875001 0.2573434375 0.797415971875
0 0.242824709375 0.8817921156249999 0.25972042812499996 0.794871175 0.1523916390625 0.7950564375 0.13493272812499998 0.8848747421875001 0.242824709375 0.8817921156249999
0 0.39370969218749996 0.6284784203125 0.4089158390625 0.5502495671875 0.31065604062499996 0.5521976640624999 0.29713946406249997 0.621734415625 0.39370969218749996 0.6284784203125
0 0.3759626796875 0.7004113796875 0.3946722 0.6138430031250001 0.30266543281249997 0.6320407578125 0.2914016203125 0.68998805 0.3759626796875 0.7004113796875
0 0.28120625 0.69401995 0.26962769531249997 0.772953928125 0.3600691203125 0.7724929296874999 0.37177189843749997 0.7026036109375 0.28120625 0.69401995
0 0.347364184375 0.8572216421875 0.3653862859375 0.764505971875 0.26656329375 0.7693514328125 0.2545457765625 0.8602274421875 0.347364184375 0.8572216421875
0 0.32490284687500004 0.934040228125 0.343049175 0.850369215625 0.2531709453125 0.8479328484374999 0.240217559375 0.9145722359375 0.32490284687500004 0.934040228125
0 0.2400087546875 0.8962789421874999 0.1348085 0.875830084375 0.10640887031249999 0.9154123171874999 0.110506384375 0.93364845625 0.1778708265625 0.9467427781250001 0.22080233906250002 0.946668675 0.2400087546875 0.8962789421874999
0 0.229002634375 0.9566817953125 0.3199365046875 0.97435755 0.322938184375 0.96351503125 0.3168756640625 0.9172340265625 0.23731702656250003 0.9198104234375 0.229002634375 0.9566817953125
0 0.4585345546875 0.34340214375 0.53652784375 0.35856250312500004 0.55129503125 0.292275675 0.47636614218749995 0.2807178171875 0.4585345546875 0.34340214375
0 0.45490696093749994 0.34269700937500003 0.43945236249999997 0.402836534375 0.52038583125 0.41255473125000003 0.5305232625 0.360402165625 0.45490696093749994 0.34269700937500003
0 0.610206121875 0.3668704296875 0.6214699343750001 0.3089231390625 0.5514192546875 0.301320334375 0.5418450125 0.3505755390625 0.610206121875 0.3668704296875
0 0.6014435234375 0.43131758906249995 0.612144146875 0.376267659375 0.5324612890625 0.3697993921875 0.523574459375 0.4252018890625 0.6014435234375 0.43131758906249995
0 0.44070296875 0.40608646875 0.42662320156250005 0.478520584375 0.50699348125 0.4911361421875 0.519383675 0.42739411718750003 0.44070296875 0.40608646875
0 0.587678496875 0.482765021875 0.5995055 0.42192036093749996 0.521760665625 0.424849325 0.5099336609375 0.4856939859375 0.587678496875 0.482765021875
0 0.4249336296875 0.487212675 0.4121044734375 0.5628967281249999 0.49166310781250006 0.56032033125 0.50699348125 0.4911361421875 0.4249336296875 0.487212675
0 0.50699348125 0.4911361421875 0.4982308796875 0.5555833 0.576414684375 0.540712315625 0.585988925 0.4914571125 0.50699348125 0.4911361421875
0 0.482900509375 0.624767490625 0.5565787890625 0.6330754187500001 0.5712217453124999 0.557743940625 0.492789490625 0.5545256015625 0.482900509375 0.624767490625
0 0.47983610312499997 0.6211649953125 0.4922262984375 0.55742296875 0.4086011015625 0.5712362546875001 0.3960866828125 0.6259336203125 0.47983610312499997 0.6211649953125
0 0.3877051109375 0.630318084375 0.374188534375 0.6998548390625 0.46381831562500003 0.6842018875 0.47339255781249995 0.6349466828125 0.3877051109375 0.630318084375
0 0.5453149734375 0.691022721875 0.5558913703125 0.6269281296875 0.4768959234375 0.62660715625 0.466758490625 0.6787597234375 0.5453149734375 0.691022721875
0 0.375000175 0.7150467953125 0.366676540625 0.767551925 0.453929334375 0.7544437734375 0.46688271875 0.6878043828125 0.375000175 0.7150467953125
0 0.540560996875 0.696112309375 0.4682319546875 0.7002306734375 0.459246503125 0.7464568078125 0.5353017671875 0.7522199421875 0.540560996875 0.696112309375
0 0.36498696875 0.7762440234375 0.3525967734375 0.8399860484375001 0.445290959375 0.8279355890625 0.458807534375 0.758398834375 0.36498696875 0.7762440234375
0 0.5170312140625 0.8268462953125001 0.534738575 0.7551173125 0.46174771562499994 0.7529566734375 0.4482311421875 0.822493428125 0.5170312140625 0.8268462953125001
0 0.42745937187500005 0.89061991875 0.43984956718749996 0.8268778890625 0.35134616875 0.836736115625 0.3406455453125 0.8917860484375 0.42745937187500005 0.89061991875
0 0.4139427953125 0.9601566703125 0.4280225625 0.8877225546874999 0.3347651875 0.9026703749999999 0.3217538671875 0.92118909375 0.32306240625 0.9725596968750001 0.4139427953125 0.9601566703125
0 0.5184639875 0.8872615578125 0.51940820625 0.8243014921875 0.443916128125 0.8156409968749999 0.4369673265625 0.8804407234375 0.5184639875 0.8872615578125
0 0.5035725765625 0.94450371875 0.5142732015625 0.8894537843749999 0.4292731703125 0.8909724828125001 0.41800935624999996 0.9489197765625 0.5035725765625 0.94450371875
0 0.4834017015625 1 0.49406462500000004 0.9546829140625 0.40906459375 0.9562016109375 0.40479703593750005 0.9908527671874999 0.45185547187499997 1 0.4834017015625 1
0 0.3290669921875 0.9707200265625 0.328506696875 0.976023425 0.4060465390625 0.9910956437499999 0.41212899687500004 0.95980410625 0.3290669921875 0.9707200265625
0 0.717742134375 0.16226047187499998 0.6675189953125 0.14949124062500002 0.6489999921875 0.2060282671875 0.712482903125 0.218368096875 0.7219908562499999 0.208188903125 0.717742134375 0.16226047187499998
0 0.7137335125 0.22161803125 0.7722139953125 0.2209581328125 0.7812250453125 0.1746002984375 0.7224961109375 0.157170871875 0.7137335125 0.22161803125
0 0.7117954875 0.21222080000000001 0.7035960796875 0.273770596875 0.761074409375 0.28795008593750004 0.771775028125 0.23290015937500003 0.7117954875 0.21222080000000001
0 0.6959019203125 0.28430235625 0.7066025453125 0.22925242343750002 0.6501263749999999 0.2002335390625 0.6377361796875001 0.2639755625 0.6959019203125 0.28430235625
0 0.6360466078125 0.2726676609375 0.6253459859375 0.32771758906250004 0.6810105140625 0.34154451875 0.6911479468749999 0.28939195156249997 0.6360466078125 0.2726676609375
0 0.6957777 0.27525769218749996 0.69051846875 0.33136532500000004 0.7485599875 0.3426474515625 0.753819215625 0.28653982031249997 0.6957777 0.27525769218749996
0 0.6947092546875 0.3291730890625 0.6753123203125 0.4095941703125 0.7382320390625 0.4248313671875 0.75005904375 0.3639867046875 0.6947092546875 0.3291730890625
0 0.6205920078125 0.332807184375 0.610578803125 0.394004415625 0.677689309375 0.40704937812499997 0.6882657046875 0.3429547859375 0.6205920078125 0.332807184375
0 0.67117946875 0.459907071875 0.6770018921875 0.4009020796875 0.6065122406250001 0.4052413078125 0.6035057765625 0.44975947656250004 0.67117946875 0.459907071875
0 0.5838603921875001 0.5120912328125 0.65697548125 0.52329653125 0.6611083296875 0.472983628125 0.5945610140625 0.4570413078125 0.5838603921875001 0.5120912328125
0 0.5814833984375001 0.5146360343749999 0.5762241734375 0.5707436609375 0.6365184515625 0.570436334375 0.6438399296874999 0.53277059375 0.5814833984375001 0.5146360343749999
0 0.7023783531250001 0.5802313625 0.7142053578125 0.5193867046875 0.6568512546874999 0.514251875 0.646713825 0.5664044374999999 0.7023783531250001 0.5802313625
0 0.7278461593750001 0.45889460781249997 0.7350434109374999 0.41218420624999996 0.676562928125 0.41284410625 0.67036783125 0.4447151171875 0.7278461593750001 0.45889460781249997
0 0.6698046421875 0.44761248125 0.661605228125 0.5091622734375 0.7183961437499999 0.517194471875 0.7267197765625 0.46468933906250004 0.6698046421875 0.44761248125
0 0.571470196875 0.575833259375 0.5614569875 0.6370304875 0.624815675 0.640325659375 0.6355162984375 0.5852757234375 0.571470196875 0.575833259375
0 0.690427121875 0.6320313578125 0.7000013625 0.5827761609375 0.6385807015625 0.58887821875 0.63013284375 0.6323386921874999 0.690427121875 0.6320313578125
0 0.5554524062499999 0.6388701515624999 0.548503603125 0.703669875 0.6195564453125 0.6964332843750001 0.6308202578125 0.6384859875 0.5554524062499999 0.6388701515624999
0 0.5426811875 0.7626748671875 0.5958445 0.7700019375 0.6160530750000001 0.7047728156249999 0.5515680093750001 0.707272375 0.5426811875 0.7626748671875
0 0.5384903984375 0.7648671031250001 0.5212220000000001 0.824654059375 0.588647246875 0.8167123359374999 0.5959687265625 0.77904659375 0.5384903984375 0.7648671031250001
0 0.6779127046875 0.6867287265625001 0.688050134375 0.6345761609375 0.6350110453125 0.636293759375 0.6259999953125 0.68265159375 0.6779127046875 0.6867287265625001
0 0.673092440625 0.73089433125 0.6832298703124999 0.6787417671875 0.63075396875 0.677561996875 0.620492309375 0.7206699015625 0.673092440625 0.73089433125
0 0.6533228296875 0.784181425 0.6665246609375 0.7356313625 0.6092947890625 0.739541190625 0.602097534375 0.7862515890624999 0.6533228296875 0.784181425
0 0.6523786109375 0.8471414875000001 0.66057801875 0.785591690625 0.6027849515625 0.7923988875 0.589019925 0.8438463203125 0.6523786109375 0.8471414875000001
0 0.5241621828125 0.819211903125 0.5117719875 0.8829539296875 0.5779466249999999 0.871762271875 0.5863944859375 0.8283017953125 0.5241621828125 0.819211903125
0 0.5123351781250001 0.8800565593749999 0.5021977468750001 0.932209128125 0.56361840625 0.9261070671875 0.575006446875 0.8772044328125 0.5123351781250001 0.8800565593749999
0 0.6381746171875 0.910530946875 0.6505648125 0.8467889234375001 0.58789354375 0.8496410484375 0.5766297312499999 0.90758834375 0.6381746171875 0.910530946875
0 0.6351681484375 0.9550491171875001 0.643616009375 0.9115886468750001 0.5684966109375 0.9300621296875 0.56004875 0.973522603125 0.6351681484375 0.9550491171875001
0 0.5089923093750001 1 0.553042009375 0.9902016609375 0.5631794421875 0.9380490890625 0.5021977468750001 0.932209128125 0.4890205359375 1 0.5089923093750001 1
0 0.5530197328125 1 0.5554189968750001 0.9876568609374999 0.487051540625 1 0.5530197328125 1
0 0.6161478218750001 1 0.6170881125000001 0.9996441203125 0.621908378125 0.9554785171875 0.5607361640625 0.9796699015625 0.55765783125 1 0.6161478218750001 1
0 0.8405171734374999 0.18913235625 0.8341315578125 0.251034715625 0.8776626999999999 0.2594963125 0.8817955453125 0.2091834109375 0.8405171734374999 0.18913235625
0 0.7774648703125 0.252047175 0.817616865625 0.2778929609375 0.832632503125 0.2296954609375 0.790790934375 0.212541771875 0.7774648703125 0.252047175
0 0.8705896703124999 0.31525137187499996 0.879600721875 0.2688935390625 0.8353821640625 0.25428464375000004 0.8256837000000001 0.294495184375 0.8705896703124999 0.31525137187499996
0 0.8895476375 0.24677231718749998 0.87941020625 0.2989248828125 0.911619596875 0.31721310625 0.9217570265624999 0.26506054375 0.8895476375 0.24677231718749998
0 0.961594284375 0.3118930140625 0.9689157640625 0.27422727187499996 0.9266352265625001 0.2690156078125 0.9198769406249999 0.3037839859375 0.961594284375 0.3118930140625
0 0.7690833031250001 0.25643164218750003 0.7535044765625 0.3075265046875 0.816424196875 0.3227637 0.8266858562499999 0.2796557953125 0.7690833031250001 0.25643164218750003
0 0.8132935046875 0.35823720937500003 0.8568246437499999 0.3666988046875 0.8682126796875 0.317796175 0.8294355171875001 0.3042449828125 0.8132935046875 0.35823720937500003
0 0.800406409375 0.385800590625 0.8133597937499999 0.31916120000000003 0.7588216437499999 0.29953954843749997 0.7469946390625 0.360384209375 0.800406409375 0.385800590625
0 0.75005904375 0.3639867046875 0.7393584203125 0.4190366375 0.79014475 0.4289085 0.800845375 0.3738585671875 0.75005904375 0.3639867046875
0 0.8486252359374999 0.42824860156250005 0.8581994765625 0.378993396875 0.8072889234374999 0.360076878125 0.7960251109375001 0.4180241734375 0.8486252359374999 0.42824860156250005
0 0.8662083703125001 0.3474749515625 0.9026085437500001 0.363570946875 0.911056403125 0.32011047656249997 0.876345803125 0.29532238906249997 0.8662083703125001 0.3474749515625
0 0.959275228125 0.36255848125 0.9660335171875 0.3277901015625 0.921690740625 0.304136553125 0.9079257140625 0.3555839828125 0.959275228125 0.36255848125
0 1 0.312282159375 0.9646586906250001 0.3154955078125 0.9609648 0.3538663828125 0.9994935140625 0.349328259375 1 0.3467226171875 1 0.312282159375
0 0.8305451968750001 0.472843603125 0.8449976421875001 0.42754346875 0.7965883 0.415126803125 0.7846370703125001 0.46692680781250007 0.8305451968750001 0.472843603125
0 0.7359792781250001 0.436420821875 0.7280946078125 0.47698392968750003 0.773878509375 0.4738560703125 0.7817631796875 0.4332929640625 0.7359792781250001 0.436420821875
0 0.7215268359375 0.48172096406250003 0.7055090453124999 0.5447578562500001 0.767931865625 0.523816403125 0.7805705125 0.4781636953125 0.7215268359375 0.48172096406250003
0 0.820531990625 0.53404083125 0.8334853750000001 0.46740144062500005 0.782947496875 0.4756189015625 0.773936446875 0.5219767359375 0.820531990625 0.53404083125
0 0.765049625 0.5773792328125 0.8097071421875001 0.5800461015625 0.8240353578124999 0.5257012999999999 0.7714352328125 0.5154768703125 0.765049625 0.5773792328125
0 0.7107019859375 0.5277262312500001 0.7005645546875 0.5798787953125 0.7555416703125 0.587558428125 0.76624229375 0.5325084953125 0.7107019859375 0.5277262312500001
0 0.6975001484375001 0.5762763 0.6826087421875 0.6335184609375 0.74665484375 0.6429609203125 0.7567922765625 0.5908083562499999 0.6975001484375001 0.5762763
0 0.7976316906250001 0.622801440625 0.80789334375 0.579693534375 0.765612815625 0.5744818671874999 0.75772814375 0.6150449765625 0.7976316906250001 0.622801440625
0 0.691114540625 0.6381786593750001 0.684480478125 0.681991696875 0.7384554343749999 0.704510715625 0.7508456296875 0.6407686921875 0.691114540625 0.6381786593750001
0 0.7446505343750001 0.6726397046875 0.793623059375 0.682159 0.8037604921874999 0.6300064375 0.7584155578125 0.6211922734375 0.7446505343750001 0.6726397046875
0 0.85675835625 0.40577481562499995 0.8977882812500001 0.40773654531250003 0.908613128125 0.361731278125 0.8716497640625 0.3485326515625 0.85675835625 0.40577481562499995
0 0.9406320031250001 0.41005084687500004 0.9502062421874999 0.3607956484375 0.9128039140625 0.3595390484375 0.901415878125 0.4084416796875 0.9406320031250001 0.41005084687500004
0 0.856070940625 0.3996275171875 0.8410553046875 0.44782502187500006 0.886400240625 0.4566391828125 0.8959744828125 0.40738397812500005 0.856070940625 0.3996275171875
0 0.841618496875 0.44492765937499995 0.8320442578125 0.49418285624999997 0.8713846078125 0.5048366843750001 0.880395659375 0.4584788515625 0.841618496875 0.44492765937499995
0 0.8330464093750001 0.47934346406249995 0.8206562140625 0.543085490625 0.866564340625 0.5490022906250001 0.876138584375 0.49974708906250004 0.8330464093750001 0.47934346406249995
0 0.8206562140625 0.543085490625 0.8074543796875 0.5916355624999999 0.856302684375 0.5921101921874999 0.8664401156249999 0.539957628125 0.8206562140625 0.543085490625
0 0.73363516875 0.748676325 0.73776801875 0.6983634203125 0.6904850578125 0.680152034375 0.6701522578125 0.7363364953125 0.73363516875 0.748676325
0 0.6647108671875 0.7352787984375 0.6534470546875 0.7932260890625 0.71524039375 0.814258009375 0.73113395625 0.742176459375 0.6647108671875 0.7352787984375
0 0.7102959015625 0.849378959375 0.716118325 0.7903739640625 0.654697659375 0.79647601875 0.6588221562500001 0.8333597984375001 0.7102959015625 0.849378959375
0 0.640675834375 0.917030809375 0.70197226875 0.9018840890625001 0.7071072734375 0.8367317984374999 0.648187825 0.849333715625 0.640675834375 0.917030809375
0 1 0.3565459953125 0.9520200437499999 0.361148215625 0.9470755499999999 0.39626915625 0.9981766171875 0.385154334375 1 0.3757738484375 1 0.3565459953125
0 0.9385697531250001 0.3916089640625 0.9373770859375 0.43647970156250004 0.9927931640625 0.432217303125 0.997613428125 0.3880516953125 0.9385697531250001 0.3916089640625
0 0.8172520171875 0.822059709375 0.8282010906249999 0.7850990984374999 0.7761641515625 0.7719773078125 0.76602671875 0.8241298703125001 0.8172520171875 0.822059709375
0 0.748717096875 0.661402809375 0.738703884375 0.7226000406249999 0.7846120125 0.7285168343749999 0.7930598703125 0.6850563625 0.748717096875 0.661402809375
0 0.7959421171875001 0.6314935312500001 0.8485422421875001 0.641717959375 0.8533625078125 0.59755235625 0.803263596875 0.593827790625 0.7959421171875001 0.6314935312500001
0 0.9425700234375001 0.41944807656250005 0.93243259375 0.4716006421875 0.9938532578125001 0.46549857968749997 0.9939195453125 0.426422571875 0.9425700234375001 0.41944807656250005
0 0.6411147984375 0.9050887812499999 0.632103746875 0.9514466171875 0.685706028125 0.946831659375 0.6935907 0.9062685531250001 0.6411147984375 0.9050887812499999
0 0.6404853171875 0.947062153125 0.6280371875 0.9626835125 0.6236558875 0.994907090625 0.682699559375 0.9913498296875 0.6875198250000001 0.9471842234375 0.6404853171875 0.947062153125
0 0.886400240625 0.4566391828125 0.9371865703125 0.4665110453125 0.9382550171874999 0.412595646875 0.8934732671875001 0.4008841171875 0.886400240625 0.4566391828125
0 0.9246142140625 0.47308773750000005 0.9227341296875 0.5118111796875 0.985405396875 0.508959053125 0.9927268781249999 0.471293309375 0.9246142140625 0.47308773750000005
0 0.8822094546875 0.45883141875 0.8754511656249999 0.49359979374999996 0.922485678125 0.4937218625 0.922112996875 0.4665878796875 0.8822094546875 0.45883141875
0 0.87601435625 0.4907024296875 0.8629367468750001 0.548297159375 0.9158516125 0.537534896875 0.9231730890625001 0.4998691609375 0.87601435625 0.4907024296875
0 0.8661009500000001 0.5513862421875 0.8576530890624999 0.5948467109375 0.9058139781250001 0.58917405 0.9142618359375 0.5457135765625 0.8661009500000001 0.5513862421875
0 0.983061915625 0.5500664468750001 0.9838156218749999 0.5171377328125 0.924647721875 0.5116503359375 0.9173262421875 0.5493160765625 0.983061915625 0.5500664468750001
0 0.985372615625 0.586597653125 0.9823745031250001 0.5439191484375 0.9238940140624999 0.5445790484375 0.9165725359374999 0.582244790625 0.985372615625 0.586597653125
0 0.9757983749999999 0.63585285625 0.9836830437499999 0.595289753125 0.9135081375 0.5786422890625 0.9099384765625 0.6260578296875 0.9757983749999999 0.63585285625
0 0.7351617625 0.718675675 0.7251569156250001 0.7701461421875 0.7736941484375001 0.7739581703125 0.78211928125 0.7306146203125 0.7351617625 0.718675675
0 0.7273793484375 0.7677668125 0.7157947906250001 0.8273641906250001 0.766964878125 0.8176313609375001 0.774220721875 0.771249196875 0.7273793484375 0.7677668125
0 0.7174906515624999 0.8276938312500001 0.7069592359375 0.8818732718750001 0.750819309375 0.8735308406250001 0.7597710140625 0.8274783203125 0.7174906515624999 0.8276938312500001
0 0.7900178437500001 0.689980040625 0.8465078125 0.6981492499999999 0.8496130624999999 0.6369036609375 0.795988246875 0.632102709375 0.7900178437500001 0.689980040625
0 0.7939361375 0.6879303515624999 0.78393129375 0.7394008203125 0.8352175265625 0.7381245453124999 0.8446958 0.6893630500000001 0.7939361375 0.6879303515624999
0 0.7798968515625 0.73299395 0.77147171875 0.7763375 0.8262658249999999 0.7841770671875 0.82855023125 0.7452625359375 0.7798968515625 0.73299395
0 0.8999623046874999 0.6495018921875 0.9132427265624999 0.5902341484375 0.8597340578124999 0.5938897546875 0.85195164375 0.6429808921875 0.8999623046874999 0.6495018921875
0 0.9589069968749999 0.6722048796875 0.9763380046875 0.627800575 0.910842165625 0.620692128125 0.8979721734374999 0.668794334375 0.9589069968749999 0.6722048796875
0 0.85195164375 0.6429808921875 0.8474448046875 0.684274753125 0.8902517375000001 0.6813502687499999 0.8960440140625 0.6515515796875 0.85195164375 0.6429808921875
0 0.845222371875 0.6866540765625 0.836797240625 0.729997628125 0.8768551703125 0.7321614453125 0.8891985968749999 0.6867682140625 0.845222371875 0.6866540765625
0 0.7659117359375001 0.8230492999999999 0.758129325 0.8721404375 0.8122807109375 0.8742324203124999 0.8212324140625 0.8281799015625 0.7659117359375001 0.8230492999999999
0 0.805667584375 0.9263621703125 0.8146192859375001 0.8803096484375 0.756960034375 0.8691018250000001 0.7459020453125 0.9259902359375 0.805667584375 0.9263621703125
0 0.7042102328125 0.8869615671875 0.697070540625 0.941800290625 0.743679615625 0.928369559375 0.7535683125 0.868442540625 0.7042102328125 0.8869615671875
0 0.8383769515624999 0.7218707109375 0.8351555484375 0.7746597453125 0.8756239015625 0.7656580390625 0.8807734640625 0.7301117578125 0.8383769515624999 0.7218707109375
0 0.8484375 0.7984375 0.040625 0.0453125
0 0.8421875 0.84375 0.0453125 0.05625
0 0.8390625 0.890625 0.0484375 0.05625
0 0.92890625 0.68359375 0.0671875 0.0609375
0 0.91796875 0.7234375 0.0703125 0.065625
0 0.90859375 0.76953125 0.075 0.0515625
0 0.90390625 0.80625 0.075 0.053125
0 0.8953125 0.84375 0.071875 0.0578125
0 0.8921875 0.88359375 0.0625 0.065625
0 0.99609375 0.478125 0.0078125 0.0296875
0 0.99140625 0.5109375 0.0171875 0.040625
0 0.99375 0.5453125 0.0125 0.034375
0 0.98828125 0.59140625 0.0171875 0.0453125
0 0.97578125 0.65390625 0.021875 0.071875
0 0.96015625 0.72109375 0.025 0.065625
0 0.9484375 0.78515625 0.025 0.065625
0 0.9375 0.83984375 0.0265625 0.071875
0 0.9234375 0.896875 0.025 0.0484375