0 1 0.1569112734375 0.8707488937500001 0.1563079734375 0.8548415453124999 0.262053153125 0.9519421328125001 0.2646020078125 1 0.263973096875 1 0.1569112734375
0 1 0.269357434375 0.8727544500000001 0.2655350703125 0.8684602781249999 0.33544458125 0.8638011703125 0.3753529109375 1 0.3755325234375 1 0.269357434375
0 1 0.4082406203125 0.867805934375 0.37068949687499997 0.8457797375 0.39633828125 0.8589973609375001 0.44788429062499996 0.9564990546875001 0.4722785671875 1 0.48073429531249995 1 0.4082406203125
0 1 0.53545 0.841304684375 0.5070266109375 0.8212085171875 0.54665520625 0.8275444203125 0.5778170312500001 0.956429878125 0.6001488921875 0.989896240625 0.6001238578125 1 0.5481445234375 1 0.53545
0 0.7931421750000001 0.6990136828125 0.9637237093750001 0.734769865625 0.9822066109375 0.6396835750000001 0.811015728125 0.5990925625 0.7931421750000001 0.6990136828125
0 0.9368217937500001 0.8731682234375 0.956565821875 0.7715939921875 0.788483065625 0.7389220140625 0.7742493406250001 0.80417854375 0.7830610859375 0.83854255 0.9368217937500001 0.8731682234375
0 0.7723224828124999 0.901757528125 0.9199250046874999 0.9600946640625001 0.9376072375 0.8691274609375 0.7881213046875 0.820479634375 0.7723224828124999 0.901757528125
0 0.9121681921875 1 0.9149037109375 0.9859269765625 0.7631489734375 0.9489511421874999 0.75322608125 1 0.9121681921875 1
0 0.8824344249999999 0.1041607859375 0.889176134375 0.0662898296875 0.7177595906249999 0.0329698296875 0.7111340234375 0.100793603125 0.8824344249999999 0.1041607859375
0 0.863831 0.14407955 0.70210521875 0.11536416875 0.6826303921875 0.23946242343750002 0.85786320625 0.254477709375 0.863831 0.14407955
0 0.864672571875 0.29117342812499997 0.6820484015625 0.2583958125 0.6566387812500001 0.373177665625 0.8477459421875 0.4021623390625 0.864672571875 0.29117342812499997
0 0.8477459421875 0.4021623390625 0.67953955 0.3749081921875 0.6601732546875 0.47453915156250004 0.8312927765625 0.51868514375 0.8477459421875 0.4021623390625
0 0.8223001468750001 0.52509995 0.6542022859375 0.4733785140625 0.6271158703124999 0.5170902109375 0.6138290703125 0.593414534375 0.798455625 0.6238604328124999 0.8223001468750001 0.52509995
0 0.6169624328125 0.672930603125 0.6757251906249999 0.6734692 0.718432715625 0.7008172234375001 0.787098853125 0.7141645703124999 0.8008591171875 0.643374146875 0.6352732765625 0.5866991374999999 0.6169624328125 0.672930603125
0 0.7810917093749999 0.7211596921875 0.7094762671875 0.6990762671875 0.70572790625 0.7582081484375001 0.780766125 0.79456155 0.7810917093749999 0.7211596921875
0 0.7439312218749999 1 0.7506250453125001 0.9655632531249999 0.6880022328125001 0.9370650234375001 0.6796380937500001 1 0.7439312218749999 1
0 0.66405603125 1 0.7029956562499999 0.700537496875 0.67670829375 0.676381228125 0.5189149203125 0.659313959375 0.46159496093749997 1 0.66405603125 1
0 0.61688690625 0.5776833265625 0.6392025125 0.4867884421875 0.5566282375 0.4652957671875 0.5406453625000001 0.47579366562500003 0.550913675 0.51860359375 0.5397016078125 0.5762846796875001 0.594351071875 0.6059539828125 0.61688690625 0.5776833265625
0 0.6648323625 0.4346308203125 0.666104875 0.3722967546875 0.5731175765625001 0.3406172 0.554514153125 0.38053595625000003 0.573811271875 0.40877532031249997 0.5646377625000001 0.45596893437499997 0.642151821875 0.4955245234375 0.6648323625 0.4346308203125
0 0.57002039375 0.2529453625 0.5857862140625001 0.2913820359375 0.578141621875 0.33071004843749996 0.662645925 0.366182540625 0.6835773203125 0.25053020937500003 0.5980175578125 0.2284572140625 0.57002039375 0.2529453625
0 0.6043141109375 0.1562159953125 0.5960513515625 0.22263316406250003 0.5750444328125 0.24303821406249998 0.682594215625 0.247618184375 0.699557021875 0.128473509375 0.5865820890625 0.11195526874999999 0.6043141109375 0.1562159953125
0 0.5611140765625 0.0025210265624999997 0.548569840625 0.0365431515625 0.5548333921874999 0.08401650000000001 0.5865820890625 0.11195526874999999 0.6533181953125 0.11132280000000001 0.697081178125 0.125271321875 0.7048115703125 0.0304529875 0.5611140765625 0.0025210265624999997
0 0.4336157625 0 0.44600792812499995 0.0302117953125 0.52206541875 0.0613214609375 0.5290627140625 0 0.4336157625 0
0 0.278531403125 0.062960009375 0.26528078125 0.1311285625 0.311956896875 0.161968928125 0.368135278125 0.183772628125 0.42140052812500006 0.1886844828125 0.48875797656250003 0.27252165625 0.5111491078125 0.276874053125 0.5315708625 0.16384358906250002 0.30048525000000004 0.0536227453125 0.278531403125 0.062960009375
0 0.399410509375 0.20617750468749999 0.326775790625 0.18933781249999998 0.270705934375 0.14306683125 0.2518492765625 0.24007592500000002 0.346256959375 0.28835716875 0.41488692031249996 0.3098602765625 0.48180707656250005 0.38000779375 0.5040865078125 0.2972686703125 0.437567459375 0.248966571875 0.399410509375 0.20617750468749999
0 0.1032719328125 0.390776884375 0.195095246875 0.4603232265625 0.306942375 0.5065524875 0.371422865625 0.5653420546875 0.39628666562500003 0.4613378390625 0.32288590156249997 0.39265154375 0.13057540625 0.2981306125 0.119616575 0.29872136562499996 0.1032719328125 0.390776884375
0 0 0.643307115625 0.0923587984375 0.717888278125 0.2130176734375 0.7984815484375 0.22743228124999998 0.69244620625 0 0.487033740625 0 0.643307115625
0 0 0.8217660765625 0.008696059374999999 0.8295096640624999 0.115627675 0.8611787906249999 0.1820020171875 0.9421039421874999 0.20449850781249998 0.8104302421874999 0 0.6484017671875 0 0.8217660765625
0 0 0.9121681921875 0.1724527859375 0.9456896171875 0.173045565625 0.9403629828125 0.0843524453125 0.8387739109375 0.006729857812499999 0.8236856109374999 0 0.8181267312499999 0 0.9121681921875
0 0.46360794062500005 0.5533307765625 0.361266253125 0.609623646875 0.3529311421875 0.6923523312500001 0.4448236328125 0.6340283515625 0.46360794062500005 0.5533307765625
0 0.5579039203125 0.514520496875 0.46459104375000004 0.5562428046875 0.4502849609375 0.6378108515625 0.5382088656249999 0.575994521875 0.5579039203125 0.514520496875
0 0.42633190625 0.761038628125 0.5113065046874999 0.690486209375 0.5265956875 0.611830184375 0.457166678125 0.6581950437499999 0.42633190625 0.761038628125
0 0.3425936484375 0.7774127359375 0.332874321875 0.8353839734375 0.3804218390625 0.7820448578125 0.4309186609375 0.7374418203124999 0.44671748281249996 0.656163925 0.35078405468749996 0.727307090625 0.3425936484375 0.7774127359375
0 0.4330327453125 0.8222016249999999 0.42582226875 0.763660490625 0.3383356515625 0.8391664828125001 0.3185682421875 0.916952028125 0.3139091375 0.9568603578125 0.36800961249999997 0.8857484875000001 0.4001200671875 0.8321296374999999 0.4330327453125 0.8222016249999999
0 0.43212199531250006 0.8029780765625001 0.42447740312500004 0.8423060890625 0.468493621875 0.799164278125 0.4974738890625 0.77758815625 0.507265565625 0.7033053890625001 0.42833429062499995 0.758706915625 0.43212199531250006 0.8029780765625001
0 0.4137749765625 0.8973653046875001 0.3332424296875 0.976943959375 0.3815763875 0.9863391296874999 0.418545784375 0.9445484875 0.4137749765625 0.8973653046875001
0 0.4617959546875 0.8495600812499999 0.4132653390625 0.8999871687500001 0.4210216328125 0.947750678125 0.4575741390625 0.9031580671875 0.4617959546875 0.8495600812499999
0 0.56882340625 0.410526709375 0.552511771875 0.38286766875 0.4821358390625 0.4181647359375 0.46975978593749995 0.513712603125 0.5646377625000001 0.45596893437499997 0.56882340625 0.410526709375