0 0.7770270265625 0.23529411718749998 0.8657094593749999 0.2205882359375 0.9726914421874999 0.1985294109375 0.96846846875 0.1004901953125 0.772804053125 0.1372548984375 0.7770270265625 0.23529411718749998
0 0.9755067578125001 0.20588235312499997 0.79391891875 0.23529411718749998 0.802364865625 0.29901960625 0.8051801781249999 0.3357843125 0.9332770265624999 0.3112745125 0.97972973125 0.291666665625 0.9755067578125001 0.20588235312499997
0 0.9825450437500001 0.3455882359375 0.807995496875 0.330882353125 0.792511259375 0.35784313437500004 0.8136261250000001 0.40196078125 0.90653153125 0.406862746875 0.9839527015625 0.406862746875 0.9825450437500001 0.3455882359375
0 0.9755067578125001 0.455882353125 0.807995496875 0.45833333437499996 0.7967342328125 0.4975490171875 0.807995496875 0.5245098046875001 0.929054053125 0.522058825 0.97972973125 0.5122548984375 0.9755067578125001 0.455882353125
0 0.978322071875 0.5539215703125 0.7967342328125 0.5465686296875 0.7981418921875 0.6397058828125 0.9670608093749999 0.642156865625 0.978322071875 0.5539215703125
0 0.7995495499999999 0.7377451015625 0.8136261250000001 0.767156865625 0.9811373890624999 0.772058825 0.971283784375 0.6764705890625 0.80095720625 0.6764705890625 0.7995495499999999 0.7377451015625
0 0.9755067578125001 0.769607840625 0.815033784375 0.75 0.815033784375 0.8259803937499999 0.9740990984375 0.8553921593749999 0.9755067578125001 0.769607840625
0 0.9726914421874999 0.8774509828125 0.815033784375 0.8700980406250001 0.815033784375 0.9460784296875 0.971283784375 0.9485294109375 0.9726914421874999 0.8774509828125
0 0.9670608093749999 0.9656862765625001 0.8108108093749999 0.9436274515624999 0.8108108093749999 0.9950980406250001 0.971283784375 0.9975490171875 0.9670608093749999 0.9656862765625001
0 0.7742117140625 0.08823529375 0.772804053125 0 0.6095157671875 0.02696078125 0.6179617140625 0.1151960765625 0.7742117140625 0.08823529375
0 0.7643581078125 0.1274509828125 0.61233108125 0.129901959375 0.616554053125 0.24509804062499999 0.778434684375 0.227941175 0.7643581078125 0.1274509828125
0 0.79110360625 0.2598039234375 0.6193693671875 0.2622548984375 0.616554053125 0.37009804062499996 0.7953265765624999 0.3627451015625 0.79110360625 0.2598039234375
0 0.7953265765624999 0.3627451015625 0.63766891875 0.3676470578125 0.63766891875 0.46078431249999996 0.80095720625 0.4705882359375 0.7953265765624999 0.3627451015625
0 0.61514639375 0.5049019593749999 0.616554053125 0.57598039375 0.789695946875 0.5710784296875 0.79391891875 0.47794117500000005 0.6320382859375 0.46078431249999996 0.61514639375 0.5049019593749999
0 0.7953265765624999 0.58823529375 0.63485360625 0.566176471875 0.633445946875 0.647058825 0.686936934375 0.6372548984375 0.730574325 0.6544117640625 0.7953265765624999 0.6544117640625 0.7953265765624999 0.58823529375
0 0.79110360625 0.66176470625 0.7221283781250001 0.6544117640625 0.729166665625 0.708333334375 0.8037725234374999 0.727941175 0.79110360625 0.66176470625
0 0.8065878390625001 0.8872548984374999 0.7446509015625 0.8725490171875 0.75028153125 0.9656862765625001 0.8065878390625001 0.9656862765625001 0.8065878390625001 0.8872548984374999
0 0.5419482 0.65196078125 0.55039414375 0.9828431343749999 0.73620495625 0.968137253125 0.716497746875 0.656862746875 0.68834459375 0.6397058828125 0.5419482 0.65196078125
0 0.601069821875 0.5906862765625001 0.616554053125 0.5612745125 0.6207770265625 0.4754901953125 0.5419482 0.4705882359375 0.52927928125 0.48284313437500004 0.5461711734375 0.519607840625 0.5461711734375 0.5735294109375 0.601069821875 0.5906862765625001
0 0.625 0.48284313437500004 0.63485360625 0.42401960625 0.625 0.3676470578125 0.5349099093749999 0.355392159375 0.5250563078125 0.394607840625 0.5475788265625 0.41666666562500004 0.5475788265625 0.46078431249999996 0.625 0.48284313437500004
0 0.6193693671875 0.25490195937500004 0.5377252265625 0.25 0.5166103609375 0.27696078125 0.5377252265625 0.30882352812499997 0.5377252265625 0.3455882359375 0.6207770265625 0.3627451015625 0.6193693671875 0.25490195937500004
0 0.61233108125 0.14215686562500002 0.5067567578125 0.147058825 0.530686934375 0.183823528125 0.5349099093749999 0.24509804062499999 0.519425675 0.26715686562499996 0.6179617140625 0.2524509828125 0.61233108125 0.14215686562500002
0 0.5672860359375 0.1348039234375 0.6095157671875 0.13970588281250002 0.598254503125 0.0392156875 0.4645270265625 0.0514705890625 0.45889639375 0.0857843125 0.4729729734375 0.1274509828125 0.5067567578125 0.147058825 0.5672860359375 0.1348039234375
0 0.4335585578125 0.041666665625 0.3167229734375 0.019607840625 0.2984234234375 0.066176471875 0.34346846875 0.066176471875 0.364583334375 0.09803921875 0.43918919062499995 0.11274510156249999 0.4335585578125 0.041666665625
0 0.21818693437499997 0.2205882359375 0.2660472984375 0.24019607656250003 0.320945946875 0.25 0.3702139640625 0.24509804062499999 0.44622747656249995 0.30882352812499997 0.467342340625 0.30882352812499997 0.46593468437499996 0.2034313703125 0.2364864859375 0.144607840625 0.21818693437499997 0.156862746875 0.21818693437499997 0.2205882359375
0 0.2843468484375 0.2622548984375 0.22522522656250002 0.23039215937500002 0.22522522656250002 0.3210784296875 0.3195382859375 0.34803921875 0.3856982 0.355392159375 0.45889639375 0.406862746875 0.4645270265625 0.3284313703125 0.3955518 0.2965686296875 0.353322071875 0.2647058828125 0.2843468484375 0.2622548984375
0 0.116835584375 0.48284313437500004 0.21255630781249998 0.5294117640625 0.32235360625 0.5514705890625 0.3913288265625 0.593137253125 0.3955518 0.495098040625 0.3167229734375 0.44607842968750006 0.12528153125 0.394607840625 0.115427928125 0.397058825 0.116835584375 0.48284313437500004
0 0.001407659375 0.6936274515624999 0.164695946875 0.7794117640625 0.288569821875 0.830882353125 0.282939190625 0.732843134375 0 0.5637254875 0.001407659375 0.6936274515624999
0 0.282939190625 0.843137253125 0.001407659375 0.6985294109375 0.0042229734375 0.833333334375 0.10838963906250002 0.8946078406250001 0.21114864843749998 0.9044117640625 0.285754503125 0.9656862765625001 0.282939190625 0.843137253125
0 0.280123875 1 0.27730855781249997 0.9656862765625001 0.1787725234375 0.8897058828125 0.105574325 0.8897058828125 0.0056306328125 0.8357843125000001 0.0042229734375 0.9509803937499999 0.091497746875 1 0.280123875 1
0 0.4729729734375 0.566176471875 0.3899211734375 0.6348039234375 0.396959459375 0.7107843125 0.470157659375 0.642156865625 0.4729729734375 0.566176471875
0 0.5518018 0.5147058828125 0.47438063281250004 0.5686274515624999 0.4757882859375 0.644607840625 0.5447635140625 0.5735294109375 0.5518018 0.5147058828125
0 0.4757882859375 0.7598039234375 0.540540540625 0.6813725484375001 0.540540540625 0.607843134375 0.4856418921875 0.66176470625 0.4757882859375 0.7598039234375
0 0.4757882859375 0.66176470625 0.4011824328125 0.7426470578125001 0.40259009062500006 0.7892156875 0.403997746875 0.843137253125 0.43778153125 0.78676470625 0.4757882859375 0.7377451015625 0.4757882859375 0.66176470625
0 0.4645270265625 0.8284313703124999 0.492680178125 0.8137254875 0.4757882859375 0.7622548984375 0.409628378125 0.8455882359375 0.40540540625 0.919117646875 0.40822071875 0.955882353125 0.444819821875 0.8823529421874999 0.4645270265625 0.8284313703124999
0 0.5391328828125 0.6936274515624999 0.47719594687500005 0.7573529421874999 0.48845720625 0.7965686296875 0.48845720625 0.833333334375 0.520833334375 0.78676470625 0.54335585625 0.7622548984375 0.5391328828125 0.6936274515624999
0 0.48845720625 0.8848039234374999 0.4124436921875 0.9950980406250001 0.45889639375 0.9975490171875 0.501126125 0.9264705890625 0.48845720625 0.8848039234374999
0 0.5236486484375 0.833333334375 0.48845720625 0.8872548984374999 0.5039414421874999 0.9289215703125 0.52927928125 0.8823529421874999 0.5236486484375 0.833333334375
0 0.46593468437499996 0.441176471875 0.47156531562500004 0.5294117640625 0.5475788265625 0.46078431249999996 0.54335585625 0.419117646875 0.5236486484375 0.397058825 0.46593468437499996 0.441176471875