0 0.6009185265625 0.005835960937500001 0.5929534828125 0.0052789921875 0.4357466203125 0.07865542812500001 0.4262803 0.169578709375 0.5935025546875 0.1118892890625 0.6009185265625 0.005835960937500001
0 0.5882865796875001 0.1642554296875 0.40347384843749995 0.251243215625 0.3847278625 0.341517596875 0.46302241562499996 0.31091345625 0.588682528125 0.291947375 0.5882865796875001 0.1642554296875
0 0.41818040156249997 0.44099267343750004 0.5730346203125001 0.4490458265625 0.59158425 0.3171280671875 0.439630128125 0.3120530171875 0.41818040156249997 0.44099267343750004
0 0.39187669999999997 0.2837359875 0.2698940234375 0.36124072812499997 0.2675797640625 0.438787575 0.359018084375 0.375798825 0.37293758125 0.3767721703125 0.39187669999999997 0.2837359875
0 0.3282870765625 0.48188697812500003 0.423208096875 0.4579961015625 0.43306067031250006 0.36154921562500003 0.3354326734375 0.379700190625 0.3282870765625 0.48188697812500003
0 0.2552133515625 0.5267327500000001 0.323067871875 0.48984795468750003 0.331568571875 0.4127337046875 0.2610070765625 0.443878584375 0.2552133515625 0.5267327500000001
0 0.5639610140625 0.62325584375 0.580962415625 0.4690273578125 0.45336620468750005 0.44900371874999995 0.3851270484375 0.5136147109375 0.36831554375 0.6206762265625 0.44197025781250004 0.589747634375 0.5639610140625 0.62325584375
0 0.389185896875 0.5000219921875 0.316881425 0.48941535625 0.2515407578125 0.5348018609375 0.241108809375 0.639534159375 0.3706346484375 0.6097371468749999 0.389185896875 0.5000219921875
0 0.5459939921875 0.7912933703125 0.5628006515624999 0.6176240890625 0.4736765890625 0.603066 0.414905378125 0.5989563171875 0.40195958125000003 0.695186903125 0.412789090625 0.7403491296875 0.5459939921875 0.7912933703125
0 0.23840668437499998 0.70040201875 0.3207633203125 0.700610340625 0.40099557656249996 0.7311985125 0.39828051875 0.61444565625 0.393835428125 0.6335619828125 0.331969371875 0.6070334093749999 0.24304166875000002 0.6341186999999999 0.23840668437499998 0.70040201875
0 0.5606973046875 0.9366376328125 0.5699672687499999 0.80407098125 0.48103471875 0.7645485 0.37161159062500004 0.751346259375 0.35460695468750003 0.8611695765625 0.4456654875 0.8925147953125 0.5606973046875 0.9366376328125
0 0.36445790312500004 0.742520103125 0.306071325 0.710684221875 0.23473409374999998 0.70847114375 0.228359378125 0.7774081203125001 0.34513254843749996 0.8410798937499999 0.36445790312500004 0.742520103125
0 0.7709878828125001 0.2852682375 0.8653343781249999 0.336270540625 0.8771230437499999 0.278813378125 0.795149428125 0.228676271875 0.7709878828125001 0.2852682375
0 0.8724880625000001 0.3450967015625 0.7313553703125 0.274170925 0.702748728125 0.349879228125 0.7535986125 0.42281775312500003 0.8682409453125001 0.4280590046875 0.8724880625000001 0.3450967015625
0 0.850850059375 0.543405928125 0.8634128390625 0.49710414218750004 0.8608957625 0.444197240625 0.7292374734375 0.3933611515625 0.710877728125 0.4781119234375 0.7220934921875 0.5177505453125 0.850850059375 0.543405928125
0 0.865740034375 0.597178028125 0.8489172046875 0.5488213984375 0.72692645 0.515313178125 0.7145632640625 0.64766353125 0.7998199859375 0.65084995625 0.8576239687499999 0.6465660796875 0.865740034375 0.597178028125
0 0.8539513671875 0.654635190625 0.7594149812500001 0.6507998703125 0.74801741875 0.769341196875 0.8412003218749999 0.7703065625 0.854342471875 0.715719353125 0.8539513671875 0.654635190625
0 0.84371416875 0.7788082734375 0.7080002734375 0.78597009375 0.7025911781249999 0.8410980531250001 0.68751616875 0.9011007187500001 0.8433327765625 0.8509396640625001 0.84371416875 0.7788082734375
0 0.9755332421875 0.3828307328125 0.8881440625 0.2990112109375 0.8757760234375 0.36475378593749996 0.9154085359374999 0.3758510984375 0.968382790625 0.4184097578125 0.9755332421875 0.3828307328125
0 0.956788871875 0.4953077046875 0.9629688484375001 0.4069299328125 0.9204346250000001 0.370651928125 0.8755828984375 0.36751558906250004 0.86553720625 0.46672427812499995 0.9074888265625001 0.46688251249999996 0.956788871875 0.4953077046875
0 0.8645845218750001 0.658154040625 0.9548673296875 0.6561413046875 0.9567985718750001 0.6285232453125 0.9577625765625 0.592511628125 0.9179353265625 0.5619735390625 0.8717301171875 0.5559672499999999 0.86728664375 0.597286178125 0.8645845218750001 0.658154040625
0 0.9938766687499999 0.6050280906250001 0.999638490625 0.5226302281249999 0.9320430906249999 0.493577309375 0.9163887109375001 0.5618653890624999 0.942294853125 0.569227540625 0.9938766687499999 0.6050280906250001
0 0.9071025765625 0.4724061328125 0.8728840140624999 0.47278864687500005 0.865543678125 0.5555346515624999 0.9303082140625 0.5628387359375 0.9374554281249999 0.48285453437500003 0.9071025765625 0.4724061328125
0 0.863239121875 0.76629705 0.92664855 0.7485285796875 0.932249153125 0.668436228125 0.8688381078124999 0.664002096875 0.863239121875 0.76629705
0 0.9409607671875 0.832788690625 0.9465613703125 0.7526963390625 0.9133084281249999 0.7392698249999999 0.8585992859375 0.7659726015625 0.8522261875 0.857112165625 0.8876035046874999 0.840158821875 0.9409607671875 0.832788690625
0 0.9510016109375 0.66697221875 0.98820148125 0.6861870671875 0.9946353718750001 0.594178146875 0.9618214234375 0.57891890625 0.9510016109375 0.66697221875
0 0.983587009375 0.7521770671875 0.9878511953125001 0.691196403125 0.9571880578125 0.6674048171875 0.9324422765625 0.665674425 0.936121340625 0.7464156734375 0.983587009375 0.7521770671875
0 0.978312340625 0.8276083484375001 0.9829410093750001 0.7614153046875 0.9436612734375001 0.7497182265625 0.9502372015624999 0.7890323984375 0.9469540890625 0.83598309375 0.978312340625 0.8276083484375001
0 1 0.45601526249999996 0.9625825984375 0.4124535390625 0.9556285046875 0.48967593750000005 0.9987421031249999 0.51766853125 1 0.507718540625 1 0.45601526249999996
0 1 0.4041515578125 0.977079853125 0.3829388828125 0.9668361796875 0.41830160625 0.9998976171875 0.4566925046875 1 0.45594211093750003 1 0.4041515578125