0 0.429729584375 0 0.4071842140625 0.00646478125 0.43483653437500003 0.034960653125000005 0.480615821875 0.045145690625 0.5909881109375 0 0.429729584375 0
0 0 0.17652051875000002 0.0632492578125 0.17939364687499998 0.4037184015625 0.035141621875 0.39866365937500003 0.008908009375000001 0 0.1232229765625 0 0.17652051875000002
0 0.0185109109375 0.22719020625000003 0.024687656250000002 0.248731084375 0.057098353125 0.2802335265625 0.1813020171875 0.22422067031249998 0.4585198078125 0.144729746875 0.44051003906249997 0.10909791093750001 0.48370419531250003 0.055916125000000004 0.3972900359375 0.039898932812499996 0.060421115625 0.18311860625 0.0185109109375 0.22719020625000003
0 0 0.25380786093749996 0.02031533125 0.24707082656249998 0.052448559375 0.1824906953125 0 0.180304565625 0 0.25380786093749996
0 0 0.3539959109375 0.036537909375 0.344409215625 0.07792764375 0.2713468171875 0.0162032453125 0.2599059640625 0 0.2641743796875 0 0.3539959109375
0 0 0.43356440156250003 0.050183968749999995 0.41917437968750004 0.06303209374999999 0.368866175 0.0337097734375 0.34813417812499997 0 0.3537367578125 0 0.43356440156250003
0 0 0.5101216328125 0.0941760671875 0.491065965625 0.081050478125 0.44529160156250003 0.0558402453125 0.41172446406249996 0 0.42110391875 0 0.5101216328125
0 0 0.566556353125 0.1052456078125 0.5432579015625 0.1319828 0.5006230890625 0.0903155984375 0.47760291875 0 0.49587744999999994 0 0.566556353125
0 0 0.5702704187500001 0.01692766875 0.629304209375 0.13432492499999998 0.6310816781249999 0.1494893296875 0.5888513 0.10318956718750001 0.549675471875 0 0.5627962328125 0 0.5702704187500001
0 0.1322774953125 0.6782928312500001 0.15824259062499998 0.6329654062500001 0.136380971875 0.6246641078125 0.01721541875 0.6303077140625 0.036802209375 0.698614971875 0.0443277625 0.697684003125 0.1322774953125 0.6782928312500001
0 0.0364589203125 0.6974177890625 0.0464832578125 0.7323767984375 0.0890833359375 0.7314746125 0.173693075 0.727611190625 0.1384542421875 0.6998337109375 0.0364589203125 0.6974177890625
0 0.04840345625 0.7390733296875001 0.0637332234375 0.7925345796875 0.10838567343750001 0.7987898609374999 0.20611238437499999 0.7999072140625 0.1883542359375 0.737977190625 0.04840345625 0.7390733296875001
0 0.0601303609375 0.7799699062500001 0.08036453437499999 0.850534853125 0.10428220156250001 0.8524185843750001 0.21795401874999998 0.8547917640625 0.20379610625 0.791829384375 0.0601303609375 0.7799699062500001
0 0.0792360890625 0.8465994953125 0.0995896609375 0.9175808359375001 0.15341871406250002 0.9286630359375 0.23005589375 0.9241717046875 0.21306983906250002 0.864934290625 0.0792360890625 0.8465994953125
0 0.24754519687499998 0.9308127453124999 0.098310996875 0.9131216125 0.11510873749999999 0.9717022890625 0.21386777656249997 0.9900076562500001 0.24754519687499998 0.9308127453124999
0 0.6089849093749999 0 0.46647513749999997 0.0637704859375 0.47163678124999997 0.14971052812500002 0.5361893203125 0.1574264203125 0.88738571875 0.0369969109375 0.8767770234375 0 0.6089849093749999 0
0 0.7511967015625001 0.2006781921875 0.92216345 0.1582812734375 0.8894820890625 0.044307821875 0.5485342 0.1597145890625 0.49324678437499997 0.1843100140625 0.48631517031250004 0.2416637 0.5110135453125 0.287033628125 0.5814739859375 0.261001415625 0.7511967015625001 0.2006781921875
0 0.5246682234375 0.40259237499999995 0.6290749234375 0.37265423593749997 0.76407928125 0.313544334375 0.9572836640625001 0.2807600171875 0.921836378125 0.1571406328125 0.6547625578125 0.2312442421875 0.5169300578125 0.2940791078125 0.4588145078125 0.322399490625 0.4871131078125 0.3667370703125 0.5246682234375 0.40259237499999995
0 0.540630565625 0.485435365625 0.6074907640625 0.4604355078125 0.8211969640625 0.431210284375 0.9932121734375 0.4060576203125 0.9566257625000001 0.278465634375 0.7815685796875 0.32018537187499996 0.66558909375 0.3505279515625 0.5061552093749999 0.41955691406250006 0.498191271875 0.4597225890625 0.540630565625 0.485435365625
0 1 0.4297295796875 0.991966584375 0.401713728125 0.810396271875 0.43430733125 0.6141793718749999 0.47017359843750006 0.5349742859375 0.492885290625 0.5444996468750001 0.5396920046875 0.575366153125 0.5658092234375001 0.7774995703124999 0.5369884421875 1 0.5298656703125 1 0.4297295796875
0 1 0.5270177578124999 0.8960555671874999 0.52921909375 0.5797384765625 0.5674694859375 0.5241994375 0.618363096875 0.5717831515625 0.648428746875 0.7039679859375 0.6338373875000001 0.915878378125 0.6255251328125 1 0.6258438125 1 0.5270177578124999
0 1 0.62985179375 0.6800503203125 0.63195365625 0.5725552453125 0.65112135625 0.5885175859375 0.733964346875 0.6744112734375001 0.7209907453125 0.8955867890625001 0.7449898078125 1 0.7395277499999999 1 0.62985179375
0 1 0.7315001156250001 0.6736391796875 0.718298134375 0.6075510703125 0.7459906078125 0.629161071875 0.7805900984374999 0.6412543312500001 0.8091764546875 0.7358926703125 0.7995233703125 0.977125378125 0.8119431203125 1 0.814808709375 1 0.7315001156250001
0 1 0.8195766375 0.722775696875 0.794542590625 0.649226884375 0.809804365625 0.6456352734374999 0.8516303000000001 0.7261329203125 0.8606020140625 0.8683549656249999 0.88101458125 0.978966290625 0.8828083437500001 1 0.8767770234375 1 0.8195766375
0 0.76374104375 0.9445231906249999 0.9668716156249999 0.8862764375 0.648723646875 0.8624007406249999 0.619409940625 0.882462325 0.634851809375 0.9363145234375001 0.76374104375 0.9445231906249999
0 0.6474192953125 0.9778779156249999 0.7671698359375 0.9435399999999999 0.641280175 0.9315572109374999 0.6474192953125 0.9778779156249999
0 0.0499151203125 0.36388539375 0.276729678125 0.2988473671875 0.48117075781249996 0.23731083125 0.45491957968749996 0.145762096875 0.2656515140625 0.20586184687500003 0.035496965625 0.286427625 0.0499151203125 0.36388539375
0 0.0758888265625 0.3593515578125 0.052751871875 0.4009540234375 0.10059581718749999 0.44551507187499995 0.2785513296875 0.4003151609375 0.4691033390625 0.331105228125 0.4922402984375 0.2895027640625 0.46831401718750004 0.24682544687500002 0.259760853125 0.321197121875 0.0758888265625 0.3593515578125
0 0.1661720703125 0.4296253890625 0.0846507109375 0.444259253125 0.1234983875 0.511797965625 0.326143659375 0.47117439375 0.4951028984375 0.44895214843750003 0.5058949765625 0.4050615140625 0.4809363609375 0.345196190625 0.35492827656250003 0.381328425 0.1661720703125 0.4296253890625
0 0.14227163437499998 0.5093288296875 0.1150225890625 0.5637664296875 0.14151676875000002 0.58822339375 0.177519084375 0.577899896875 0.362423434375 0.5569334687499999 0.5295868625 0.5556241953125001 0.525969403125 0.47506936718750004 0.4835301109375 0.4493565859375 0.32022714375 0.464128915625 0.14227163437499998 0.5093288296875
0 0.5038820046875 0.6154470140625 0.52444245 0.5512713203125 0.3503387890625 0.569140696875 0.14717305 0.580773471875 0.15850282499999999 0.6474608046875 0.34366741093750003 0.64098978125 0.5038820046875 0.6154470140625
0 0.1706047 0.71684075 0.344196503125 0.7107741640625 0.5620234015625 0.7095073890625 0.5789836125 0.6463640484375001 0.538088503125 0.6260364828125 0.3644967046875 0.632103071875 0.1644193390625 0.6545062859375 0.1345937765625 0.6863706640625 0.1706047 0.71684075
0 0.592369440625 0.706633809375 0.40694461249999997 0.6986094406250001 0.1996667859375 0.7230773484374999 0.21279237499999998 0.7688517187499999 0.4257350984375 0.7777274734375 0.6124438703124999 0.77664166875 0.592369440625 0.706633809375
0 0.627877125 0.789700278125 0.43216346406249995 0.7729701640625 0.2143365625 0.7742369375 0.22308982500000002 0.8183510453125 0.40234651250000003 0.845628125 0.6371508578125 0.8628051796875 0.627877125 0.789700278125
0 0.22308982500000002 0.8183510453125 0.2264470484375 0.88441046875 0.594989028125 0.933174965625 0.6219864562499999 0.9050355546875 0.588031575 0.86814789375 0.22308982500000002 0.8183510453125
0 0.631260190625 0.978140459375 0.6165904140625 0.9269808703125 0.2336475140625 0.8823457687499999 0.24059635625000003 0.9065792578125 0.631260190625 0.978140459375
0 0.5702704187500001 1 0.5851457328125 0.995734571875 0.6101706640625 0.9725317640625001 0.249341003125 0.9098997765625001 0.225692184375 0.96330503125 0.43677651875 1 0.5702704187500001 1
0 0.39546515625 1 0.24223246562499998 0.9721844515625 0.24591900312499998 1 0.39546515625 1