0 1 0.170157615625 0.7665161375 0.0649150546875 0.7269644953125 0.050519434375000005 0.6733790171875 0.2413482421875 1 0.39219396562500003 1 0.170157615625
0 0.6831673609375 0.1258548703125 0.5731897234375001 0.073615409375 0.499054528125 0.31527166093750003 0.5515073609375001 0.2977303078125 0.645907521875 0.316825559375 0.6831673609375 0.1258548703125
0 0.795990759375 0.3348187625 0.6697413875 0.2766568796875 0.6511000140625 0.3278736296875 0.7804361953125001 0.3902117421875 0.795990759375 0.3348187625
0 1 0.42123244218749994 0.8123342093750001 0.34687273125 0.786394659375 0.3801695703125 0.9942178484375 0.486338215625 1 0.43558727812500003 1 0.42123244218749994
0 1 0.49256396875 0.7885720625 0.39317295625000004 0.6926598828125 0.764275375 0.9057621031249999 0.8470799828125 0.9997492890625 0.5888523171875 1 0.5876945625000001 1 0.49256396875
0 0.7906060265625 0.39391325781250003 0.5464583000000001 0.2989453171875 0.422285740625 0.6780781124999999 0.6966560984375 0.759624440625 0.7906060265625 0.39391325781250003
0 0.3475483828125 0 0.239160003125 0.34583925937500004 0.3451414234375 0.402729659375 0.38060535624999997 0.31795046875 0.47620179062499995 0.3527447265625 0.5581142640625 0.0833919875 0.39071580781250004 0 0.3475483828125 0
0 0.14989623125 0 0.0547995484375 0.261275990625 0.242175096875 0.3438839453125 0.338081946875 0 0.14989623125 0
0 0.23712603593749998 0.345098959375 0.0440698390625 0.29075562499999996 0.018310456250000003 0.3615289421875 0.20951110625 0.4083131953125 0.23712603593749998 0.345098959375
0 0.3379866828125 0.39707282187500004 0.23312982187500003 0.34974989375 0.21056395 0.4117491203125 0.327481175 0.4512507890625 0.3379866828125 0.39707282187500004
0 0 0.63477415625 0.259447884375 0.69512795 0.34052266875 0.4407339140625 0.0165283171875 0.3664253296875 0 0.41183650937499994 0 0.63477415625
0 0.518005678125 0.37711825781249997 0.38180162968750003 0.3336494734375 0.2717233984375 0.705701309375 0.39761418437499996 0.7332054921875 0.518005678125 0.37711825781249997
0 0.84026933125 1 0.8629851734375 0.9544829015625 0.5228107109375 0.7879314640625 0.48418825937500004 0.8624028828125001 0.7450916796875 1 0.84026933125 1
0 0.34779196875 0.8890766609374999 0.44724118749999997 0.906956903125 0.5574339734375 0.9775909875 0.59536216875 0.9303413484374999 0.46995049531250005 0.8572207593750001 0.3551389453125 0.8245909328125001 0.34779196875 0.8890766609374999
0 0.759363378125 1 0.6063696968750001 0.9190841640625 0.5655698390625 0.9805522015625 0.615368821875 1 0.759363378125 1
0 0.3520521421875 0.8204147046875001 0.1172365578125 0.7441069812500001 0.089693346875 0.8134527578125 0.20955395000000002 0.844867575 0.322546675 0.8951517265625 0.3520521421875 0.8204147046875001
0 0 0.7901637 0.08155748125 0.8104915453125001 0.1008213890625 0.7259214734375 0 0.70199939375 0 0.7901637