0 0.053441215625 0.146738690625 0.17234740937499998 0.1435868203125 0.168593246875 0.0997125234375 0.047348298437500005 0.11218403125000001 0.053441215625 0.146738690625
0 0.18464107968750001 0.16814086718750001 0.287899353125 0.14399548281250002 0.323780596875 0.0990705625 0.1755017015625 0.1163088828125 0.18464107968750001 0.16814086718750001
0 0.3953274109375 0.0983312671875 0.389234490625 0.06377660625 0.253049315625 0.08185155937500001 0.25761900312499997 0.107767553125 0.3953274109375 0.0983312671875
0 0.4138218359375 0.11288469999999999 0.5553922328125 0.10276743749999999 0.552145821875 0.061772696875 0.3936042265625 0.065975184375 0.4138218359375 0.11288469999999999
0 0.55793095 0.11716521093750001 0.6331397984375 0.09202752812500001 0.651234315625 0.059146139062500006 0.5657627671875 0.0712479953125 0.55793095 0.11716521093750001
0 0.655804003125 0.0850621328125 0.737921303125 0.07652080312500001 0.7578468390624999 0.0314402234375 0.6188151562499999 0.055955262500000005 0.655804003125 0.0850621328125
0 0.7389367906250001 0.082279915625 0.82562378125 0.0996545796875 0.8462570125 0.08117096562500001 0.7655708203125 0.030078278125000003 0.7389367906250001 0.082279915625
0 0.06979682968749999 0.194329175 0.1871797953125 0.1825386421875 0.18210236562499998 0.153743096875 0.0317925 0.1594631953125 0.06979682968749999 0.194329175
0 0.3010085578125 0.150591228125 0.18748758593749998 0.16170078593749998 0.194595990625 0.202014553125 0.31431771406250003 0.18090438281250001 0.3127944828125 0.17226571875000002 0.3010085578125 0.150591228125
0 0.318487496875 0.15938555000000001 0.378756121875 0.139851315625 0.43079303125 0.11879947187499999 0.4035591375 0.0998488703125 0.3412595359375 0.10786489218749999 0.302331834375 0.1355124765625 0.273774665625 0.131640625 0.318487496875 0.15938555000000001
0 0.3124867 0.1931035765625 0.4355626734375 0.16843287812500002 0.4284542671875 0.1281191109375 0.298162053125 0.157031309375 0.3124867 0.1931035765625
0 0.051194571875 0.22433100781249998 0.172131740625 0.2326973609375 0.1799635578125 0.18678014375000002 0.0461171421875 0.19553546093750002 0.051194571875 0.22433100781249998
0 0.05362545625 0.283284053125 0.1931648796875 0.2616485671875 0.1783324921875 0.22269675000000003 0.034423334374999996 0.24213365156250002 0.05362545625 0.283284053125
0 0.20045443437500002 0.2374167640625 0.31707458593750004 0.21234096562500002 0.31167278125000003 0.181705815625 0.1905744640625 0.198546196875 0.20045443437500002 0.2374167640625
0 0.4280590390625 0.1724650796875 0.329667396875 0.1807891390625 0.34618864843749997 0.223001190625 0.4203302328125 0.21444054375000002 0.450297928125 0.195618878125 0.4280590390625 0.1724650796875
0 0.454320253125 0.1497844421875 0.5709404015625 0.12470864374999999 0.5608265343750001 0.101673134375 0.4352500453125 0.1102780984375 0.454320253125 0.1497844421875
0 0.737218184375 0.106670678125 0.7329739109375 0.08260020625 0.63635954375 0.08384210625 0.641761346875 0.114477259375 0.737218184375 0.106670678125
0 0.5500809906249999 0.1780244296875 0.6804514828125 0.12796148125 0.6394462890625 0.10134790625000001 0.530624940625 0.1363298671875 0.5500809906249999 0.1780244296875
0 0.849044325 0.1230528671875 0.8455717375 0.10335883906250001 0.74000103125 0.08812991406250001 0.74246804375 0.1192825453125 0.849044325 0.1230528671875
0 0.744315309375 0.1640820140625 0.842706946875 0.15575794999999998 0.84865848125 0.1208646421875 0.7385276640625 0.1312586390625 0.744315309375 0.1640820140625
0 0.7291854828125001 0.11259958125 0.6704895671875 0.1229492546875 0.617043503125 0.1459107953125 0.6327930671875001 0.18374639375 0.74725010625 0.16356453124999998 0.7291854828125001 0.11259958125
0 0.536330646875 0.20301158125000002 0.6159559765625 0.19122775 0.61348896875 0.1600751125 0.530543 0.170188209375 0.536330646875 0.20301158125000002
0 0.44072185781249995 0.192794875 0.5445972375 0.18124762187500001 0.5225922421875 0.1422587640625 0.437097315625 0.15507756718750002 0.44072185781249995 0.192794875
0 0.199986646875 0.2690868796875 0.31815016875 0.2527639859375 0.330976878125 0.20537710156250003 0.20848713281250003 0.2314878625 0.199986646875 0.2690868796875
0 0.0099146515625 0.34095811249999997 0.167388053125 0.32447260624999996 0.16847557500000002 0.279155653125 0.01293139375 0.30658228906249996 0.0099146515625 0.34095811249999997
0 0.31389395468750003 0.314433478125 0.44750313906250005 0.2998996109375 0.44310691875 0.257805853125 0.31104110625 0.28109262031250004 0.31389395468750003 0.314433478125
0 0.3293515546875 0.230482540625 0.3175304296875 0.26641081718750004 0.438628746875 0.24957043437499998 0.4336127890625 0.2211235125 0.3293515546875 0.230482540625
0 0.199600803125 0.266898659375 0.1999047 0.302945228125 0.305557353125 0.28431581562499997 0.303476190625 0.25535140312500004 0.199600803125 0.266898659375
0 0.19140421093749999 0.3405442453125 0.3144317453125 0.3346449875 0.3004594453125 0.2897272265625 0.179746971875 0.308755834375 0.19140421093749999 0.3405442453125
0 0.014848670312500001 0.40326338437500003 0.1917081078125 0.37659081250000004 0.177735809375 0.331673053125 0.005974278125 0.352934209375 0.014848670312500001 0.40326338437500003
0 0.024494746875 0.457969009375 0.1653649515625 0.43312979374999994 0.17896334687499998 0.39011935625 0.018169304687500002 0.40493412500000003 0.024494746875 0.457969009375
0 0.4443463921875 0.23051218437499998 0.6324772265624999 0.23343979531249998 0.6188907734375 0.1907102671875 0.45871647343750005 0.1918782 0.4443463921875 0.23051218437499998
0 0.641667459375 0.2340755703125 0.7765161218750001 0.1922480359375 0.7803045453124999 0.1622486640625 0.6423691390624999 0.18657039687500002 0.641667459375 0.2340755703125
0 0.9542752984374999 0.1969379953125 0.9456742890625 0.1481592421875 0.79281541875 0.16455517343749998 0.8060160312500001 0.2050964828125 0.8494182312499999 0.21098105937499997 0.9542752984374999 0.1969379953125
0 0.856445353125 0.2165107671875 0.7986030656249999 0.197378553125 0.6680806171875 0.22941821562500003 0.6812812312500001 0.26995952343749996 0.8119556250000001 0.2559431390625 0.856445353125 0.2165107671875
0 0.4557697375 0.2781356484375 0.6053623781249999 0.2856023265625 0.6078413312500001 0.2310149921875 0.45662336562499994 0.248653759375 0.4557697375 0.2781356484375
0 0.6116178156250001 0.28675558125 0.6937921031250001 0.2722660390625 0.6880044562500001 0.23944266406249998 0.6093847046875001 0.2397678921875 0.6116178156250001 0.28675558125
0 0.83528204375 0.2337799875 0.8389065812500001 0.2714972953125 0.9423961171874999 0.2577618171875 0.961436396875 0.23755060156250002 0.9589271921875 0.2233202015625 0.9485815531249999 0.20703345 0.83528204375 0.2337799875
0 0.41969855312500004 0.31382735156249997 0.312502528125 0.3237038609375 0.286241315625 0.346384496875 0.30593125312499997 0.3722440078125 0.4383829140625 0.35114546562500004 0.41969855312500004 0.31382735156249997
0 0.303768146875 0.3771379375 0.295197653125 0.36285533124999997 0.291725065625 0.3431613046875 0.193333425 0.3514853671875 0.17842555468750002 0.36990784374999996 0.19556653906250002 0.398473059375 0.303768146875 0.3771379375
0 0.44193745 0.336981146875 0.598253315625 0.3139309609375 0.5932373531249999 0.2854840359375 0.4332150078125 0.3046752546875 0.44193745 0.336981146875
0 0.7056832328125 0.2882193875 0.5736174187499999 0.31150615312499996 0.580562596875 0.3508942046875 0.6410357765625 0.333462375 0.7165687859375 0.315631346875 0.7056832328125 0.2882193875
0 0.8295643984375 0.2528382375 0.6953354765624999 0.281018940625 0.687922509375 0.2733010046875 0.719117740625 0.3129256375 0.8353520453125001 0.2856616125 0.8295643984375 0.2528382375
0 0.4144367578125 0.3869554515625 0.5642632984375 0.3785870671875 0.575698584375 0.340470565625 0.42510035625000003 0.3444625 0.4144367578125 0.3869554515625
0 0.9552108890625 0.29611490156250003 0.9478798703125 0.254538628125 0.83265114375 0.2703440390625 0.8372812625 0.29660274062499997 0.9552108890625 0.29611490156250003
0 0.399073034375 0.3513080796875 0.3080943625 0.367350071875 0.229006825 0.399345415625 0.34338191875 0.41302189218749996 0.41011053906250006 0.3967433171875 0.399073034375 0.3513080796875
0 0.17100064375 0.447929884375 0.3089360578125 0.4236081484375 0.2767352453125 0.395442128125 0.17988698125 0.4125190890625 0.17100064375 0.447929884375
0 0.0427932625 0.4930989015625 0.1638915796875 0.4762585140625 0.16219625937499998 0.449482334375 0.0407120984375 0.46413449062499995 0.0427932625 0.4930989015625
0 0.1635057375 0.474070290625 0.0410159953125 0.5001810546875001 0.0581569828125 0.52874626875 0.20427704375000003 0.5165189234375 0.169141434375 0.4888703875 0.1635057375 0.474070290625
0 0.07189538906250001 0.589499090625 0.19554265312500002 0.569953 0.1903747453125 0.5234827890625 0.0637926828125 0.5435463656249999 0.07189538906250001 0.589499090625
0 0.07999809375 0.6354518125 0.24079212968750002 0.6206370453125001 0.1980916078125 0.567247290625 0.06857474687500001 0.5878283484375 0.07999809375 0.6354518125
0 0.7168726828125 0.351677915625 0.8119436796875 0.3416831078125 0.8358898359375001 0.30587312187500004 0.729079659375 0.3179378625 0.7168726828125 0.351677915625
0 0.9552108890625 0.29611490156250003 0.838204896875 0.319002471875 0.801362028125 0.35031771875 0.8283129828125 0.365871878125 0.9613843781250001 0.331126503125 0.9552108890625 0.29611490156250003
0 0.804296825 0.3498002359375 0.700035596875 0.3591592671875 0.681421240625 0.373722778125 0.727910184375 0.397113153125 0.8276932468749999 0.379518709375 0.804296825 0.3498002359375
0 0.5695131531250001 0.3911989328125 0.686904990625 0.37049958437499997 0.700889228125 0.329677371875 0.5776277999999999 0.3514116875 0.5695131531250001 0.3911989328125
0 0.4216158296875 0.41050844062499997 0.5418605140625 0.42314995624999996 0.551752425 0.37628055 0.41698571093750003 0.3842497421875 0.4216158296875 0.41050844062499997
0 0.27734304062500004 0.46753526250000005 0.43582202187499997 0.43959114218749995 0.41343117500000004 0.39841405937499996 0.27232707968750003 0.43908833593749996 0.27734304062500004 0.46753526250000005
0 0.28661521875 0.434312690625 0.280827571875 0.401489315625 0.188691365625 0.41096663906249997 0.161272628125 0.42708260156250005 0.19193006562499998 0.44649572187500003 0.28661521875 0.434312690625
0 0.3129464375 0.46351368437499996 0.20189197656250002 0.4515079453125 0.16311989375 0.4718820703125 0.22991851406250002 0.5074851171875 0.3349514328125 0.5025025390625 0.3129464375 0.46351368437499996
0 0.41311533906250003 0.44810745937499996 0.3213649765625 0.4597730078125 0.3273045765625 0.5106196656249999 0.41241365625000004 0.4956126390625 0.4684086703125 0.46994539218750003 0.41311533906250003 0.44810745937499996
0 0.18990695625 0.5551529093750001 0.323130303125 0.5384308156250001 0.317342659375 0.5056074421875 0.1921520140625 0.5164006328124999 0.18990695625 0.5551529093750001
0 0.2394826515625 0.5960490859375 0.33594507500000004 0.576783896875 0.329771584375 0.5417722984375 0.1973199234375 0.5628708390625 0.2394826515625 0.5960490859375
0 0.090649746875 0.67869883125 0.262797128125 0.6596259015625 0.24179771093750002 0.609178434375 0.070036175 0.63043959375 0.090649746875 0.67869883125
0 0.36598277343749996 0.60984385625 0.35826591093750004 0.5660793515625 0.242803290625 0.5977198296874999 0.25129183906249997 0.6458607765625 0.36598277343749996 0.60984385625
0 0.2227855671875 0.7072936921874999 0.348829846875 0.6670186078125 0.34289025 0.61617195 0.20881326875 0.6623759375 0.2227855671875 0.7072936921874999
0 0.08879053906249999 0.7196393343749999 0.2223997234375 0.705105465625 0.20919911249999998 0.6645641609374999 0.08872053437500001 0.667757709375 0.08879053906249999 0.7196393343749999
0 0.1029967265625 0.74872203125 0.2477253625 0.7457650671875 0.22966074218750002 0.694800115625 0.09643739375 0.71152220625 0.1029967265625 0.74872203125
0 0.25676364375 0.7283775546875 0.40697603125 0.7221973921875 0.39925916875 0.678432896875 0.24024239375 0.6861655046874999 0.25676364375 0.7283775546875
0 0.6976385890625 0.3798882578125 0.5724479515625001 0.390681446875 0.55066490625 0.4215975046875 0.6083552375 0.42270643750000003 0.7081383 0.40511199062500003 0.6976385890625 0.3798882578125
0 0.5473442640624999 0.4199267625 0.4331211203125 0.4242735671875 0.40902301406249997 0.44206026875 0.4363598125 0.45980265156250005 0.5674200453125 0.44797449218749996 0.5473442640624999 0.4199267625
0 0.819426646875 0.40128266874999996 0.9691012406249999 0.374891 0.96331359375 0.342067628125 0.8308619374999999 0.36316616874999996 0.819426646875 0.40128266874999996
0 0.8342525796875 0.416718534375 0.825144290625 0.38222441875 0.7282960265625 0.3993013828125 0.699485865625 0.4246877265625 0.7106053078125 0.436264625 0.8342525796875 0.416718534375
0 0.5771480671875 0.46882177656249996 0.6919909515625 0.4508281390625 0.692072896875 0.41696979062499995 0.5709745796875 0.433810178125 0.5771480671875 0.46882177656249996
0 0.57590859375 0.49611544218750003 0.5674200453125 0.44797449218749996 0.4643163484375 0.4638981953125 0.437669290625 0.4843906109375 0.43565812812500004 0.5073078265625 0.57590859375 0.49611544218750003
0 0.3471464609375 0.5545024546875 0.443994728125 0.5374254921875 0.41866909375 0.49676589375 0.3386579140625 0.5063615046875001 0.3471464609375 0.5545024546875
0 0.58756583125 0.5279038484374999 0.593669321875 0.5110338249999999 0.556522553125 0.5063025046875 0.4548102734375 0.5129558249999999 0.46507608906250003 0.554014615625 0.50809245 0.557710971875 0.58756583125 0.5279038484374999
0 0.362124340625 0.58796160625 0.47596164375 0.5814265765625 0.44260330468750003 0.5466958796875 0.350852946875 0.5583614203125 0.362124340625 0.58796160625
0 0.5955985390625 0.5219749499999999 0.736082896875 0.49494750937500004 0.690213684375 0.45791029375000003 0.586724146875 0.471645771875 0.5955985390625 0.5219749499999999
0 0.727126559375 0.478476675 0.8445183937499999 0.4577773265625 0.8361817953124999 0.427659659375 0.6982463875 0.45198139218750005 0.727126559375 0.478476675
0 0.8549480968750001 0.4311194328125 0.9741172 0.40333792500000004 0.9728077234375 0.37874996875 0.8352581609374999 0.405259928125 0.8549480968750001 0.4311194328125
0 0.726354871875 0.4741002265625 0.73330005 0.5134882765625 0.846213715625 0.48455350937499997 0.847453190625 0.45725984375 0.726354871875 0.4741002265625
0 1 0.4562556703125 0.996729403125 0.4377071953125 0.9689373531250001 0.44260768281249996 0.9631377625 0.49552428437499996 1 0.48556921875 1 0.4562556703125
0 1 0.48829104375 0.9543333796875 0.49707673281250003 0.96498503125 0.5403237468750001 1 0.532416865625 1 0.48829104375
0 1 0.5385100890625 0.957338175 0.548440875 0.9576420718750001 0.5844874421874999 0.98088654375 0.5961826328125001 1 0.5913234015625 1 0.5385100890625
0 0.795994403125 0.62878410625 0.963511665625 0.5834524765625 0.9448273031250001 0.5461343609375 0.7861144328125 0.5899135359375001 0.795994403125 0.62878410625
0 0.6289449328125001 0.6424456171874999 0.789353125 0.625442621875 0.7658047578125 0.577700865625 0.618679115625 0.601386825 0.6289449328125001 0.6424456171874999
0 0.714825696875 0.6318150390625 0.5643794234375 0.6538302593750001 0.5404332671875001 0.6896402453125 0.5630580000000001 0.7149822671875 0.7199936109375 0.67828525 0.714825696875 0.6318150390625
0 0.3540916390625 0.5938905078125 0.35925954843749996 0.6403607140625 0.47487411562500004 0.6267435234375001 0.46754309687499995 0.58516725 0.3540916390625 0.5938905078125
0 0.5785275484375 0.5452913625 0.4816792890625 0.562368325 0.4835265578125 0.6071677890625 0.5285540765625 0.5879469281249999 0.5850868828125 0.582491184375 0.5785275484375 0.5452913625
0 0.36149265937499997 0.687348409375 0.40945497656249996 0.6676100578125 0.49533574687500004 0.6569794812499999 0.48877641406250005 0.61977965625 0.3950968390625 0.6205040765625001 0.33299833125 0.6630413515625 0.36149265937499997 0.687348409375
0 0.588699478125 0.705948465625 0.430220503125 0.7338925859375001 0.41893716562499994 0.7900323703125001 0.497019121875 0.769495634375 0.599503084375 0.7672187640625 0.588699478125 0.705948465625
0 0.3932956875 0.7990661703125 0.23644202343749998 0.801904853125 0.20624043749999998 0.8365615796875 0.218903253125 0.8568913828125 0.40371345156249994 0.858148246875 0.3932956875 0.7990661703125
0 0.2076318609375 0.827291196875 0.0531550265625 0.8452014734375 0.0613407421875 0.8916249640625 0.1955768390625 0.8790545312500001 0.2076318609375 0.827291196875
0 0.3912025796875 0.8558417328125 0.224387003125 0.8536681875 0.227087903125 0.8689857625 0.22329948125 0.898985134375 0.3973760703125 0.8908533343749999 0.3912025796875 0.8558417328125
0 0.40572461249999997 0.835231028125 0.602507884375 0.81858290625 0.5965682890624999 0.767736246875 0.40820356249999995 0.7806436953125 0.40572461249999997 0.835231028125
0 0.7928137734375 0.730876615625 0.8189230390625 0.6901726921875 0.71883608125 0.671720571875 0.6015961953125 0.7104432015625 0.611242271875 0.7651488265624999 0.6666175453125 0.753128415625 0.7928137734375 0.730876615625
0 0.8866572406250001 0.6624355093750001 0.736140959375 0.6325691015625 0.7088741640625 0.6667083515625001 0.7633958125 0.684169825 0.857847071875 0.6878218578124999 0.8866572406250001 0.6624355093750001
0 0.981892128125 0.5847240218749999 0.7989292 0.6282666203125 0.8749180531249999 0.6645054453125 0.95632065625 0.6456394515625 0.9882995093750001 0.6039005625 0.981892128125 0.5847240218749999
0 1 0.5896623171875001 0.96876151875 0.5960643390625 0.9797990234375 0.64149958125 1 0.6370519328124999 1 0.5896623171875001
0 1 0.6314943562499999 0.9526141734375001 0.6417804874999999 0.939787465625 0.689167371875 0.9743852734375 0.6966043984375 1 0.6894409734375 1 0.6314943562499999
0 0.8162101953124999 0.7605950890625001 0.96673841875 0.7047215265625 0.9435758875 0.659167996875 0.8200805703125 0.6967373703125 0.8162101953124999 0.7605950890625001
0 0.607068 0.7929599828125 0.7969761015625 0.7888054328125 0.77968316875 0.7422169328125 0.601666196875 0.7623248296875 0.607068 0.7929599828125
0 0.061456746875 0.8922828718750001 0.0678865171875 0.9287479015625 0.1231305765625 0.9143913609375 0.23125023281249998 0.9269145812499999 0.23643008437500002 0.8876448203124999 0.061456746875 0.8922828718750001
0 0.2319399765625 0.965149371875 0.22538064375000003 0.9279495484375 0.136798971875 0.9232625484374999 0.0690264296875 0.935212675 0.0773321078125 0.9823165125 0.111847240625 0.9705311468750001 0.2319399765625 0.965149371875
0 0.2290069546875 1 0.2219780578125 0.9601371484375001 0.07724764687499999 0.9818375078124999 0.080450184375 1 0.2290069546875 1
0 0.238195409375 0.9663026328125 0.431506096875 0.9299604828125 0.42301754531249997 0.8818195281250001 0.2340330796875 0.9083738125 0.238195409375 0.9663026328125
0 0.28103255312500003 1 0.44354917812499994 0.9639371156250001 0.4358323171875 0.9201726109375 0.238195409375 0.9663026328125 0.2441371640625 1 0.28103255312500003 1
0 0.41815353593750004 0.8713958890625 0.5869802734375 0.85065221875 0.592545971875 0.813570684375 0.41414315312500005 0.83149035625 0.41815353593750004 0.8713958890625
0 0.6004967265625 0.8415001249999999 0.7487798890625 0.8243788390625 0.7517966328125001 0.7900030124999999 0.6162582328124999 0.793595753125 0.6004967265625 0.8415001249999999
0 0.799677003125 0.804123009375 0.622817565625 0.8307955765624999 0.6160943390625 0.861312440625 0.6962574640625 0.8697401125 0.8076277578125 0.8320524468749999 0.799677003125 0.804123009375
0 0.9175366281249999 0.75175354375 0.7978297359375001 0.75932354375 0.7474704140624999 0.7997908828125 0.8151226734374999 0.8059120406250001 0.90138928125 0.797469684375 0.9175366281249999 0.75175354375
0 1 0.704067728125 0.9855047234375001 0.7081813 0.9901348406249999 0.73444 1 0.7325597140625 1 0.704067728125
0 1 0.730357821875 0.9607868796875 0.7396148359375 0.9552211906249999 0.776696371875 1 0.7683007843749999 1 0.730357821875
0 1 0.7674130984375 0.9413188921875 0.783660240625 0.938302153125 0.8180360671875 1 0.8157321968750001 1 0.7674130984375
0 1 0.8145551609374999 0.943552003125 0.8306479328125 0.97691034375 0.8653786296874999 1 0.8592390703125 1 0.8145551609374999
0 0.806622178125 0.843511059375 0.9357532015625001 0.8207417765624999 0.9295797109375 0.7857301750000001 0.805546596875 0.803088040625 0.806622178125 0.843511059375
0 0.44386501875000006 0.9142437093750001 0.6221158828125 0.8783007578124999 0.5938554500000001 0.8381586421874999 0.42695792499999996 0.8698434374999999 0.44386501875000006 0.9142437093750001
0 0.453744990625 0.953114278125 0.6089033296874999 0.923499415625 0.5788656296875 0.890439459375 0.44795734375 0.920290903125 0.453744990625 0.953114278125
0 0.6092891734375 0.9256876421875001 0.7765725390625 0.8961910718749999 0.6962574640625 0.8697401125 0.596474403125 0.8873345578125 0.6092891734375 0.9256876421875001
0 0.8750461203125001 0.8540086703125 0.9247856999999999 0.8271881640625001 0.8043071203125001 0.830381709375 0.6980347328125001 0.86265795625 0.6860616515625 0.8805629500000001 0.76328998125 0.8895081078124999 0.8750461203125001 0.8540086703125
0 0.781436553125 0.9066147140625 0.9784537156249999 0.874131528125 0.9718943843750001 0.83693170625 0.7907087265625 0.8733921421874999 0.781436553125 0.9066147140625