0 1 0.1163365078125 0.9602474875 0.105684853125 0.8479456328125 0.1514093390625 0.8422382 0.21262405 1 0.196309603125 1 0.1163365078125
0 1 0.20080742968749998 0.8355974734375 0.2134590078125 0.78051090625 0.22745627656249998 0.7727028703125 0.264579128125 0.7901156109375 0.2953881953125 0.9508002234375 0.2704708265625 1 0.2741365890625 1 0.20080742968749998
0 1 0.27177805 0.9195573390625 0.267327990625 0.7761456078125 0.29164494531249996 0.7696797015625 0.33174175 0.7651745453125 0.364520934375 0.9079326953125 0.342643190625 1 0.349902821875 1 0.27177805
0 1 0.35117333125 0.9631241515625 0.35220302812500004 0.8801325484375001 0.366566165625 0.758568784375 0.3732082625 0.7540985906250001 0.4138398203125 0.7814199734375 0.431617896875 0.8339621375 0.4430821921875 0.9415558984375 0.432696846875 1 0.43327854375 1 0.35117333125
0 1 0.44353331249999994 0.9595173296875 0.437509596875 0.8718457468749999 0.445390075 0.7934292265625 0.4426787671875 0.756782853125 0.41978773281250004 0.713915321875 0.49196009375000005 0.7359031484375 0.5056947140625 0.8329696468750001 0.5186319375 0.91334691875 0.514025621875 1 0.5220973484375 1 0.44353331249999994
0 0.9722608296875 0.613470240625 0.9964084515625 0.5153672234375 0.8475932328125 0.51993598125 0.722003075 0.5176562046875001 0.6877719859375 0.5895283578125 0.833389215625 0.612860375 0.9722608296875 0.613470240625
0 0.7885259734375001 0.6844979859375 0.956026134375 0.6980075125 0.9881566171875 0.602043496875 0.8300513703125001 0.60935166875 0.6626561015625 0.6193992500000001 0.674186590625 0.672161178125 0.7885259734375001 0.6844979859375
0 0.723052 0.753227303125 0.7962048890625 0.76759989375 0.9291592859375 0.7823102453125 0.9612897671875 0.68634623125 0.8237602859375001 0.688710325 0.6781430546875 0.6653783078125 0.6585005859375 0.7307021375 0.723052 0.753227303125
0 0.7160723671875 0.8271727953125 0.814480996875 0.8430839734375001 0.9049417328124999 0.864708521875 0.9350765000000001 0.7682097578125 0.7888406484375 0.755169315625 0.65984271875 0.73367609375 0.655407490625 0.782160021875 0.7160723671875 0.8271727953125
0 0.708404184375 0.8957051281249999 0.9006113984375 0.9367495578125 0.9049417328124999 0.864708521875 0.7480387625 0.843581165625 0.645498846875 0.795191009375 0.614360853125 0.815605284375 0.60397345 0.8703373296875 0.708404184375 0.8957051281249999
0 0.652045415625 0.9224331781249999 0.8762889546875 0.9955907234374999 0.8899792421875 0.9365150124999999 0.6033548296875 0.880628903125 0.652045415625 0.9224331781249999
0 0.773216596875 0.230730440625 0.6754965125 0.220232425 0.66706985625 0.2676468515625 0.750854903125 0.2822539859375 0.7760407140625001 0.268087834375 0.773216596875 0.230730440625
0 0.6373439234375 0.30673982187500004 0.7643461390625 0.327698290625 0.7708120484375 0.2876014859375 0.647147675 0.270151721875 0.6373439234375 0.30673982187500004
0 0.7644160703125 0.34340303437499997 0.770298321875 0.32145017343750004 0.6552703890625 0.30370020000000003 0.627400315625 0.311918440625 0.63283876875 0.3395190078125 0.7339316609375001 0.3613780984375 0.7644160703125 0.34340303437499997
0 0.6091349453125 0.38806859375 0.64237354375 0.3917461828125 0.732834278125 0.41337073125 0.7639722718749999 0.3929564609375 0.7432566515625 0.3664910546875 0.6335273171875 0.34493216875 0.59103365625 0.351846365625 0.6091349453125 0.38806859375
0 0.735004815625 0.45316733124999997 0.7435013984375 0.42145764375 0.5938577734375 0.3892037578125 0.5840540234375 0.42579185781250006 0.735004815625 0.45316733124999997
0 0.631262625 0.43321269687499997 0.584777534375 0.4390573890625 0.607523834375 0.473909915625 0.71260815625 0.49683850781250005 0.724372659375 0.4529327890625 0.631262625 0.43321269687499997
0 0.70679583125 0.5344961078125 0.7198675031249999 0.4857119734375 0.6074888703125 0.46605754531250004 0.5776230796874999 0.473741034375 0.57246434375 0.5089594281250001 0.62435291875 0.5228629296875 0.70679583125 0.5344961078125
0 0.6856713796875 0.5654364968750001 0.70614225 0.5369353125 0.6402836703125 0.519288559375 0.567784365625 0.5024767640625 0.5719506156249999 0.5428081125 0.6338177640625 0.5593853656250001 0.6856713796875 0.5654364968750001
0 0.58544185625 0.5882524203124999 0.632720384375 0.611377996875 0.675867628125 0.6020245984375 0.6791005796875 0.5819761953125 0.688320678125 0.563532040625 0.645792053125 0.562593865625 0.5759070796875 0.5360252421875 0.5507562312500001 0.5580437671875 0.58544185625 0.5882524203124999
0 0.6674060078124999 0.641586653125 0.668608278125 0.6131511296875 0.5661033265625 0.57261334375 0.5376495984375 0.598975528125 0.5843095078125 0.6323926828124999 0.637505253125 0.6414177734375001 0.6674060078124999 0.641586653125
0 0.5651807671875 0.6638678265625 0.650996490625 0.6868620796875 0.668853028125 0.6681177218750001 0.669436684375 0.6499737734375 0.556334540625 0.6170538125 0.537754490625 0.6225326375 0.5378943484375001 0.6539421171875001 0.5651807671875 0.6638678265625
0 0.6532019906250001 0.7345110499999999 0.663659325 0.6954837453125 0.5465307890625 0.6536419140625 0.5174234765625 0.682443303125 0.6532019906250001 0.7345110499999999
0 0.6412277046875 0.73130255 0.5241341328125 0.6973130890625 0.53759040625 0.7349050234375001 0.6294282375 0.767355896875 0.6493504203125 0.764851028125 0.6412277046875 0.73130255
0 0.15623686718750002 0.1464555671875 0.202138303125 0.1587548203125 0.24731622656250002 0.1577885390625 0.2611463703125 0.130122309375 0.19046795625 0.07458341093750001 0.1113628890625 0.06645894218750001 0.0824653609375 0.142374553125 0.15623686718750002 0.1464555671875
0 0.143923675 0.216357603125 0.2111243875 0.2369783125 0.2555787953125 0.22274650000000001 0.246802496875 0.1916372234375 0.185519003125 0.1569160265625 0.1003568609375 0.131482565625 0.073420084375 0.20008055468750002 0.143923675 0.216357603125
0 0.0478604015625 0.279504875 0.107078253125 0.297986584375 0.152909759375 0.2945810984375 0.2094433484375 0.30711489375 0.22193136249999998 0.27647470625000004 0.21446223125000002 0.24048701874999998 0.14595435625 0.2247447265625 0.0754158 0.20061530468750002 0.0478604015625 0.279504875
0 0.10274791875 0.370027621875 0.178480178125 0.36679101406250003 0.21622393281250002 0.337689415625 0.19481976406249998 0.3058108484375 0.1131003609375 0.3074432046875 0.042561804687499996 0.28331378906250004 0.0308322671875 0.335071878125 0.10274791875 0.370027621875
0 0.015181228124999998 0.40146520937499997 0.0697540671875 0.42131662499999994 0.10963339375 0.4241592578125 0.1681277359375 0.4293754296875 0.191247903125 0.3989697890625 0.17517729843750002 0.371134678125 0.0967607734375 0.36842337187499996 0.042187934375 0.3485719546875 0.015181228124999998 0.40146520937499997
0 0 0.476063253125 0.0647701515625 0.495796865625 0.099315915625 0.494596040625 0.1478316828125 0.49713846562499997 0.17690403125 0.4604847046875 0.15281560156250001 0.4226582234375 0.075087628125 0.4253600796875 0.0158697765625 0.406878371875 0 0.4547389953125 0 0.476063253125
0 0 0.5273810890624999 0.04705346875 0.5459507046875001 0.1474228484375 0.5545442640625 0.1652793890625 0.535799903125 0.14053737500000002 0.5004126296875 0.0640466390625 0.48253133437500006 0 0.470508621875 0 0.5273810890624999
0 0 0.5966898984375 0.0400388703125 0.6120438296875 0.1085117859375 0.6199337546875 0.1315969921875 0.5816757421875 0.138786409375 0.554844471875 0.054417706249999996 0.55838128125 0 0.5395244515625001 0 0.5966898984375
0 0 0.675953196875 0.04162575 0.6699843750000001 0.0948214953125 0.6790094640625 0.119248834375 0.643725409375 0.109130403125 0.609642178125 0.0467145625 0.6190612421874999 0 0.5983547765624999 0 0.675953196875
0 0 0.746846325 0.11113685312499999 0.7618111640625 0.0781672328125 0.6693182984375 0.009764249999999999 0.6771331125 0 0.67259983125 0 0.746846325
0 0.139865509375 0 0.13049162812499998 0.034983799999999995 0.28949520624999997 0.0802030140625 0.3360851875 0.0979154296875 0.3678767640625 0.07506195 0.3577933 0.048831090625000004 0.2979218625 0.0327885890625 0.189286603125 0 0.139865509375 0
0 0.261834915625 0.13553547187499998 0.3344041515625 0.16805200781250001 0.3561472265625 0.12682004062500002 0.2775908484375 0.092699253125 0.261834915625 0.13553547187499998
0 0.2494517953125 0.1897327671875 0.3127310046875 0.22498871875 0.33574628125 0.17102596406249998 0.26847564375 0.1347005171875 0.2494517953125 0.1897327671875
0 0.21576939843749998 0.23560860625000002 0.235177853125 0.266952425 0.2857592625 0.285734340625 0.316208709375 0.259906903125 0.3040945625 0.225288925 0.260118915625 0.1978196796875 0.25757450937500004 0.22328125000000001 0.21576939843749998 0.23560860625000002
0 0.2731663578125 0.29281741562499997 0.2172513875 0.26999204374999997 0.20352613437499997 0.3212153828125 0.27537185625 0.34046638749999997 0.29587769218750004 0.319817571875 0.2731663578125 0.29281741562499997
0 0.2169474453125 0.3509549515625 0.1764844640625 0.3662562640625 0.1891822625 0.3827302984375 0.24506226875 0.3977033 0.288139584375 0.3726451609375 0.260748271875 0.339162340625 0.2029075140625 0.331506959375 0.2169474453125 0.3509549515625
0 0.24901873281250003 0.3909204296875 0.193173690625 0.3837997984375 0.1641363046875 0.4283059296875 0.240627040625 0.4461872265625 0.2730722 0.42089454374999996 0.24901873281250003 0.3909204296875
0 0.156468125 0.4968382625 0.2421439921875 0.48842303437499995 0.2399384921875 0.440774065625 0.1728077109375 0.43585809375 0.156468125 0.4968382625
0 0.2216031953125 0.501219478125 0.1618366484375 0.5087340859375 0.1387514421875 0.5469921015625 0.20657077343750002 0.5573212328125 0.2489945046875 0.5347022984375001 0.2216031953125 0.501219478125
0 0.20413125937499998 0.6063399109375001 0.22594426250000002 0.5808126796875 0.22518578906250003 0.559694778125 0.15337502812499998 0.54829614375 0.115082584375 0.6033940578125 0.1596069234375 0.6048669859375 0.20413125937499998 0.6063399109375001
0 0.098124378125 0.6746658 0.144574503125 0.6609687359375 0.174440290625 0.653285246875 0.2029989140625 0.6504801703124999 0.188200509375 0.609914278125 0.12241185624999999 0.6079722640624999 0.12189813281249999 0.6418209515625 0.098124378125 0.6746658
0 0.10043476874999999 0.7458718796875 0.12823491874999998 0.7219489015625 0.1766807546875 0.7087865890625 0.195190878125 0.687603021875 0.16054021875 0.6652467375 0.10008512812499999 0.6673481796875 0.0836406515625 0.7047712359375 0.10043476874999999 0.7458718796875
0 0.36457388281249997 0.07940561562500001 0.4205238171875 0.1100833578125 0.43696829531250003 0.0726603 0.37365412187499997 0.0295519828125 0.36457388281249997 0.07940561562500001
0 0.34682223749999996 0.12170708125 0.4073472546875 0.135310378125 0.422554496875 0.11847047656250001 0.3685303484375 0.0726227421875 0.34682223749999996 0.12170708125
0 0.33643483125 0.1764391296875 0.3823362640625 0.1887383828125 0.3934471828125 0.1472718703125 0.3594501078125 0.12247637812500001 0.33643483125 0.1764391296875
0 0.31806456562499996 0.229032175 0.3659617109375 0.241866178125 0.3777262140625 0.197960459375 0.33911909375 0.18238704375 0.31806456562499996 0.229032175
0 0.30630006249999997 0.27293789375 0.3549207234375 0.29903742968749997 0.3686459765625 0.247814090625 0.3246703296875 0.2203448515625 0.30630006249999997 0.27293789375
0 0.34312125781249997 0.33509078125 0.3555743078125 0.29659822343750003 0.31431788437499997 0.28292926406249996 0.2970100390625 0.2756773078125 0.2785348828125 0.3047132421875 0.28658766875 0.32255698593750004 0.34312125781249997 0.33509078125
0 0.3187988125 0.3939319453125 0.34921329375 0.36025213906250003 0.3305283515625 0.34217385624999996 0.290614059375 0.33147885312500003 0.2694546390625 0.354566875 0.2868673796875 0.38537594531249997 0.3187988125 0.3939319453125
0 0.3176315046875 0.43021983906249994 0.3334573625 0.40308835781249996 0.3174566828125 0.3909579875 0.28617883437499997 0.37996278125 0.25239154375 0.40228150781250005 0.2777172109375 0.4195248359375 0.3176315046875 0.43021983906249994
0 0.30191053437500004 0.48090842812499995 0.338347121875 0.45668524218749995 0.3203157640625 0.436167753125 0.27441433125 0.42386850000000004 0.24196917343750002 0.44916118281250006 0.245446875 0.4840793703125 0.30191053437500004 0.48090842812499995
0 0.29018099999999997 0.5326665171875 0.30401114375 0.5050002859375 0.2893176296875 0.4879915046875 0.243416196875 0.47569225312499996 0.22363387031249998 0.5096066015625 0.25295096875 0.5279194281249999 0.29018099999999997 0.5326665171875
0 0.26049003125 0.57961185625 0.2996108796875 0.561336584375 0.286878115625 0.5370101796875 0.2509552546875 0.527384678125 0.2198871921875 0.5635036906249999 0.2265628828125 0.570521103125 0.26049003125 0.57961185625
0 0.2068854515625 0.6279925625 0.26204194531249997 0.62970003125 0.26981501875 0.5847248125 0.23320361093750003 0.5696861484375 0.2068854515625 0.6279925625
0 0.225056665625 0.679919534375 0.25358032656249996 0.6692620890625001 0.2361675859375 0.638453021875 0.2068854515625 0.6279925625 0.1771245546875 0.6592331609375 0.1971166640625 0.67243303125 0.225056665625 0.679919534375
0 0.19319516406249998 0.6870682718750001 0.1501528125 0.7199787843750001 0.1861106390625 0.737456653125 0.2292578796875 0.7281032546875 0.22708734375 0.688306653125 0.19319516406249998 0.6870682718750001
0 0.14884564375 0.724857196875 0.12493203593749999 0.726292565625 0.103119034375 0.7518197953125 0.1218039734375 0.7698980765625 0.1689076828125 0.7537618078125 0.14884564375 0.724857196875
0 0.425857378125 0.114126815625 0.47251728593750003 0.14754396875 0.496909659375 0.10440754375000001 0.44295544062500003 0.07426455 0.425857378125 0.114126815625
0 0.4061449828125 0.16374590312499998 0.46071782031249997 0.1835973171875 0.470521571875 0.14700921875 0.42792301874999994 0.130366303125 0.4061449828125 0.16374590312499998
0 0.3883933359375 0.206047371875 0.44368968750000004 0.2391643203125 0.4567963203125 0.1982325578125 0.39620137187500004 0.168924521875 0.3883933359375 0.206047371875
0 0.374668084375 0.2572707109375 0.42924092343750003 0.277122128125 0.438356128125 0.2351208625 0.38773975312500003 0.2084865796875 0.374668084375 0.2572707109375
0 0.3589471171875 0.3079593 0.41881855312500005 0.324001803125 0.431890221875 0.2752176703125 0.3760102140625 0.26024466875 0.3589471171875 0.3079593
0 0.341230434375 0.3581131390625 0.4030975859375 0.3746903921875 0.4155156703125 0.328345465625 0.358293534375 0.3103985078125 0.341230434375 0.3581131390625
0 0.40505833593749996 0.367372771875 0.3611176515625 0.34775590156249997 0.32010598125 0.38905353125 0.33211523125000003 0.4001144015625 0.393293834375 0.4112784921875 0.40505833593749996 0.367372771875
0 0.3859645578125 0.4067002859375 0.340063125 0.394401034375 0.3202458390625 0.42046301250000007 0.3376236125 0.44341970937499997 0.3755072234375 0.44572759062499995 0.3859645578125 0.4067002859375
0 0.36955504375000003 0.4519757109375 0.33628148125 0.440445753125 0.309204846875 0.4776342640625 0.3364912671875 0.4875599734375 0.373032746875 0.486893896875 0.36955504375000003 0.4519757109375
0 0.3047696171875 0.5261181921875 0.3487103 0.5457350625 0.360474803125 0.50182934375 0.3092747734375 0.4933390046875 0.3047696171875 0.5261181921875
0 0.3493988515625 0.5511482265625001 0.29816385625 0.5348055171875 0.29369366406249997 0.575437075 0.3010928671875 0.595720021875 0.346305753125 0.6026061109375 0.3493988515625 0.5511482265625001
0 0.301337615625 0.6506866109375 0.3464456109375 0.6340155890625 0.35232786250000003 0.61206273125 0.28581569687499997 0.5968551828125 0.301337615625 0.6506866109375
0 0.303228440625 0.62766425 0.2428083125 0.637618065625 0.2402289453125 0.6552272593749999 0.2522381921875 0.6662881296875 0.303403259375 0.6669261015625 0.303228440625 0.62766425
0 0.23187221406249997 0.718346428125 0.30092878125 0.70809240625 0.29944679375 0.67370896875 0.23500027656250003 0.6747409156249999 0.23187221406249997 0.718346428125
0 0.308806746875 0.6866742984374999 0.3645119328125 0.66238545 0.3683635078125 0.63204546875 0.3066362109375 0.6468776968750001 0.308806746875 0.6866742984374999