0 0.036901309375 0 0.036525151562500004 0.0029346734375 0.36525795625 0.028734596875 0.368674825 0 0.036901309375 0
0 0.3605319734375 0 0.3693661125 0.023396490625 0.4998402234375 0.080335821875 0.55373246875 0.084104334375 0.585814825 0.052595499999999996 0.5936552953125 0.0053280671875 0.5174603796875 0 0.3605319734375 0
0 1 0.033742456250000004 0.5864758171875 0.004826028125 0.574567878125 0.026494851562499998 0.7749754109375 0.0714482734375 0.905843040625 0.069348678125 1 0.0670208984375 1 0.033742456250000004
0 0.38736247343749997 0.0330929859375 0.26578660625 0.035842325 0.2096424828125 0.090982784375 0.2086617859375 0.15841871093749998 0.33385545625 0.18404923281250002 0.5539219765625 0.2416281015625 0.5475702359375 0.0921114953125 0.38736247343749997 0.0330929859375
0 0.1151358484375 0 0.032797960937499995 0.0135069109375 0.026745151562500003 0.10006614218750001 0.040824884374999995 0.101679409375 0.201718721875 0.12418095468749998 0.22382531249999998 0.0750984140625 0.2407482859375 0.02002803125 0.1151912546875 0 0.1151358484375 0
0 0.272721378125 0.2838437671875 0.334244834375 0.231892153125 0.1986860171875 0.1408450078125 0.025513892187499998 0.1176739734375 0.015272165625 0.264137478125 0.16415398750000001 0.2875027421875 0.272721378125 0.2838437671875
0 0.347939384375 0.1962848296875 0.34979566093750003 0.24985569531250001 0.5569505343750001 0.3318458796875 0.5894264109375 0.24129812187500002 0.347939384375 0.1962848296875
0 0.8126307531249999 0.0937702046875 0.557548071875 0.056244273437500006 0.547469259375 0.173672378125 0.619063240625 0.218056340625 0.7951185265625 0.2106785140625 0.8126307531249999 0.0937702046875
0 1 0.0746720796875 0.8268135765625001 0.07788583437499999 0.8189845671875 0.189845884375 0.979388053125 0.2460653984375 1 0.24073261562499998 1 0.0746720796875
0 1 0.32809508125 0.9895595484375 0.26084009375 0.8083227265625 0.2087891515625 0.5935345703125 0.23596001718749998 0.5652657453125001 0.2930497109375 0.563992496875 0.337963678125 0.667376278125 0.3283168484375 0.7620533968750001 0.3630642 0.8519383609375 0.386225696875 0.9295009203125 0.37196057968749996 1 0.361133834375 1 0.32809508125
0 0.523986378125 0.40267068281249996 0.5465833124999999 0.3198701796875 0.33042923125 0.259752215625 0.1355926109375 0.3220704765625 0.1393072453125 0.3757712984375 0.2821058265625 0.41669631249999994 0.39908525781250004 0.399562121875 0.523986378125 0.40267068281249996
0 0.100673278125 0.367444371875 0.129725 0.29915867500000004 0.088256128125 0.2512558828125 0.0168723796875 0.241253334375 0.008178103124999999 0.36558728125 0.06536456562500001 0.364975346875 0.100673278125 0.367444371875
0 0.11739845625 0.3686139109375 0.0079527859375 0.368809459375 0.0002943171875 0.47833066874999997 0.0406146515625 0.47856486093750006 0.10829619531250001 0.5254879328125 0.2009213078125 0.509463409375 0.2661593984375 0.5112126109374999 0.2732055078125 0.41044856718749995 0.11739845625 0.3686139109375
0 0.2876808875 0.417086159375 0.27916787187500003 0.51212225 0.5115588625 0.5536868046875 0.5254532843749999 0.408398634375 0.2876808875 0.417086159375
0 0.5451101953124999 0.4744649953125 0.7408244640625 0.4797126109375 0.7992163171875 0.4725450140625 0.8044040750000001 0.371651021875 0.54834276875 0.348120096875 0.5196824953125 0.41080778906250004 0.5451101953124999 0.4744649953125
0 1 0.3779077 0.9668637109375 0.3717605546875 0.833354825 0.384926209375 0.8063571796875 0.450542853125 0.8394140171875 0.5119208515625 0.983974121875 0.5276548562500001 0.9991203828125 0.530039503125 1 0.5174603828125 1 0.3779077
0 0.9517949453125001 0.533842728125 0.5480439968749999 0.48592089843749997 0.5219240078125 0.6191034203125 0.9212742421875 0.6498413937499999 0.9253844718750001 0.591062371875 0.9517949453125001 0.533842728125
0 0.036698075000000004 0.587985803125 0.0713207109375 0.6269717953125 0.26136102656250004 0.6599495281250001 0.4963932640625 0.690448021875 0.505983803125 0.553296959375 0.0969503484375 0.527507240625 0.036698075000000004 0.587985803125
0 0 0.6079211296875 0.035132271874999996 0.6103778171875 0.0938208203125 0.518850340625 0.046385434375 0.4761557015625 0.0005716828125 0.4743641828125 0 0.48253962499999997 0 0.6079211296875
0 0 0.7042704421875 0.021239925 0.7022250624999999 0.07121766562500001 0.7619736015624999 0.2448274234375 0.7628628265625 0.253828709375 0.687549690625 0.222727053125 0.6516226015625 0 0.61596254375 0 0.7042704421875
0 0 0.8667211531250001 0.015658646875 0.8621579828125 0.07786817812499999 0.7736894015625 0.006960271875 0.6927884734374999 0 0.6955214062499999 0 0.8667211531250001
0 0.4822021515625 0.9200960703125001 0.478194965625 0.84387329375 0.45951460781250003 0.8172528484375 0.244435971875 0.7684608296875 0.079726528125 0.7738193484375 0.0268087640625 0.8629376750000001 0.055856346875 0.9015338203125 0.2354326109375 0.8972148875 0.4822021515625 0.9200960703125001
0 0 0.96625754375 0.23457737500000003 0.982660790625 0.2413002234375 0.9201266953125 0.0597687765625 0.8989947140625001 0.022700607812500002 0.86827578125 0 0.8742864328125 0 0.96625754375
0 0.48968680468750003 1 0.495014896875 0.9238047187499999 0.368646875 0.9149682046875001 0.24726673593749998 0.9149185390625 0.2295356640625 0.982308240625 0.48253961093750003 1 0.48968680468750003 1
0 0.6345891921875 0.8773109421875 0.7707372625 0.9065201609375 0.9407271390625 0.93247045 0.941023834375 0.8481105624999999 0.78140325 0.7806950500000001 0.545392384375 0.764191565625 0.5115464249999999 0.8743323296875 0.5271940796875 0.9176168359375 0.6345891921875 0.8773109421875
0 0.944443846875 0.9327303468749999 0.970307165625 0.9420877109375001 0.978219596875 0.82893466875 0.9500230500000001 0.8262383515625 0.944443846875 0.9327303468749999
0 0.77270504375 1 0.769367184375 0.9261131703125001 0.6364475484375001 0.8774408921875001 0.511348628125 0.930572253125 0.5156727109375 1 0.77270504375 1
0 0.96625754375 1 0.9700300625 0.9460504500000001 0.9550067890625 0.9419070390625001 0.786483815625 0.9216847046875 0.7641815000000001 0.9735662453125 0.773886915625 1 0.96625754375 1
0 0.97832495 0.8274280453125 0.9886142375 0.6802843796875 0.8069360624999999 0.655909534375 0.780132075 0.7721681015625 0.940339834375 0.8311866109375 0.97832495 0.8274280453125
0 0.52035820625 0.641495434375 0.512529196875 0.7534554828125 0.774165559375 0.7773762578125 0.7906023359375001 0.6491419921875 0.52035820625 0.641495434375
0 0.515174596875 0.635507584375 0.509597465625 0.68855865625 0.5182999828125 0.7510463265625 0.7768068171875 0.7663102 0.77984366875 0.6427642953125 0.515174596875 0.635507584375
0 0.5145853484375 0.6973455125 0.24717819687499998 0.6758338890625 0.246881503125 0.7601937765625 0.5092018671874999 0.8010385078125 0.5145853484375 0.6973455125
0 0.989003471875 0.6747180765625 0.9981050890625 0.5445588890625 0.9565871015624999 0.5454285796875 0.9313509812499999 0.5858542140624999 0.9283162046875001 0.6559591953125 0.989003471875 0.6747180765625