0 0.6357150453125 0 0.5586362640625 0.0202342765625 0.59403539375 0.11168065625000001 0.7181273515625 0.0665799109375 0.8953530031250001 0.0931066484375 0.8861975671875 0 0.6357150453125 0
0 0.305773465625 0.191676809375 0.4770252640625 0.1713254203125 0.601097221875 0.1636772984375 0.572522925 0.05740583125 0.413555825 0.0510720765625 0.286733934375 0.10210285156250001 0.305773465625 0.191676809375
0 0.12010102656249999 0.153571075 0.13151474218749998 0.226041759375 0.30521948125 0.20784386718749998 0.2845479875 0.11059214375 0.12010102656249999 0.153571075
0 0 0.2429557 0.130416771875 0.2396495625 0.1119212265625 0.1526348578125 0 0.1678475984375 0 0.2429557
0 0.30829640625 0.0627461203125 0.32900935625 0.0251748875 0.12603140625 0.0683191796875 0.13349369687499998 0.09455181562500001 0.30829640625 0.0627461203125
0 0 0.143236165625 0.12530389687500001 0.112341915625 0.1163825140625 0.070370115625 0 0.0951079828125 0 0.143236165625
0 0.5868135703124999 0.3593050140625 0.562621165625 0.21732866093749997 0.32676195468749997 0.2059397546875 0.34905540625000003 0.3295955578125 0.5868135703124999 0.3593050140625
0 0.843958259375 0.3394207109375 0.8200628515625 0.1519082046875 0.568358028125 0.19738506718749999 0.5963783359375 0.31982358906249997 0.843958259375 0.3394207109375
0 0.91231358125 0.5014336734375 0.87885340625 0.353402590625 0.59827729375 0.3381441390625 0.62110473125 0.4830855140625 0.91231358125 0.5014336734375
0 0.3465924640625 0.346168378125 0.34898540312500004 0.4606797421875 0.6227166875 0.52821590625 0.5887225218750001 0.3588992546875 0.3465924640625 0.346168378125
0 0.1565881296875 0.250135971875 0.1742526921875 0.3614012546875 0.332398809375 0.3732592859375 0.3177511703125 0.22925412500000003 0.1565881296875 0.250135971875
0 0.002249915625 0.2561927328125 0.0226444109375 0.36152798124999996 0.16307596875000002 0.355752290625 0.1413165046875 0.25338205468749997 0.002249915625 0.2561927328125
0 0.176625634375 0.5133652468750001 0.1649749203125 0.374072840625 0.040902964062500005 0.3817209640625 0.0476677984375 0.4792537546875 0.176625634375 0.5133652468750001
0 0.3530603046875 0.48923732500000006 0.335939728125 0.38053129375 0.1780605984375 0.37931604375 0.1913732734375 0.47010728437499993 0.3530603046875 0.48923732500000006
0 0 0.46867033906250005 0.0345821203125 0.474010553125 0.02590833125 0.37688351875000003 0 0.374864 0 0.46867033906250005
0 0.659994771875 0.6754354609375001 0.9544875484374999 0.6716865390625 0.91749645625 0.497657134375 0.6183547953125 0.52646816875 0.659994771875 0.6754354609375001
0 0.616435840625 0.5456002421874999 0.361250103125 0.4714472234375 0.37942865625 0.6414507015625001 0.6024491875 0.695691809375 0.60361715625 0.550999821875 0.616435840625 0.5456002421874999
0 0.1978611125 0.5757236031249999 0.3644440265625 0.6178869421875001 0.3448805078125 0.48830110624999995 0.19682313906249999 0.4769735265625 0.1978611125 0.5757236031249999
0 0.07434314375 0.5672046703125 0.197317128125 0.5731643515625 0.18890032968749998 0.5054064140625 0.06402739843750001 0.48112618281249997 0.07434314375 0.5672046703125
0 0 0.552552121875 0.0063920703125 0.5826244453125 0.069704259375 0.5735404609375 0.04848878125 0.47372948125000003 0 0.475018934375 0 0.552552121875
0 0.0824429421875 0.7179513828124999 0.222330509375 0.7096164328125 0.20958182500000003 0.583931825 0.050871715625 0.6069671640625 0.0824429421875 0.7179513828124999
0 0.0437898921875 0.5924231468750001 0.007861740624999999 0.5895387015625 0.0293255984375 0.690518215625 0.062275437499999996 0.6981641640625 0.0437898921875 0.5924231468750001
0 0.3975972109375 0.830180490625 0.38759845625 0.6611132234375 0.22266750468750002 0.5891750265625 0.1945271921875 0.6914522578125 0.3975972109375 0.830180490625
0 0.6395302734375 0.7011843984375 0.3944232890625 0.64628814375 0.39441328593749997 0.6650144546875 0.40716197656249997 0.790699059375 0.6574418343749999 0.8605450890625 0.6395302734375 0.7011843984375
0 0.6785403203125 0.668818603125 0.6934649515625 0.8047402359375001 0.882124321875 0.8662850343749999 0.9789769453125 0.768126740625 0.9552985265625 0.6848885765625 0.6785403203125 0.668818603125
0 0.4047090390625 0.7885455671875 0.42727948125 0.9041178406249999 0.5352388312499999 0.9426926999999999 0.6756803875 0.9181906953125001 0.662080721875 0.8542092953125 0.4047090390625 0.7885455671875
0 0.209718821875 0.8380166656249999 0.2051599328125 0.6945419609375 0.06935726406250001 0.712708178125 0.0548259203125 0.8104877937499999 0.0648236171875 0.8575232625 0.10472639375 0.8603334968749999 0.209718821875 0.8380166656249999
0 0.36835892812500004 0.9460655125 0.3815046078125 0.838950846875 0.22668240312500001 0.7300904781249999 0.22008456562499998 0.8304635906250001 0.36835892812500004 0.9460655125
0 0.1033114296875 0.956930071875 0.26937035625 0.959081534375 0.26041957656250003 0.870038034375 0.085359871875 0.8724746328125 0.1033114296875 0.956930071875
0 0.2667571421875 1 0.2682723828125 0.97268933125 0.08777281249999999 0.9495333718750001 0.1000836203125 1 0.2667571421875 1
0 0.272120290625 0.915698871875 0.2794391078125 0.9970646109375 0.4258945140625 0.94453548125 0.272120290625 0.915698871875
0 0.6890530578125 0.8966240593749999 0.854854990625 0.8694064203125 0.73298898125 0.8311126328125 0.6890530578125 0.8966240593749999