0 0.23712574687500002 0.10331125781249999 0.3041916171875 0.1562913921875 0.453892215625 0.21721854375 0.45508982031249995 0.1059602640625 0.2526946109375 0.029139071875 0.23712574687500002 0.10331125781249999
0 0.2502994015625 0.2569536421875 0.279041915625 0.3099337734375 0.44910179531249994 0.386754965625 0.453892215625 0.2304635765625 0.259880240625 0.158940396875 0.2502994015625 0.2569536421875
0 0.459880240625 0.529801325 0.46107784374999994 0.3894039734375 0.4467065859375 0.376158940625 0.2682634734375 0.2966887421875 0.2502994015625 0.31258278125 0.2491017953125 0.4 0.26227545 0.44238410625 0.459880240625 0.529801325
0 0.459880240625 0.5350993390625 0.26227545 0.4476821203125 0.25748502812499996 0.5615894031249999 0.2730538921875 0.58013245 0.416766465625 0.6649006609375 0.46107784374999994 0.6728476828125001 0.459880240625 0.5350993390625
0 0.464670659375 0.7814569546875 0.46107784374999994 0.691390728125 0.459880240625 0.670198675 0.41077844218750004 0.66754966875 0.259880240625 0.5721854296875 0.25748502812499996 0.66225165625 0.416766465625 0.7178807953125 0.464670659375 0.7814569546875
0 0.35808383125 0.8635761593750001 0.36047904062499997 0.7443708609375 0.15089820468749998 0.6516556296875 0.1520958078125 0.79205298125 0.35808383125 0.8635761593750001
0 0.143712575 0.945695365625 0.31736526875000004 0.996026490625 0.3592814375 0.996026490625 0.35808383125 0.8768211921875 0.1473053890625 0.8052980140624999 0.143712575 0.945695365625
0 0 0.2437086078125 0.1293413171875 0.275496690625 0.1341317359375 0.158940396875 0 0.108609271875 0 0.2437086078125
0 0.12814371093750002 0.283443709375 0 0.24635761562499997 0.00119760625 0.3735099328125 0.1305389234375 0.40794701875 0.12814371093750002 0.283443709375
0 0.1245508984375 0.415894040625 0.0059880234375 0.3814569546875 0.002395209375 0.5218543046875 0.1341317359375 0.5562913921875 0.1245508984375 0.415894040625
0 0.12574850312500002 0.5483443703125 0.00119760625 0.5218543046875 0 0.66225165625 0.135329340625 0.7019867546875 0.12574850312500002 0.5483443703125
0 0.1305389234375 0.691390728125 0.00119760625 0.6596026484374999 0 0.79205298125 0.135329340625 0.8423841062499999 0.1305389234375 0.691390728125
0 0.1293413171875 0.8476821203125 0 0.8052980140624999 0.002395209375 0.93774834375 0.140119759375 0.9854304640624999 0.1293413171875 0.8476821203125
0 0.705389221875 0.060927151562500004 0.5676646703125 0.00794701875 0.55808383125 0.0980132453125 0.6886227546875 0.16688741875 0.705389221875 0.060927151562500004
0 0.6347305390625 0.1483443703125 0.55808383125 0.1218543046875 0.5544910171875 0.2569536421875 0.639520959375 0.2781456953125 0.6347305390625 0.1483443703125
0 0.6311377234375 0.42384105937500005 0.6443113781250001 0.3814569546875 0.6407185625 0.2781456953125 0.5497005984375 0.24635761562499997 0.541317365625 0.283443709375 0.56407185625 0.336423840625 0.5652694609375 0.4 0.6311377234375 0.42384105937500005
0 0.6347305390625 0.4344370859375 0.556886228125 0.4105960265625 0.5508982046875001 0.5430463578125 0.5724550890625 0.5615894031249999 0.6299401203125 0.5642384109374999 0.6287425140625 0.49271523124999994 0.6347305390625 0.4344370859375
0 0.637125746875 0.596026490625 0.5592814374999999 0.5562913921875 0.5485029953125 0.603973509375 0.56407185625 0.6596026484374999 0.56407185625 0.7046357624999999 0.6526946109375 0.733774834375 0.637125746875 0.596026490625
0 0.639520959375 0.7311258265625 0.566467065625 0.7019867546875 0.5473053890624999 0.736423840625 0.56407185625 0.8238410593750001 0.638323353125 0.8529801328125 0.66227545 0.7867549656249999 0.639520959375 0.7311258265625
0 0.643113771875 0.8715231781250001 0.5700598796875 0.829139071875 0.555688621875 0.8874172187499999 0.577245509375 0.9801324499999999 0.6407185625 1 0.6670658671874999 0.9933774828124999 0.643113771875 0.8715231781250001
0 0.5532934140625 0.8953642374999999 0.4778443125 0.8317880796875 0.453892215625 0.8768211921875 0.47305389218749994 0.958940396875 0.546107784375 1 0.5736526953125 0.9695364234375001 0.5532934140625 0.8953642374999999
0 0.8718562890625 0.458278146875 0.966467065625 0.44238410625 0.9449101796875 0.36556291406249997 0.93892215625 0.3523178796875 0.859880240625 0.36556291406249997 0.8718562890625 0.458278146875
0 0.142514971875 0.0556291390625 0.143712575 0.0052980140625 0.00119760625 0 0.00119760625 0.0450331125 0.142514971875 0.0556291390625
0 0.9113772453125 0.670198675 0.8502994015625 0.66225165625 0.8491017953125001 0.7735099328125 0.914970059375 0.7841059593749999 0.9113772453125 0.670198675
0 0.857485028125 0.9033112578125 0.9137724546875001 0.929801325 0.9341317359374999 0.8423841062499999 0.9077844296875 0.8052980140624999 0.8514970046875 0.7894039734375 0.857485028125 0.9033112578125
0 0.8694610765625 0.988079471875 0.9281437109375 0.9907284765625001 0.936526946875 0.9695364234375001 0.91736526875 0.9218543046875001 0.8586826343749999 0.913907284375 0.8694610765625 0.988079471875