0 0.8625429546875001 0.06949807031250001 0.756013746875 0.07722007656249999 0.7594501703125001 0.11583011562500001 0.8625429546875001 0.10038610156250001 0.8625429546875001 0.06949807031250001
0 0.7525773203125 0.09266409375 0.6219931296875 0.10038610156250001 0.659793815625 0.133848134375 0.7525773203125 0.1389961390625 0.7525773203125 0.09266409375
0 0.6804123703125 0.097812096875 0.6804123703125 0.074646075 0.560137459375 0.07979408125000001 0.560137459375 0.1106821125 0.6804123703125 0.097812096875
0 0.55670103125 0.08236808125 0.4192439859375 0.102960103125 0.4226804140625 0.1389961390625 0.546391753125 0.126126128125 0.55670103125 0.08236808125
0 0.40893470625 0.1132561125 0.333333334375 0.11583011562500001 0.3539518921875 0.1415701421875 0.4226804140625 0.1518661515625 0.40893470625 0.1132561125
0 0.3608247421875 0.10810810781249999 0.2371134015625 0.10810810781249999 0.26116838750000004 0.1441441421875 0.333333334375 0.1389961390625 0.3608247421875 0.10810810781249999
0 0.23024055 0.10810810781249999 0.1683848828125 0.164736165625 0.18900343749999998 0.17760617812499999 0.26116838750000004 0.1492921515625 0.23024055 0.10810810781249999
0 0.883161509375 0.10810810781249999 0.7525773203125 0.126126128125 0.7525773203125 0.1518661515625 0.855670103125 0.1441441421875 0.883161509375 0.10810810781249999
0 0.642611684375 0.1621621609375 0.642611684375 0.1698841703125 0.7491408921875 0.1698841703125 0.7491408921875 0.133848134375 0.6494845359375 0.1415701421875 0.642611684375 0.1621621609375
0 0.6357388296875001 0.1518661515625 0.67010309375 0.12097812031249999 0.6460481078125 0.128700128125 0.6082474234374999 0.1106821125 0.5532646031249999 0.1132561125 0.5326460453124999 0.133848134375 0.5807560140625 0.1441441421875 0.6357388296875001 0.1518661515625
0 0.6529209640625 0.146718146875 0.5360824734375 0.1415701421875 0.5360824734375 0.17760617812499999 0.6460481078125 0.1801801796875 0.6529209640625 0.146718146875
0 0.876288659375 0.1415701421875 0.7594501703125001 0.15444015312499998 0.773195878125 0.1930501921875 0.876288659375 0.167310165625 0.876288659375 0.1415701421875
0 0.8934707890625001 0.1801801796875 0.7663230265625 0.185328184375 0.7594501703125001 0.221364221875 0.883161509375 0.21879022187500002 0.8934707890625001 0.1801801796875
0 0.7520836078124999 0.16626258437500002 0.6450161484375 0.17017464375 0.6450161484375 0.1975590703125 0.74947220625 0.2014711328125 0.7520836078124999 0.16626258437500002
0 0.5275030859375 0.20342716093750002 0.5562285 0.21516334375 0.6215135359375 0.21125128593750003 0.6293477421875 0.172130675 0.5431714953125 0.1799547984375 0.5275030859375 0.20342716093750002
0 0.5275030859375 0.12714197656249998 0.4178242265625 0.138878159375 0.4126014234375 0.1603944953125 0.517057478125 0.1643065546875 0.5275030859375 0.12714197656249998
0 0.3499277890625 0.1623505234375 0.3499277890625 0.134966096875 0.2663629421875 0.1486583125 0.2663629421875 0.17017464375 0.3499277890625 0.1623505234375
0 0.4491610453125 0.1643065546875 0.3499277890625 0.1506143390625 0.3185909734375 0.1799547984375 0.43871543749999997 0.20342716093750002 0.4491610453125 0.1643065546875
0 0.263751540625 0.1819108265625 0.26114014375 0.1545264015625 0.17235249531250002 0.1838668578125 0.17235249531250002 0.2014711328125 0.263751540625 0.1819108265625
0 0.268974346875 0.19169098125 0.17235249531250002 0.19951510156250002 0.1827980984375 0.22885555468750002 0.268974346875 0.221031434375 0.268974346875 0.19169098125
0 0.2663629421875 0.221031434375 0.3682075984375 0.221031434375 0.3760418046875 0.1858228875 0.326425175 0.17408670625 0.2741971484375 0.17408670625 0.2663629421875 0.221031434375
0 0.454383846875 0.1936470125 0.3812646078125 0.1975590703125 0.383876009375 0.224943496875 0.454383846875 0.222987465625 0.454383846875 0.1936470125
0 0.5327258921875 0.16626258437500002 0.45699524687500004 0.1682186125 0.4439382421875 0.2053831921875 0.5353372890625 0.19951510156250002 0.5327258921875 0.16626258437500002
0 0.7416380046875 0.1975590703125 0.63195914375 0.1936470125 0.6502389546875 0.2327676171875 0.754695009375 0.22885555468750002 0.7416380046875 0.1975590703125
0 0.9218247015625 0.2327676171875 0.783420428125 0.2327676171875 0.7912546296875 0.271888228125 0.92965890625 0.262108075 0.9218247015625 0.2327676171875
0 0.6606845578125 0.2562399859375 0.5431714953125 0.2562399859375 0.545782896875 0.293404559375 0.663295959375 0.285580440625 0.6606845578125 0.2562399859375
0 0.545782896875 0.222987465625 0.545782896875 0.2484158609375 0.65285035625 0.24450379843749998 0.63718195 0.21516334375 0.545782896875 0.222987465625
0 0.663295959375 0.2327676171875 0.6659073609374999 0.25819601406250003 0.7599178156249999 0.25819601406250003 0.754695009375 0.226899528125 0.663295959375 0.2327676171875
0 0.778197621875 0.26015204375 0.6711301656249999 0.262108075 0.6659073609374999 0.3031847140625 0.7729748203125 0.289492503125 0.778197621875 0.26015204375
0 0.93488170625 0.271888228125 0.783420428125 0.27971234843750004 0.778197621875 0.32078898749999996 0.93488170625 0.316876925 0.93488170625 0.271888228125
0 0.932270309375 0.31883295624999997 0.7912546296875 0.33056913906249996 0.8095344375 0.3657776875 0.93488170625 0.3657776875 0.932270309375 0.31883295624999997
0 0.5196688828125 0.2014711328125 0.3812646078125 0.224943496875 0.3760418046875 0.264064103125 0.5379486906250001 0.2327676171875 0.5196688828125 0.2014711328125
0 0.360373396875 0.224943496875 0.23763753125 0.224943496875 0.24547173125000002 0.2503718921875 0.3682075984375 0.266020134375 0.360373396875 0.224943496875
0 0.09139905000000001 0.281668378125 0.1854095 0.2777563171875 0.2219691171875 0.266020134375 0.2271919234375 0.22885555468750002 0.083564846875 0.2386357109375 0.09139905000000001 0.281668378125
0 0.22458052187500002 0.31100883437500004 0.339482184375 0.3031847140625 0.34470499062500004 0.266020134375 0.2271919234375 0.25819601406250003 0.1801866953125 0.283624409375 0.22458052187500002 0.31100883437500004
0 0.530114490625 0.2503718921875 0.3969330140625 0.25819601406250003 0.40737862187499996 0.3051407453125 0.5353372890625 0.2758002859375 0.530114490625 0.2503718921875
0 0.3969330140625 0.266020134375 0.32903657656249996 0.2777563171875 0.32903657656249996 0.307096771875 0.4021558203125 0.307096771875 0.3969330140625 0.266020134375
0 0.0887876484375 0.314920896875 0.1122902625 0.3325251703125 0.203689309375 0.32861310781249997 0.20107790625000002 0.295360590625 0.099233253125 0.289492503125 0.0887876484375 0.314920896875
0 0.5614513046875 0.33643723125 0.6789643703125 0.3344812015625 0.692021378125 0.309052803125 0.6659073609374999 0.293404559375 0.5718969140625 0.30122868281250004 0.5614513046875 0.33643723125
0 0.7729748203125 0.2992726515625 0.686798571875 0.307096771875 0.686798571875 0.3247010453125 0.6815757687499999 0.338393259375 0.778197621875 0.3403492890625 0.7886432265625001 0.31296486562500003 0.7729748203125 0.2992726515625
0 0.5588399015625 0.295360590625 0.4178242265625 0.3031847140625 0.4178242265625 0.32861310781249997 0.5562285 0.3247010453125 0.5588399015625 0.295360590625
0 0.315979571875 0.3481734140625 0.383876009375 0.3520854765625 0.43871543749999997 0.357953565625 0.43871543749999997 0.3227450140625 0.321202378125 0.3227450140625 0.315979571875 0.3481734140625
0 0.20891211250000002 0.3403492890625 0.3133681703125 0.34621738281250003 0.3342593828125 0.307096771875 0.32903657656249996 0.314920896875 0.20891211250000002 0.31100883437500004 0.20891211250000002 0.3403492890625
0 0.5718969140625 0.32861310781249997 0.44132684062500005 0.3481734140625 0.45699524687500004 0.3794698984375 0.5875653203125 0.36382165624999996 0.5718969140625 0.32861310781249997
0 0.20891211250000002 0.3501294453125 0.20891211250000002 0.3266570765625 0.107067459375 0.33056913906249996 0.107067459375 0.36773371875 0.20891211250000002 0.3501294453125
0 0.592788121875 0.3716457765625 0.65285035625 0.3755578390625 0.74947220625 0.34621738281250003 0.6763529687500001 0.33056913906249996 0.5953995265625001 0.33056913906249996 0.592788121875 0.3716457765625
0 0.79386603125 0.3501294453125 0.7076897843750001 0.3501294453125 0.6841871703125 0.3794698984375 0.806923040625 0.3794698984375 0.79386603125 0.3501294453125
0 0.9218247015625 0.37360180781249996 0.8147572421874999 0.3794698984375 0.8173686437500001 0.4029422625 0.9244361031249999 0.3990302046875 0.9218247015625 0.37360180781249996
0 0.8147572421874999 0.414678446875 0.7886432265625001 0.44401890312500003 0.916601896875 0.43228271874999996 0.9270475046875 0.40489829374999997 0.8173686437500001 0.40098623125 0.8147572421874999 0.414678446875
0 0.9139904953125001 0.445974934375 0.8017002375000001 0.4479309609375 0.8043116390625 0.48900760312499997 0.9139904953125001 0.48705157187500003 0.9139904953125001 0.445974934375
0 0.916601896875 0.485095540625 0.8017002375000001 0.48705157187500003 0.7729748203125 0.5398643937500001 0.9139904953125001 0.5281282093749999 0.916601896875 0.485095540625
0 0.3055339640625 0.3520854765625 0.21152351406249997 0.357953565625 0.23763753125 0.3853379875 0.321202378125 0.3794698984375 0.3055339640625 0.3520854765625
0 0.107067459375 0.3990302046875 0.2271919234375 0.40881035624999995 0.248083134375 0.39120608125 0.21152351406249997 0.3696897453125 0.107067459375 0.36773371875 0.107067459375 0.3990302046875
0 0.229803325 0.4205465359375 0.3185909734375 0.4205465359375 0.35515059375 0.3931621125 0.336870784375 0.3833819609375 0.24547173125000002 0.39120608125 0.229803325 0.4205465359375
0 0.44132684062500005 0.357953565625 0.331647978125 0.357953565625 0.3499277890625 0.39120608125 0.454383846875 0.39120608125 0.44132684062500005 0.357953565625
0 0.5849539187499999 0.36186562499999997 0.46744085625 0.3755578390625 0.4831092625 0.414678446875 0.5849539187499999 0.3853379875 0.5849539187499999 0.36186562499999997
0 0.7181353921875 0.38729401874999997 0.590176721875 0.37360180781249996 0.5771197109374999 0.41272241562499995 0.7181353921875 0.41272241562499995 0.7181353921875 0.38729401874999997
0 0.7886432265625001 0.3814259296875 0.812145840625 0.35990959375 0.7860318296875 0.3501294453125 0.7050783828125 0.35599753437500004 0.7050783828125 0.3853379875 0.7886432265625001 0.3814259296875
0 0.6737415671875 0.4518430234375 0.7651406171875 0.44010684062500005 0.8173686437500001 0.3990302046875 0.7808090265625001 0.38729401874999997 0.686798571875 0.414678446875 0.6737415671875 0.4518430234375
0 0.553617103125 0.44401890312500003 0.6058451296875 0.457711115625 0.6815757687499999 0.457711115625 0.6789643703125 0.41272241562499995 0.5980109234375 0.4166344765625 0.553617103125 0.44401890312500003
0 0.799088834375 0.442062871875 0.6894099734375 0.4518430234375 0.6894099734375 0.481183478125 0.806923040625 0.4753153890625 0.799088834375 0.442062871875
0 0.8017002375000001 0.48313950937500005 0.6841871703125 0.485095540625 0.6841871703125 0.5163920265625 0.7703634187499999 0.5183480578124999 0.8017002375000001 0.48313950937500005
0 0.9218247015625 0.5222601203125 0.7703634187499999 0.530084240625 0.7599178156249999 0.57702896875 0.9113790984374999 0.5672488203125 0.9218247015625 0.5222601203125
0 0.7677520140625 0.5633367578125 0.7677520140625 0.5203040890625 0.663295959375 0.510523934375 0.663295959375 0.54964454375 0.7677520140625 0.5633367578125
0 0.806923040625 0.5711608796875 0.6841871703125 0.5516005749999999 0.686798571875 0.5965892734375 0.8017002375000001 0.6122375171875001 0.806923040625 0.5711608796875
0 0.9113790984374999 0.55746866875 0.806923040625 0.5731169109375001 0.8017002375000001 0.6102814859375 0.9192132984375 0.6024573671875 0.9113790984374999 0.55746866875
0 0.9113790984374999 0.5965892734375 0.79386603125 0.6024573671875 0.7860318296875 0.6494020968750001 0.9113790984374999 0.629841790625 0.9113790984374999 0.5965892734375
0 0.783420428125 0.5965892734375 0.6450161484375 0.6141935484375 0.6450161484375 0.653314153125 0.775586221875 0.635709884375 0.783420428125 0.5965892734375
0 0.336870784375 0.4244585984375 0.42565843281250004 0.4244585984375 0.4752750578125 0.414678446875 0.4517724421875 0.39120608125 0.3420935859375 0.40098623125 0.336870784375 0.4244585984375
0 0.46482945468750003 0.44010684062500005 0.5797311125 0.4303266921875 0.600622325 0.4107663875 0.5771197109374999 0.3990302046875 0.47788645937499996 0.41272241562499995 0.46482945468750003 0.44010684062500005
0 0.22458052187500002 0.406854325 0.107067459375 0.40881035624999995 0.107067459375 0.438150809375 0.2402489328125 0.438150809375 0.22458052187500002 0.406854325
0 0.339482184375 0.4518430234375 0.3473163875 0.44010684062500005 0.3185909734375 0.42250256718749996 0.2324147265625 0.42250256718749996 0.229803325 0.453799053125 0.339482184375 0.4518430234375
0 0.4596066484375 0.4283706609375 0.352539190625 0.43228271874999996 0.3577619953125 0.461623178125 0.4596066484375 0.45966714687500004 0.4596066484375 0.4283706609375
0 0.5875653203125 0.4714033296875 0.5823425140625 0.4518430234375 0.5562285 0.438150809375 0.46482945468750003 0.44010684062500005 0.46482945468750003 0.48313950937500005 0.5875653203125 0.4714033296875
0 0.6711301656249999 0.45575508437499995 0.600622325 0.45966714687500004 0.5849539187499999 0.49878775312499996 0.6711301656249999 0.49878775312499996 0.6711301656249999 0.45575508437499995
0 0.5718969140625 0.47922744687499996 0.4831092625 0.48900760312499997 0.4517724421875 0.49878775312499996 0.4596066484375 0.512479965625 0.5327258921875 0.5261721796875001 0.569285509375 0.5163920265625 0.5718969140625 0.47922744687499996
0 0.6685187625 0.502699815625 0.5875653203125 0.506611878125 0.56406270625 0.5418204249999999 0.663295959375 0.530084240625 0.6685187625 0.502699815625
0 0.4517724421875 0.4635792046875 0.360373396875 0.4674912671875 0.326425175 0.506611878125 0.4517724421875 0.5085679062499999 0.4517724421875 0.4635792046875
0 0.352539190625 0.4635792046875 0.229803325 0.4635792046875 0.2271919234375 0.4909636328125 0.331647978125 0.4909636328125 0.352539190625 0.4635792046875
0 0.2271919234375 0.44401890312500003 0.1044560578125 0.442062871875 0.107067459375 0.4635792046875 0.21413491875 0.46944729843750005 0.2271919234375 0.44401890312500003
0 0.22458052187500002 0.4909636328125 0.229803325 0.5144359953125 0.331647978125 0.5222601203125 0.331647978125 0.48705157187500003 0.22458052187500002 0.4909636328125
0 0 0.530084240625 0.130570071875 0.5418204249999999 0.1175130625 0.496831721875 0 0.496831721875 0 0.530084240625
0 0.1384042734375 0.5418204249999999 0.013057004687500002 0.5398643937500001 0.013057004687500002 0.5750729375 0.13579287812500002 0.58094103125 0.1384042734375 0.5418204249999999
0 0 0.6220176687500001 0.130570071875 0.631797821875 0.1488498828125 0.6181056109374999 0.1436270765625 0.586809121875 0 0.5789850000000001 0 0.6220176687500001
0 0.2976997625 0.5965892734375 0.154072684375 0.5828970625000001 0.1436270765625 0.6181056109374999 0.2950883609375 0.631797821875 0.2976997625 0.5965892734375
0 0.4439382421875 0.58094103125 0.3133681703125 0.5828970625000001 0.30031116562500004 0.627885759375 0.44132684062500005 0.6181056109374999 0.4439382421875 0.58094103125
0 0.3682075984375 0.6630943078125 0.509223278125 0.670918428125 0.524891684375 0.6454900343750001 0.49877767031250003 0.6181056109374999 0.3655962015625 0.6220176687500001 0.3682075984375 0.6630943078125
0 0.5718969140625 0.5437764515625 0.5718969140625 0.58094103125 0.6737415671875 0.5750729375 0.6711301656249999 0.5339963 0.5718969140625 0.5437764515625
0 0.4700522578125 0.5594246953125 0.5196688828125 0.5555126375 0.5614513046875 0.5652927890624999 0.5562285 0.5261721796875001 0.4700522578125 0.5261721796875001 0.4700522578125 0.5594246953125
0 0.5588399015625 0.57702896875 0.5588399015625 0.6102814859375 0.6345705453125 0.606369425 0.6789643703125 0.6161495796875001 0.69985558125 0.5907211796875 0.639793346875 0.5633367578125 0.5588399015625 0.57702896875
0 0.485720665625 0.721775221875 0.5745083156249999 0.7080830078125 0.6450161484375 0.7139511015625 0.626736340625 0.6670063703125 0.485720665625 0.6670063703125 0.485720665625 0.721775221875
0 0.6685187625 0.7706759812499999 0.8278142531249999 0.7413355234375001 0.8356484546875 0.721775221875 0.8043116390625 0.6963468265625 0.6685187625 0.717863159375 0.6685187625 0.7706759812499999
0 0.9975553406250001 0.7041709468749999 0.8330370500000001 0.7139511015625 0.8513168609375 0.75698376875 0.9949439421875 0.7452475859375001 0.9975553406250001 0.7041709468749999
0 0.6789643703125 0.7980604062500001 0.8304256484374999 0.7785001015625 0.82259145 0.75307170625 0.82259145 0.7393794953125 0.6789643703125 0.7667639187499999 0.6789643703125 0.7980604062500001
0 0.65285035625 0.7041709468749999 0.48833206718750005 0.721775221875 0.49094346875 0.7667639187499999 0.663295959375 0.751115675 0.65285035625 0.7041709468749999
0 0.4752750578125 0.672874459375 0.3682075984375 0.6572262156249999 0.284642753125 0.6885227015625001 0.3133681703125 0.719819190625 0.42565843281250004 0.719819190625 0.4752750578125 0.721775221875 0.4752750578125 0.672874459375
0 0.2506945359375 0.6924347640625 0.331647978125 0.674830490625 0.3760418046875 0.6513581281249999 0.3473163875 0.6259297312500001 0.2219691171875 0.674830490625 0.2506945359375 0.6924347640625
0 0.12534726875 0.6396219421875 0.1592954859375 0.670918428125 0.2324147265625 0.674830490625 0.29247695937499996 0.631797821875 0.1279586703125 0.6220176687500001 0.12534726875 0.6396219421875
0 0 0.6650503390625 0.1384042734375 0.670918428125 0.141015675 0.629841790625 0 0.6259297312500001 0 0.6650503390625
0 0.013057004687500002 0.7041709468749999 0.151461284375 0.717863159375 0.1801866953125 0.7061269765625 0.16190688749999999 0.6670063703125 0.013057004687500002 0.6611382781249999 0.013057004687500002 0.7041709468749999
0 0.284642753125 0.6943907953124999 0.17235249531250002 0.680698584375 0.1592954859375 0.7237312499999999 0.2976997625 0.74915964375 0.284642753125 0.6943907953124999
0 0.4831092625 0.717863159375 0.326425175 0.7276433124999999 0.3185909734375 0.7706759812499999 0.4831092625 0.7452475859375001 0.4831092625 0.717863159375
0 0.8278142531249999 0.803928496875 0.9192132984375 0.776544075 0.9923325406249999 0.7824121609375 0.9871097375 0.7452475859375001 0.8173686437500001 0.7706759812499999 0.8278142531249999 0.803928496875
0 0.9897211390624999 0.7863242234375 0.9087676953124999 0.7863242234375 0.8330370500000001 0.803928496875 0.8330370500000001 0.8371810140625 0.9374931078125 0.823488803125 1 0.8332689546875001 0.9897211390624999 0.7863242234375
0 0.9923325406249999 0.8274008609375001 0.8408712578124999 0.8313129234375 0.8408712578124999 0.8763016218749999 1 0.8763016218749999 0.9923325406249999 0.8274008609375001
0 0.82259145 0.7882802546875001 0.6554617578124999 0.79414834375 0.6554617578124999 0.8371810140625 0.8278142531249999 0.8391370453125001 0.82259145 0.7882802546875001
0 0.8278142531249999 0.8391370453125001 0.6502389546875 0.8293568921875 0.6502389546875 0.868477503125 0.8278142531249999 0.8763016218749999 0.8278142531249999 0.8391370453125001
0 0.6554617578124999 0.74915964375 0.49877767031250003 0.7608958296874999 0.509223278125 0.7921923171875 0.658073159375 0.7843681921875 0.6554617578124999 0.74915964375
0 0.4752750578125 0.7472036125 0.3577619953125 0.7648078875000001 0.3655962015625 0.79414834375 0.49616626875 0.7863242234375 0.4752750578125 0.7472036125
0 0.315979571875 0.8097965859375 0.4178242265625 0.8254448296874999 0.485720665625 0.8058845281250001 0.4752750578125 0.7804561328124999 0.3185909734375 0.7843681921875 0.315979571875 0.8097965859375
0 0.229803325 0.79414834375 0.3055339640625 0.7882802546875001 0.3629847984375 0.7726320125 0.3133681703125 0.7452475859375001 0.20891211250000002 0.75698376875 0.229803325 0.79414834375
0 0.1436270765625 0.72959934375 0.0104456078125 0.715907128125 0.0026114015625 0.751115675 0.1436270765625 0.75307170625 0.1436270765625 0.72959934375
0 0 0.7824121609375 0.1801866953125 0.7843681921875 0.16974109375 0.75307170625 0 0.7432915546875 0 0.7824121609375
0 0.0104456078125 0.8058845281250001 0.130570071875 0.8274008609375001 0.20107790625000002 0.8176207109375 0.19324370625 0.7882802546875001 0.0104456078125 0.7706759812499999 0.0104456078125 0.8058845281250001
0 0.19846650937500002 0.8293568921875 0.0104456078125 0.8097965859375 0.01566840625 0.850873228125 0.174963896875 0.864565440625 0.19846650937500002 0.8293568921875
0 0.3133681703125 0.7843681921875 0.203689309375 0.7882802546875001 0.203689309375 0.8195767406250001 0.3185909734375 0.8195767406250001 0.3133681703125 0.7843681921875
0 0.6502389546875 0.7843681921875 0.501389071875 0.7824121609375 0.4831092625 0.8215327718750001 0.642404746875 0.8254448296874999 0.6502389546875 0.7843681921875
0 0.639793346875 0.8313129234375 0.5222802843750001 0.8254448296874999 0.501389071875 0.8586973484374999 0.639793346875 0.8606533781250001 0.639793346875 0.8313129234375
0 0.506611878125 0.8254448296874999 0.4178242265625 0.8254448296874999 0.352539190625 0.8606533781250001 0.501389071875 0.8606533781250001 0.506611878125 0.8254448296874999
0 0.41521282499999995 0.8195767406250001 0.3185909734375 0.807840559375 0.21413491875 0.823488803125 0.26114014375 0.8391370453125001 0.3629847984375 0.8528292593750001 0.428269834375 0.8332689546875001 0.41521282499999995 0.8195767406250001
0 0.336870784375 0.843049103125 0.174963896875 0.8391370453125001 0.174963896875 0.872389559375 0.3499277890625 0.8704335343749999 0.336870784375 0.843049103125