0 0.842780325 0.19667875937499998 0.6725771484374999 0.357300603125 0.6916133265625 0.4095229140625 0.8556168843749999 0.2583310703125 0.8589759656249999 0.21049670156250003 0.842780325 0.19667875937499998
0 0.8556114718750001 0.2694478046875 0.73403855 0.3825895890625 0.7640320359375 0.44121666875 0.8741778390625001 0.3078582328125 0.8556114718750001 0.2694478046875
0 0.8612817109375 0.36849001875 0.69250421875 0.537197309375 0.72535990625 0.5897618171875 0.90224334375 0.41128839375000004 0.8612817109375 0.36849001875
0 0.63674555 0.5442501281250001 0.6591299875 0.570871540625 0.7549702265625 0.45670923593749996 0.755947753125 0.4065158578125 0.7326074499999999 0.385620871875 0.6362974015625 0.48597129531250005 0.63674555 0.5442501281250001
0 0.50901633125 0.5778880171874999 0.5118676953125 0.5940589109375 0.605310134375 0.5108878031249999 0.6877952625 0.4213119234375 0.6692343078125 0.37178476250000003 0.5042748828125 0.52870304375 0.50901633125 0.5778880171874999
0 0.6338887734374999 0.5391959609375 0.602923165625 0.519645521875 0.505662659375 0.6146056468750001 0.5294511171875 0.6937794562499999 0.6372045359375 0.5802954812500001 0.6338887734374999 0.5391959609375
0 0.6915537625 0.531807009375 0.5318272578125 0.7072552046875 0.5522837046875 0.7786797015625 0.6352494734375 0.6806822421875001 0.7239288078125 0.5927931078124999 0.6915537625 0.531807009375
0 0.5940129734374999 0.22386948750000002 0.3924880890625 0.1176775484375 0.26567141875 0.23452288906250002 0.47005307656250006 0.3457689921875 0.5940129734374999 0.22386948750000002
0 0.49208245 0 0.3929687328125 0.1092559640625 0.6016328578125 0.23364167343750003 0.7127237 0.11679027812500001 0.5008441328125001 0 0.49208245 0
0 0.355122509375 0.518876340625 0.46385345625 0.3551989859375 0.2537582375 0.2338445625 0.13788804062499999 0.37932813906249996 0.355122509375 0.518876340625
0 0.30700539375 0.4912344015625 0.180756 0.42179037968750005 0.163091353125 0.48882087187499995 0.295059721875 0.5572564875 0.30700539375 0.4912344015625
0 0.4041521796875 0.6297257328125 0.1850005578125 0.512747146875 0.1687778359375 0.5545128781249999 0.178773865625 0.577760821875 0.3955439328125 0.6923803984375 0.4041521796875 0.6297257328125