0 0.3076923078125 0.1423662265625 0.153846153125 0.208640153125 0.17032966875 0.27245949999999997 0.3076923078125 0.24300441875 0.3076923078125 0.1423662265625
0 0.17216117343749998 0.38537064375 0.2967032953125 0.31418753125 0.3260073265625 0.2773686796875 0.30586080781249997 0.24300441875 0.16300366093750002 0.28227786093749996 0.17216117343749998 0.38537064375
0 0.2600732625 0.3460972015625 0.175824178125 0.38046146406250003 0.159340659375 0.459008346875 0.24908424999999998 0.4221894953125 0.31868132031249996 0.412371134375 0.31868132031249996 0.3436426125 0.2600732625 0.3460972015625
0 0.31135531250000004 0.2405498296875 0.37179487187500004 0.2405498296875 0.4413919421875 0.2331860578125 0.413919415625 0.1570937625 0.322344321875 0.1644575359375 0.31135531250000004 0.2405498296875
0 0.4413919421875 0.216003928125 0.5201465187500001 0.2209131078125 0.5402930390625 0.20127638750000001 0.5073260078125 0.1374570453125 0.41941391875 0.1497299953125 0.4413919421875 0.216003928125
0 0.41758241875 0.2405498296875 0.3260073265625 0.26018654531249996 0.32783882656249996 0.331369659375 0.366300365625 0.328915071875 0.435897434375 0.3215512984375 0.43956043749999996 0.28227786093749996 0.41758241875 0.2405498296875
0 0.45970696093749996 0.2184585140625 0.4304029296875 0.2356406484375 0.43223442968750003 0.28227786093749996 0.5091575078125 0.28473245 0.5238095234375 0.26018654531249996 0.5109890125 0.2209131078125 0.45970696093749996 0.2184585140625
0 0.5201465187500001 0.23073146875 0.5201465187500001 0.257731959375 0.591575090625 0.22336769531249998 0.5604395625 0.181639665625 0.5366300390625 0.1840942578125 0.5201465187500001 0.23073146875
0 0.5897435890625 0.11536573125 0.5018315 0.1350024546875 0.53113553125 0.1791850765625 0.586080584375 0.16691212187499999 0.5769230765625 0.12027491406249999 0.5897435890625 0.11536573125
0 0.7435897421875 0.139911634375 0.602564103125 0.139911634375 0.6300366296875 0.1988217984375 0.7399267375 0.203730978125 0.7435897421875 0.139911634375
0 0.886446884375 0.14727540625 0.74908425 0.1423662265625 0.7380952375 0.203730978125 0.8882783890624999 0.21354933437499998 0.886446884375 0.14727540625
0 0.6098901109375 0.28227786093749996 0.7417582421875 0.28473245 0.7472527453125 0.208640153125 0.6080586078125 0.20127638750000001 0.6098901109375 0.28227786093749996
0 0.7362637359375 0.28227786093749996 0.6080586078125 0.292096221875 0.6062271078125 0.3436426125 0.7435897421875 0.35100638281249996 0.7362637359375 0.28227786093749996
0 0.895604396875 0.21109474687500002 0.7472527453125 0.21354933437499998 0.7362637359375 0.28227786093749996 0.886446884375 0.3068237625 0.895604396875 0.21109474687500002
0 0.8791208796875001 0.3608247421875 0.7380952375 0.3559155625 0.73076923125 0.41728031562499995 0.8791208796875001 0.43200785625 0.8791208796875001 0.3608247421875
0 0.73076923125 0.3534609734375 0.6062271078125 0.34855179375 0.6062271078125 0.40500736562500006 0.7362637359375 0.412371134375 0.73076923125 0.3534609734375
0 0.7344322359375 0.48600883437500003 0.7344322359375 0.412371134375 0.6062271078125 0.40746195468749996 0.597069596875 0.47619047343750004 0.7344322359375 0.48600883437500003
0 0.886446884375 0.427098675 0.7380952375 0.42464408125 0.7344322359375 0.4933726078125 0.866300365625 0.50319096875 0.886446884375 0.427098675
0 1 0.4737358875 0.8919413921875 0.4491899859375 0.866300365625 0.5081001484375001 1 0.5400098203125 1 0.4737358875
0 0.8717948718749999 0.5105547375 0.8717948718749999 0.5792832578125 0.9963369953125 0.6161021125 1 0.5449189999999999 0.8717948718749999 0.5105547375
0 0.8699633703125 0.5105547375 0.7362637359375 0.48846342812500004 0.7362637359375 0.55719195 0.8882783890624999 0.58664703125 0.8699633703125 0.5105547375
0 0.7344322359375 0.5449189999999999 0.7344322359375 0.48846342812500004 0.6062271078125 0.47864506718750005 0.6062271078125 0.530191459375 0.7344322359375 0.5449189999999999
0 0.7271062265625 0.608738340625 0.7344322359375 0.5498281796875 0.6117216109375 0.5203730984375 0.6098901109375 0.58664703125 0.7271062265625 0.608738340625
0 0.8809523796875001 0.5817378515625 0.7362637359375 0.559646540625 0.7271062265625 0.6111929328125 0.8736263718749999 0.640648009375 0.8809523796875001 0.5817378515625
0 0.9945054953125 0.6161021125 0.8791208796875001 0.5964653921874999 0.8681318703124999 0.643102603125 0.9963369953125 0.6872852218750001 0.9945054953125 0.6161021125
0 0.875457878125 0.6872852218750001 0.8699633703125 0.6381934234375 0.7380952375 0.6062837531249999 0.7380952375 0.6725576796875 0.875457878125 0.6872852218750001
0 0.73260073125 0.66028473125 0.72893773125 0.601374571875 0.626373628125 0.58664703125 0.6373626390625 0.6308296484375 0.73260073125 0.66028473125
0 1 0.6799214546875 0.8717948718749999 0.645557190625 0.8809523796875001 0.6921944015625 1 0.7339224328125 1 0.6799214546875
0 0.58058608125 0.2405498296875 0.5238095234375 0.24545900937499998 0.5128205125 0.3166421171875 0.58058608125 0.292096221875 0.58058608125 0.2405498296875
0 0.41758241875 0.31418753125 0.3205128203125 0.34118802187499997 0.33150183125 0.412371134375 0.445054946875 0.38046146406250003 0.41758241875 0.31418753125
0 0.355311353125 0.446735396875 0.324175821875 0.41728031562499995 0.2564102578125 0.41728031562499995 0.16300366093750002 0.4491899859375 0.164835165625 0.527736865625 0.315018315625 0.49828178906250004 0.355311353125 0.446735396875
0 0.32967033125 0.55719195 0.32967033125 0.50319096875 0.32967033125 0.483554246875 0.2765567765625 0.483554246875 0.16849816875 0.5375552265625 0.177655678125 0.640648009375 0.2564102578125 0.5817378515625 0.32967033125 0.55719195
0 0.333333334375 0.559646540625 0.44871795 0.51546391875 0.44871795 0.46882670624999995 0.406593409375 0.4614629375 0.340659340625 0.4737358875 0.333333334375 0.559646540625
0 0.51831501875 0.331369659375 0.5219780234375 0.30191458125000004 0.5128205125 0.28473245 0.43956043749999996 0.294550809375 0.4230769234375 0.331369659375 0.4377289375 0.358370153125 0.4615384609375 0.34855179375 0.51831501875 0.331369659375
0 0.5256410265625 0.30191458125000004 0.5091575078125 0.3436426125 0.5293040312499999 0.36818850937500003 0.564102565625 0.3534609734375 0.5879120890625 0.3215512984375 0.564102565625 0.299459990625 0.5256410265625 0.30191458125000004
0 0.49267399218749997 0.39764359374999997 0.53113553125 0.39764359374999997 0.5293040312499999 0.3657339234375 0.5036630046874999 0.34855179375 0.4377289375 0.3657339234375 0.428571428125 0.400098184375 0.4542124546875 0.41728031562499995 0.49267399218749997 0.39764359374999997
0 0.53113553125 0.4221894953125 0.5750915765625 0.40746195468749996 0.5897435890625 0.3780068703125 0.5714285718750001 0.3559155625 0.532967034375 0.37064310312500004 0.53113553125 0.4221894953125
0 0.33699633906250004 0.46882670624999995 0.44688644687499995 0.459008346875 0.46336996093750005 0.43691703593750003 0.4304029296875 0.39764359374999997 0.32967033125 0.41482572187500005 0.33699633906250004 0.46882670624999995
0 0.45054945 0.48109965312499997 0.5347985343749999 0.44428080468750003 0.5586080578125 0.43691703593750003 0.53113553125 0.400098184375 0.45604395625 0.4221894953125 0.45054945 0.48109965312499997
0 0.565934065625 0.454099165625 0.554945053125 0.427098675 0.44871795 0.48109965312499997 0.44871795 0.525282278125 0.565934065625 0.454099165625
0 0.5164835140624999 0.50319096875 0.45604395625 0.5326460453124999 0.45604395625 0.5964653921874999 0.5347985343749999 0.5326460453124999 0.5164835140624999 0.50319096875
0 0.333333334375 0.6381934234375 0.43223442968750003 0.571919490625 0.45970696093749996 0.5621011296875 0.44871795 0.5228276843749999 0.3260073265625 0.567010309375 0.333333334375 0.6381934234375
0 0.184981684375 0.7216494859375 0.2747252734375 0.66028473125 0.324175821875 0.6234658828125 0.3260073265625 0.5547373609374999 0.18131867968749998 0.6308296484375 0.184981684375 0.7216494859375
0 0.5219780234375 0.48846342812500004 0.53113553125 0.5130093296875 0.5787545765625 0.48846342812500004 0.5750915765625 0.446735396875 0.5219780234375 0.48846342812500004
0 0.597069596875 0.3951890046875 0.553113553125 0.41728031562499995 0.5586080578125 0.4491899859375 0.6062271078125 0.427098675 0.597069596875 0.3951890046875
0 0.595238096875 0.4933726078125 0.532967034375 0.51546391875 0.54945055 0.55719195 0.604395603125 0.5375552265625 0.595238096875 0.4933726078125
0 0.532967034375 0.5424644062499999 0.44688644687499995 0.5915562109375 0.45604395625 0.6381934234375 0.5476190453124999 0.5792832578125 0.532967034375 0.5424644062499999
0 0.5989011015625 0.5449189999999999 0.5293040312499999 0.5817378515625 0.532967034375 0.613647521875 0.602564103125 0.571919490625 0.5989011015625 0.5449189999999999
0 0.5274725265625 0.5940107984375 0.45970696093749996 0.640648009375 0.4615384609375 0.6921944015625 0.5384615390625 0.6332842421875 0.5274725265625 0.5940107984375
0 0.5787545765625 0.5891016171875 0.532967034375 0.6185567015625 0.54212454375 0.65537555 0.58058608125 0.6308296484375 0.5787545765625 0.5891016171875
0 0.53113553125 0.643102603125 0.4615384609375 0.6897398156250001 0.4743589734375 0.74374079375 0.5366300390625 0.6799214546875 0.53113553125 0.643102603125
0 0.3681318703125 0.662739325 0.415750915625 0.6381934234375 0.4542124546875 0.6283750625 0.44688644687499995 0.5768286703125 0.340659340625 0.6332842421875 0.3681318703125 0.662739325
0 0.335164834375 0.62592046875 0.20146519999999998 0.714285715625 0.21428571562499998 0.8075601390625 0.2765567765625 0.7363770265625 0.32783882656249996 0.6995581750000001 0.382783884375 0.6651939140625001 0.335164834375 0.62592046875
0 0.3205128203125 0.7830142375 0.37179487187500004 0.758468334375 0.340659340625 0.7020127625 0.283882784375 0.7412862062500001 0.22710622656249999 0.7928325984375 0.2252747265625 0.837015215625 0.27106226875 0.81492390625 0.3205128203125 0.7830142375
0 0.45054945 0.6332842421875 0.33150183125 0.6946489953125 0.366300365625 0.7388316125000001 0.45970696093749996 0.67010309375 0.45054945 0.6332842421875
0 0.45238095468750006 0.6774668609375001 0.3571428578125 0.7412862062500001 0.3699633703125 0.7830142375 0.45604395625 0.714285715625 0.45238095468750006 0.6774668609375001
0 0.45970696093749996 0.719194896875 0.366300365625 0.78055964375 0.382783884375 0.8198330859375 0.45970696093749996 0.7511045671875001 0.45970696093749996 0.719194896875
0 0.46886446875 0.7461953875 0.37545787812500003 0.8173785 0.395604396875 0.8517427578125 0.4761904765625 0.7756504640624999 0.46886446875 0.7461953875
0 0.22710622656249999 0.940108 0.3076923078125 0.8664702984374999 0.37545787812500003 0.8198330859375 0.3589743578125 0.7707412890625001 0.22710622656249999 0.8345606296874999 0.22710622656249999 0.940108
0 0.3699633703125 0.8222876796874999 0.22344322343749998 0.9351988203125 0.22893773125 0.9695630812499999 0.3608058609375 0.8664702984374999 0.3699633703125 0.8222876796874999
0 0.3809523796875 0.8468335765624999 0.24542124531249998 0.9671084953125 0.28205128125 1 0.31868132031249996 0.999018165625 0.404761903125 0.9008345625 0.42673992812500006 0.8689248921875 0.3809523796875 0.8468335765624999