0 0.9941026468749999 0.2332790125 0.9955157953124999 0.1523196875 0.6603220656250001 0.217329853125 0.6867386828125001 0.29877495 0.9941026468749999 0.2332790125
0 0.27967703125 0.2764851640625 0.3011220140625 0.35278198125000004 0.65912971875 0.2856392859375 0.6473188828125 0.2373488796875 0.27967703125 0.2764851640625
0 1 0.2471479015625 0.6944169421875 0.2938474765625 0.700593728125 0.3749392859375 1 0.3080909140625 1 0.2471479015625
0 0.703212028125 0.369923490625 0.6767512499999999 0.29100837031250004 0.3416016796875 0.3534885578125 0.3498226734375 0.4624542984375 0.703212028125 0.369923490625
0 0.9941154515624999 0.3775319765625 0.9954844421875 0.299102628125 0.6776031125 0.38719173281249997 0.6841773484375 0.44551373125 0.9941154515624999 0.3775319765625
0 0.344762715625 0.4623659765625 0.33580378906249997 0.540662840625 0.676234125 0.46562108125 0.6673507140625 0.3946050234375 0.344762715625 0.4623659765625
0 0.68169153125 0.442939590625 0.680322540625 0.521368940625 0.9828473531249999 0.4431347859375 0.9889230124999999 0.38503359062500003 0.68169153125 0.442939590625
0 0.3306113484375 0.54816445625 0.32924236093750003 0.6265938046875 0.6751301015625 0.5288705546875 0.67898490625 0.4530153484375 0.3306113484375 0.54816445625
0 0.9738442640624999 0.5239616328125 0.9803173718749999 0.44309062499999996 0.6649218609374999 0.5337538671875001 0.6890293046875 0.6025049109375 0.9738442640624999 0.5239616328125
0 0.32156410156250004 0.6315212812500001 0.337949125 0.7077297765624999 0.6712311328125 0.6072557421875 0.6673193578125 0.541387965625 0.32156410156250004 0.6315212812500001
0 0.7081209546875 0.668637653125 0.699325865625 0.5925616390624999 0.345450740625 0.71292221875 0.356510840625 0.8042222640625001 0.7081209546875 0.668637653125
0 0.9780651640625001 0.5721195546875 0.974197553125 0.5037217984375 0.699325865625 0.5925616390624999 0.7109600578124999 0.6509719609375 0.9780651640625001 0.5721195546875
0 0.6841587953125 0.7365496375 0.6904994234374999 0.6632685703125001 0.3591291390625 0.79920646875 0.36064341875 0.857440146875 0.6841587953125 0.7365496375
0 0.9794469593749999 0.63794316875 0.9806834656250001 0.5671037578125 0.703105159375 0.6660193515625 0.7019569734375 0.7317988046874999 0.9794469593749999 0.63794316875
0 0.9685321437500001 0.683306146875 0.9619137500000001 0.627514128125 0.69161625 0.7442720546875 0.701117915625 0.77986840625 0.9685321437500001 0.683306146875
0 0.34275692343749997 0.8672509343750001 0.33934372343749997 0.917806353125 0.68846801875 0.7796476015625 0.6840263125 0.744139571875 0.34275692343749997 0.8672509343750001