0 0 0.23040615937500003 0.2230255140625 0.35170126874999996 0.6133009203124999 0.20223359843750002 0.2663455984375 0.102444803125 0 0.2262987640625 0 0.23040615937500003
0 0.9447950359374999 0.1284620859375 0.95956595 0.089091809375 0.9594156328125001 0.08766163437499999 0.8576680765625 0.0402943046875 0.7496864015625 0.018274996874999998 0.409503509375 0.115205496875 0.5923141281250001 0.1877550796875 0.66164239375 0.23886349999999998 0.9447950359374999 0.1284620859375
0 0 0.3281063984375 0.2807659828125 0.451299853125 0.65525789375 0.33685973125 0.6219813875 0.2319091640625 0.22158015312499998 0.337949584375 0 0.24964551875000002 0 0.3281063984375
0 0.9427549234375 0.21487882187500001 0.9716780703125 0.204330934375 0.9706002421875001 0.1940761078125 0.9498579515625 0.150175709375 0.8095907578125001 0.164918384375 0.640217840625 0.24667675 0.6503353656249999 0.34293855 0.7306815890625 0.28722158593749997 0.9427549234375 0.21487882187500001
0 0 0.2071926015625 0.257227371875 0.09506100468749999 0.109436 0.09112946562499999 0 0.129148209375 0 0.2071926015625
0 0.6108147421875 0.363776653125 0.287133875 0.45897272187500004 0.0215323796875 0.3395104109375 0.0160233984375 0.39292310625 0.2832106390625 0.55392954375 0.6372939015625 0.43051157656249994 0.6108147421875 0.363776653125
0 0.9706794453124999 0.2953654328125 0.957084753125 0.21893413750000001 0.6189253671875 0.3351169953125 0.648154865625 0.401562846875 0.9706794453124999 0.2953654328125
0 0.6992549828125 0.385069128125 0.7196553265625 0.44688151875 0.9616932953124999 0.3686086296875 0.97168704375 0.33140888749999997 0.9385426156250001 0.3070853078125 0.6992549828125 0.385069128125
0 0.6370048296874999 0.42776123750000006 0.27307650781250004 0.563336840625 0.1099560125 0.46647198593750006 0.0553787265625 0.50279620625 0.290288753125 0.647730075 0.7109665546875 0.47004050468749997 0.71401426875 0.419667221875 0.6937543078124999 0.38564727187500003 0.6370048296874999 0.42776123750000006
0 0.9716704343749999 0.43707798281250004 0.945480346875 0.3730933984375 0.612383875 0.5109898796875 0.657826325 0.5729509640625 0.9716704343749999 0.43707798281250004
0 0.04856476875 0.57024965625 0.31850234843749997 0.730967021875 0.6599985171875 0.567161215625 0.60746134375 0.5170687 0.28319403125 0.6595986390624999 0.0678254328125 0.515391603125 0.04856476875 0.57024965625
0 0.6776568265625 0.5764281328124999 0.33471529843750003 0.72648225 0.1380126109375 0.6275855859374999 0.119330090625 0.6879443125 0.3341205453125 0.826650675 0.7041359875000001 0.6431630546875 0.6776568265625 0.5764281328124999
0 0.685329696875 0.5700602421875 0.7070350140625 0.617831875 0.9571836109375 0.5108993265625 0.9809290453124999 0.472254221875 0.953574365625 0.4501028359375 0.685329696875 0.5700602421875
0 0.939087540625 0.5239241781249999 0.7029797 0.63216170625 0.6890710234374999 0.711483721875 0.9680279687500001 0.5876196921875 0.9988681250000001 0.5371060265625001 0.939087540625 0.5239241781249999
0 0.324118490625 0.9166849656249999 0.6776319140625 0.734931778125 0.6942909296875001 0.6553206921875 0.3374490234375 0.8318622765624999 0.1346758265625 0.67520853125 0.12222081250000001 0.7154476843750001 0.324118490625 0.9166849656249999
0 0.95427628125 0.589065053125 0.6828435171875 0.7316032984375 0.721777690625 0.7580990703125 0.9350156171874999 0.64392310625 0.9790293171875 0.586463403125 0.95427628125 0.589065053125
0 0.1479731421875 0.8017240390625 0.332072125 0.9659019609374999 0.7003531390625 0.7659123203125 0.6806713249999999 0.73739304375 0.3309241421875 0.9020660656249999 0.169257309375 0.76611834375 0.1479731421875 0.8017240390625
0 0 0.3832550359375 0.0069051703125 0.3855393125 0.0025690890625 0.3442842546875 0 0.34301188437499996 0 0.3832550359375
0 0 0.45345300312500003 0.070724459375 0.49006042499999997 0.0795619203125 0.44185933437499997 0 0.4009585265625 0 0.45345300312500003
0 0 0.5068001828125 0.0508856515625 0.5394178046875 0.050604884375000006 0.4838329203125 0 0.451951721875 0 0.5068001828125
0 0 0.526203884375 0.0047810578125000005 0.5716926124999999 0.013388531249999999 0.5795082671875 0.0466899546875 0.5259551921875001 0 0.4993491875 0 0.526203884375
0 0.10370358906249999 0.6450952062499999 0.0036239656250000004 0.5606836328125 0.009503339062500001 0.6166221203125 0.0788018671875 0.6727389609375 0.10370358906249999 0.6450952062499999
0 0.0142441203125 0.6617276484375 0.015338740625 0.6721422593749999 0.15043440937500002 0.798684628125 0.148559590625 0.7543901640625 0.029015034375 0.622357371875 0.0142441203125 0.6617276484375
0 0.2591104921875 0.0865209234375 0.39444685156250003 0.130691615625 0.660081565625 0.0388157265625 0.5639684546875 0.0238911421875 0.48001298124999997 0.018811617187499997 0.2591104921875 0.0865209234375
0 0.4387579234375 0.0231477 0.2987798046875 0.0406407140625 0.17761628437500002 0.078401990625 0.251437625 0.0928888125 0.4387579234375 0.0231477