0 1 0.3232391296875 0.79819046875 0.1715013078125 0.41698534374999996 0.198464753125 0.7881872984375 0.4391195703125 1 0.376216540625 1 0.3232391296875
0 0.13672873593749998 0 0.11535326875 0.0657869203125 0.358870121875 0.2257527375 0.44190190312500005 0.1880923296875 0.6471540140625 0.1532070984375 0.357847240625 0 0.13672873593749998 0
0 1 0.389661059375 0.7927103796875 0.4251989546875 0.40146631250000003 0.227280875 0.3439132859375 0.328624753125 0.7064817765625 0.5295377734375 1 0.46880261562500003 1 0.389661059375
0 0.34767229843749997 0.33600223125 0.37933387500000004 0.238557915625 0.2219561640625 0.11662762499999998 0.11059123125 0.080442965625 0.0885483625 0.1482839453125 0.2767429546875 0.2606290234375 0.34767229843749997 0.33600223125
0 1 0.21659993281249998 0.9631475390625001 0.194318596875 0.8092566874999999 0.16586278593749998 1 0.3021878 1 0.21659993281249998
0 0.6981996796875001 0.5360809109375 0.38400645 0.36627621875 0.34190217343749996 0.4295469859375 0.6813633359375 0.635264184375 0.993448353125 0.5273592859375 0.999499575 0.4708424765625 0.6981996796875001 0.5360809109375
0 0.38191611718749996 0.33481651874999996 0.085685559375 0.157094740625 0.06009855468750001 0.235843446875 0.337027721875 0.3971826703125 0.38191611718749996 0.33481651874999996
0 0.28774784375 0.36885846093749997 0.05973958593749999 0.23694823281250002 0.03778970625 0.30450301875 0.2530210484375 0.42837021562500005 0.28774784375 0.36885846093749997
0 0.928517846875 0.632462175 0.8800020359375 0.582839875 0.68978598125 0.647235021875 0.34280679062499997 0.42676286250000006 0.29331609375 0.370667696875 0.2648513359375 0.4014336015625 0.2569206109375 0.4542616703125 0.6533905 0.7308289921875 0.928517846875 0.632462175
0 0.3499823921875 0.5183578343749999 0.037954146875 0.3039969296875 0.014241909375 0.376975690625 0.2892938671875 0.5725121640624999 0.3499823921875 0.5183578343749999
0 0.6058585234375 0.8108045 0.9207276656250001 0.7038042156250001 0.91285826875 0.642764325 0.658124403125 0.7446793359375 0.353741403125 0.5257353171875 0.288318978125 0.5660393 0.6058585234375 0.8108045
0 0.5900584015625 0.802592678125 0.267995771875 0.5717480968750001 0.22589149687500001 0.6350188625000001 0.5686287 0.9064395812500001 0.821553334375 0.8100928171874999 0.8154931703124999 0.7434846828125 0.5900584015625 0.802592678125
0 0 0.4473132671875 0.22846479999999997 0.60815251875 0.261452634375 0.563466 0.01259708125 0.3820379453125 0 0.42080778125 0 0.4473132671875
0 0 0.5448938078125 0.2264536875 0.709074753125 0.22950996406250002 0.6238823671875 0.0088614859375 0.45984780000000003 0 0.45991507187499997 0 0.5448938078125
0 0.5620502234375 1 0.8125071687500001 0.83793405 0.808467059375 0.793528628125 0.56403534375 0.9111032140624999 0.2334095234375 0.6497738203125001 0.233137371875 0.7358708218750001 0.5568852890625 1 0.5620502234375 1
0 0 0.5962460390625 0.18232935781249998 0.7501428078125 0.2284737421875 0.7312774656250001 0 0.5415582859375 0 0.5962460390625
0 0.6295484328125001 1 0.7668547015625 0.9215982984375 0.7526529875 0.88004726875 0.5553405484375 0.9852293781249999 0.2294486328125 0.7377503265625001 0.2027931109375 0.7629479859375 0.48031075312500005 1 0.6295484328125001 1
0 1 0.5414539296875 0.916889434375 0.5640448046875 0.9154315703125 0.6158979828125 0.9951959453124999 0.59397758125 1 0.57919221875 1 0.5414539296875
0 0.9251102015624999 0.6713696296875 0.9763243203125 0.6520584687500001 0.9956723359374999 0.5925114015624999 0.9376342843750001 0.613877928125 0.9251102015624999 0.6713696296875
0 0.9544636171875001 0.7193387953125 0.97911425 0.643471946875 0.9324174062499999 0.658353628125 0.9544636171875001 0.7193387953125
0 0.8668633781249999 0.8032685859375001 0.9391626750000001 0.7664302546874999 0.9574433125 0.7101682359375 0.8471636921875 0.7691653125 0.8668633781249999 0.8032685859375001
0 0.920451184375 0.8240182984375 0.9330112843749999 0.785362290625 0.9295016781250001 0.7620599859375 0.7766649343750001 0.87245896875 0.7649751953124999 0.9179095593750001 0.920451184375 0.8240182984375
0 0.6593356734375 0.1725554140625 0.8091864140625 0.1566058 0.59536216875 0.0378812734375 0.5073153875 0.024663396875 0.404513646875 0.0189635453125 0.6593356734375 0.1725554140625
0 0.81572955 0.164887896875 0.8953536874999999 0.166134940625 0.7782096875 0.1003700859375 0.6371240171875 0.051450521875 0.81572955 0.164887896875