0 0.17967808125 1 0.1808298828125 0.9922611859374999 0.1707980640625 0.9835602187499999 0.147824040625 0.9897794390625 0.1265952421875 0.9875259796875 0.1076232765625 0.97928803125 0.0793638484375 0.9790751500000001 0.062854084375 0.977415515625 0.053955009374999995 0.9803910968749999 0.0451654640625 0.9900668343750001 0.050517895312500005 1 0.17967808125 1
0 0.31002560468749996 1 0.308454146875 0.9923572546875 0.2810536421875 0.9870705140625 0.2608480578125 0.9897934375 0.23824873124999998 0.9901256437500001 0.21372619531249998 0.9880427703124999 0.2019628421875 0.9886520031250001 0.185978375 0.9903180828125 0.1830766203125 1 0.31002560468749996 1
0 0.061748721875 0.9674140124999999 0.0727216078125 0.976066240625 0.0962893859375 0.9773603328125 0.1132286125 0.9764830375000001 0.1239276765625 0.9683848609375 0.125188675 0.9590990296875 0.124001165625 0.9440724062499999 0.11258512968750001 0.9371195875 0.09512060312500001 0.9346711734375001 0.0765917890625 0.9247338140625001 0.0606620859375 0.9297499734375 0.051347242187499996 0.9361000015625001 0.042224075 0.9541753140625 0.061748721875 0.9674140124999999
0 0.1852527453125 0.9459295093750001 0.19074855156249998 0.9364243562500001 0.1759566265625 0.924617003125 0.155335275 0.930714375 0.1413561640625 0.9398206578125 0.1297297234375 0.9488050937500001 0.1277604046875 0.97237750625 0.1499987265625 0.978769828125 0.16562218906249998 0.9838282812499999 0.1762117234375 0.9690299437500001 0.1852527453125 0.9459295093750001
0 0.19907118125 0.9846106203125 0.2165083265625 0.98538399375 0.237682359375 0.984287371875 0.24789719687499998 0.9753760453125 0.25984356875 0.9571545171875 0.2595560546875 0.9395665921875 0.238701953125 0.931426121875 0.21617108125 0.9359459296875 0.19878870312500002 0.9385226375 0.1886286296875 0.9507840453125 0.18138759843750002 0.9687618796875 0.19050573125 0.979186625 0.19907118125 0.9846106203125
0 0.0973738140625 0.8708490515625 0.0737923453125 0.8687174390625 0.0572825796875 0.8670578046875 0.047081432812500004 0.8768066515624999 0.0419603234375 0.880424796875 0.0472457265625 0.8868568953124999 0.0668799015625 0.9067957578125 0.073672746875 0.9190173906249999 0.10205539374999999 0.92676795 0.121484203125 0.934144009375 0.1347413046875 0.9384867874999999 0.15068469843750001 0.93430815 0.1684280828125 0.9250069125 0.1724985953125 0.9147373468750001 0.1769301125 0.897743246875 0.1649340109375 0.8841146390624999 0.1447147359375 0.8860000390625 0.129534425 0.879242178125 0.11576571875 0.8724112078124999 0.0973738140625 0.8708490515625
0 0.21910019531249997 0.88466224375 0.1979535453125 0.8874339062500001 0.1843080546875 0.8881406171874999 0.1788670140625 0.9009958515625 0.1740197265625 0.9213644000000001 0.1915800890625 0.92967545625 0.2020961328125 0.9391895734375 0.2240469421875 0.9279939703125001 0.2509769125 0.9333050796875 0.2647866953125 0.9426486109375001 0.284412215625 0.933249896875 0.295083896875 0.9234766796875 0.2877794453125 0.90876685625 0.308126975 0.8859190781249999 0.3154364625 0.8721288453125 0.296976103125 0.8663790890625 0.2685062734375 0.8821034624999999 0.243097434375 0.8834194078125 0.21910019531249997 0.88466224375
0 0.050503426562499995 0.8556736921875 0.055290914062499995 0.8604551203125 0.0728102046875 0.8662536171875 0.1090824015625 0.8668897375 0.10421276875 0.8570831890624999 0.10810529531249999 0.8359258578125001 0.118804359375 0.82782768125 0.1030576765625 0.815231546875 0.0893574234375 0.812588178125 0.0746750296875 0.8074809843749999 0.0644328078125 0.814717271875 0.0527789859375 0.8220266687500001 0.0403483875 0.8394350453125 0.050503426562499995 0.8556736921875
0 0.1265880015625 0.8718507125 0.156409634375 0.88120320625 0.1804479453125 0.8824729296875 0.1898038625 0.8786354624999999 0.17878990156250002 0.8674706734375001 0.18640562968750002 0.8436058296875 0.1785621875 0.824732775 0.1578586875 0.8258050265625 0.134345675 0.8278610125 0.1230528578125 0.8284458765625 0.10833804531249999 0.8501637015625001 0.1174424859375 0.8597509265625 0.1265880015625 0.8718507125
0 0.248456328125 0.86553905 0.261261621875 0.8422436640625 0.2516455734375 0.8301682453125 0.22623673281249998 0.8314841906250001 0.208342746875 0.8315727078125 0.1933951859375 0.8390526875000001 0.18301101718749999 0.8664138296875 0.194052359375 0.8792536578125001 0.2124716453125 0.8824908546874999 0.23965309218750003 0.8743772703125 0.248456328125 0.86553905
0 0.25770271562499997 0.8550014203125 0.25376911406249997 0.8736461890625 0.2646872359375 0.8789483359375 0.281060090625 0.8722327671875 0.296464496875 0.8638908984375 0.3139290203125 0.8663393125000001 0.32285547812500004 0.865038775 0.3051308203125 0.8466774750000001 0.3209099203125 0.8324485953125 0.3295762453125 0.8152351734375 0.3208738828125 0.8014359750000001 0.2989093828125 0.8117940593749999 0.2825776015625 0.8210221890625 0.27189222968750004 0.829957884375 0.26450059531250003 0.8387229968750001 0.25770271562499997 0.8550014203125
0 0.11363855468749999 0.7710956328125 0.093821359375 0.7687690625 0.0749178484375 0.764718715625 0.062186046875 0.7637016484375 0.0444700453125 0.7746779265625 0.0602714921875 0.7906241421875 0.0684622484375 0.8019351453124999 0.0892478953125 0.805888015625 0.111997825 0.8147685296875 0.1252959984375 0.8216238671875 0.1474521734375 0.822991071875 0.17005150156249998 0.8226588609375 0.17567052656249998 0.8206913890624999 0.157059565625 0.8057289093750001 0.169933315625 0.7866211234375 0.177338640625 0.77869353125 0.157023528125 0.7747162921874999 0.13352420625 0.7776098015625 0.11363855468749999 0.7710956328125
0 0.17923446875 0.779433575 0.1732544359375 0.7881255796875 0.1640901953125 0.8036883296875 0.181289553125 0.8187239171874999 0.193715115625 0.8298155953125 0.21210701875 0.8313777531250001 0.23322628750000002 0.8269310515624999 0.25066343125 0.827704425 0.26952586875 0.8292422125 0.283879675 0.81424891875 0.2968903359375 0.803516334375 0.2876763640625 0.7872289484375 0.263638053125 0.7859592234375 0.23912920781250002 0.7847138703125001 0.21460667031249997 0.7826309953125 0.189668365625 0.783922571875 0.17923446875 0.779433575
0 0.3624415546875 0.7515040843749999 0.338901159375 0.75188503125 0.31876403125 0.7587955546875 0.3052965296875 0.770390028125 0.294291225 0.7885628171875 0.304889415625 0.80310205625 0.3189095984375 0.7965083328125 0.3323446859375 0.811738875 0.347872309375 0.8109346875 0.36716420781250003 0.80993554375 0.3864971765625 0.8114489609375 0.40015635781250003 0.8115797703125001 0.41646075624999995 0.8006766000000001 0.4308967109375 0.7907084281250001 0.4377767375 0.7794551265624999 0.4251594984375 0.7566381640625 0.405273846875 0.75012399375 0.380806075 0.7513911984375 0.3624415546875 0.7515040843749999
0 0.1814516421875 0.684598834375 0.16881567656250002 0.6894444109375 0.15475441875 0.693525571875 0.1390163921875 0.7102670125 0.1452291734375 0.7158128546875 0.1572663484375 0.7319540250000001 0.17204458125 0.74292385625 0.1896186359375 0.752072434375 0.21452955937499998 0.7491058171875 0.2394404828125 0.7461392015625 0.2581796984375 0.7401393078125 0.283520084375 0.7346357593749999 0.302053934375 0.7160730609375 0.292661978125 0.6888979125 0.27637630468749996 0.6721385468750001 0.249930559375 0.6676405875 0.22741337968750003 0.6729979187499999 0.205946796875 0.6850066703125 0.1814516421875 0.684598834375
0 0.37465592187499996 0.5480200046875 0.353372359375 0.5424164640625 0.322038253125 0.5557744953125 0.2920336 0.56403429375 0.2657110734375 0.5670740171875 0.245021265625 0.5689837890625 0.2215767078125 0.5752273765625 0.23666983749999998 0.6054601765625 0.2464638703125 0.62842335625 0.26240222968750004 0.652744771875 0.2810953375 0.672732371875 0.3053303609375 0.657227321875 0.332082346875 0.6516506703125 0.3635122921875 0.64415528125 0.3802872265625 0.6332277421875 0.40089488749999996 0.62629285 0.4228183125 0.6134222078125 0.42010967343749994 0.591768528125 0.4144409171875 0.5618858624999999 0.40705431875000003 0.54215091875 0.37465592187499996 0.5480200046875
0 0.15989567031250002 0.5759072015625 0.1510787421875 0.5839079015624999 0.141846046875 0.5952830515625 0.16247605468749998 0.6185232546874999 0.181959628125 0.6292493953125 0.206066396875 0.6347067187500001 0.2292047125 0.6385377421875 0.2452028703125 0.637709184375 0.23915941875 0.6137135312499999 0.22369159375 0.58936774375 0.22297462031249998 0.5743167515625001 0.2482328578125 0.5637880828124999 0.2373147359375 0.5584859375 0.20821007812499998 0.5641844359375 0.18973602812499998 0.5575971609375 0.1720611015625 0.5710859968750001 0.15989567031250002 0.5759072015625
0 0.1583233953125 0.6237676999999999 0.142658859375 0.6161966859375 0.13229341875 0.6158952921874999 0.1235038734375 0.6255710328124999 0.131374696875 0.6461191296875 0.1513424953125 0.6576584171875 0.1727766609375 0.6724746828125 0.187541203125 0.6826069953125 0.21430688125000003 0.6778678609375001 0.229711284375 0.669525990625 0.24889365312499998 0.6618266859374999 0.262539140625 0.6611199734375 0.25327040625 0.6414825078125 0.2292594765625 0.6418878234375 0.21183602499999998 0.6419519703125001 0.193416740625 0.6387147718749999 0.1758837578125 0.6320787578125 0.1583233953125 0.6237676999999999
0 0.1054492140625 0.6734469375 0.08799837968749999 0.6718360437500001 0.0766918703125 0.6715833890625 0.066367503125 0.673794553125 0.0564725953125 0.6734687890625 0.0455955484375 0.670679203125 0.0318679125 0.66636079375 0.034078635937500004 0.686363803125 0.0429316015625 0.7093757187499999 0.060240490625 0.7311114671875 0.0853157078125 0.73819509375 0.11502780937499998 0.7408474265625 0.13620184375 0.73975080625 0.1649181140625 0.739101796875 0.14142382656250002 0.713495246875 0.13703841875 0.70450185 0.1584639265625 0.6899805375 0.1714745875 0.6792479515625 0.158080575 0.6665299703125 0.14173510312499998 0.674920578125 0.12155690156250001 0.6793185421875 0.1054492140625 0.6734469375
0 0.039474984375 0.613158371875 0.0390455234375 0.615695303125 0.0510826984375 0.6318364734374999 0.063563025 0.6462782328125 0.08863824218750001 0.653361859375 0.11266286249999999 0.6537940640625 0.129561015625 0.65040420625 0.126007146875 0.634661909375 0.12758807656249999 0.6161389875000001 0.11195092343749999 0.6102430140624999 0.0936137859375 0.6120309374999999 0.0794293078125 0.6085744171874999 0.067583809375 0.60415853125 0.056706759375000006 0.6013689453125 0.045870785937500005 0.6010919171875 0.039474984375 0.613158371875
0 0.42276325156250005 0.6182727921875 0.40239954375 0.6275247562499999 0.3832055875 0.6314996671875 0.371748284375 0.6477424578125001 0.3517176921875 0.6517606984375 0.340938790625 0.658280628125 0.3257287921875 0.6754629828125001 0.337352025 0.6949816734375001 0.35911227343749996 0.7199370390625 0.3809743734375 0.7255116734375 0.3907782703125 0.7361820703124999 0.40587424531250005 0.7376358656249999 0.42049104374999996 0.7353884296875 0.4467112078125 0.72583315625 0.45875723593749995 0.7199928156250001 0.47251305312499997 0.71629955 0.4654548046875 0.6943088046875 0.45243055468750004 0.665920153125 0.445790625 0.64390774375 0.4333916140625 0.6281552796875001 0.42276325156250005 0.6182727921875
0 0.28601289531249996 0.6790103203125 0.295089703125 0.6964252640625 0.3062215875 0.7114981421875 0.317674415625 0.7205927203125 0.3319702703125 0.7243235859375 0.3507702515625 0.7218595015625 0.3561718734375 0.719344115625 0.340007996875 0.7037866375 0.326195796875 0.6784196359375 0.3319305359375 0.6706705296875 0.334245696875 0.65862726875 0.3228537265625 0.6532555859375 0.3112503609375 0.6605634234375 0.297900690625 0.6634904453125 0.28601289531249996 0.6790103203125
0 0.317063309375 0.83687711875 0.3101953359375 0.8521370156250001 0.3208480421875 0.8635086624999999 0.3343924625 0.8724949140625 0.3490944625 0.8754595359374999 0.3687067359375 0.8714629593750001 0.3853420953125 0.8646397203125 0.3944112078125 0.8559727140625 0.389184465625 0.8435748421874999 0.394366996875 0.8276570281250001 0.39460273749999997 0.8164666687500001 0.376554190625 0.81367536875 0.3530675046875 0.8111657156250001 0.331733271875 0.81227063125 0.3251984125 0.82229680625 0.317063309375 0.83687711875
0 0.4157057078125 0.8012147390625 0.39957387031249997 0.8132283687499999 0.3959185515625 0.820124571875 0.3920640078125 0.8404448703125 0.3998006578125 0.8527127515625 0.41148922656250003 0.85061696875 0.42525721718750004 0.847668284375 0.43245383125 0.8525120359375 0.4418272390625 0.8624595171875 0.4542550703125 0.854363771875 0.4552909328125 0.8408963453125 0.456278109375 0.8244505984374999 0.467377953125 0.8119523703124999 0.471772534375 0.7990562015625 0.469007015625 0.783550021875 0.451019328125 0.7844816203125 0.433474303125 0.7868807109375 0.4157057078125 0.8012147390625
0 0.51714691875 0.7318729625 0.4987896015625 0.73580454375 0.48297870625000006 0.7418398703125 0.46581548437500003 0.741983559375 0.44934283593749996 0.7331489625 0.447039846875 0.7459368046875 0.443506246875 0.7602788031250001 0.43373438750000004 0.7771795109374999 0.45980401249999997 0.784026653125 0.47243876562500003 0.788588759375 0.480865990625 0.79187835625 0.49971465937500004 0.7923925875 0.5180111187499999 0.784738109375 0.536750240625 0.7785511265625 0.5552901359375 0.7857882375 0.5621581109375 0.7705283421875 0.5702566984375 0.753714290625 0.5783796265625 0.7383893984375 0.5695219125000001 0.7343768890625 0.5549172859375 0.7373689031249999 0.541925075 0.7365513609375001 0.51714691875 0.7318729625
0 0.3716593078125 0.8728004625000001 0.3533019890625 0.8767320421875 0.3277237125 0.8743307140625 0.3184233359375 0.8688507078125 0.30940290937500003 0.8804960328125 0.300025025 0.8958859203125 0.29115066093749997 0.9164661984375 0.3123100125 0.9302745359375001 0.327860821875 0.93394040625 0.340828690625 0.9332687875 0.36664270781249997 0.9244797625000001 0.390966028125 0.9269460859375 0.40466098749999996 0.9195299218749999 0.4161304640625 0.9040317109375 0.429655015625 0.8861914343749999 0.43894769843750003 0.8655894921874999 0.42956211875 0.854897428125 0.42316562500000005 0.8477766093750001 0.403110690625 0.850305690625 0.3915560109375 0.860591846875 0.3716593078125 0.8728004625000001
0 0.3062255109375 0.9678501515625 0.3194368140625 0.982070128125 0.3371157296875 0.9878614109375 0.3543398125 0.991440621875 0.37609236562500004 0.9903140374999999 0.3956194359375 0.9811054046875001 0.39535165625 0.9647246562499999 0.38722103125 0.9539676 0.37317309062500004 0.9397909546875001 0.35458450625000004 0.929575525 0.3320805203125 0.9359574953124999 0.32310878125000003 0.9505811359375 0.30329728437500003 0.9680018078125 0.3095233703125 0.9646985140625001 0.3062255109375 0.9678501515625
0 0.3962126359375 0.9661704875 0.40393711562499995 0.9776937859375 0.41740850468749996 0.9822125609375 0.42782994687500003 0.979437196875 0.446235953125 0.9784839359375 0.46246516406250004 0.9724269421875 0.44754407343749997 0.9560598890625001 0.4335083015625 0.9426278234375 0.4195333921875 0.9329186578125 0.40686212499999996 0.9261228140625001 0.394276059375 0.9245390265625 0.3838667890625 0.9280589703125001 0.3773075859375 0.9365959875 0.3962126359375 0.9661704875
0 0.55292009375 0.887301384375 0.5428269765625 0.8710320781249999 0.540543225 0.8515596437499999 0.5279293921875 0.8494142531250001 0.50169488125 0.8556706374999999 0.47417925937499994 0.855696359375 0.458804721875 0.8529942765625 0.4405395671875 0.8658346031249999 0.43255458124999996 0.882340521875 0.41991368749999997 0.9025859140625 0.411791565625 0.910702915625 0.4135111453125 0.91970954375 0.4135559765625 0.922452075 0.4273946640625 0.927386525 0.4345099453125 0.9298166890624999 0.44508001249999996 0.927170253125 0.45873497187499995 0.9208657062500001 0.4736596171875 0.92009274375 0.49209618906249997 0.9177385640625 0.5152915218749999 0.91793659375 0.5230894578124999 0.9140343921875 0.5397493109375 0.8991781984375 0.553552834375 0.9019616453125 0.55292009375 0.887301384375
0 0.46962318437499995 0.8174505671875 0.46068127031249995 0.823511021875 0.4568680109375 0.8307051968750001 0.45698229062499995 0.837695959375 0.45746646718750006 0.8432682296875 0.469778971875 0.851026575 0.48435657499999996 0.8530702609375 0.504375590625 0.8513337906249999 0.5243488953125001 0.8468010156249999 0.5384537484374999 0.843971509375 0.5260612484375 0.8313196312500001 0.5340576640625 0.8155127875 0.5436022359375 0.7982264328124999 0.5337761671875 0.7742469437499999 0.52264915 0.7909155890624999 0.5103095875 0.8055480312500001 0.4926813765625 0.809259684375 0.48055172187500006 0.8126865609375 0.46962318437499995 0.8174505671875
0 0.5319970875 0.9058767109374999 0.5223725171875 0.9182695328125 0.5257888187499999 0.9348846375000001 0.5310660375 0.94510635 0.5407549734375 0.9606969203125001 0.5507223812500001 0.9692763843750001 0.570809965625 0.9717343749999999 0.6021959859375 0.9680098625 0.61030668125 0.9591937843749999 0.6024329515625 0.9344135140625 0.5958403359375 0.9158639093750001 0.576919584375 0.9126458218750001 0.5611637203125001 0.9106631578125001 0.55557374375 0.905355321875 0.5406490984375 0.90612828125 0.5319970875 0.9058767109374999
0 0.682555909375 0.858198053125 0.6647791359374999 0.852821715625 0.6365008624999999 0.8542862703124999 0.6137211406249999 0.8554660500000001 0.5932979421875 0.856523784375 0.5763066765625 0.8511067625000001 0.55976530625 0.8491647796875 0.545649025 0.8512952109375 0.54582044375 0.8617813562500001 0.549572359375 0.8748807375000001 0.556523446875 0.8913127718749999 0.562631884375 0.9042901062500001 0.5843019109375 0.9073658078125 0.5996307375 0.9072715828125 0.6169233328125 0.9070756531249999 0.6310738984375 0.907042453125 0.6460213984375 0.9076676453125 0.6637524609375001 0.9102476796875001 0.6724159000000001 0.9111983312499999 0.6800538453125 0.8975090578125 0.69229778125 0.9010729453125 0.6965609328125 0.8973538124999999 0.6832686453125 0.8777518515624999 0.682555909375 0.858198053125
0 0.69142599375 1 0.6922238296875001 0.9927333125000001 0.69204098125 0.981548090625 0.6820735734375 0.9729686234375 0.65575906875 0.9743314734374999 0.632785071875 0.96362695625 0.60960116875 0.9641280015625 0.593555403125 0.9684573656250001 0.5712141468749999 0.9724131093749999 0.5527318625000001 0.9719709859375 0.5506267546875 0.9874727125 0.5569707937499999 1 0.69142599375 1
0 0.617777409375 0.9112294296875 0.5997335890625 0.9135632703125 0.604049678125 0.9371284578125 0.6105965828125 0.95288175625 0.616636453125 0.9616646328125 0.6339519046875 0.9628668578124999 0.652087146875 0.9661256281249999 0.6623787421875 0.97049029375 0.6816122515624999 0.9687945046875001 0.6892844796875 0.9572024640624999 0.6820092078125 0.944985228125 0.6762249546875 0.9277930921875001 0.6673101015625 0.9114627640625 0.65120719375 0.9122967453124999 0.631142465625 0.9112369109375 0.617777409375 0.9112294296875
0 0.6880003453125 0.9026948499999999 0.6763205812499999 0.9095967671875 0.6765491406249999 0.92357829375 0.681616453125 0.9450055671875001 0.6908554953125 0.9571211 0.7032022828125 0.9669766718749999 0.7272288328125 0.969930325 0.7432974546875 0.966999115625 0.7606929015625 0.973094871875 0.7565253765625 0.9586176796875 0.7443199265625 0.9333620859374999 0.74650503125 0.9227538953125001 0.729445196875 0.9131424140625001 0.7155159656250001 0.9026691296875 0.7009612203125 0.9020235937500001 0.6880003453125 0.9026948499999999
0 0.6531348375 0.7897549734375 0.627327365625 0.798088246875 0.6149420906249999 0.8099243812499999 0.6047491468749999 0.8356403374999999 0.60181281875 0.8483864421874999 0.6077726921875 0.852275784375 0.63728636875 0.8542455875 0.6718372765625 0.8517564984374999 0.6922947578125 0.85279599375 0.71583713125 0.8501773781249999 0.733499625 0.84856295625 0.748435696875 0.8484890734375 0.7594328031249999 0.847919521875 0.7559707906249999 0.8285081125 0.752138878125 0.8105151968750001 0.74174443125 0.7998588437499999 0.71970450625 0.798201634375 0.692074603125 0.79123659375 0.6739507890625 0.7886768984375 0.6531348375 0.7897549734375
0 0.6243350796875 0.7352730796875 0.6108785984375 0.7296729890625 0.5988175109375 0.737294321875 0.584746940625 0.742221059375 0.576613390625 0.749638984375 0.5677857562499999 0.7626902062500001 0.5664547296875 0.777452171875 0.5796327359375 0.7900633671875 0.5977108390625 0.7898267578125 0.618248315625 0.7957597843750001 0.6452797625 0.790161796875 0.6723797734375 0.7887582640625 0.6895809453124999 0.7829697234374999 0.6950265625000001 0.7554006296875 0.7055623468750001 0.7506569625 0.714020084375 0.7390242375 0.7146455984375 0.7291964859375 0.6917630265625 0.7240845796875 0.6635190375 0.7276463640624999 0.643580015625 0.73427636875 0.6243350796875 0.7352730796875
0 0.5291689953125001 0.8290596734375001 0.5416300625 0.845906009375 0.549542278125 0.8489945703125 0.5741943453125 0.8421204734375 0.600264659375 0.8498659578125001 0.6077311843750001 0.8256905421875 0.6148963796875 0.8071280765625 0.60723978125 0.795630259375 0.5919338125 0.7971226359375 0.57106071875 0.7947053281249999 0.5599150484375001 0.786186884375 0.5470684546875 0.793848903125 0.5398004078125 0.80611968125 0.535247353125 0.8161508421875 0.5291689953125001 0.8290596734375001
0 0.787238328125 0.8415817734375001 0.766052478125 0.84407834375 0.7474059984375 0.8576380875 0.7217284375 0.8498722640624999 0.7037074750000001 0.85360425625 0.6903195609375 0.852198621875 0.68448539375 0.8559991203124999 0.68675771875 0.874772475 0.6981205203124999 0.8965733703125001 0.7178724890625 0.9025470828125 0.7369189484375 0.9134550078125001 0.756209596875 0.9152546046875001 0.7730065859375 0.9087873265624999 0.793025603125 0.9070508593750001 0.8122705375000001 0.906054146875 0.8283734453125 0.9052201640625 0.8510845984375001 0.8998459265625 0.85447081875 0.8905748625 0.8356228390625 0.8677622984375001 0.8388719234375 0.8501023203125 0.815619453125 0.84640890625 0.787238328125 0.8415817734375001
0 0.8558547843750001 0.9030972171875 0.8739900265625 0.9063559859374999 0.897715246875 0.9149225921875 0.9157933500000001 0.9146859796875001 0.9381117484375 0.9093320828125 0.9588819875000001 0.9054577 0.9738605687499999 0.9024985171875001 0.9759447531250001 0.8388051937500001 0.9750889265625 0.8388495171875 0.9468677921875001 0.8438094546875 0.9304178453124999 0.847460084375 0.9215559265625 0.8584140734375 0.9058114906249999 0.8571304874999999 0.8912110312499999 0.8536886453125 0.875443740625 0.85100690625 0.8612360359375 0.8475447265625 0.8509901515625 0.8459763640625001 0.8446333203125 0.8658963 0.8576699890624999 0.8939075171875001 0.8558547843750001 0.9030972171875
0 0.9334329875 0.9116734046875001 0.9186111953125 0.91873805 0.9151906890625 0.9259118828125 0.9138710906249999 0.941372928125 0.9302596953125001 0.9580158546875 0.9399372015624999 0.9729073484375 0.960753153125 0.971829271875 0.9716222953125 0.9709008156250001 0.973853575 0.9027122421874999 0.953879040625 0.912013821875 0.9334329875 0.9116734046875001
0 0.8431681796875001 0.920546303125 0.8302872984375 0.9261110921875 0.8325939078125 0.9469816765625 0.8414744796875 0.9612147765625 0.862023384375 0.9678468812500001 0.894252053125 0.9675770703125 0.91984961875 0.970449359375 0.9359753796874999 0.97101353125 0.916883209375 0.957309296875 0.9079912109375 0.9423771203125 0.9117130453125 0.929590334375 0.8927008703125001 0.9207796374999999 0.8744399203125001 0.9098310250000001 0.8575286515625 0.9093075390625 0.8512103062499999 0.907535765625 0.8431681796875001 0.920546303125
0 0.97067010625 1 0.971413625 0.9772778687500001 0.9596891703124999 0.9788810609375 0.927010609375 0.9756758328125 0.8990222375 0.970828359375 0.8782177140625 0.972605509375 0.8651882703125 0.9690823078124999 0.8537984109375 0.969672196875 0.8498823 0.9705746843749999 0.8384581546875 0.9690673453124999 0.8385952921875001 0.9774562625 0.8415731265625 0.9912954031250001 0.8511944031249999 1 0.97067010625 1
0 0.840019765625 1 0.8349191687499999 0.9930393515624999 0.8294362453125 0.970234265625 0.8113352859375 0.9690727234375001 0.786164759375 0.9682773234375001 0.7658444140625 0.97562674375 0.7501114046875 0.9750422328124999 0.7355109468750001 0.9716003953125 0.723739759375 0.9729097015624999 0.71228133125 0.969305134375 0.6984549531249999 0.9651235343750001 0.6955300531249999 0.9785687140625001 0.6944089328125 0.9821251203125 0.6986685031250001 1 0.840019765625 1
0 0.7624822296875 0.9142300734375001 0.75194644375 0.9189737375 0.748975834375 0.9296226125 0.751179590625 0.9442015078124999 0.7604643421875 0.9591133453125 0.768826453125 0.9656769468749999 0.7908092375 0.963838771875 0.8080904046875 0.9629437671875 0.824563209375 0.9606912890625001 0.831842684375 0.9491195875 0.829593215625 0.9317443828125 0.83139699375 0.9218556109374999 0.8450176687500001 0.9134538328125 0.8307071125000001 0.903699965625 0.8142571640625 0.9073505953125001 0.7918359140625 0.9064128078125 0.7765756546875 0.9107014890625 0.7624822296875 0.9142300734375001
0 0.76779609375 0.7824172359375 0.7494052328125 0.7875677234375 0.7504992953125 0.806402103125 0.7551624265625 0.8271506421874999 0.762033515625 0.8386891421874999 0.7911772953125 0.842077440625 0.8061819343750001 0.8461980125 0.8183573031250001 0.8455674406250001 0.8324964406250001 0.8448351640625 0.839218965625 0.8472856734375 0.8501589328125 0.8432207421875001 0.8411526531250001 0.8212978015625 0.8274104734375 0.7982208015625 0.8063316781250001 0.7832201203125 0.7870524578125 0.7821196015625 0.76779609375 0.7824172359375
0 0.8676698406250001 0.7842413734375 0.8538663156249999 0.781457928125 0.841656665625 0.7799912734375 0.8287986406250001 0.7869542140625 0.8318450468749999 0.8049878125 0.8407370437499999 0.8199199890625 0.85005608125 0.836929053125 0.863996740625 0.848101415625 0.8856324843750001 0.8490798875 0.899874471875 0.8546392984375 0.9120612671874999 0.8547078000000001 0.9210831765625 0.8535408796875 0.9305092687500001 0.8530526953124999 0.9233981921875 0.826833590625 0.9128323249999999 0.805691090625 0.8997114578125001 0.7965752765625 0.8733969531250001 0.797938128125 0.8676698406250001 0.7842413734375
0 0.8191752515624999 0.72728115 0.7948130875 0.7278432203125 0.770797965625 0.7255886406250001 0.760506371875 0.7212239734375 0.7390077640625 0.72863441875 0.724994334375 0.7370565375 0.71599528125 0.7396216078125 0.6962391078125 0.757436834375 0.6942025671875001 0.7771330187500001 0.702240490625 0.78791141875 0.7219924625 0.7938851328125 0.7384424093749999 0.7902345015625001 0.7560134796875 0.7830274671875 0.774831378125 0.7799538687500001 0.7983508953125 0.7759370999999999 0.8161390953125001 0.7820125171875 0.8249282421874999 0.79065300625 0.8353040359374999 0.776122271875 0.8451343093749999 0.7763128218750001 0.837824753125 0.7619983578125 0.8331159093749999 0.7384535125 0.8191752515624999 0.72728115
0 0.859746196875 0.7804537375 0.876020521875 0.7901059 0.90798214375 0.7975462671875 0.9307504375000001 0.7956674109375 0.9569963734375 0.7901101015625 0.97769631875 0.785276828125 0.9797972359375 0.721072121875 0.962640390625 0.7275473234375001 0.9417330140625 0.7230327859375001 0.924451846875 0.7239277921875 0.902133446875 0.7292816906249999 0.8848637078125 0.7308757734375 0.872551203125 0.723117428125 0.8595560453125 0.7216914562500001 0.8392285515625 0.7276419093750001 0.8348012062500001 0.7453629125 0.840562603125 0.7611568921874999 0.8474108359375 0.7712972390624999 0.859746196875 0.7804537375
0 0.9433257046874999 0.7964154640625 0.931520234375 0.79562754375 0.9171597625000001 0.8068663062500001 0.9257961437500001 0.8302077390625 0.931443259375 0.8390109593749999 0.9530675750000001 0.8392903546875001 0.9746461796875 0.8367734453125 0.9760153718750001 0.8366470609375 0.9777197875000001 0.7845596015625 0.964408703125 0.7876272078125 0.9433257046874999 0.7964154640625
0 0.595356678125 0.645817028125 0.600985140625 0.6294331546875 0.58094326875 0.6297714703125 0.56056578125 0.6336255093750001 0.5475820515625001 0.6328986125 0.5326002671875 0.6301761906250001 0.5255192703125 0.629843253125 0.5125926796875 0.6326117359375 0.50891655625 0.6481948281250001 0.5135682593750001 0.6682442890625 0.5178614921875 0.690411321875 0.5247897218750001 0.7054452078125 0.5312794859375 0.7177031234375 0.5403699625 0.7207306609375 0.559603471875 0.719034871875 0.5804765640625 0.7214521796875 0.591172340625 0.7264955828125 0.6153059453124999 0.7119519859375 0.612305253125 0.69671469375 0.6057926328125001 0.6830586234375 0.5948911531250001 0.665431846875 0.595356678125 0.645817028125
0 0.4499120625 0.6456533734375001 0.455753453125 0.6663408890625 0.46310872031250006 0.6834516609375 0.4698499015625 0.7110892578125 0.48760381875 0.71506744375 0.5077256859375 0.7196226625000001 0.525155415625 0.727815646875 0.5381391484375 0.728542546875 0.5570598984374999 0.7317606359375 0.5439047484375 0.7205475906250001 0.5257466484375 0.7158906703125 0.519558215625 0.6980198 0.512180090625 0.679510875 0.5114330703125 0.65785985 0.5058202374999999 0.6511538609375 0.483341846875 0.6467206890625 0.47030097499999995 0.642498409375 0.4499120625 0.6456533734375001
0 0.38002710156249997 0.5065404546875001 0.36429409218750003 0.5059559453125 0.340171915625 0.52119861875 0.3466731078125 0.5341556109375001 0.3565833765625 0.5392396953125 0.3767166734375 0.544493990625 0.3924725375 0.5464766531249999 0.41011217499999997 0.5434640765625 0.418661334375 0.5374239625 0.4246326359375 0.54201238125 0.4352484171875 0.5421622515625 0.448579190625 0.5400725015625001 0.45634284375 0.5340730703125 0.45434899375000004 0.508288609375 0.44230353593749994 0.492820084375 0.4093350734375 0.49592688437500004 0.38002710156249997 0.5065404546875001
0 0.4704987921875 0.43818504375 0.47449910156249997 0.41838715468750004 0.45513988593750004 0.4123931015625 0.4141978625 0.4327048984375 0.38042103437499997 0.4344542265625 0.3458587 0.4362442390625 0.3230561234375 0.436025865625 0.305462196875 0.441834746875 0.2981370109375 0.45061014374999997 0.288558153125 0.4657992734375 0.30574369375 0.48310059375 0.32289495156250003 0.49830468437500003 0.337262646875 0.5115539359375 0.3623760359375 0.5088539562500001 0.3901929875 0.5032152828124999 0.4128698578125 0.49574381562500003 0.4324161234375 0.4891341515625 0.44421016562500004 0.489222996875 0.4460181453125 0.45554528593750004 0.44694499218750006 0.4401045828125 0.45759505625 0.4423516796875 0.46675410156249997 0.44957367656249997 0.47659580312500005 0.450463303125 0.4704987921875 0.43818504375
0 0.39077095 0.370248390625 0.3691237796875 0.36857084218749997 0.344334578125 0.36705601875 0.34426180624999997 0.3866505 0.3468926015625 0.40330628593749995 0.3558303109375 0.42103476874999995 0.36068049375 0.42917959375 0.3843600015625 0.43494989375 0.411818484375 0.43142879062499995 0.4211645796875 0.42604707187499996 0.4347852546875 0.41764529375 0.4473190921875 0.4148971515625 0.4526005140625 0.4013299265625 0.4544271484375 0.3928393046875 0.4400937359375 0.3816872859375 0.419487690625 0.3715597984375 0.39077095 0.370248390625
0 0.239703253125 0.29061378125 0.24014171874999998 0.2933897453125 0.2592681734375 0.309191209375 0.2785931046875 0.3130880328125 0.30224975625 0.3174601796875 0.3195994921875 0.32075963125 0.3282515046875 0.32101120625 0.3398512703125 0.3092157546875 0.34899166406250004 0.2912506578125 0.3491215734375 0.27515156093750004 0.33343848125000003 0.25357441875000003 0.31716415468750003 0.24392225625 0.2881118015625 0.24612657031250001 0.2623271859375 0.25585799374999996 0.2503460921875 0.268372865625 0.239703253125 0.29061378125
0 0.233540696875 0.322418015625 0.2191345140625 0.33086047500000004 0.20894156874999997 0.3565764296875 0.22096417031249999 0.370646803125 0.253181409375 0.3696779140625 0.2776007125 0.37261122812499997 0.3027255296875 0.370610325 0.319556803125 0.3662402765625 0.3417723515625 0.3545946921875 0.347595090625 0.35009511875 0.3393286078125 0.325335190625 0.3410523890625 0.31055288281250004 0.3176700078125 0.32295856562499997 0.295664365625 0.3233985890625 0.272770365625 0.31758760625 0.250799009375 0.32012485625 0.233540696875 0.322418015625
0 0.1793875640625 0.255955496875 0.1633189421875 0.25888671093750004 0.15467835937500002 0.2593342125 0.146243478125 0.2723650890625 0.141423378125 0.2901064328125 0.162075134375 0.303030225 0.1666239859375 0.3167879984375 0.1852319796875 0.3249199640625 0.21004403593749998 0.32783293750000003 0.2202556359375 0.3273040703125 0.233113659375 0.32034112656249997 0.2475541265625 0.31399589843750003 0.2413771203125 0.2968241046875 0.24152988749999998 0.2821231609375 0.248752221875 0.267056078125 0.2368439 0.2599764671875 0.217416115625 0.249787959375 0.1962416953125 0.252983603125 0.1793875640625 0.255955496875
0 0.62808806875 0.640002896875 0.6095346640625 0.662936284375 0.6148511156249999 0.6860982625000001 0.62413538125 0.700265753125 0.6570741734375 0.701489490625 0.7080551296875 0.69884914375 0.750789425 0.6951710656250001 0.76941460625 0.6766284609375 0.773917584375 0.6500282578125 0.7694712578125 0.6297508781250001 0.7512137609375 0.6204426203125 0.7241026609375 0.623311559375 0.6855993625 0.6340946734374999 0.6618491328125 0.6411840484375 0.6369177453125 0.6263621046875001 0.62808806875 0.640002896875
0 0.679069025 0.6373625515625 0.7010550765625 0.6230403796874999 0.720574309375 0.6088459687500001 0.719369225 0.5854710578125 0.7101088859375 0.5727671640625001 0.6902786187500001 0.5679348578125001 0.6672549609375 0.5691272734374999 0.6450057250000001 0.5673499140625 0.62466421875 0.5815869109375 0.6342834453124999 0.6162447109375 0.6484056484375 0.6243023046875 0.679069025 0.6373625515625
0 0.523069990625 0.5590167390625 0.4966615359375 0.5545251234374999 0.45521290312499996 0.5361641265625 0.425028040625 0.5523757515625001 0.4321804453125 0.5871613078125 0.44315710937499997 0.604170809375 0.48049437656249994 0.6227447390624999 0.5241466484374999 0.6248784515625 0.5710640890625001 0.6253782234374999 0.6057670546875 0.6338347578125 0.6147642125 0.6304391218750001 0.6350578671875 0.6132749375000001 0.6190518593750001 0.590666578125 0.6241857046875 0.552315040625 0.613185115625 0.5338419437499999 0.5780905375 0.5517726796875 0.5493827421875 0.55765398125 0.523069990625 0.5590167390625
0 0.35077151406249996 0.33942631562500003 0.3585308625 0.36099694375 0.4029575546875 0.3601608796875 0.43011650625 0.360219128125 0.471158403125 0.3536990375 0.5088394296875001 0.34295850781250004 0.5003295875 0.325821246875 0.48563316562500003 0.28263740625 0.445413540625 0.2891149109375 0.41351235624999994 0.301020928125 0.38548327968749996 0.2980780796875 0.369860084375 0.2988872171875 0.34451315937500004 0.3089889515625 0.35077151406249996 0.33942631562500003
0 0.6590850203125 0.2707245265625 0.6439491375 0.251000765625 0.5996420734375 0.2591547984375 0.5660245625 0.2667552078125 0.5423461109375001 0.27823536249999997 0.5236013015625 0.28946 0.5041538453125 0.3080451921875 0.5103404234375 0.334091775 0.5196964656249999 0.35265004375000003 0.5425526421875 0.3412124734375 0.5649215078125 0.35030780156249997 0.5952977749999999 0.345804921875 0.6257458203125 0.345692825 0.6370423171875 0.3319242765625 0.6601138265625 0.3336590484375 0.6906097234375 0.336474140625 0.7052431640625 0.325462434375 0.71893470625 0.3071753453125 0.714464453125 0.2854343703125 0.6912733156249999 0.27638163125 0.6590850203125 0.2707245265625
0 0.786474434375 0.20992811093750002 0.7389022 0.21971608125 0.69449943125 0.2220157359375 0.6763376375 0.21856185312499998 0.6559243546875 0.2284080703125 0.67216961875 0.265652365625 0.7076230828125001 0.26967553125 0.7211861953125001 0.2938752421875 0.7207706593750001 0.3187989203125 0.739419765625 0.3017199078125 0.7739074015625 0.2970041 0.8067983406250001 0.29530065 0.8531088406249999 0.309015353125 0.8550971468749999 0.2796157203125 0.8853059343749999 0.2648676875 0.8758541875000001 0.2404550453125 0.8543315234375 0.2327807265625 0.8234767406250001 0.20801173125 0.786474434375 0.20992811093750002
0 0.6258390515625 0.5024250984374999 0.640974934375 0.5221488578125 0.6506420125 0.5597338421875 0.6795172859374999 0.564097696875 0.721453234375 0.5619258015625 0.7411160203125 0.5565129515625 0.7395281234375 0.5097205437500001 0.7267872843750001 0.48547824375 0.7020233765625 0.48090145624999997 0.6845881546875 0.4715506125 0.664662184375 0.46086393281250004 0.646500390625 0.4574100484375 0.621999665625 0.468932790625 0.6258390515625 0.5024250984374999
0 0.691638528125 0.3994086640625 0.6718561140625 0.397503546875 0.6555781234375 0.40860042500000004 0.6849797640624999 0.4451633421875 0.708434084375 0.47031561093749996 0.7290626984374999 0.47364173593750003 0.770224225 0.4744396125 0.8234327453124999 0.457035575 0.8474940078125 0.4689729140625 0.8354079625 0.43444287656249997 0.8392082953125 0.41520322812500005 0.8585121953125 0.3878364734375 0.8255494796875 0.3851491421875 0.7795260890625 0.388997565625 0.74247593125 0.38798675781249997 0.71541268125 0.39378288281249996 0.691638528125 0.3994086640625
0 0.555347484375 1 0.5540697125 0.9953962234375 0.5454163125 0.9694774 0.515087896875 0.9769074640625 0.48055241249999997 0.9786960875 0.44780502499999997 0.9891810968750001 0.42494010781249997 0.997001878125 0.4257232703125 0.9976488921875 0.42712333750000003 1 0.555347484375 1
0 0.7769116140625 0.5743763734375 0.8050222453125 0.5662175 0.8265755531250001 0.5600739875 0.8497091234375 0.535415378125 0.8671986734375 0.51104908125 0.8442120203125001 0.487103328125 0.7960188625 0.4761932875 0.7668307078125001 0.47602921875000004 0.73968811875 0.48581370625 0.7384363046875 0.5244207890625 0.7494132046875001 0.5623945390625 0.7769116140625 0.5743763734375
0 0.9834227046875 0.47380745781250005 0.983127940625 0.45577590625 0.9497687734375001 0.436391203125 0.9158772656249999 0.43647072187499997 0.8818489046875 0.4281785796875 0.8460760578125001 0.42835553437499996 0.845710171875 0.46356523593750004 0.8546962499999999 0.49493909062499997 0.872815325 0.5090824390625001 0.862878509375 0.534733325 0.8910986234375 0.5332717828125 0.9127887859375001 0.5354999328125001 0.9416484921875 0.5155720125000001 0.96176845625 0.4793392328125 0.9824632062499999 0.478267434375 0.9834227046875 0.47380745781250005
0 0.8730918593749999 0.3532233609375 0.8708172624999999 0.3868561640625 0.8873013328124999 0.41616594375 0.9298230984375 0.42569395625000006 0.961193671875 0.4441782484375 0.9830658421875 0.45197719062499997 0.981496678125 0.35598773437500003 0.956948384375 0.35725911093749996 0.9333768812500001 0.3551284 0.89749455 0.3486080265625 0.8730918593749999 0.3532233609375
0 0.8471664750000001 0.20710005312500002 0.8729751374999999 0.2308996515625 0.8969572015624999 0.25814535156249996 0.939478965625 0.26767336406250003 0.9724298031249999 0.26764256249999996 0.9799869359375 0.2636330765625 0.9785546625 0.1760175375 0.972833125 0.177131171875 0.91741568125 0.18502853749999998 0.8806200515624999 0.18023121250000002 0.8471664750000001 0.20710005312500002
0 0.7679311921875 0.1977977125 0.8008546578125 0.1960925796875 0.8346914234374999 0.1926643953125 0.8451482796875001 0.19882582499999998 0.8682544812499999 0.17249288437500002 0.8665474312500001 0.1256602921875 0.8354779359375 0.12559365625000002 0.8110205031250001 0.126860328125 0.77258986875 0.1372294328125 0.747137025 0.13519615625 0.7325516000000001 0.1644392984375 0.7479581468750001 0.18542613125000001 0.7679311921875 0.1977977125
0 0.605048284375 0.2548303046875 0.63512236875 0.2515969921875 0.6402737171874999 0.22116669843749998 0.6284656281250001 0.1899389984375 0.6049214968750001 0.18948261875 0.581213140625 0.17898024375 0.5539336984375 0.18039306718749998 0.5285903375000001 0.1850571234375 0.521585015625 0.21725918281249998 0.5437678515625 0.24962531875 0.5600876968749999 0.2688891015625 0.605048284375 0.2548303046875
0 0.740745509375 0.608088696875 0.7663352078125001 0.6184936359375001 0.79579706875 0.6354010328124999 0.8095786765625 0.6145782718749999 0.8357258546875 0.6014938359374999 0.8315252421875 0.574899390625 0.802254975 0.5697123203125 0.76745016875 0.5715148906249999 0.7334218078125 0.5632227453125 0.722352728125 0.577202021875 0.7217405046875001 0.59734273125 0.740745509375 0.608088696875
0 0.8412056531250001 0.5911555328125 0.8358627078125 0.6098655 0.8565574578125 0.6087937 0.8735442671874999 0.611265440625 0.89050370625 0.6120628484374999 0.9130250562500001 0.6075449468749999 0.9220485703125 0.5836171109375 0.9425517250000001 0.5708249875 0.948643746875 0.5403459734375 0.916606209375 0.5386537234375 0.881801403125 0.5404562921875 0.85538051875 0.5367974046875 0.8332423578125001 0.5647559578125 0.8412056531250001 0.5911555328125
0 0.46660991406249996 0.540174653125 0.4938893578125 0.538761828125 0.5100723515625 0.5496539484375 0.5392605046875001 0.5498180203125 0.5447950453125 0.54282838125 0.528009896875 0.4951009453125 0.512767575 0.48416010781249996 0.4918264875 0.47016291250000003 0.45293055000000004 0.452068365625 0.448856725 0.490821603125 0.4549386796875 0.517318615625 0.46660991406249996 0.540174653125
0 0.47971732187500005 0.4205175546875 0.4762557171875 0.43913008593749997 0.49741576875 0.466521940625 0.5201013421875 0.47205003593750006 0.5550703734375 0.48029346093749997 0.602131265625 0.47953188906250005 0.6256753984375 0.47998826718750004 0.6309088593750001 0.454580971875 0.6639144390625 0.45789883593749997 0.671275578125 0.44746309687499997 0.651056196875 0.420022521875 0.607648503125 0.41389189374999996 0.5783234937499999 0.40535616093750004 0.5426327578125 0.41055611093750005 0.509846146875 0.4206329078125 0.47971732187500005 0.4205175546875
0 0.9584163359375 0.5046490921875 0.9426986453125 0.5222206234375 0.9525980234375 0.551871428125 0.943766103125 0.5875195921875 0.9794568375000001 0.5823196390625001 0.984387103125 0.58080435 0.9849103875 0.5648126046875 0.9834346265624999 0.474536696875 0.9824358359375 0.4765931015625 0.9584163359375 0.5046490921875
0 0.0682635 0.5307194046875 0.0582011125 0.5497033140625 0.07206008750000001 0.5625896953125 0.0981574953125 0.5894181125 0.1093208578125 0.60438755 0.13785993125 0.6135984609375 0.140831196875 0.5949818062500001 0.16113055781250002 0.5676939125 0.16973111875 0.5594746828125 0.1606385390625 0.5375959234375001 0.1453177390625 0.5354742265625 0.12569665937500002 0.537462140625 0.0994823125 0.5368763546875 0.085686825 0.5278735875 0.076959290625 0.5283255921875 0.0682635 0.5307194046875
0 0 0.5382045796875 0.0057089359375 0.5446481296875 0.027940431249999998 0.568761590625 0.0489698859375 0.5861352296875 0.07377002031249999 0.6003984078125 0.09722526875000001 0.599183640625 0.0734367171875 0.5800094484375 0.0594190265625 0.5574140375 0.0542399734375 0.5411629421875 0.063243159375 0.5241773359375 0.0494318015625 0.514203665625 0.028465834375 0.5007136375 0.01082030625 0.489966815625 0 0.47637914531250003 0 0.5382045796875
0 0.1708713140625 0.46224314218749996 0.147045184375 0.4741660921875 0.12257835312500001 0.4802918734375 0.101612384375 0.466801846875 0.081880203125 0.46199344375000007 0.0647108234375 0.4803737078125 0.0486641265625 0.5006392765625 0.0597481328125 0.5107541984374999 0.0724526796875 0.51981346875 0.100960009375 0.5270825765625 0.1272060984375 0.5296101671875 0.152297759375 0.5283106484375 0.17335895625 0.547626096875 0.18186428906250002 0.5335814484375 0.19242453125 0.511656578125 0.1872296046875 0.4944345796875 0.1819553203125 0.47235806562500005 0.20974259218750002 0.46897549375 0.225513634375 0.465243521875 0.215345984375 0.44439216562499995 0.196333859375 0.45023544375 0.1708713140625 0.46224314218749996
0 0.1273814078125 0.1729780578125 0.1396357125 0.187890996875 0.1712095375 0.1823688625 0.1935262296875 0.1782978875 0.21526570781249998 0.17231335781249998 0.22170025781249997 0.16517803281250001 0.2180306421875 0.1410749625 0.20688315156249998 0.1270764265625 0.1942897046875 0.1248134796875 0.1696959015625 0.12317203750000001 0.143545040625 0.1264698625 0.1283035984375 0.129202678125 0.11562495937499999 0.1551241625 0.1273814078125 0.1729780578125
0 0.0568928875 0.2359039359375 0.028221004687500002 0.25196474687500003 0.043282021875 0.2715909484375 0.06870698593749999 0.290680390625 0.078832859375 0.275580090625 0.10440650468749998 0.2703687125 0.1251185265625 0.2683242921875 0.1522650984375 0.2591445484375 0.1824940359375 0.23814447031250002 0.180958690625 0.21101569062499997 0.19193743125 0.1812953484375 0.17406386406250002 0.18999483125 0.150703846875 0.197035015625 0.1277147125 0.19336701875 0.10334310937499999 0.20531821875 0.0723941125 0.215666615625 0.0568928875 0.2359039359375
0 0.0957149109375 0.33981132187499996 0.07638535625000001 0.32623654375 0.06731868125 0.33933853593749996 0.0564192984375 0.3739133953125 0.075859953125 0.3942844953125 0.09730790624999999 0.4038626625 0.12183822500000001 0.40162049062499994 0.147957340625 0.3963808609375 0.17175172968750002 0.38251610468749997 0.19355469218750002 0.38041518750000003 0.21417148749999998 0.3725453515625 0.20899243125 0.3562942578125 0.21299115156249998 0.3337374890625 0.1835674671875 0.337204815625 0.169163021875 0.32434668437499997 0.14416659062499998 0.3314716203125 0.1180792171875 0.3386530546875 0.0957149109375 0.33981132187499996
0 0.2467134765625 0.42624829374999995 0.259078884375 0.4479575515625 0.27617894062500004 0.458732625 0.2944868765625 0.4432085671875 0.3129535296875 0.437393540625 0.330297496875 0.4296932078125 0.3564800984375 0.4283371890625 0.3441305640625 0.407598834375 0.3438131328125 0.38818077500000003 0.3401752609375 0.3660195109375 0.3156766859375 0.3702034890625 0.2891073296875 0.3812967859375 0.273992859375 0.391796825 0.25838053437499997 0.40523782500000005 0.2467134765625 0.42624829374999995
0 0.34422907343750003 0.21324875781250002 0.33344662812500003 0.2215809890625 0.3319213171875 0.22846205937500003 0.340547784375 0.25522358437500003 0.35126090468750004 0.2760466890625 0.368297475 0.28293815 0.38693871562500004 0.287803053125 0.40007763281250003 0.29003775625 0.41761205781250005 0.29398825624999997 0.42395137812500006 0.2810275140625 0.4423386734375 0.270357971875 0.43664589062500003 0.2560769328125 0.42103940156249997 0.23647898281250002 0.39959145 0.226900815625 0.379202696875 0.2153243453125 0.358474803125 0.216397859375 0.34422907343750003 0.21324875781250002
0 0.42745808125 0.22837275625000003 0.438218815625 0.2521085703125 0.4482912375 0.267134509375 0.4620867265625 0.276137278125 0.485668946875 0.2826897328125 0.5041832140625 0.279787415625 0.519763796875 0.264404609375 0.5393372624999999 0.2595039859375 0.5291061234375001 0.23476901875 0.5113971125 0.22013858593750002 0.489530659375 0.2183558921875 0.4720121046875 0.215376290625 0.4557432078125 0.22204922031250002 0.4437587203125 0.2236416328125 0.42745808125 0.22837275625000003
0 0.21805654687499998 0.1760557171875 0.20188288124999998 0.1885540625 0.19018408125 0.207622725 0.18807571875 0.24562919062500002 0.1859097078125 0.2467130953125 0.2088353546875 0.2464974828125 0.23955631249999998 0.2555953921875 0.2521656296875 0.25882924375 0.27276655 0.24998850468749997 0.302576990625 0.2367839 0.326048109375 0.2365400359375 0.339351578125 0.2154448171875 0.3539047046875 0.204002125 0.3399822453125 0.1872321328125 0.321886475 0.182338978125 0.31332349531250003 0.1594610640625 0.285038365625 0.1657846 0.251828128125 0.171391484375 0.21805654687499998 0.1760557171875
0 0.0988290203125 0.3299327890625 0.12550947968749998 0.3256358125 0.14450573125 0.31882163124999996 0.157035690625 0.3172009703125 0.1392790609375 0.299657828125 0.1417842125 0.2859239359375 0.14477135000000002 0.2682781828125 0.120272775 0.27246215625 0.10296055156249999 0.282104296875 0.08564832812499999 0.291746434375 0.070613215625 0.3071009890625 0.08394259062500001 0.320986521875 0.0988290203125 0.3299327890625
0 0 0.329081084375 0.0220922125 0.3445960265625 0.042195278125 0.3386962484375 0.06772130781249999 0.3305721578125 0.063569709375 0.310380953125 0.0486832796875 0.301434684375 0.048879574999999995 0.2800465703125 0.0313451484375 0.2760960671875 0.0157010796875 0.2875952609375 0 0.2907948171875 0 0.329081084375
0 0.0554546078125 0.7490491578125 0.061036287499999994 0.7565338765625 0.0774797734375 0.7605408812500001 0.113607825 0.7664435796875 0.14485838125 0.774542334375 0.1819504015625 0.7726213093750001 0.17441487656250002 0.7458032828125 0.137757225 0.7408997390625001 0.11157462343749999 0.742255759375 0.08702843437499999 0.7435270265625 0.0656280953125 0.7368615671875001 0.04727838125 0.7164339656250001 0.0383228078125 0.7363322812499999 0.0554546078125 0.7490491578125
0 0.1790008453125 0.7591699203125 0.18912088124999998 0.7771085671875 0.23503566562499997 0.7805609515625 0.2429796546875 0.7655736531249999 0.2551604390625 0.742593128125 0.22795038124999997 0.7478892609375001 0.20558607499999998 0.7490475265625001 0.1790008453125 0.7591699203125
0 0.3133771421875 0.7638711609375 0.3300327953125 0.7474609531249999 0.3204106140625 0.7265813453125001 0.2960707546875 0.7404743500000001 0.2720859078125 0.74268826875 0.2531372703125 0.7524151578125 0.2426405140625 0.7782236421875 0.2666729765625 0.778922428125 0.2819620328125 0.7791023218750001 0.29704475937499997 0.7666604796875001 0.3133771421875 0.7638711609375
0 0.4563229796875 0.3910993234375 0.457699609375 0.4085190734375 0.4780407484375 0.41718283749999996 0.49984371406249994 0.41508191875 0.5292197828125 0.408701884375 0.5455045515625 0.40299985937500005 0.5480255765625001 0.39023686875 0.543953334375 0.374900175 0.5257623359375 0.364181603125 0.5065280109375 0.3564322421875 0.484195446875 0.3595323140625 0.4607084546875 0.35880527500000003 0.4352459125 0.370812975 0.4563229796875 0.3910993234375
0 0.6537808843749999 0.213736134375 0.677077415625 0.20281233906249999 0.7093554281250001 0.20697098593750002 0.7427085109375 0.21010222500000003 0.747300315625 0.190429915625 0.7282622875 0.1612924375 0.7100236734375 0.14766115625 0.681706803125 0.1520428875 0.6579124140625 0.1659076421875 0.6415006734375 0.1638424453125 0.6213341234375 0.1658586109375 0.640128240625 0.2134714921875 0.6537808843749999 0.213736134375
0 0.63954263125 0.0774603375 0.6600266140625 0.094862228125 0.6848267484375 0.10912540781249999 0.6891370640625001 0.13902564374999998 0.7332091046875 0.1299410421875 0.777747259375 0.11597367656249999 0.813732465625 0.11313824531250001 0.8410060109374999 0.11172572656249999 0.8542777359375 0.0886887015625 0.8545658875000001 0.088592353125 0.6595082765625 0.06837084375 0.63954263125 0.0774603375
0 0.30901593437499997 0.9312337093749999 0.2876790828125 0.9284518625 0.26887328906249996 0.9469168765625 0.2620519859375 0.9637894812500001 0.24658250312500002 0.9859686062499999 0.27059909531250004 0.9856964921875001 0.3049161453125 0.9810040078125001 0.30740542656250003 0.9662992140625001 0.33264576875 0.9406988734375 0.30901593437499997 0.9312337093749999
0 0.5376519171874999 0.35218153750000003 0.5374123078124999 0.36832678125 0.54818265 0.38031673593750004 0.554038965625 0.39973134374999997 0.5923195484375 0.4004375640625 0.6215587203124999 0.4025083171875 0.6508418078125 0.4072656015625 0.6474132296875 0.3823476515625 0.6385089500000001 0.3612983640625 0.6142130859375 0.35359398125 0.5926377375 0.3582964609375 0.5810514765625 0.35800025468749996 0.561801390625 0.35093081718749997 0.5491357046875 0.346209171875 0.5376519171874999 0.35218153750000003
0 0.6376398578125 0.3389366625 0.6368532171875 0.3524214296875 0.6412148296875 0.37280971875 0.6525761203125 0.3901466796875 0.6721975687499999 0.3891304671875 0.6968501546875 0.3878536890625 0.7198762890625 0.3794909984375 0.7400886843750001 0.38382179375000003 0.7607017203125 0.381857959375 0.7446513734375 0.35490489375 0.7260561765625 0.32629108906250004 0.707944071875 0.3272291296875 0.6891331593750001 0.34702500468749997 0.663401146875 0.34387634375 0.6376398578125 0.3389366625
0 0.733515053125 0.320527178125 0.736308765625 0.3374115921875 0.753365340625 0.36431254375 0.7677306781250001 0.380597653125 0.7903854484374999 0.3803206125 0.8236056140624999 0.37949638281250003 0.8452395171875 0.3783759453125 0.8555560468750001 0.362605078125 0.8668348890625 0.34409556406249997 0.8564212687499999 0.3231244484375 0.830928865625 0.30383054375 0.79872956875 0.305498171875 0.774492259375 0.3013758296875 0.7488334453125 0.30270472187499997 0.733515053125 0.320527178125
0 0.9809223218750001 0.3208529421875 0.9652895921875 0.2986644265625 0.9508364203124999 0.2770062546875 0.9245866578124999 0.2729881390625 0.898380809375 0.2716565546875 0.8818366031249999 0.27609846718750003 0.8609254015625 0.29062550625 0.8583605296875 0.3185426703125 0.8657701031249999 0.3405656359375 0.8770289203124999 0.35163402499999996 0.9086226312499999 0.3437238796875 0.9440162843750001 0.3526460375 0.966656415625 0.3514734859375 0.9814181968750001 0.3511868421875 0.9809223218750001 0.3208529421875
0 0.9526185921874999 0.0987574203125 0.9112772484375 0.0944715875 0.8807270484374999 0.0978110515625 0.8692056421875 0.0901100484375 0.8658244796875 0.0897595265625 0.8557870796874999 0.0969385109375 0.8476365515625 0.119002653125 0.870288196875 0.1286505171875 0.8720332875000001 0.1610231671875 0.8789094343749999 0.1725701578125 0.91047810625 0.169853090625 0.9434030343750001 0.1757225890625 0.9628761359375 0.1768782609375 0.9784767999999999 0.17125446093750002 0.9776840296874999 0.1227587671875 0.9759279515625 0.11993304375 0.9526185921874999 0.0987574203125
0 0.1737365703125 0.3990139390625 0.1512087234375 0.40247775625 0.17414928125 0.42426044375 0.1809154421875 0.44343519843749996 0.212488196875 0.4406514796875 0.23273729843750002 0.455682321875 0.2451183859375 0.4630808734375 0.264422609375 0.4597840125 0.2518539265625 0.440909775 0.2444055234375 0.419473275 0.2582330359375 0.3969348765625 0.2689307234375 0.38030127812500003 0.240469034375 0.3760326328125 0.2122137015625 0.38438723750000003 0.1903868578125 0.39126036875 0.1737365703125 0.3990139390625
0 0.1303573765625 0.469024440625 0.15025004687500002 0.462251484375 0.17573888437500002 0.44255475625 0.16066634062500001 0.428404359375 0.154488625 0.4057535078125 0.145424959375 0.4039258421875 0.120336971875 0.408670790625 0.1016587140625 0.41078669218749997 0.0748053875 0.4259599265625 0.0938963578125 0.449090528125 0.115472428125 0.466349725 0.1303573765625 0.469024440625
0 0.07402244687500001 0.45701105625 0.0869169421875 0.45634323749999994 0.07891761093750001 0.4406779703125 0.0728712125 0.42606009843750003 0.081578446875 0.40608396406249997 0.069197359375 0.3986854125 0.046650751562499995 0.40100166093749995 0.0235719765625 0.41023671093749997 0.013118164062500002 0.4417886984375 0.0276960609375 0.4651530359375 0.0489907375 0.4651987078125 0.07402244687500001 0.45701105625
0 0.821053190625 0.7215362609375 0.835975659375 0.7265061125 0.846729625 0.7133152171875 0.8328902515625 0.6956553296875 0.822180703125 0.6720906484375 0.8001099843749999 0.6640453890625 0.7788153078125 0.6639997171875 0.7680988609375 0.6794857515625 0.75629931875 0.70766181875 0.76426113125 0.7210319468749999 0.7900688828125 0.7208438828125 0.821053190625 0.7215362609375
0 0.5294913921875 0.49084893906250004 0.5428173578125 0.5165751937499999 0.549639796875 0.539192653125 0.5742706546874999 0.5459567796875 0.59613501875 0.5413787875 0.6192137953125 0.5321437390625 0.6246154671874999 0.5467950015625 0.6256541421875 0.570860546875 0.6481632312500001 0.5662491609375 0.6436382968750001 0.5262846125 0.6258555359375 0.5042348 0.6023828109375 0.4893709125 0.578471715625 0.4871636671875 0.5506735125 0.4840091984375 0.5294913921875 0.49084893906250004
0 0 0.6155221609375 0.015537195312499998 0.6465317515625 0.027132721874999998 0.6682910343749999 0.0534801078125 0.66221915 0.0984974796875 0.6657718265625 0.0651788125 0.6498449374999999 0.0403327046875 0.6264182468749999 0.03856939375 0.5994424140625 0.050287320312499995 0.5882440375 0.026409365624999997 0.5835965328125 0.0083999875 0.5739377578125 0 0.5598318046874999 0 0.6155221609375
0 0 0.7996440203125 0.0000709078125 0.79965294375 0.0158922703125 0.8008425703125001 0.031370532812500004 0.8040589953125 0.0452138640625 0.7993239812499999 0.05414838749999999 0.7935038484375 0.0366374046875 0.7810172359374999 0.0281484515625 0.76806336875 0.0081482359375 0.7644114625 0 0.763151296875 0 0.7996440203125
0 0 0.7572303234375 0.020079165625 0.7577664656249999 0.029586493749999998 0.763970834375 0.05059414062499999 0.7602041265625 0.0322656921875 0.7437417984375 0.0324009734375 0.7290019203125 0.012433573437500001 0.7273573453125 0 0.7280012890625 0 0.7572303234375
0 0 0.7227143421875 0.0228827078125 0.72212844375 0.042496065625 0.7251307078125 0.0357007515625 0.7007046328125 0.0312812640625 0.683521946875 0.0125181859375 0.6865027296874999 0 0.68512909375 0 0.7227143421875
0 0 0.8384713906249999 0.0209830046875 0.8360717421875 0.037125596875 0.833896353125 0.0603818375 0.8065745312500001 0.04607508125 0.8059761375000001 0.0247899578125 0.8157843 0.0054978296875 0.8094170187499999 0 0.8083469453125 0 0.8384713906249999
0 0 0.88422181875 0.0064344812500000004 0.889729625 0.02405886875 0.8861381390625 0.0413839046875 0.8872498890625 0.040946381250000004 0.860485509375 0.03914738125 0.8424974296875 0.02177859375 0.8387092421875 0.0060337953125000005 0.84220338125 0 0.8429406640625 0 0.88422181875
0 0 0.9554724374999999 0.010878737500000001 0.9544580203124999 0.022908109375 0.9538350093749999 0.011378996875 0.9390295640625 0 0.933799975 0 0.9554724374999999
0 0 0.9910611421875 0.014531428125 0.9937797265625001 0.032177690625 0.9915264578125 0.0500576765625 0.9805553015624999 0.037765790625000004 0.9651196843750001 0.0233387171875 0.9571610875 0.0060902484375 0.9607331015625 0 0.9599099624999999 0 0.9910611421875
0 0 0.6742050671875 0.0212339484375 0.6673004046875 0.0077268046875 0.646570321875 0 0.63771638125 0 0.6742050671875
0 0 0.27399305625000003 0.0001306140625 0.2739542265625 0.03019310625 0.2717275890625 0.030219004687500002 0.25029661718749996 0.0442085546875 0.2314908359375 0.0281903046875 0.21825723749999998 0.0069379968750000005 0.23007273125 0 0.2311463109375 0 0.27399305625000003
0 0.0502312859375 0.1856409484375 0.040022790625 0.205590259375 0.0481030125 0.21655626875 0.0627091203125 0.21245142499999997 0.0749612765625 0.2024414140625 0.0963557796875 0.1993243484375 0.12852064531250001 0.1876133609375 0.1199660609375 0.1706448359375 0.115524696875 0.1521239328125 0.11593745312499999 0.1313426 0.09809028125 0.1443210875 0.08533095156250001 0.14632125468749999 0.075633653125 0.15151121875 0.059976359374999996 0.1603582328125 0.057541818749999994 0.1725384875 0.0502312859375 0.1856409484375
0 0 0.2241239125 0.0165368515625 0.2188607796875 0.0390262953125 0.2136779796875 0.0410192875 0.1975025359375 0.053085496875000006 0.1761176640625 0.050888701562500006 0.156810834375 0.0338848953125 0.1523340703125 0.016888 0.1712956015625 0 0.16904586093750001 0 0.2241239125
0 0 0.3821679078125 0.011099625 0.392588453125 0.0371473375 0.39793617812500004 0.05806748125 0.38881659687500003 0.056235665625 0.3688211890625 0.0604404140625 0.3498524953125 0.051199625000000006 0.3369375625 0.040108035937499995 0.348896496875 0.01899100625 0.345972109375 0 0.3322356734375 0 0.3821679078125
0 0.2671362671875 0.15251685937499998 0.2904686234375 0.15130845625 0.3168335046875 0.1512838125 0.3201806875 0.1256349875 0.303315640625 0.107737040625 0.273099875 0.10259786875000002 0.24983321875 0.1078253125 0.230329846875 0.11285785 0.210957875 0.1259284671875 0.22040585468749999 0.1509146234375 0.23638684687499997 0.1608134671875 0.2671362671875 0.15251685937499998
0 0.4814714234375 0.1415095609375 0.5106467171875 0.1781466296875 0.5239235343749999 0.18911536874999998 0.558285653125 0.1788583765625 0.5992775265625 0.1735563671875 0.6182084828125001 0.166217903125 0.6399059312500001 0.14602013281249998 0.6679671484374999 0.1509248328125 0.6727668312499999 0.11676685 0.6427134046874999 0.0992493015625 0.6106960203125 0.1072655203125 0.5644890734375 0.12131497499999999 0.5211351578125 0.12779898750000002 0.5003504546875 0.1309947796875 0.4814714234375 0.1415095609375
0 0.484700653125 0.084120196875 0.4835738453125 0.12444597187499999 0.5151175484375 0.123871965625 0.554919746875 0.118631571875 0.59274704375 0.10183709999999999 0.6224196937500001 0.09606165312500001 0.62810845 0.07987199687499999 0.628782975 0.0651855703125 0.4897973125 0.0507770046875 0.4830609703125 0.05665372656249999 0.484700653125 0.084120196875
0 0.4853449109375 0.9673565203125 0.5006025125 0.9723546265625 0.5270590828125 0.966160825 0.5246880890625001 0.9537422812499999 0.52832128125 0.9439069328125 0.515503496875 0.9223822546875 0.497075453125 0.9223719390625 0.4721647125 0.9236620875 0.44632846718749997 0.9346473515625 0.454225140625 0.9535327421875 0.46205878437500003 0.9685625296874999 0.4853449109375 0.9673565203125
0 0.8852618031249999 0.614518828125 0.8476156515625 0.6418951578125001 0.8636154656249999 0.6885295140625 0.9074415140625 0.6896499421875 0.9624921890625 0.6783232859375 0.9814299484375001 0.6711759484375001 0.9843140609375001 0.58303655625 0.9686370765625 0.5881643609375 0.9317486515625 0.6036356984375 0.8852618031249999 0.614518828125