0 0.8109375 0.5 0.7921875 0.4861111109375 0.7515625 0.4916666671875 0.709375 0.4916666671875 0.6578125 0.48333333281249996 0.6015625 0.48055555625 0.6046875 0.5305555562500001 0.5890625 0.61944444375 0.625 0.622222221875 0.671875 0.622222221875 0.728125 0.6166666671875001 0.78125 0.6166666671875001 0.8328125 0.6388888890625 0.8171875 0.5555555562500001 0.8109375 0.5
0 0.380094928125 0.10386359375000001 0.39865290937500003 0.0855347234375 0.3869682546875 0.059874306249999995 0.3752836 0.046433135937499995 0.3553509546875 0.0427673625 0.3278576515625 0.0427673625 0.303801009375 0.05254275781249999 0.273558375 0.06476200625 0.25843705781250004 0.0867566484375 0.25981172343750003 0.090422421875 0.2694343796875 0.114860915625 0.2811190328125 0.1258582359375 0.29898968125000003 0.1221924625 0.32442098750000004 0.114860915625 0.357412953125 0.113638990625 0.380094928125 0.10386359375000001
0 0.3807822609375 0.1906202421875 0.3876555859375 0.1674036734375 0.3745962671875 0.1686255984375 0.35328895625 0.16984752187500002 0.3079250046875 0.191842165625 0.27974436874999997 0.2065052609375 0.2714963765625 0.22605605624999997 0.26393571875 0.244384925 0.26531038281249997 0.26393571875 0.2769950390625 0.2553822453125 0.2838683640625 0.2468287734375 0.3031136765625 0.244384925 0.3251083203125 0.244384925 0.3402296375 0.233387603125 0.368410275 0.2162806578125 0.3807822609375 0.1906202421875
0 0.5189361140625001 0.16251597499999998 0.510688121875 0.14540903125 0.497628803125 0.14052133125 0.478383490625 0.14052133125 0.45295218281249994 0.1466309546875 0.4295828765625 0.1564063515625 0.39727824218749996 0.15885020156250002 0.389717584375 0.1771790703125 0.384218925 0.1906202421875 0.3821569265625 0.2162806578125 0.40346423593749997 0.22116835625000003 0.41858555312499995 0.22605605624999997 0.4460788578125 0.22239028125 0.4776961578125 0.2162806578125 0.500378134375 0.2065052609375 0.5223727765625 0.18573254374999998 0.5189361140625001 0.16251597499999998
0 0.634407990625 0.34091696875 0.6302839953125 0.3128127046875 0.6192866734375 0.30425923125 0.6000413609375 0.294483834375 0.5711733921875 0.2895961359375 0.5409307578125 0.28715228593750003 0.5113754546875 0.30425923125 0.4969414703125 0.31892232656249997 0.48731881406250005 0.333585421875 0.49556680625 0.34702659375 0.5065641265624999 0.3519142921875 0.5347447640625 0.34336081875 0.556052075 0.34458274375000003 0.5849200437500001 0.3519142921875 0.6179120078125 0.3531362171875 0.634407990625 0.34091696875
0 0.34504096562500003 0.4618875078125 0.3663482765625 0.45577788437500005 0.3869682546875 0.4411147890625 0.40140223906249994 0.4215639953125 0.41721088906250003 0.39468165312500003 0.4000275734375 0.39101587968749996 0.3807822609375 0.38490625624999997 0.3601622828125 0.38124048125 0.338167640625 0.3775747078125 0.31204900156250004 0.375130859375 0.2838683640625 0.37635278437499997 0.259124390625 0.38490625624999997 0.24812706874999998 0.395903578125 0.2316310875 0.4069009 0.2185717671875 0.42400784375 0.2185717671875 0.43011746874999995 0.224757759375 0.4423367140625 0.237129746875 0.44844633749999996 0.262561053125 0.45699980937499995 0.289367025 0.4606655828125 0.31892232656249997 0.46555328124999995 0.34504096562500003 0.4618875078125
0 0.34572829843749997 0.16251597499999998 0.360849615625 0.1576282765625 0.357412953125 0.13807748125 0.35328895625 0.113638990625 0.33266897812499996 0.1185266890625 0.2955530171875 0.1258582359375 0.27905703593750003 0.1283020859375 0.27905703593750003 0.14174325625 0.274933040625 0.152740578125 0.273558375 0.17962291875 0.2721837109375 0.1991737140625 0.273558375 0.2028394875 0.2838683640625 0.19672986406249998 0.2928036890625 0.19306409062500002 0.3092996703125 0.1893983171875 0.31892232656249997 0.1771790703125 0.329232315625 0.17229137187500002 0.34572829843749997 0.16251597499999998
0 0.6433433140625 0.09653204531250001 0.644030646875 0.0782031765625 0.6460926453125 0.06354008125 0.6385319859374999 0.06476200625 0.6316586609375 0.050098909375 0.6137880124999999 0.0378796640625 0.589731371875 0.029326190624999998 0.56567473125 0.029326190624999998 0.53749409375 0.0354358140625 0.5168741156250001 0.0342138890625 0.5113754546875 0.05254275781249999 0.497628803125 0.07698125156249999 0.5113754546875 0.09653204531250001 0.5271841046875 0.10508551875000001 0.54711675 0.0953101203125 0.5752973875 0.0953101203125 0.5979793625000001 0.1099732171875 0.61997400625 0.09897589375 0.6433433140625 0.09653204531250001
0 0.7780605046875 0.28715228593750003 0.7876831609375 0.27859881406250003 0.777373171875 0.25416032187500004 0.7670631828125 0.23705337656249997 0.7546911953125 0.233387603125 0.7450685390625 0.22849990468749998 0.72513589375 0.22361220624999997 0.7038285828124999 0.22605605624999997 0.6845832703125 0.23705337656249997 0.68320860625 0.250494546875 0.6777099453125001 0.26393571875 0.6777099453125001 0.2688234171875 0.6825212734375 0.28715228593750003 0.6983299234375 0.2908180609375 0.7148259046875001 0.2908180609375 0.7368205484375 0.2895961359375 0.7595025234375 0.294483834375 0.7780605046875 0.28715228593750003
0 0.331981646875 0.56819495 0.35672561875 0.5535318546875 0.37184693750000003 0.5290933625 0.3560382875 0.5180960406249999 0.34297896875 0.5009890953125 0.3285449828125 0.49121369843749996 0.287992359375 0.485104075 0.259124390625 0.480216378125 0.2330057515625 0.476550603125 0.20070111875 0.4728848296875 0.1807684734375 0.485104075 0.1677091546875 0.496101396875 0.1525878375 0.51076449375 0.1312805265625 0.5266495124999999 0.11557256875 0.5449083359375 0.11478454375 0.54864415625 0.13952851875 0.560863403125 0.151213171875 0.569416875 0.1697711515625 0.5730826484375 0.195202459375 0.579192271875 0.22132109687499998 0.58896766875 0.2536257296875 0.597521140625 0.2873050265625 0.6024088390625 0.3106743359375 0.59018959375 0.331981646875 0.56819495
0 0.789057825 0.15029672968750002 0.7787478375 0.1331897828125 0.76912518125 0.111195140625 0.75675319375 0.10630744218749999 0.74094454375 0.10141974375 0.7230738953125 0.10508551875000001 0.7038285828124999 0.10508551875000001 0.6914565953125 0.11608283906250001 0.6921439281249999 0.12708016093750002 0.6873326 0.13807748125 0.6797719421874999 0.1576282765625 0.6783972781250001 0.16129405000000002 0.6928312625 0.17229137187500002 0.704515915625 0.171069446875 0.7244485609375 0.16984752187500002 0.751941865625 0.171069446875 0.7780605046875 0.1661817484375 0.789057825 0.15029672968750002
0 0.5917834921875 0.6300536359375 0.589123790625 0.589862596875 0.5957730437500001 0.5579461828125 0.573165584375 0.5484894687499999 0.544573796875 0.5378506640625 0.50467828125 0.5484894687499999 0.49403947812500004 0.5721312562499999 0.4820708234375 0.6087760265625 0.466777540625 0.6489670656250001 0.46877231718749995 0.6726088531250001 0.4927096265625 0.6702446734375 0.5199715625 0.669062584375 0.551887975 0.6726088531250001 0.5798148375000001 0.6808834796875 0.6097364734374999 0.6891581046875 0.6017573703125 0.6489670656250001 0.5917834921875 0.6300536359375
0 0.49736410312499996 0.7175282484375 0.49137977499999996 0.692704371875 0.47143201875 0.669062584375 0.4621230640625 0.6418745296874999 0.47143201875 0.617050653125 0.4840655984375 0.58749841875 0.4947044015625 0.554399915625 0.480740971875 0.5449432015625 0.4574685875 0.5354864859374999 0.43419620156249994 0.53312230625 0.4062693421875 0.55676409375 0.3849917328125 0.5579461828125 0.3803372546875 0.58040588125 0.373688003125 0.6064118484375001 0.3630491984375 0.640692440625 0.3730230765625 0.6619700484375 0.39629546250000003 0.6655163171875 0.421562621875 0.6773372109375 0.4461648578125 0.6915222828124999 0.46478276406249996 0.7045252671875 0.4820708234375 0.719892428125 0.49736410312499996 0.7175282484375
0 0.6316790078125 0.21986862343750002 0.647637215625 0.21514026562500002 0.6409879625 0.19386265625000002 0.6403230359375 0.1761313171875 0.618380503125 0.1761313171875 0.5984327453125 0.1737671375 0.5784849859375 0.164310421875 0.5711708078125 0.1631283328125 0.556542453125 0.16903878125 0.5252909640625 0.174949228125 0.511327534375 0.197408925 0.4993588796875 0.2127760875 0.5013536546874999 0.22814324843749997 0.5139872359375001 0.2375999640625 0.527285740625 0.22341489218750002 0.5525529 0.230507428125 0.5725006593749999 0.23996414375000003 0.59444319375 0.24469249999999998 0.6143909515625 0.238782053125 0.6316790078125 0.21986862343750002
0 0.7407267531249999 0.48938499999999996 0.7806222703125 0.481110375 0.77929241875 0.46810739218749997 0.7646640625 0.43855515624999997 0.7460461546875 0.40663874375000003 0.7380670515625 0.3877253140625 0.712134965625 0.392453671875 0.6935170578125 0.395999940625 0.663595421875 0.395999940625 0.6423178125 0.39481785 0.617050653125 0.3995462078125 0.6004275203125 0.4113671015625 0.602422296875 0.43028053125000004 0.59643796875 0.443283515625 0.605081996875 0.475199928125 0.617715578125 0.48347455312500004 0.6376633359375 0.48702082031250005 0.661600646875 0.48938499999999996 0.6908573578125 0.48465664375 0.7161245171874999 0.48702082031250005 0.7407267531249999 0.48938499999999996
0 0.587129015625 0.24942085625 0.5678461828125 0.24469249999999998 0.5485633484375 0.235235784375 0.5286155921875 0.2340536953125 0.5126573859375 0.2435104109375 0.50534320625 0.2600596625 0.49603425312500005 0.26360593125 0.48739022343749994 0.27188055625 0.486060375 0.28606562812499997 0.496699178125 0.291976075 0.509997684375 0.29434025468749997 0.5306103671875 0.2907939859375 0.5558775265625 0.2813372703125 0.573165584375 0.282519359375 0.587793940625 0.2789730921875 0.587129015625 0.24942085625
0 0.772643165625 0.19859101562499998 0.7653289875 0.1761313171875 0.7580148109375 0.1725850484375 0.7300879484375 0.167856690625 0.7061506390625001 0.1737671375 0.6808834781249999 0.167856690625 0.6675849734375 0.171402959375 0.6436476640625 0.17731340625 0.6436476640625 0.191498478125 0.649631990625 0.21159399687499997 0.6423178125 0.2210507125 0.6323439328125 0.22814324843749997 0.6256946812499999 0.24114623124999998 0.65628124375 0.23996414375000003 0.6768939265625 0.238782053125 0.7061506390625001 0.22459698125 0.7354073515625 0.2293253390625 0.7646640625 0.2293253390625 0.77929241875 0.21159399687499997 0.772643165625 0.19859101562499998
0 0.48805515 0.32034621875 0.5086678328125 0.29788652187500003 0.4953693265625 0.2931581640625 0.49137977499999996 0.2766089125 0.480076046875 0.27188055625 0.45879843749999993 0.2671521984375 0.428211875 0.25296712656250003 0.404274565625 0.27424473437499997 0.3783424796875 0.2706984671875 0.3683686015625 0.28842980625000003 0.37967233125 0.2907939859375 0.3943006875 0.31088950625 0.41225366875 0.32743875624999996 0.4388506796875 0.321528309375 0.4621230640625 0.3286208453125 0.48805515 0.32034621875
0 0.6901924328125 0.1288477421875 0.6895275062499999 0.10993431093749999 0.6762290015625 0.1052059546875 0.6529566171875001 0.10402386562499999 0.6243648312500001 0.112298490625 0.6123961765625 0.10165968593750001 0.5984327453125 0.1111164015625 0.6010924453125 0.1288477421875 0.602422296875 0.14776117187499999 0.5911185671875 0.1607641546875 0.608406625 0.174949228125 0.6223700546875001 0.17022086875 0.6396581109375 0.1737671375 0.65894094375 0.17022086875 0.6742342265625 0.16549251250000002 0.6788887031249999 0.15130744062499998 0.6901924328125 0.1288477421875
0 0.7380670515625 0.34044173906249997 0.7653289875 0.347534275 0.784611821875 0.3416238296875 0.7806222703125 0.31798204218750004 0.78128719375 0.3073432375 0.770648390625 0.29434025468749997 0.7580148109375 0.2907939859375 0.7387319765625 0.28842980625000003 0.7214439203125 0.28842980625000003 0.6928521328125 0.2896118953125 0.6755640765625001 0.2848835390625 0.65894094375 0.3002507 0.635668559375 0.30970741562500004 0.6389931875 0.3368954703125 0.6436476640625 0.3498984546875 0.6622655703125 0.3605372578125 0.6762290015625 0.3605372578125 0.7008312375 0.345170096875 0.7221088453125 0.34044173906249997 0.7380670515625 0.34044173906249997
0 0.7832819703125 0.41964172812499995 0.78128719375 0.39008949375 0.78128719375 0.372358153125 0.769983465625 0.3522626328125 0.7593446609375001 0.3463521859375 0.7413916781250001 0.34044173906249997 0.7214439203125 0.3380775609375 0.6928521328125 0.347534275 0.6775588531250001 0.3640835265625 0.680218553125 0.38417904531249997 0.6762290015625 0.3971820296875 0.6808834781249999 0.395999940625 0.6762290015625 0.39836411875 0.7001663125 0.3877253140625 0.725433471875 0.39127158125 0.7453812296875 0.400728296875 0.7626692859374999 0.41018501250000006 0.7832819703125 0.41964172812499995
0 0.8577536 0.748262571875 0.8511043484374999 0.71398198125 0.84046554375 0.7033431765625 0.8231774875 0.696250640625 0.7972454015625 0.6950685515624999 0.7659939140625001 0.692704371875 0.7294230234375 0.692704371875 0.7048207890625 0.692704371875 0.6822133296875 0.6938864609375 0.6629304953124999 0.6997969078125 0.6416528875 0.7045252671875 0.6416528875 0.7258028750000001 0.6456424390625 0.74589839375 0.67223945 0.7553551093750001 0.712134965625 0.75299093125 0.7427215281249999 0.75299093125 0.7759677921875 0.7577192875 0.80854913125 0.763629734375 0.8384707671875 0.7624476453125 0.8577536 0.748262571875
0 0.7287580984375001 0.89484165625 0.71878421875 0.8735640453125001 0.7061506390625001 0.8593789734374999 0.6981715359375 0.8522864374999999 0.6748991515625 0.84874016875 0.6522916921874999 0.84874016875 0.6256946812499999 0.8570147953125 0.5977678203125001 0.8641073312499999 0.5924484171875 0.8877491187500001 0.587793940625 0.90311628125 0.5990976703124999 0.9125729953124999 0.618380503125 0.9232118 0.6403230359375 0.9232118 0.6682498984375 0.9232118 0.6901924328125 0.9232118 0.71745436875 0.9232118 0.7287580984375001 0.89484165625
0 0.8537640484375 0.96576701875 0.8644028546875001 0.9409431406250001 0.853099125 0.9184834437499999 0.8477797218750001 0.885384940625 0.8364759921875 0.8664715093750001 0.8092140562499999 0.8723819562499999 0.7826170453125 0.87119986875 0.753360334375 0.870017778125 0.7294230234375 0.8747461359375001 0.7294230234375 0.90311628125 0.728093171875 0.9184834437499999 0.7267633234375 0.94212523125 0.7327476500000001 0.9539461234375001 0.7493707828125 0.956310303125 0.77862749375 0.961038659375 0.7972454015625 0.9634028390625 0.8258371890625 0.9669491062500001 0.8537640484375 0.96576701875
0 0.280598465625 0.7518088421875 0.3052007 0.73762376875 0.283258165625 0.7258028750000001 0.265305184375 0.7104357125 0.254666378125 0.69034019375 0.2333887703125 0.6678804953124999 0.2094514609375 0.6536954234375 0.1801947484375 0.645420796875 0.1529328125 0.63951035 0.13697460625 0.6536954234375 0.123011175 0.67379094375 0.10971267031250001 0.6797013890625 0.1250059515625 0.70688944375 0.145618634375 0.716346159375 0.16822609375 0.7210745171874999 0.1934932546875 0.7258028750000001 0.22607459218749998 0.73762376875 0.245357425 0.748262571875 0.280598465625 0.7518088421875
0 0.402279790625 0.347534275 0.406934265625 0.33098502500000004 0.39563053593749997 0.3144357734375 0.3783424796875 0.2907939859375 0.35174546875 0.28015518125 0.325813384375 0.29552234374999997 0.303205925 0.29670443125 0.279933540625 0.30970741562500004 0.267299959375 0.3227103984375 0.2772738375 0.345170096875 0.2945618953125 0.35108054375000003 0.31650442968750003 0.35108054375000003 0.3371171140625 0.35108054375000003 0.3570648703125 0.3463521859375 0.38366188125 0.3463521859375 0.402279790625 0.347534275
0 0.5252909640625 0.15130744062499998 0.5246260406250001 0.11466266875 0.5139872359375001 0.10047759687499999 0.50534320625 0.0862925234375 0.49403947812500004 0.0791999875 0.47409171875 0.0791999875 0.4594633640625 0.085110434375 0.4401805296875 0.09456715 0.43220142656249994 0.108752221875 0.426882025 0.12293729375 0.41424844531250005 0.12293729375 0.4109238171875 0.124119384375 0.4308715765625 0.13475818906249998 0.4448350078125 0.1394865453125 0.46278798906249996 0.140668634375 0.4840655984375 0.1394865453125 0.50401335625 0.14303281406249999 0.5252909640625 0.15130744062499998
0 0.5904536421875 0.9125729953124999 0.5911185671875 0.885384940625 0.5984327453125 0.858196884375 0.575160359375 0.84874016875 0.549228275 0.8381013656249999 0.5206364890625 0.8369192765625 0.4953693265625 0.8369192765625 0.47874619531249996 0.8546506171875 0.465447690625 0.870017778125 0.48739022343749994 0.9007521015625001 0.5073379828125 0.9137550843750001 0.5292805171875 0.9184834437499999 0.5538827515625 0.9267580687500001 0.5764902109375 0.9255759796874999 0.602422296875 0.9255759796874999 0.5904536421875 0.9125729953124999
0 0.47076709218749996 0.87119986875 0.46943724218750005 0.84874016875 0.4468297828125 0.8463759906250001 0.421562621875 0.8345550968750001 0.391640984375 0.8416476328125 0.35905964687499997 0.8345550968750001 0.34908576875 0.8511043484374999 0.341106665625 0.8676536 0.3617193484375 0.885384940625 0.376347703125 0.8912953874999999 0.39363576093749997 0.8912953874999999 0.418237996875 0.9007521015625001 0.449489484375 0.9066625484375 0.4760864953125 0.8995700125000001 0.47076709218749996 0.87119986875
0 0.2559962296875 0.964584928125 0.2732842859375 0.9362147828125 0.285252940625 0.893659565625 0.295226821875 0.842829721875 0.279933540625 0.8357371859375 0.254666378125 0.8381013656249999 0.22009026406249999 0.8250983812499999 0.1948231046875 0.8180058453125 0.16689624375 0.8203700250000001 0.127665653125 0.8038207734375 0.117026846875 0.8416476328125 0.1030634171875 0.8641073312499999 0.0857753609375 0.881838671875 0.0585134234375 0.9102088171875 0.040560440625 0.94330731875 0.0585134234375 0.9444894078124999 0.10505819375 0.9586744812499999 0.142294009375 0.96576701875 0.1781999734375 0.9752237312500001 0.205461909375 0.9858625359375001 0.2333887703125 0.9894088062499999 0.2559962296875 0.964584928125
0 0.2553313046875 0.637146171875 0.26929473593750003 0.62650736875 0.2766089140625 0.60404766875 0.24269772500000003 0.6005014015625 0.2187604140625 0.5863163296875 0.19947758124999998 0.574495434375 0.16756116875 0.574495434375 0.158252215625 0.5969551328125 0.142294009375 0.6099581171875 0.130990278125 0.6288715453125 0.1349798296875 0.631235725 0.14428878437499998 0.63596408125 0.1642365421875 0.6335999046875 0.1868440015625 0.6442387078125 0.2154357890625 0.6536954234375 0.245357425 0.6773372109375 0.2553313046875 0.637146171875
0 0.3650439734375 0.65133124375 0.3657089 0.6288715453125 0.376347703125 0.598137221875 0.38565665781249997 0.5603103625 0.371693228125 0.5473073796875 0.3557350203125 0.5437611109375 0.34376636562499996 0.56503871875 0.328473084375 0.58749841875 0.299881296875 0.598137221875 0.2752790625 0.6099581171875 0.26065070625 0.63478199375 0.252006678125 0.6572416921875 0.250011903125 0.686793925 0.2686298109375 0.6915222828124999 0.28990741875000003 0.6832476562500001 0.31716935468749996 0.6726088531250001 0.33977681406250004 0.6832476562500001 0.3677036765625 0.6856118359375001 0.37967233125 0.67497303125 0.3650439734375 0.65133124375
0 0.557872303125 0.46928948125 0.5851342390625 0.48938499999999996 0.605081996875 0.481110375 0.59444319375 0.4361909796875 0.5990976703124999 0.42200590625 0.5957730437500001 0.404274565625 0.5771551359375 0.38890740468749996 0.5465685734375 0.37590442031250004 0.5126573859375 0.372358153125 0.48938499999999996 0.36762979375 0.4641178390625 0.3818148671875 0.44350515625 0.392453671875 0.4448350078125 0.41491336875 0.4534790359375 0.4314626203125 0.46877231718749995 0.44564769374999996 0.48805515 0.45392231875 0.509997684375 0.45865067656249997 0.5379245453125 0.45865067656249997 0.557872303125 0.46928948125
0 0.5738305109375 0.48347455312500004 0.5598670796875 0.4728357484375 0.5372596203125 0.46219694375 0.511327534375 0.46574321249999995 0.49071485 0.46219694375 0.4867252984375 0.4976596265625 0.47808127031250003 0.518937234375 0.45879843749999993 0.527211859375 0.47808127031250003 0.542579021875 0.5013536546874999 0.5437611109375 0.5372596203125 0.5390327546875 0.56518648125 0.5390327546875 0.587129015625 0.527211859375 0.574495434375 0.507116340625 0.5738305109375 0.48347455312500004
0 0.46877231718749995 0.75417301875 0.4561387359375 0.72934914375 0.45015440937499995 0.6974327296875 0.4288768015625 0.6891581046875 0.404939490625 0.6726088531250001 0.38166710625 0.6678804953124999 0.369033525 0.6832476562500001 0.3364521875 0.6808834796875 0.3012111484375 0.686793925 0.26331040781250004 0.6974327296875 0.2932320453125 0.7210745171874999 0.310520103125 0.7388058578125001 0.3371171140625 0.748262571875 0.376347703125 0.7470804828125 0.41025889375 0.7565371984375 0.43220142656249994 0.75417301875 0.46877231718749995 0.75417301875
0 0.8431252453125 0.7943640578125 0.8351461421874999 0.7648118234375 0.8265021125 0.7659939140625001 0.8038946546875 0.7600834671875 0.7806222703125 0.7506267515625 0.7467110796875 0.7577192875 0.7141297421874999 0.75299093125 0.7147946671875001 0.775450628125 0.7141297421874999 0.8002745062500001 0.7021610875000001 0.8203700250000001 0.71745436875 0.8274625609375 0.7354073515625 0.82391629375 0.7646640625 0.8132774890625001 0.80854913125 0.8274625609375 0.8411304703125 0.8262804703125 0.853099125 0.810913309375 0.8431252453125 0.7943640578125
0 0.8171931593749999 0.640692440625 0.801234953125 0.6335999046875 0.7839468968750001 0.6241431890625 0.753360334375 0.621779009375 0.710140190625 0.6229611 0.708145415625 0.637146171875 0.7181192937499999 0.669062584375 0.695511834375 0.6808834796875 0.7214439203125 0.687976015625 0.75003570625 0.68206556875 0.7905961484375 0.684429746875 0.8291618140624999 0.6974327296875 0.8457849453125 0.69034019375 0.8311565906249999 0.65842378125 0.8171931593749999 0.640692440625
0 0.0957492390625 0.21750444375 0.1236761 0.197408925 0.10505819375 0.174949228125 0.0930895375 0.1737671375 0.07580148125 0.159582065625 0.052529096875 0.1572178859375 0.029921637499999997 0.159582065625 0.009308954687499999 0.14894326093750002 0.000664925 0.17022086875 0.0046544765625 0.19386265625000002 0.0192828328125 0.20095519374999998 0.031916414062499995 0.21750444375 0.052529096875 0.2127760875 0.0777962578125 0.20331937187500002 0.0957492390625 0.21750444375
0 0 0.27424473437499997 0.0172880578125 0.28842980625000003 0.0412253671875 0.2813372703125 0.0704820796875 0.2766089125 0.1176917734375 0.2766089125 0.13763953125 0.2375999640625 0.115032071875 0.230507428125 0.09109476250000001 0.2222328015625 0.0804559578125 0.2210507125 0.051864171875 0.2186865328125 0.0312514875 0.21632235625 0.005319403125 0.191498478125 0 0.24823876875 0 0.27424473437499997
0 0.050534320312500006 0.41491336875 0.067157453125 0.395999940625 0.0944193890625 0.39363576093749997 0.1196865484375 0.3711760625 0.13431490468750001 0.34044173906249997 0.1210164 0.34398800625 0.097744015625 0.34398800625 0.083115659375 0.3321671140625 0.0658276015625 0.3286208453125 0.04322014375 0.33571338125 0.021942532812500002 0.34044173906249997 0.007979103125000001 0.3368954703125 0.007979103125000001 0.34044173906249997 0.0046544765625 0.368811884375 0.003989551562500001 0.3853611359375 0.0019947765625 0.41491336875 0.0192828328125 0.42200590625 0.037900740625 0.4338268 0.050534320312500006 0.41491336875
0 0.1848492265625 0.140668634375 0.20080743281250002 0.117026846875 0.1815245984375 0.0957492390625 0.16756116875 0.088656703125 0.1555925125 0.07565371875 0.13963430625 0.057922379687500004 0.1176917734375 0.048465664062500004 0.096414165625 0.048465664062500004 0.0658276015625 0.050829843750000006 0.045879843749999996 0.065014915625 0.059178350000000005 0.076835809375 0.07314177968749999 0.088656703125 0.0930895375 0.0922029703125 0.1103775953125 0.10165968593750001 0.130325353125 0.12293729375 0.1589171390625 0.127665653125 0.1848492265625 0.140668634375
0 0.1182006390625 0.779371975 0.0971132 0.751748665625 0.0760257640625 0.73892355625 0.06659190937500001 0.751748665625 0.0477242015625 0.7724661484374999 0.02608183125 0.79318363125 0.008878921875 0.8178473015625001 0.0227522359375 0.8553360796874999 0.0283015625 0.872107375 0.0438396734375 0.8632284546875001 0.0610425828125 0.8365916906249999 0.09211880781250001 0.8178473015625001 0.1076569203125 0.8000894578125 0.1182006390625 0.779371975
0 0.25693378437500003 0.2969505875 0.2591535140625 0.273273465625 0.2308519515625 0.28017929375 0.20199545937500002 0.293990946875 0.181462953125 0.303856415625 0.1986658625 0.3265469921875 0.21309411093750003 0.33937210156250003 0.2253026265625 0.350224115625 0.2330716828125 0.3265469921875 0.2425055359375 0.32062771093750003 0.254714053125 0.32260080625 0.25693378437500003 0.2969505875
0 0.48612093749999996 0.3433182875 0.46725322968749994 0.33641245937500003 0.43617700625 0.3295066328125 0.41897409531249996 0.3295066328125 0.41065010625 0.34430483437500004 0.4039909171875 0.35712994375 0.422303690625 0.3739012390625 0.4367319390625 0.3788339734375 0.455599646875 0.38573979999999997 0.4733574890625 0.3739012390625 0.4983294546875 0.3748877859375 0.499994253125 0.3561433953125 0.48612093749999996 0.3433182875
0 0.22307825937499998 0.7776056015624999 0.2397892359375 0.777134040625 0.25331716718749997 0.771475296875 0.2530519140625 0.7549706296875 0.24933836406249998 0.7544990687500001 0.2387282203125 0.7483687625 0.2326273890625 0.7455393921875 0.22016047031250002 0.7417668953125001 0.2039800015625 0.736579715625 0.1936351125 0.7337503437499999 0.172149571875 0.7252622296875 0.1469504828125 0.7243191062500001 0.144297946875 0.7280916000000001 0.1358098328125 0.740352209375 0.126791209375 0.7554421921875 0.12626070312499998 0.7648734312500001 0.1392581296875 0.7620440578125 0.1564996109375 0.7653449921875 0.17268007968750002 0.7672312390625 0.18859529375 0.7672312390625 0.20716304531250002 0.77336154375 0.22307825937499998 0.7776056015624999
0 0.22387402031249998 0.8205177359375 0.23846296718749999 0.8238186687500001 0.252256153125 0.8247617937499999 0.2732111859375 0.82523335625 0.295757740625 0.8285342890624999 0.3116729546875 0.8238186687500001 0.31830429531250004 0.8125011828125001 0.3095509265625 0.8025983828125 0.296288246875 0.8021268203125 0.28859589375 0.79929745 0.2766594828125 0.797411203125 0.261274775 0.79458183125 0.24217651718750002 0.7922240203124999 0.23342315 0.7846790312499999 0.2143248921875 0.77949185 0.1965529015625 0.77477623125 0.1782504046875 0.77336154375 0.156764865625 0.770532171875 0.146685228125 0.77477623125 0.1371361 0.791280896875 0.131565775 0.8002405734375 0.138727621875 0.807314003125 0.15225555468750002 0.811558059375 0.1639267109375 0.8120296218749999 0.1763936296875 0.8143874312499999 0.18541225156250002 0.8101433734375 0.2042452546875 0.81533055625 0.22387402031249998 0.8205177359375
0 0.3185695484375 0.295669321875 0.332362734375 0.29802713125 0.33793305937499996 0.2862380828125 0.3381983125 0.27256278906250003 0.3374025515625 0.25794436875 0.3371372984375 0.2437975109375 0.326792409375 0.2437975109375 0.3137949828125 0.24804156875 0.2976145140625 0.2466268828125 0.2840865828125 0.2527571875 0.274006946875 0.2598306171875 0.268701875 0.2702049796875 0.26260104375000004 0.2843518359375 0.25809173125 0.29897025625 0.257561225 0.311702428125 0.2647230703125 0.30745836875 0.270293396875 0.29897025625 0.277720496875 0.291425265625 0.29045266875000003 0.2900105796875 0.30159331875 0.2862380828125 0.3111424484375 0.28482339843750004 0.3185695484375 0.295669321875
0 0.43024130468750005 0.0980848796875 0.44058619375 0.09525550625 0.46074546562499996 0.08063708750000001 0.478252203125 0.07827927812499999 0.4925758953125 0.06554710625 0.504777559375 0.054701181249999994 0.513530928125 0.0396112015625 0.5108783921875 0.0198056 0.5068995875 0.013203732812499999 0.48780133125 0.0084881140625 0.475069159375 0.007544990625 0.462071734375 0.00424405625 0.45278785781249997 0.00424405625 0.44138195468749997 0.007544990625 0.42679300781249996 0.012260609375 0.41379558281250006 0.02546434375 0.3976151140625 0.0315946484375 0.3851481953125 0.03442401875 0.3718855171875 0.041025887500000004 0.38037363125 0.050457125000000005 0.3864744640625 0.054701181249999994 0.391249028125 0.0674333546875 0.39788036875 0.079222403125 0.4031854390625 0.0905398875 0.412469315625 0.09572706875 0.43024130468750005 0.0980848796875
0 0.17745464375 0.47061879375000004 0.195757140625 0.47014723125 0.2111418484375 0.46071599374999994 0.2143248921875 0.4522278796875 0.2161816671875 0.43430852656249996 0.21352913125 0.42487728750000003 0.203184240625 0.4036570015625 0.19496138125 0.4050716875 0.1851469984375 0.41073043125 0.17480210937500001 0.406957934375 0.1657834875 0.4036570015625 0.1543775828125 0.39846981875 0.14084965 0.39422576249999997 0.125730196875 0.38903858125 0.114589546875 0.384794525 0.1037141484375 0.39045326875 0.1021226265625 0.39752669531249996 0.1106107421875 0.39658357187500004 0.1153853078125 0.4055432484375 0.107692953125 0.4178038578125 0.09681755625 0.43619477343749996 0.095226034375 0.4517563171875 0.09867433125 0.46118755624999996 0.10424465624999998 0.46684629843750003 0.11565055937499999 0.46684629843750003 0.12785222499999999 0.4682609828125 0.156764865625 0.4682609828125 0.17745464375 0.47061879375000004
0 0.0856769046875 0.1612741765625 0.09867433125 0.170233853125 0.11405903906249999 0.1782504046875 0.131565775 0.16929072812499998 0.144297946875 0.15608699374999999 0.145624215625 0.1386392046875 0.137401353125 0.12637859375 0.12466918125 0.13392358437500002 0.11644632031249999 0.1325088984375 0.108223459375 0.133452021875 0.0936345125 0.11458954531250001 0.079841328125 0.09714175625 0.0625998453125 0.08629583125 0.047480390625 0.079222403125 0.030504162499999998 0.07544990625 0.0196287640625 0.0721489734375 0.0041995109374999996 0.0643772015625 0.00132626875 0.0801655265625 0.0018567750000000002 0.0943123828125 0.0010610140625 0.11176017499999999 0 0.1244923453125 0.0021220296874999997 0.144297946875 0.01246691875 0.14288326093749998 0.031565175 0.14571263125 0.05145919375 0.1518429375 0.0694964375 0.1556154328125 0.0856769046875 0.1612741765625
0 0.035712960937499996 0.71554616875 0.0463303265625 0.7039635875 0.0581542140625 0.6966708515625 0.06659984687500001 0.6898070984375 0.0798715546875 0.6812274078125 0.086628059375 0.6743636562499999 0.092178046875 0.664068028125 0.0904889203125 0.6490535687500001 0.0827672 0.6499115390625 0.0697367953125 0.6451927093750001 0.0632215921875 0.6404738796875 0.051397706249999994 0.64390575625 0.0402977328125 0.64733763125 0.0243716828125 0.6537724 0.0014478218750000002 0.6653549812499999 0.0028956453125 0.6790824859375 0.00120651875 0.69967374375 0.002171734375 0.7181200765625 0.0019304296875 0.7425721937499999 0.014478226562499998 0.73270555 0.026060809375 0.722409921875 0.035712960937499996 0.71554616875
0 0.5475265109375 0.801384028125 0.559734459375 0.8040969062500001 0.574994396875 0.8111503875 0.5875075437499999 0.81711871875 0.6021570828125 0.8187464437499999 0.600325890625 0.800298878125 0.5930011203125 0.781851309375 0.58628675 0.76611661875 0.57560479375 0.7568928359375 0.5579032671874999 0.7568928359375 0.5377601515625 0.75092450625 0.52494180625 0.7563502609375 0.5005259078125001 0.7579779875 0.4828243828125 0.76394631875 0.4773308046875 0.7758829796875 0.4776360046875 0.77805328125 0.47702560624999996 0.787819640625 0.4773308046875 0.7932453953125 0.49411673437500003 0.7921602437499999 0.5170066390625 0.794873121875 0.5350133640625 0.798128575 0.5475265109375 0.801384028125
0 0.341822571875 0.8024691796875001 0.35738770625 0.8116929624999999 0.37234244375 0.8160335671875 0.36868005937500004 0.8019266046875 0.359829296875 0.7856493390625 0.3518941296875 0.774255253125 0.35128373125 0.755807684375 0.3433485640625 0.755807684375 0.3320562125 0.7514670812500001 0.3189326671875 0.748211628125 0.3045883265625 0.73790269375 0.29329597500000004 0.7492967796875 0.2777308390625 0.7530948078125 0.2585033203125 0.7498393546875 0.25117855 0.7617760171875 0.249042159375 0.7731701015625 0.24110699218749998 0.7829364609375 0.2435485828125 0.7894473671875 0.2603345125 0.79053251875 0.271626865625 0.7921602437499999 0.290854384375 0.7937879703124999 0.30672471875 0.7937879703124999 0.3259522375 0.797586 0.341822571875 0.8024691796875001
0 0.6460627921875 0.297773796875 0.6670610546875 0.2890923453125 0.6773160203125 0.274333878125 0.6821993359375 0.24655323125 0.6743860296874999 0.2448169421875 0.658271084375 0.248289521875 0.6270178578125 0.24742137656250002 0.6035779375 0.2526302484375 0.5879513249999999 0.2561028296875 0.58843965625 0.270861296875 0.5859979984375 0.286487909375 0.5859979984375 0.29082863593749997 0.5859979984375 0.293433071875 0.585509665625 0.301246378125 0.5982062906250001 0.297773796875 0.6162745625 0.30298266875 0.62604119375 0.30905968437500003 0.6460627921875 0.297773796875
0 0.4512184578125 0.38979718750000003 0.43266185625000003 0.384588315625 0.416058578125 0.368961703125 0.4058036140625 0.3533350890625 0.3892003375 0.34638992812499997 0.363807090625 0.3515987984375 0.348180478125 0.3533350890625 0.342808828125 0.37503871875 0.364783753125 0.37937944375 0.37796870781249997 0.380247590625 0.3950603171875 0.3871927515625 0.4141052515625 0.395874203125 0.4238718859375 0.40802823593750004 0.44487014687500004 0.4115008171875 0.4512184578125 0.38979718750000003
0 0.204143121875 0.2721908296875 0.1982259296875 0.2590415140625 0.1893501421875 0.25246685625 0.176406284375 0.24194740312500002 0.167530496875 0.23931754062500002 0.153477165625 0.243262334375 0.13942383593750002 0.23997500624999998 0.134616115625 0.2504944578125 0.125740328125 0.264301240625 0.1227817328125 0.28008041875 0.134616115625 0.2846826796875 0.1505185703125 0.2899424046875 0.1682701453125 0.29454466562500004 0.185651896875 0.29783199374999997 0.198965578125 0.28797000625 0.204143121875 0.2721908296875
0 0.161983128125 0.33662247500000003 0.1782554078125 0.3425396671875 0.190829440625 0.3570039140625 0.2082111921875 0.35174418749999997 0.20044487656249999 0.3339926109375 0.1889803171875 0.31558356875000004 0.1767761078125 0.301119321875 0.1645719 0.2965170625 0.1497789203125 0.2886274734375 0.12721962656250002 0.2866550765625 0.1150154171875 0.2846826796875 0.1005922625 0.30243425468749996 0.0854294578125 0.32347315781249997 0.0857992828125 0.33070528125 0.0991129640625 0.3300478171875 0.110577525 0.3326776796875 0.126110153125 0.3346500765625 0.143861728125 0.3359650078125 0.161983128125 0.33662247500000003
0 0.4308488578125 0.15759136875 0.4388770984375 0.15283389375 0.440549646875 0.141534890625 0.42716924843750004 0.136777415625 0.41813747812499996 0.1278571484375 0.4248276796875 0.1189368828125 0.4318523890625 0.108827246875 0.429845328125 0.10347508750000001 0.4268347390625 0.101691034375 0.4117817890625 0.09277076875 0.39706335 0.09039203125 0.3893696203125 0.096338875 0.37130608125000003 0.1112059859375 0.3565876421875 0.12012625156250001 0.3589292125 0.13915615312500001 0.360936271875 0.1540232640625 0.370971571875 0.1635382140625 0.3856900109375 0.1647275828125 0.395725309375 0.1629435296875 0.4117817890625 0.1593754234375 0.4308488578125 0.15759136875
0 0.4980598921875 0.26006861875 0.509370865625 0.24800358125000002 0.5040924125 0.22923574218749998 0.497305828125 0.21381930312500003 0.4852407875 0.21381930312500003 0.4697824578125 0.22119238125 0.4547011578125 0.22186266250000003 0.43622656718749997 0.22454378125000002 0.41171945625 0.2258843421875 0.4109653921875 0.23996022031250003 0.4128505546875 0.2580577796875 0.426423721875 0.2540361 0.443390184375 0.25738749843750003 0.4528159953125 0.2607388984375 0.47015948906249994 0.2694525375 0.4852407875 0.26543085781250003 0.4980598921875 0.26006861875
0 0.0590554625 0.3263859734375 0.0743548046875 0.327473928125 0.0859823046875 0.323666090625 0.0921020421875 0.3176823484375 0.0997517125 0.302451003125 0.110155265625 0.288307609375 0.1040355296875 0.28286784374999996 0.09516190937499999 0.279603984375 0.0829224375 0.2806919375 0.0700709890625 0.2806919375 0.0526297390625 0.285587728125 0.0376363828125 0.2904835171875 0.02080710625 0.2932034 0.0033658562500000003 0.2893955640625 0.0018359203125 0.3046269078125 0.003977828125 0.31496246562499997 0.010403553125 0.32475404375 0.0174412515625 0.33726550624999996 0.029374737499999998 0.33291369375 0.0416142109375 0.32856188125 0.0590554625 0.3263859734375
0 0.16266685 0.238477634375 0.1722687125 0.23646940156250001 0.1830002046875 0.24349821718750003 0.1934492921875 0.24902085624999998 0.20785208593750001 0.23897969375 0.20389837656249998 0.2309467609375 0.20192152343749997 0.21739119062499998 0.189495584375 0.20333356249999998 0.182435390625 0.19228828125 0.17113908125 0.1892759328125 0.159842771875 0.1892759328125 0.1522177640625 0.1993170953125 0.148828871875 0.1857615265625 0.141768678125 0.18074094375 0.1332964453125 0.18023888593749998 0.1200232828125 0.18174505937500002 0.12312976718749999 0.196304746875 0.1174816125 0.20333356249999998 0.1087269734375 0.213374725 0.1002547421875 0.22492206406249998 0.10364363437499999 0.2309467609375 0.11352790625 0.23596734375 0.12087050625 0.2304447046875 0.13527329999999999 0.23596734375 0.147134425 0.2404858671875 0.16266685 0.238477634375
0 0.22851034062500003 0.27669638750000003 0.24018346875000002 0.2748098203125 0.2500879421875 0.2729232546875 0.26140734062500004 0.2685212671875 0.2638834578125 0.259088434375 0.258577490625 0.24714018124999998 0.25150286718750003 0.23833620625 0.241952125 0.225759096875 0.23417003906249997 0.22135710937500003 0.223204371875 0.22135710937500003 0.2171909421875 0.22387253125 0.2072864703125 0.225759096875 0.2051640828125 0.24210933906249998 0.195613340625 0.25154216875 0.196674534375 0.25468644687499997 0.2037491578125 0.2666347 0.20339542656249998 0.2779540984375 0.198443190625 0.28675807343750004 0.20587154531250001 0.29053120625 0.21860586718750002 0.283613796875 0.22851034062500003 0.27669638750000003
0 0.2324806234375 0.22156574375 0.243039353125 0.22156574375 0.25397518125 0.21653777812500002 0.2615171328125 0.211509809375 0.26641940000000003 0.20078348125 0.2722644109375 0.1897219546875 0.2722644109375 0.177319634375 0.2681163390625 0.1706156796875 0.261140034375 0.168939690625 0.256237765625 0.1729620640625 0.25095840156250004 0.17396765625 0.2415309625 0.174638053125 0.22305318437500002 0.1813420078125 0.21136316093750002 0.1890515578125 0.20419830781249998 0.2004482828125 0.19307393125 0.197431503125 0.193639578125 0.19877229375 0.1970334546875 0.21117461249999997 0.199296040625 0.21653777812500002 0.20268991875000003 0.22156574375 0.214568490625 0.22223614062500002 0.22324173281249998 0.22089534843749997 0.2324806234375 0.22156574375
0 0.2584200859375 0.16479693125 0.25312304218750004 0.15672524375000002 0.245555834375 0.1466356359375 0.23420502656250003 0.1325101859375 0.22398929843749998 0.12645642031249998 0.2024227609375 0.13856395 0.1846398265625 0.147308278125 0.195233915625 0.162779009375 0.20204439999999999 0.1742138984375 0.20696308437500002 0.1856487875 0.2130168484375 0.1762318203125 0.23117814375 0.17017805625 0.248961078125 0.1661422125 0.2584200859375 0.16479693125
0 0.21112504843750002 0.0719725375 0.2326915859375 0.07062725625 0.24101551250000003 0.050448040625 0.2353401078125 0.044394275 0.22247585625 0.0295961828125 0.20620636406249998 0.0369952296875 0.191071953125 0.0369952296875 0.16988377500000001 0.0369952296875 0.1422634734375 0.0369952296875 0.11312972968749999 0.0322867453125 0.1222103765625 0.0517933203125 0.1362097078125 0.055829164062500006 0.15058739999999998 0.06793669375 0.161938209375 0.0773536609375 0.1797211421875 0.078026303125 0.19674735625 0.078026303125 0.21112504843750002 0.0719725375
0 0.473697975 0.7759209140625 0.47565810468749997 0.7526897484374999 0.456056809375 0.755012865625 0.42992174843750003 0.758497540625 0.40509344062499997 0.75733598125 0.375691496875 0.7526897484374999 0.356743578125 0.7561744234375001 0.3449828015625 0.7701131218749999 0.36327734375 0.7863749375 0.3711178625 0.7898596125 0.3985596765625 0.7979905203125 0.430575125 0.8003136375000001 0.45475005625 0.8014751953125 0.47827161093750004 0.7991520796875 0.473697975 0.7759209140625
0 0.0675370671875 0.5344237515625 0.0649677234375 0.5122376609375 0.056892637499999996 0.51289019375 0.0451470609375 0.525288303125 0.0315662375 0.5207205781249999 0.0231241046875 0.5220256421875 0.0150490203125 0.53246615625 0.0029363953125000003 0.5429066687499999 0 0.5677028859375 0.0036704921875 0.5964142953125 0.0245923015625 0.589888975 0.039641321875 0.576185803125 0.05469034375 0.5670503546875 0.068638215625 0.5494319890625 0.0675370671875 0.5344237515625
0 0.20738284375 0.13050641093749998 0.2224318625 0.12267602656250001 0.2352785875 0.11745576875 0.23307629218749998 0.10244753124999999 0.2272035046875 0.0854816984375 0.21839432187500002 0.0743886546875 0.21105333593750003 0.07699878125000001 0.20077595625 0.08026144375000001 0.19086562499999998 0.08743929375000001 0.1824234921875 0.0828715703125 0.167741521875 0.0828715703125 0.1739813578125 0.094617146875 0.183524640625 0.09983740468749999 0.1934349703125 0.10832032031250001 0.20040890625 0.119413365625 0.19416906875 0.1363791984375 0.20261120156249998 0.138989328125 0.20738284375 0.13050641093749998
0 0.262807284375 0.06655826875000001 0.2730846640625 0.0646006734375 0.28299499375 0.0600329484375 0.272717615625 0.045024710937500004 0.2606049890625 0.0391519234375 0.25032760781249996 0.032626603125 0.24041727812499997 0.028711409375000004 0.2356456375 0.0391519234375 0.24151842499999998 0.048287371875 0.23711383437500003 0.0646006734375 0.22610235625000003 0.0776513140625 0.241885475 0.0867867625 0.256567446875 0.0933120828125 0.2573015453125 0.0717785265625 0.262807284375 0.06655826875000001
0 0.2635413828125 0.37194326875 0.272717615625 0.36541795 0.2650095796875 0.35301984062499997 0.259136790625 0.3419267953125 0.25142875625 0.3269185578125 0.24078432656249998 0.3236558984375 0.23307629218749998 0.3334438796875 0.2290387515625 0.3458419875 0.2191284203125 0.3491046484375 0.20738284375 0.34062173125 0.208851040625 0.3517147765625 0.198940709375 0.3569350328125 0.2029782515625 0.3725958015625 0.20738284375 0.38695150625 0.2169261234375 0.39021416875 0.23050694843750003 0.378468590625 0.24151842499999998 0.37651099375 0.2506946578125 0.37194326875 0.2635413828125 0.37194326875
0 0.087724778125 0.7151751296875 0.0917623203125 0.7008194249999999 0.093964615625 0.6845061234375 0.089192975 0.683201059375 0.0767132984375 0.683201059375 0.0671700171875 0.6903789109375 0.0528550953125 0.703429553125 0.0374390265625 0.7177852578125 0.026060498437500003 0.7275732390625 0.026427548437499997 0.7712928859375 0.02862984375 0.78695365625 0.039641321875 0.77194541875 0.059094934375 0.7556321171875 0.07267575625 0.74192894375 0.078181496875 0.733446028125 0.087724778125 0.7151751296875
0 0.150857253125 0.571618078125 0.14131397343750002 0.5703130140625 0.11818986718749999 0.586626315625 0.10717839062500001 0.597066828125 0.0969010109375 0.6094649375000001 0.079408128125 0.6169285671875 0.0884588765625 0.6407864765625 0.0946987140625 0.6570997765625 0.1031408484375 0.6544896484375 0.11121593125 0.6427440718749999 0.11965806406249999 0.6323035578125 0.128834296875 0.61990545 0.141681021875 0.6094649375000001 0.15232545 0.5944567000000001 0.157464140625 0.576838334375 0.150857253125 0.571618078125
0 0.08847399375000001 0.45740788749999994 0.093256371875 0.4395536765625 0.10903821875 0.4148978609375 0.115733546875 0.3953432484375 0.0999517 0.3910922453125 0.092778134375 0.393642846875 0.075083334375 0.402995053125 0.0655185796875 0.41319745937499996 0.05977972499999999 0.42595046875 0.0573885359375 0.44805568124999995 0.04925849375 0.46590989374999997 0.0377807859375 0.482063703125 0.023433651562499998 0.4965171125 0.0320419328125 0.5109705203125 0.04112845 0.517772125 0.05021496875 0.5024685156250001 0.058823248437499996 0.48716490625000003 0.06647505468750001 0.47611229843749997 0.0789092359375 0.46676009374999994 0.08847399375000001 0.45740788749999994
0 0.12099416249999999 0.5313753328125 0.1358195359375 0.5160717234375001 0.12864596875 0.5101203203125 0.11382059687499999 0.5050191171875 0.0985169859375 0.5101203203125 0.084169853125 0.5194725265625 0.0712574328125 0.5364765375 0.06838800625 0.5543307484375 0.0573885359375 0.5738853609375 0.05930148750000001 0.596840775 0.0765180484375 0.5764359625 0.0994734625 0.5696343578125 0.11382059687499999 0.56878415625 0.12768949375 0.561132353125 0.11382059687499999 0.54582874375 0.12099416249999999 0.5313753328125
0 0.630521725 0.768658625 0.6527859109375 0.7615340859375 0.646997221875 0.739368853125 0.6429896687500001 0.7124539265625 0.6456613703125 0.6926635390625 0.617608496875 0.68395576875 0.600687715625 0.6942467703124999 0.578868815625 0.6918719234374999 0.540574415625 0.6847473843749999 0.512076259375 0.6712899203125 0.49337434375000006 0.6752479984375 0.4942649109375 0.6966216171874999 0.5000536 0.7140371562500001 0.49114792500000004 0.7219533124999999 0.46977430781249996 0.7172036187499999 0.4559705125 0.7148287718749999 0.46220448437500006 0.735410775 0.474672428125 0.749659853125 0.49203849218749995 0.74728500625 0.5107404078125 0.7457017765625 0.5352310109375 0.7464933921875 0.5623933171875 0.75045146875 0.5846575031250001 0.7520347000000001 0.6091481062499999 0.7631173171875 0.630521725 0.768658625
0 0.713789778125 0.6617905359375 0.710672790625 0.6443749953125 0.7066652390625 0.6190433 0.68840860625 0.623001378125 0.6612463 0.6222097625 0.6331934265625 0.6261678390625 0.6078122546875 0.6309175312499999 0.6046952703125 0.6594156890625 0.6104839578125001 0.6784144609375 0.617608496875 0.68078930625 0.6456613703125 0.6831641546875 0.6679255546875 0.6792060765625 0.6946425781250001 0.6784144609375 0.713789778125 0.6617905359375
0 0.787718490625 0.07779935624999999 0.7745898484375 0.066129453125 0.76529039375 0.045707121875 0.75325580625 0.03695469375 0.7308277109375 0.035982203125 0.7083996140625 0.044734631250000004 0.67831314375 0.050569581249999995 0.6482266734375 0.055432042187499996 0.647679646875 0.0826618171875 0.634003978125 0.09724919531250001 0.657526128125 0.104056640625 0.679954225 0.10113916406250001 0.7001942140625 0.10211165625 0.72207528125 0.1030841484375 0.7428622984375 0.09919418125 0.7795130890624999 0.0953042125 0.787718490625 0.07779935624999999
0 0.6170461515625 0.851902959375 0.6531499140625 0.8470405 0.6717488234375 0.8353705953125001 0.6608082890625 0.811058296875 0.64658559375 0.8032783609375 0.6214223640625 0.790635965625 0.6022764281249999 0.7896634734375 0.6044645359375 0.8207832171874999 0.5891477875 0.8168932484375 0.5667196921875 0.8071683296875 0.5415564625 0.804250853125 0.5174872859375 0.804250853125 0.48958892187499997 0.790635965625 0.4781013609375 0.811058296875 0.490682975 0.8285631531250001 0.5087348578124999 0.8353705953125001 0.5344451140625 0.8363430875000001 0.5656256375 0.84606800625 0.59133589375 0.85384794375 0.6170461515625 0.851902959375
0 0.3681489890625 0.892747621875 0.34134467968750004 0.8664903390625 0.35009710625 0.8480129921874999 0.3533792671875 0.8334256124999999 0.3314981984375 0.8305081359375001 0.30907010156250003 0.8256456765625 0.2981295671875 0.8363430875000001 0.2943003796875 0.8684353218749999 0.2899241671875 0.8878851624999999 0.3030528078125 0.8888576546875001 0.31946361093750003 0.8898301453125 0.3375154921875 0.8946926062499999 0.3577554796875 0.9005275562499999 0.3681489890625 0.892747621875
0 0.04157403125 0.9326197921875 0.056890779687500004 0.906362509375 0.076036715625 0.8878851624999999 0.090259409375 0.872325290625 0.10119994531250001 0.8616278796874999 0.090259409375 0.8470405 0.07439563437499999 0.8392605640624999 0.061814020312499995 0.8489854828125001 0.0421210578125 0.8645453562500001 0.031180523437500003 0.885940178125 0.0235221484375 0.919977396875 0.018598907812500003 0.937482253125 0.014769721874999999 0.9530421234374999 0.028992415625 0.9715194703125001 0.040479978124999996 0.9773544218750001 0.0470442984375 0.96568451875 0.0432151109375 0.9559596000000001 0.04157403125 0.9326197921875
0 0.5929357296875 0.38249244375 0.591849103125 0.3670382046875 0.584604928125 0.35802323125 0.5726520390625 0.3528718171875 0.5570770625 0.34772040312499997 0.5360689562500001 0.34643255 0.517596309375 0.34836433125 0.5038323765625 0.35802323125 0.5016591234375001 0.37025783749999996 0.5121631765625 0.37283354375 0.52339165 0.3747653234375 0.5400532515625 0.374121396875 0.558525896875 0.381204590625 0.5802584234375 0.3895756375 0.5911246859375 0.3960149046875 0.5929357296875 0.38249244375
0 0.6563222609375 0.395370978125 0.674070490625 0.39086349062500003 0.6798658296875 0.37798495625 0.675519325 0.36896998281250004 0.6708106109374999 0.3593110828125 0.6628420187499999 0.35866715625 0.6490780859374999 0.352227890625 0.6353141546875001 0.34063720937499997 0.6291566046875 0.34450076875 0.6182903421875 0.35544752343749997 0.5943845640625 0.3573793046875 0.5925735203125 0.38313637031250003 0.590038059375 0.39665883125 0.5961956078124999 0.3979466828125 0.610683959375 0.39730275625 0.623361265625 0.3979466828125 0.6389362421875 0.395370978125 0.6563222609375 0.395370978125
0 0.484529334375 0.50669734375 0.48576854062499997 0.48356550781249996 0.4882469515625 0.456027609375 0.4647020484375 0.43509880624999997 0.44363555468750004 0.42848970937499997 0.43000429375 0.41747455 0.4151338296875 0.43289577343749996 0.39592614375 0.453824578125 0.3773380625 0.48356550781249996 0.3606087890625 0.5044943109375 0.36370680312500003 0.5100018921875 0.373620446875 0.5243215984375 0.39282812968749997 0.5331337265625 0.42690628124999996 0.5320322109375 0.45540800625 0.527626146875 0.47337648593750004 0.5155094703125 0.484529334375 0.50669734375
0 0.2057975296875 0.37237228125 0.2021356515625 0.3671642765625 0.19078383125 0.35805026875 0.1797981984375 0.3482852625 0.169911128125 0.3469832609375 0.1589254953125 0.3424262578125 0.14244704531250002 0.344379259375 0.14940461249999998 0.3665132765625 0.153432678125 0.377580284375 0.16515068593749999 0.37823128437500003 0.17393919375 0.3795332859375 0.1893190796875 0.3840902890625 0.1973752109375 0.3834392890625 0.2057975296875 0.37237228125
0 0.580419190625 0.16115760625 0.593009628125 0.15220440625 0.6039213421875 0.14698170625 0.6051803859375 0.13056750625 0.5959473984375 0.1119150046875 0.585455365625 0.1022157046875 0.5682484343749999 0.1022157046875 0.5472643703125 0.10072350468749999 0.5355132953124999 0.1052001046875 0.5237622203125001 0.10967670468749999 0.52544094375 0.1208682046875 0.5287983953125 0.14847390625 0.5191457265625 0.15071220624999998 0.5220834953125 0.16339590625 0.52628030625 0.16936470625 0.5321558453125 0.17011080625 0.5405494703125 0.15742710625 0.5539792718750001 0.16115760625 0.566150028125 0.16563420625 0.580419190625 0.16115760625
0 0.8330644749999999 0.28113394375 0.8420603390625001 0.2722959 0.8366154734375 0.26177441875 0.8264359421874999 0.2529363765625 0.8143625437500001 0.24578177031249998 0.7992116125 0.2462026296875 0.781456615625 0.25377809375 0.7812198828125 0.255040671875 0.7812198828125 0.256724109375 0.7878484140625 0.2739793359375 0.7932932796875 0.28955112656250004 0.8048932109375 0.285342534375 0.8181502765625 0.2815548015625 0.8330644749999999 0.28113394375
0 0.8353726859374999 0.32055588125 0.8235040031249999 0.3100059421875 0.80843990625 0.3083828734375 0.796114734375 0.301890603125 0.7842460515624999 0.30919440625 0.785159028125 0.3343519578125 0.79154985625 0.34327883125 0.8029620515625 0.3408442296875 0.814830734375 0.34003269375 0.82761239375 0.34003269375 0.8390245890625 0.33840962812500003 0.8353726859374999 0.32055588125
0 0.8303648515625 0.3500154671875 0.8247588234375 0.34523165625 0.8182558312499999 0.3420424484375 0.8061468109375 0.341643796875 0.794037790625 0.34563030625 0.790674175 0.349616815625 0.7884317640625 0.35679253125 0.7879832812500001 0.3591844359375 0.7924681031249999 0.37074531093749996 0.804128640625 0.37393451875 0.8191527953125 0.375529121875 0.8308133328125 0.372339915625 0.8355223984375 0.36237364375 0.8303648515625 0.3500154671875
0 0.8339429484374999 0.391403 0.8327243265625001 0.383459396875 0.8233815671875 0.37551579375 0.8124139781249999 0.37407150312500004 0.7998215609375 0.3726272109375 0.7880415578125 0.3682943359375 0.7823546593749999 0.376237940625 0.7815422453124999 0.3870701265625 0.7839794875 0.4007908953125 0.7949470765625 0.4007908953125 0.8063208734374999 0.4007908953125 0.8189132890625 0.40729020625 0.8290684640625001 0.41090093593750004 0.8327243265625001 0.40440162500000004 0.8339429484374999 0.391403
0 0.8437804312500001 0.47405328906250005 0.8413462375 0.461464321875 0.8391333328125 0.44887535625 0.836477846875 0.4335325515625 0.8302817140625001 0.430778715625 0.8212088078124999 0.43038530937499997 0.8139062218750001 0.43038530937499997 0.8010713765625 0.43195893124999996 0.789342984375 0.4288116890625 0.7933262125 0.44848195 0.7979733125 0.46185772812500003 0.8074888 0.4673654 0.816119128125 0.47247966874999997 0.8256346156250001 0.47405328906250005 0.8338223625 0.475626909375 0.8437804312500001 0.47405328906250005
0 0.8283038296875 0.47660006718750003 0.817680965625 0.4706363546875 0.805380809375 0.46815147343749997 0.8028648671875 0.473618209375 0.7902851609375 0.480575875 0.805101259375 0.49300027812499997 0.8129286328124999 0.4969760859375 0.8201969078125 0.4969760859375 0.8285833796875 0.4969760859375 0.8375289499999999 0.492006325 0.8333357140625001 0.47809099374999997 0.8283038296875 0.47660006718750003
0 0.8241105937500001 0.49896399062499996 0.817680965625 0.49896399062499996 0.8120899859374999 0.4994609671875 0.8134877312500001 0.5094004890625 0.8157241234375 0.515861178125 0.8263469875 0.5213279140625 0.8336152625000001 0.5188430328125 0.8336152625000001 0.50592165625 0.832776615625 0.4974730625 0.8241105937500001 0.49896399062499996
0 0.8358516546875 0.2991796046875 0.8347334578125001 0.290234034375 0.8285833796875 0.2852642734375 0.823271946875 0.281785440625 0.817680965625 0.2807914890625 0.808735396875 0.2802945125 0.8000693765625 0.286258225 0.7975534343749999 0.2971917 0.803144415625 0.30613726875 0.8118104374999999 0.310113078125 0.818240065625 0.31160400625 0.8241105937500001 0.31210098125 0.8310993218749999 0.3140888859375 0.8350130078125 0.309119125 0.8358516546875 0.2991796046875