0 0.07498191875 0.17201354687499998 0.058562198437500004 0.18168701874999998 0.0380675390625 0.19419219062499998 0.030983609375 0.20799128437499997 0.021869096875 0.22657834375000002 0.014272857812500001 0.2464259359375 0.0237886015625 0.25303154375000003 0.0328244703125 0.25302385312500003 0.0489580453125 0.245961296875 0.07680412343750001 0.23645214375 0.09478832499999999 0.2221216375 0.1155229234375 0.212923115625 0.1387217671875 0.21146749687500002 0.1478500546875 0.19962466875 0.142501665625 0.178352225 0.148579634375 0.15724409687500002 0.1291233703125 0.164396503125 0.1131421984375 0.16045058437499998 0.10213573437500001 0.1660729046875 0.08929729843749999 0.1595571453125 0.07498191875 0.17201354687499998
0 0.2201840859375 0.1084505546875 0.2059149140625 0.1149893890625 0.1887753796875 0.1147429109375 0.1672423234375 0.13260085 0.15644336406249998 0.15419161875 0.146110503125 0.1756514546875 0.1485285421875 0.1893119265625 0.15309713281249998 0.1998377578125 0.16900454375 0.1962127859375 0.18065706406249998 0.19293952187500002 0.204654365625 0.1828244875 0.22696721874999998 0.1757131609375 0.24712952187499998 0.171736475 0.2736834921875 0.1575292078125 0.27482808125 0.1470855359375 0.27810944531250004 0.12676299375 0.285165825 0.0994754390625 0.2645374203125 0.103583053125 0.2528849 0.1068563171875 0.2321827359375 0.1033930390625 0.2201840859375 0.1084505546875
0 0.0348452859375 0.30053640625 0.050992635937499996 0.300218084375 0.06839076875 0.28436518125 0.0853965578125 0.276214103125 0.096043115625 0.26563180937499997 0.095895596875 0.250490025 0.093837465625 0.241789528125 0.0825772859375 0.23736096406249999 0.0657976578125 0.24207446406250002 0.042672570312500005 0.2511009734375 0.032612084375 0.26320566562500003 0.0145216875 0.28262707656249997 0.0251033796875 0.2973683796875 0.0348452859375 0.30053640625
0 0.16252935156249998 0.25117299375 0.15627631250000001 0.24365087343749997 0.1453347140625 0.22394959218750002 0.13359465937499998 0.21290773125 0.118633225 0.2230150765625 0.09726634843750001 0.2366087703125 0.10127641875 0.25910066875000004 0.113528784375 0.2640940328125 0.128111653125 0.2684327421875 0.1489799953125 0.2676317765625 0.16252935156249998 0.25117299375
0 0.187638809375 0.24327608750000002 0.21025158593749999 0.24029807343749998 0.23010019062499998 0.22544384375 0.22884051562500002 0.2080839328125 0.21546221875 0.1941282109375 0.20460815625 0.1887420546875 0.183633621875 0.1946339265625 0.1665078609375 0.2011316796875 0.1585379375 0.20927506718750002 0.1504618234375 0.222509359375 0.15917911093749998 0.2377743828125 0.1702731125 0.2464671890625 0.187638809375 0.24327608750000002
0 0.0944324265625 0.2762064125 0.075922140625 0.2898411875 0.0486159234375 0.3067903046875 0.0429902796875 0.32102326875 0.025379760937500002 0.34705798125 0.020732528125 0.355111515625 0.026099575000000003 0.3569779328125 0.037013621875 0.3631907484375 0.05314719531249999 0.35612819375 0.076212296875 0.34627501875 0.094210275 0.33868874375 0.1071873359375 0.32745179687500003 0.1215627015625 0.31582205937499996 0.14166501874999998 0.3110187125 0.1522978015625 0.2936921859375 0.146437103125 0.278468240625 0.14152238125 0.26972666562500003 0.12321070781250001 0.26643539843749997 0.1071233421875 0.26758038281249996 0.0944324265625 0.2762064125
0 0.196102384375 0.2484902296875 0.17347583125 0.24472401093750001 0.1639414296875 0.25752443281250004 0.14735552968750001 0.2714621484375 0.153922265625 0.289861815625 0.16041524375 0.30069058593750003 0.1739321671875 0.2968936015625 0.1950266703125 0.2926550546875 0.2187978125 0.2859776 0.24396725468749997 0.2789073546875 0.2734191390625 0.2849738578125 0.29111719375 0.2732542703125 0.28269982968749996 0.2621225578125 0.260631796875 0.2463902734375 0.2665435875 0.2295463921875 0.2551634390625 0.2234645015625 0.2349873609375 0.22069695781249998 0.2221902515625 0.2344138921875 0.196102384375 0.2484902296875
0 0.048656375 0.4122180078125 0.05939046875 0.4159508359375 0.073419703125 0.4061053546875 0.08669668593749999 0.3990017203125 0.10111826093750001 0.3814544125 0.08985808125 0.37702585312500003 0.0841635625 0.3575376640625 0.0881047546875 0.3463084078125 0.052394946875 0.35887004375 0.0356290953125 0.370327771875 0.0313279953125 0.3765970515625 0.02273956875 0.3958798421875 0.0365239796875 0.40887796875 0.048656375 0.4122180078125
0 0.139804625 0.370587184375 0.160313059375 0.36482624218750004 0.1663910296875 0.34371811874999997 0.1567877484375 0.322797384375 0.166668284375 0.308212709375 0.1571063296875 0.30752466875 0.1335151421875 0.31668210937499996 0.1049305921875 0.33567734374999997 0.0969744453125 0.350564959375 0.0888383453125 0.3629725890625 0.1052531828125 0.379449378125 0.1164396015625 0.376307046875 0.139804625 0.370587184375
0 0.24032110156250003 0.3204201828125 0.225650696875 0.30176634999999996 0.2161949359375 0.295987403125 0.1886812140625 0.29696807187499996 0.17080320625 0.30620767031249996 0.161042640625 0.32244567343749997 0.1736824640625 0.3458874703125 0.189077565625 0.348310996875 0.206729409375 0.34250897812500003 0.231898853125 0.33543873125 0.24032110156250003 0.3204201828125
0 0.23017795937500002 0.2920594875 0.2356925265625 0.30906768906250004 0.24382374375000002 0.3228103203125 0.2518812015625 0.32898205625 0.26320136562499996 0.33423728124999996 0.28011473750000004 0.3379213390625 0.3026813046875 0.34086089531249997 0.3100513828125 0.3244508828125 0.2999957765625 0.31040531250000003 0.283188596875 0.3016303484375 0.2990546828125 0.27777268125 0.2901387828125 0.279433696875 0.2731329921875 0.28758477656250003 0.2572118046875 0.2844655203125 0.2404783859375 0.28326145 0.23017795937500002 0.2920594875
0 0.07389957968750001 0.4127186546875 0.0537510515625 0.42343957187500003 0.0466671203125 0.4372386640625 0.0324854859375 0.458092621875 0.05091712968749999 0.4630372125 0.06338188125000001 0.4578487640625 0.0816660046875 0.447651571875 0.10100229999999999 0.43884583906249996 0.12003867343750001 0.4259067984375 0.14346368125 0.4210135984375 0.1631461078125 0.4104236125 0.1551486359375 0.4050785375 0.140778153125 0.3905580140625 0.157816378125 0.3697451390625 0.1521031984375 0.3696629796875 0.129790346875 0.3767743046875 0.10806356406249999 0.3854080265625 0.09555260156249999 0.396514040625 0.07389957968750001 0.4127186546875
0 0.16352955625 0.3698272984375 0.147889634375 0.39024738281250004 0.1582913703125 0.40250869843750003 0.1649505265625 0.4090732265625 0.1748448375 0.40123278124999995 0.1995481796875 0.394293465625 0.22354548125 0.3841784328125 0.24760276874999998 0.3748900578125 0.27119395625 0.3657326171875 0.2788501796875 0.3467116859375 0.26507954375 0.3404577890625 0.24961068281249998 0.3304633734375 0.2311466046875 0.33818057968750004 0.2140208453125 0.34467833125 0.192806371875 0.347263553125 0.17480839374999999 0.3548498296875 0.16352955625 0.3698272984375
0 0.313087925 0.32697195 0.301176809375 0.3463445921875 0.28677389375 0.34448586875 0.2775993984375 0.3622462640625 0.29004549218750003 0.376463846875 0.30434221250000004 0.383413475 0.3248044390625 0.383570103125 0.3480494953125 0.376196915625 0.366167440625 0.3702639640625 0.39040468125 0.3634555796875 0.409441053125 0.3505165359375 0.4198801078125 0.3239657921875 0.412108796875 0.3151831375 0.3969998421875 0.31014869375 0.3799665015625 0.3048113125 0.3665095625 0.3094349578125 0.347579384375 0.3172830953125 0.3284692515625 0.32265124375 0.313087925 0.32697195
0 0.17759035 0.432515028125 0.1610644359375 0.44727940625 0.14745509375000002 0.4629115265625 0.137002265625 0.48271803750000003 0.131362846875 0.49020677187499995 0.14834997968750002 0.501461725 0.162572940625 0.500840459375 0.1754575859375 0.50143865 0.19957485625 0.492976940625 0.2217952921875 0.4977007484375 0.244468053125 0.4955494 0.2701498046875 0.48243065312500005 0.28473755624999997 0.46061910624999997 0.29161398125 0.4308515625 0.271710275 0.41872887031249995 0.24624090937499998 0.4216658015625 0.22723697031249998 0.4219430453125 0.20241366093750002 0.4272290359375 0.17759035 0.432515028125
0 0.30000780625 0.487539565625 0.274750828125 0.4802946875 0.258072509375 0.5060675390625 0.24449072031250002 0.535188121875 0.23684827031250003 0.56095328125 0.2246185734375 0.595598640625 0.2482835203125 0.5940120906249999 0.268851940625 0.5890778125 0.295073553125 0.58339903125 0.32538387968750004 0.5816327796875 0.35745241562499996 0.5844337125 0.377947075 0.571928540625 0.410407953125 0.56702765 0.415959834375 0.5452237921875 0.4189275015625 0.5140237078125 0.4196984078125 0.49187582812499997 0.3969518875 0.4864562859375 0.3760235609375 0.48643058906250003 0.35852411875 0.4812241359375 0.3268754734375 0.48420984218749996 0.30000780625 0.487539565625
0 0.16254451718750001 0.572547009375 0.144241734375 0.6021502328125 0.1543435484375 0.6102782375 0.163739325 0.61523051875 0.17615786875 0.6159596406250001 0.194769465625 0.6233842203125 0.21240753437499998 0.6108379687500001 0.24160570781250001 0.606853590625 0.251906134375 0.5980555515625 0.22607686093749998 0.5960325109375 0.22546324062499998 0.5810216546875 0.2385789296875 0.552032003125 0.24243258750000002 0.526487625 0.22658516093749997 0.5309392609375 0.20410612968750003 0.5423148296875 0.180814865625 0.5556055859375 0.16254451718750001 0.572547009375
0 0.148132709375 0.5377937968750001 0.12945624375 0.5556928140624999 0.1234982453125 0.5784542640625 0.1330139890625 0.585059871875 0.1432082234375 0.5813527406250001 0.157989703125 0.568765409375 0.174575603125 0.5548276921874999 0.1912814703125 0.5425433046875 0.20915947968749998 0.5333037 0.2263452234375 0.5276326109375 0.2500563796875 0.5201284937499999 0.25747266406249997 0.4978009140625 0.2439557421875 0.5015978984375 0.224365734375 0.500352746875 0.20844454687499997 0.49723349062500005 0.1816368640625 0.501389878125 0.16796753749999999 0.516195334375 0.148132709375 0.5377937968750001
0 0.1543728453125 0.45337667656249997 0.12600068281250001 0.462190096875 0.105026146875 0.46808196874999997 0.07596172031250001 0.480463903125 0.051858223437499996 0.49566984375 0.036698176562500004 0.5227032265625 0.029987929687499998 0.5482065281249999 0.0295631546875 0.56857015 0.0427201703125 0.559813190625 0.05320055 0.5534951390625 0.062928684375 0.5499189375 0.07330286875 0.5486917921875001 0.084429303125 0.5447227984375 0.1014950796875 0.53739838125 0.11686262968750001 0.526333446875 0.137144903125 0.5240100859375 0.15399829062499998 0.5268674812499999 0.166089359375 0.5099748265625 0.1523187234375 0.503720928125 0.129918334375 0.49651713124999997 0.1334534125 0.4862454703125 0.1543728453125 0.45337667656249997
0 0.041085940625 0.6159440843749999 0.0417319953125 0.618293140625 0.0490971875 0.628033390625 0.0597575234375 0.624195325 0.070237903125 0.6178772734375 0.081530515625 0.6096440375000001 0.095213615625 0.6015828109375 0.11345153125 0.5973031843750001 0.12835298125 0.586369178125 0.12516891875 0.5687063234374999 0.12729191875 0.5520832234374999 0.1103323359375 0.5543167328124999 0.086681165625 0.5626475125 0.06257766875000001 0.5778534515625 0.05153876875 0.596137571875 0.041085940625 0.6159440843749999
0 0.392092409375 0.375517034375 0.377334821875 0.3819122484375 0.36860407031250003 0.395613371875 0.34753641874999996 0.4082805625 0.3282696703125 0.439939446875 0.318521346875 0.46292529375 0.3350265109375 0.4747868484375 0.3462269359375 0.47763983593750003 0.3663303453125 0.474992296875 0.3790527875 0.4871665328125 0.3983274421875 0.48475179687500003 0.41921852187499997 0.48713234375000003 0.4288313546875 0.47393334375 0.439675071875 0.4543893265625 0.44429088749999995 0.43059550937499996 0.4546424078125 0.3984413375 0.4596726015625 0.374531121875 0.445784846875 0.3754326453125 0.43339461874999996 0.3736637859375 0.4067022609375 0.372912853125 0.392092409375 0.375517034375
0 0.29213236875000004 0.4838364390625 0.305552415625 0.48231638906249996 0.3176349234375 0.485671503125 0.32839647968749996 0.47664926249999995 0.3250569703125 0.46558884218749996 0.3187224125 0.4598691875 0.330115996875 0.43042191875 0.3446891078125 0.40983029687499994 0.3391422234375 0.40913872656250005 0.32038860156250004 0.4129069171875 0.3066197515625 0.421274109375 0.29612483749999996 0.43397098593749994 0.286470921875 0.45243087031250007 0.2790488765625 0.47251353281249997 0.29213236875000004 0.4838364390625
0 0.28770335937499997 0.294604225 0.2958143265625 0.30732394531249996 0.3051150984375 0.318959534375 0.3124383953125 0.326651165625 0.3335716203125 0.3207147171875 0.3565100921875 0.31052163125 0.37406166406249997 0.30184175468749996 0.3728473671875 0.2909342546875 0.3663405796875 0.2770140046875 0.3704065265625 0.263123440625 0.3607036265625 0.25760006562500004 0.3437019234375 0.2563766890625 0.32401289218749996 0.258907828125 0.3097763375 0.2666564953125 0.2972095359375 0.27993537343749997 0.28770335937499997 0.294604225
0 0.3877159515625 0.262760559375 0.376006740625 0.264549934375 0.3694545296875 0.27913890625 0.3750381546875 0.2978179171875 0.3792474984375 0.30338465000000003 0.3962081234375 0.3098689140625 0.41498623593749995 0.318092353125 0.432496725 0.3146733671875 0.45031493593749994 0.309668125 0.45168131093749997 0.293536259375 0.44621658750000004 0.2823229125 0.43417516406249995 0.2737069109375 0.431758815625 0.25788772656250003 0.42955578125000005 0.24500824687499997 0.41659119218749996 0.241151009375 0.4082214890625 0.25400080625 0.4015503765625 0.2611241078125 0.3877159515625 0.262760559375
0 0.517550665625 0.292281021875 0.4985304046875 0.2923745796875 0.479817865625 0.2908818796875 0.4612775578125 0.2975897765625 0.45325665624999995 0.30359243281250003 0.44119864218749993 0.312228946875 0.41609387656249996 0.32753 0.427212140625 0.340904765625 0.4319547640625 0.353820765625 0.43534760156249996 0.365616115625 0.45081504062500005 0.351522428125 0.46775116875 0.34601506249999997 0.483870790625 0.3467363140625 0.5023166906250001 0.344554378125 0.526338309375 0.3318073078125 0.539077340625 0.326729025 0.5537405203125 0.3248597703125 0.5621224687499999 0.318005790625 0.5527683703124999 0.305635275 0.5433076140625 0.29179490625 0.535196646875 0.27907518593749997 0.517550665625 0.292281021875
0 0.3607822234375 0.194585809375 0.337014996875 0.20501169687499998 0.3107903453125 0.20487929062500002 0.2979446578125 0.208487721875 0.2829326765625 0.21720411718750002 0.2632803859375 0.237722696875 0.2738365359375 0.2550049 0.284433765625 0.2670262140625 0.29434997812499997 0.27548929218749996 0.30303964843750003 0.26704905624999997 0.32805000624999997 0.25627396562500004 0.34649590468749997 0.25409203125 0.367185921875 0.259528684375 0.379481740625 0.26582350625 0.3994784921875 0.26170611250000003 0.4051608671875 0.25261083125 0.4134772421875 0.2390261078125 0.40250671562499996 0.2218603109375 0.38760573125 0.2087982265625 0.37493661562499997 0.19735891875 0.3607822234375 0.194585809375
0 0.27716457499999997 0.18432869375 0.2707356078125 0.1831350015625 0.29179891874999997 0.19371614374999999 0.3019284453125 0.20511892812500002 0.324678096875 0.2039777671875 0.342110765625 0.18783222187499998 0.354718646875 0.1692924546875 0.361791890625 0.1560569359375 0.360618675 0.1398885484375 0.3405563484375 0.1372752 0.3190087453125 0.1433280484375 0.3023392546875 0.15251005 0.2854153734375 0.1640132296875 0.273636246875 0.18232019375 0.27716457499999997 0.18432869375
0 0.3642572234375 0.1958593796875 0.3765285484375 0.19016257187500002 0.3884265796875 0.179321275 0.40135442968749996 0.1651910703125 0.4140156390625 0.14738622968749998 0.42729229062499996 0.12640888125 0.41075829218750004 0.12580403281250002 0.392525703125 0.13092567500000002 0.38200629531249997 0.13163091875 0.3691195265625 0.1405002359375 0.3625139890625 0.15435427968749998 0.346467846875 0.18960791875 0.3536844859375 0.1958296984375 0.3642572234375 0.1958593796875
0 0.44292222968750006 0.174098965625 0.42813820312499995 0.1782518875 0.414120784375 0.1765568359375 0.4034661375 0.17743755625 0.396663453125 0.182164784375 0.3834509875 0.1915630296875 0.3836474125 0.1942700046875 0.3827420953125 0.203677328125 0.391462975 0.20897244218750002 0.40570366562500004 0.224686334375 0.415025371875 0.238261609375 0.43416205156250004 0.2448553296875 0.4490847875 0.237143053125 0.47621838437499997 0.22811291093750002 0.502635440625 0.2256207484375 0.514884871875 0.219363496875 0.5154282078125 0.199496684375 0.5239528859375 0.18020417500000002 0.5232904921875 0.16560460625 0.5099239703125 0.1728797328125 0.492193296875 0.16377882187499998 0.4841618859375 0.1625145015625 0.461307875 0.170342484375 0.44292222968750006 0.174098965625
0 0.4792421703125 0.23148798125 0.45935038125 0.2363716234375 0.44515568281249995 0.24317531093750003 0.43369585781250003 0.25484338125 0.4337073546875 0.2604727765625 0.4342080453125 0.2673729109375 0.43859926875 0.273180171875 0.447948046875 0.27618666875 0.45914195312499995 0.2772667015625 0.47140288437500005 0.27663884843750003 0.4891105609375 0.27448096875 0.502561646875 0.28478404375 0.5149957796875 0.2974850171875 0.5225806453125 0.2707116484375 0.5116526578125 0.2568835109375 0.5023810203125 0.2439982484375 0.5134903640624999 0.227500084375 0.4993342375 0.22936439062499997 0.4792421703125 0.23148798125
0 0.4911147765625 0.1598573140625 0.5016922828125 0.1688553578125 0.5102013875 0.165761021875 0.5249854140625 0.1616081015625 0.530031609375 0.15455796875 0.5453934671875 0.14742641875 0.5637676140625001 0.13804054375000002 0.56864060625 0.11766158281250001 0.5742301375000001 0.0907446359375 0.5654591890625 0.084759509375 0.5341847140625 0.0914324625 0.5145933375 0.10045618593750001 0.5055179015625 0.112158546875 0.49733220781250004 0.1306517546875 0.4930255484375 0.1424226921875 0.4911147765625 0.1598573140625
0 0.6312240515624999 0.121203865625 0.6139669953125 0.129571865625 0.5992831046875 0.1351048140625 0.585327253125 0.1397291734375 0.568258975 0.14522783125 0.5531359640625 0.1501800546875 0.53203844375 0.160330940625 0.527153953125 0.175080509375 0.5217417015625 0.19349871875 0.51919153125 0.207592559375 0.519942565625 0.21794276250000003 0.5340486249999999 0.21538844375 0.5501885890625 0.20803831874999998 0.5664672625 0.19712883750000001 0.5866980359375 0.19144589375 0.60926313125 0.18510722500000001 0.6372749718749999 0.17723853125 0.6543317515625 0.166110478125 0.6533188734375 0.146680815625 0.664705634375 0.12306393906249999 0.660175703125 0.1208160328125 0.6484154625 0.128344025 0.6396830859375 0.117419515625 0.6312240515624999 0.121203865625
0 0.59359591875 0 0.5930712078125 0.0002586125 0.5736801078125 0.0120423921875 0.5500094203125 0.02502833125 0.534458784375 0.0350292234375 0.5249557234375 0.051780253124999995 0.5185150203125 0.0669669671875 0.5129024921875 0.0826251234375 0.5163383296874999 0.09714969531249999 0.5345236984375 0.0906331609375 0.556900015625 0.0871638328125 0.573101546875 0.0861331171875 0.5960056265625 0.078995146875 0.6177195484375 0.0609262515625 0.6437861234375 0.0536039953125 0.652861559375 0.0419016328125 0.6520604578125 0.0308614171875 0.6477849453125 0.010236012499999999 0.649092225 0 0.59359591875 0
0 0.5678083546875 0.1390177125 0.585804946875 0.135370515625 0.5989826921875 0.13096473125000002 0.6186742046875 0.123321034375 0.6346253921875 0.1188402515625 0.6419829125 0.0998756046875 0.646177934375 0.0810952453125 0.652279653125 0.06670782812500001 0.643697484375 0.057853362500000005 0.6245838015625 0.0625184328125 0.614818896875 0.07018999687500001 0.5972228546875 0.07935729999999999 0.580254715625 0.08623598437499999 0.5750698109375 0.0968454703125 0.5699965437500001 0.1144643765625 0.5678083546875 0.1390177125
0 0.6436737578125 0.1177066703125 0.655795978125 0.1206381671875 0.6686347390625 0.11703168281250001 0.682929575 0.111608021875 0.6957453375 0.096742746875 0.7117235984375 0.0816931875 0.7086382437500001 0.0719987109375 0.7184572921875 0.043189590625 0.7212963796875 0.027606432812499998 0.7046787203125 0.0393152140625 0.6885773265624999 0.04172595625 0.6651454859375 0.052532567187500004 0.653835865625 0.0662706796875 0.64578888125 0.0812045328125 0.642672378125 0.1039063984375 0.6436737578125 0.1177066703125
0 0.6878519078124999 0.1630311703125 0.66440856875 0.1682083890625 0.6443280015624999 0.175961371875 0.6100412359375 0.1848886484375 0.5811125796875001 0.196535271875 0.5755771953125 0.20231466406249998 0.5795908625 0.2138606078125 0.591897784375 0.23575033125 0.605148596875 0.24329335156249998 0.6313268062499999 0.2429805171875 0.651946634375 0.2371882859375 0.6695927421875 0.22871099843749998 0.6962256499999999 0.2127807203125 0.7178123624999999 0.2039005703125 0.7271266453125 0.19001888281249998 0.72932633125 0.171094946875 0.7310368296875 0.15090026875 0.720143334375 0.153960315625 0.7054093765625 0.1588032515625 0.6878519078124999 0.1630311703125
0 0.6503904203124999 0.2376254359375 0.623545740625 0.245166265625 0.5964006453125 0.24856701406249998 0.576670559375 0.2611500953125 0.558824175 0.26686732812499997 0.546936725 0.2835840671875 0.5495443859375 0.2976372015625 0.5593938546875 0.307543834375 0.5680646640625 0.312148934375 0.5823709984375001 0.3123546703125 0.5949323421875 0.3158668953125 0.6077095359375 0.305941 0.6267731484375 0.3005859171875 0.647015421875 0.30053236875 0.6751774703125 0.2947337171875 0.6972919421875 0.2821849265625 0.6958128718750001 0.2727433125 0.68645259375 0.26410741875 0.6756477390625 0.2629180984375 0.66785925 0.237646884375 0.6503904203124999 0.2376254359375
0 0.5127697484375 0.255865634375 0.518139353125 0.2642143734375 0.526382540625 0.2738681421875 0.539721990625 0.2771617921875 0.5499645875 0.26513157187499997 0.5703340703124999 0.255889271875 0.5855572203125 0.252317075 0.5920980609375001 0.2385103875 0.5834042546875 0.2226464984375 0.5739208421875001 0.2013717875 0.54889421875 0.21755492968749998 0.52398330625 0.218919928125 0.516452584375 0.22455574375 0.5056436546875 0.24519399062499997 0.5127697484375 0.255865634375
0 0.7589722562500001 0.08179824375 0.7390804671875 0.0866818875 0.721950621875 0.08586113749999999 0.703087284375 0.093976275 0.6852638953125 0.11095229843750001 0.6663119171874999 0.123316803125 0.6570206296875 0.14845728125 0.6564272250000001 0.1676340828125 0.6625133703125 0.1694448375 0.6755909765625 0.1636590265625 0.6936877078125 0.1613918609375 0.718325278125 0.1453180046875 0.7379010796875 0.1524924515625 0.7590100984375 0.1479709578125 0.78657131875 0.1338921453125 0.809174984375 0.12261409375000001 0.8044217796875 0.10634734531250001 0.8210049421875001 0.07775037812499999 0.8168525656250001 0.0697637890625 0.7939870578125 0.071962378125 0.7780358703125 0.0764431625 0.7589722562500001 0.08179824375
0 0.84515666875 0.10969031250000001 0.8604684578124999 0.1018687484375 0.87456301875 0.093685034375 0.889974946875 0.0872434984375 0.8996742078125 0.095080090625 0.916214725 0.093250075 0.9444769093750001 0.0888314484375 0.9709325375000001 0.0813999046875 0.97920456875 0.0767526828125 0.9772380859375 0.049652070312500005 0.9718304312500001 0.04453561875 0.956283871875 0.0327089421875 0.9419159703125001 0.0261838 0.9226520796875001 0.028778828125 0.9018319765625 0.0318110046875 0.8793555218750001 0.0339003078125 0.8615091359375 0.039617540624999996 0.8388669015625 0.055834973437500005 0.8212708624999999 0.06500227343750001 0.823867025 0.0734260125 0.8134701453125001 0.1052137625 0.8214859828125001 0.122676253125 0.8314511625 0.1177647390625 0.84515666875 0.10969031250000001
0 0.88075693125 0 0.87511858125 0.00833551875 0.8777763125 0.023078665625 0.8817784812499999 0.028995214062500003 0.8970131296874999 0.031052412499999998 0.9171437656249999 0.0239894421875 0.937975365625 0.026586657812499997 0.9565112203125 0.02490021875 0.96841016875 0.013812873437500001 0.9740113218750001 0.005183184375 0.9736352187499999 0 0.88075693125 0
0 0.8207977718749999 0 0.8019921265625 0.012683376562500001 0.7944844 0.029577985937500002 0.794041203125 0.050824825 0.807230446875 0.052048434374999994 0.8163018078125001 0.0621736421875 0.8223764546875 0.058355001562499995 0.8390056093749999 0.052275618749999996 0.8560508921875 0.03551816875 0.8740244875000001 0.0206121859375 0.8692327125 0.009284815625 0.8731704125 0 0.8207977718749999 0
0 0.6607711953125001 0 0.6593178359375 0.0105167453125 0.6551458125 0.040555896875000004 0.6565633156249999 0.0436781015625 0.6606270515625 0.055914057812499994 0.6738934375000001 0.047258903125 0.6848755703125 0.039949487500000005 0.696597240625 0.0373608796875 0.7106918 0.029177167187500002 0.7261537953125 0.02342564375 0.7468351906249999 0.02395281875 0.771584396875 0.0148883875 0.7893306453125 0.007791125 0.790427409375 0 0.6607711953125001 0
0 0.7299671875 0.032211534375 0.7222977578124999 0.041406703125 0.7144510484375 0.059100609375 0.7135572296875 0.074137328125 0.717420690625 0.08361323125 0.7282255453124999 0.0848025515625 0.7424317406250001 0.083628259375 0.757855165625 0.08281611875 0.7798809984374999 0.074516696875 0.796421515625 0.0726866796875 0.809676403125 0.05840213125 0.7955087765625 0.0546370421875 0.7928625453125 0.045523290625000004 0.7935560875000001 0.0277265171875 0.7853629703125 0.0187627625 0.7689225921875 0.021972806249999997 0.7518042453125 0.026781453125 0.7299671875 0.032211534375
0 0.7264446015625 0.21344505156250002 0.745030521875 0.2124486265625 0.764044065625 0.20640352968750003 0.7829574734375 0.19897840625000002 0.8024257140625 0.1773158625 0.813951184375 0.150139634375 0.8209081515625 0.1256548796875 0.8097643124999999 0.125264859375 0.8033506828125001 0.1298828015625 0.7893447609375001 0.133817146875 0.7772841078125 0.13720505624999998 0.7628505640625 0.1461880703125 0.7344110984375 0.159105434375 0.7286483640625 0.172693546875 0.7258708453125 0.1945961125 0.7264446015625 0.21344505156250002
0 0.8136622687499999 0.15162895 0.8062046140625 0.1692135671875 0.8047830312500001 0.18791892968749999 0.8180724125 0.190522565625 0.829982859375 0.18506461875 0.84334938125 0.1777894921875 0.84779475 0.1624591984375 0.8738613234375 0.15513694375 0.8859991203125 0.1418702703125 0.89456236875 0.11763837968749999 0.8992736546875 0.08955998281250001 0.8899363749999999 0.092182878125 0.8809380796875 0.094006478125 0.8689274953125 0.0980844 0.8553721953125001 0.1082288671875 0.8341244671875 0.11630971406249999 0.8213587734375001 0.131865003125 0.8136622687499999 0.15162895
0 0.7521836890625 0.21255149218749997 0.7333589218750001 0.2157272453125 0.7154009 0.21443505937500001 0.698860384375 0.216265075 0.6799084046874999 0.22862957968750003 0.6729284421874999 0.24185554374999998 0.67666469375 0.260520196875 0.69770806875 0.2715068625 0.7068065031249999 0.27106329218749997 0.72136318125 0.2747190953125 0.7432117359375 0.2749184078125 0.752976640625 0.2672468421875 0.77645855 0.25713024375 0.8005297875 0.2496644109375 0.8132954828125 0.23410912343749998 0.815872725 0.20944650468749998 0.8218242375000001 0.1929890484375 0.8121479734375001 0.196411246875 0.800642153125 0.1855617359375 0.7927338765624999 0.19693623437500002 0.775727165625 0.208754303125 0.7521836890625 0.21255149218749997
0 0.8649854453125 0.22451765156249998 0.8821538625 0.220399021875 0.9046303171875 0.2183097203125 0.9217486640624999 0.2135010765625 0.9419679406249999 0.2021887328125 0.9770057375000001 0.2036116609375 0.9877960515625 0.1951541609375 0.9846341437499999 0.1515790875 0.9739325984375 0.14462828125 0.9541680187500001 0.140323175 0.9309134578125 0.14263105 0.9045464703125001 0.145813225 0.8819313078125001 0.1514618796875 0.85106888125 0.16928433437499998 0.8358687296875 0.184115321875 0.824509040625 0.19716341875 0.81864616875 0.20937150624999998 0.8143510078125 0.2267718375 0.8202713703125 0.2427107265625 0.8408370656249999 0.24186224687500002 0.8535256203125 0.23618572499999999 0.8649854453125 0.22451765156249998
0 0.9803706640625001 0.09282293750000001 0.9739021921875001 0.08971872656249999 0.9613909171874999 0.086896515625 0.9442225015625001 0.0910151453125 0.922724428125 0.09564592656250001 0.90142663125 0.1030367609375 0.8966307812500001 0.11353696093750001 0.8901630062500001 0.139292453125 0.9053090140625001 0.1455990203125 0.9168804765624999 0.140940371875 0.938440115625 0.142629 0.9620837312500001 0.1402118375 0.9822644359374999 0.1338388796875 0.9832511390625 0.13251954375 0.9803706640625001 0.09282293750000001
0 0.526193034375 0.34784958125 0.5174951515624999 0.35381325937499997 0.512171540625 0.3679820984375 0.5066591500000001 0.3850202796875 0.5043708234375 0.4081935875 0.5015432359374999 0.4294061375 0.5065352859375001 0.44349355937499996 0.519524253125 0.44195711718749997 0.5264771453125 0.43929992812499996 0.5410108265625 0.4316969421875 0.55374945 0.4267104328125 0.5741805 0.4237875390625 0.5939721515625 0.41752386875 0.586984765625 0.40329286875000003 0.5848047265625 0.3841910671875 0.594007375 0.36329995625 0.5992308484375 0.347751090625 0.6008527046875 0.3318057828125 0.5757800875 0.3254713453125 0.5656762 0.3339422125 0.5453067171875 0.3431845109375 0.526193034375 0.34784958125
0 0.49410188125000004 0.3596804890625 0.47466071249999997 0.370774253125 0.4575037953125 0.38052227968749996 0.45328169999999995 0.4098714171875 0.44753046406249997 0.42908892656250003 0.4435857859375 0.45131935468749995 0.46396676562500005 0.4477064515625 0.47645504531249994 0.439269871875 0.4982305328125 0.4275203828125 0.5031765906250001 0.419090225 0.5020135046875 0.3975905203125 0.5076646046875 0.3769929828125 0.5121986125 0.357413321875 0.5296945140625 0.34686599375 0.541682103125 0.3315292796875 0.52330795625 0.34091515625 0.5105693328124999 0.34590166875 0.49410188125000004 0.3596804890625
0 0.35157153750000003 0.5947477546875 0.3462979953125 0.6096066078125 0.37142068125 0.6166310578124999 0.3868826765625 0.6108795359375 0.4167125734375 0.6116531562499999 0.44949319374999996 0.6038530421875 0.4600132078125 0.584704109375 0.45971686875 0.5587364625 0.45153525156249996 0.5554021015624999 0.4382072984375 0.5577378484375 0.42775292656249997 0.56137861875 0.42226760937499996 0.567848025 0.4133078859375 0.5647322406249999 0.39565027812500003 0.5675801328125 0.3802884203125 0.5747116812499999 0.36089731875000003 0.5864954609375 0.35157153750000003 0.5947477546875
0 0.45168880468749995 0.606756671875 0.4400672734375 0.6107253078125 0.42021405468750006 0.6106695703125 0.39719834062500003 0.6107981171875 0.36927513749999996 0.614417440625 0.3442755859375 0.620031809375 0.33127104531249996 0.6377664234375 0.3156933359375 0.6583360921875 0.3002658359375 0.6809758015625 0.3110436171875 0.6927339 0.319036459375 0.6989375984375 0.33689434218750003 0.6988497609375 0.359359296875 0.6911310640624999 0.39359599218749997 0.6815137734375 0.42705458125 0.67211505625 0.46920697499999997 0.6785802296875 0.48776989843749996 0.6663250140625 0.48208838125 0.6482067984375 0.487022940625 0.63414724375 0.4773967453125 0.6382594562499999 0.4689992765625 0.648363215625 0.4586951109375 0.6540740296875 0.4564264359375 0.63922159375 0.45168880468749995 0.606756671875
0 0.36213608750000004 0.7403405953125 0.3639270703125 0.7595516859375 0.38823715625 0.749906525 0.4094348140625 0.741135665625 0.437635434375 0.73039763125 0.457065103125 0.7136744703125 0.47021985156249996 0.698009896875 0.4676737578125 0.690276171875 0.46127570156250003 0.678695940625 0.4486757859375 0.68012309375 0.4345081609375 0.6763580046875 0.4248203984375 0.674150809375 0.3974364578125 0.6797308875 0.3745939453125 0.6931882640625 0.3705261328125 0.7027798749999999 0.363268753125 0.7231245484375 0.36213608750000004 0.7403405953125
0 0.2676528875 0.8661565046874999 0.267464109375 0.8690258468750001 0.279909740625 0.8873562171874999 0.292821565625 0.8956985375000001 0.3190999140625 0.8967657296875 0.34793993125 0.889368475 0.363140084375 0.8745374921875 0.37671095781249997 0.848194853125 0.37517031875 0.832433828125 0.3645813140625 0.8178063906249999 0.3521086109375 0.8100447984375 0.34359950625 0.8131391328124999 0.326781571875 0.822087859375 0.30383892343749996 0.8341652109375 0.2851257921875 0.8443503890624999 0.2676528875 0.8661565046874999
0 0.241964596875 0.7966279828125 0.23134444375 0.8143968890625001 0.24365136718749997 0.8362866109375 0.2585970984375 0.8398331265625 0.275815584375 0.8364045093750001 0.297702709375 0.8316644421875001 0.31976711406249997 0.8184256359375001 0.34150403281249997 0.8116155296875001 0.3656483359375 0.8160985000000001 0.362651621875 0.8021546546874999 0.36863020625 0.7751284218750001 0.3624939921875 0.772627653125 0.33956691562499997 0.7685068328125 0.322587278125 0.7697561234375 0.2976377953125 0.776060503125 0.2738169015625 0.7869764015625 0.241964596875 0.7966279828125
0 0.21074353750000002 0.853275475 0.1931089265625 0.8673821609375001 0.18983071875 0.882384590625 0.1706013234375 0.9018678046874999 0.176910740625 0.9176974046874999 0.18637115625 0.927713325 0.1949303296875 0.925309003125 0.2110317234375 0.922898259375 0.227911225 0.9202689421875 0.2490703125 0.9164374609375001 0.2673328234375 0.900042165625 0.2784536640625 0.8891733953125 0.270010203125 0.876759571875 0.26856970156250004 0.862378578125 0.273153778125 0.843488928125 0.258358253125 0.8420124546875 0.2450688703125 0.8394088171874999 0.234953484375 0.8422502890624999 0.21074353750000002 0.853275475
0 0.5994626890625 0.381821671875 0.6197691640625 0.39822844218750003 0.6296723765625 0.4087131609375 0.6529550875 0.3859581890625 0.676995646875 0.385101315625 0.715907325 0.383015184375 0.7428915140625 0.37690923125000003 0.760077315625 0.3617631796875 0.7626823984375 0.3403944828125 0.7559083921875 0.3157641640625 0.7359163921875 0.3036912515625 0.69345620625 0.314144503125 0.642955584375 0.328330428125 0.6105841875 0.3403718765625 0.6026726484375 0.357334928125 0.5994626890625 0.381821671875
0 0.7065437765625 0.43723774843749996 0.7145601421875 0.421719315625 0.7136974703125001 0.3983765984375 0.6932054171875001 0.390866353125 0.6702697875 0.38404251718750004 0.6411805687500001 0.40695450624999996 0.627962571875 0.4195119125 0.6215185812499999 0.45669963593749996 0.642825159375 0.46398108125000004 0.664607715625 0.45491409843749997 0.68741445 0.44850755312499996 0.7065437765625 0.43723774843749996
0 0.440564875 0.49426401875000003 0.4312339328125 0.5145739203125 0.427233521875 0.551075228125 0.4584192390625 0.5570556296875 0.4976779984375 0.5253906953125 0.5233235359374999 0.51229045 0.5493883734375 0.5049686828125 0.5782112640625 0.5012943578125 0.6143889640625 0.507346546875 0.6236150796875 0.485592025 0.6151879484375 0.44963355624999995 0.6289867484375 0.4221723453125 0.6074705203125 0.4120016625 0.5983010828124999 0.41162928125000003 0.5648247578125 0.43135143906250006 0.518606415625 0.447282575 0.47575100312499996 0.4637431109375 0.440564875 0.49426401875000003
0 0.41055325312499996 0.8137222562499999 0.4379326671875 0.80160901875 0.4704329625 0.8027979515625001 0.5106592187500001 0.7959203546875 0.52136141875 0.74869208125 0.5282487796875001 0.72906859375 0.4901516265625 0.73092591875 0.4491108453125 0.7380323234375 0.42233630624999996 0.7470275156249999 0.378456715625 0.7608276171874999 0.3726983546875 0.7845561562500001 0.3691979953125 0.8164948031250001 0.3950772546875 0.8180695546875001 0.41055325312499996 0.8137222562499999
0 0.613249903125 0.6978209468750001 0.5829027859375 0.7033975015625 0.5616443531249999 0.7196875796875 0.5381038453125 0.715981790625 0.53050678125 0.7372787015625 0.526691946875 0.7648834890625 0.547498475 0.7767275953125 0.5669663500000001 0.7815774109375 0.5913213828125 0.7850543953125 0.6251362546875 0.7814518578125 0.66953996875 0.774874853125 0.682733890625 0.7505316859375 0.7139762875 0.734385184375 0.7360492453124999 0.717866303125 0.738549503125 0.695052984375 0.7234446578125 0.6816072390625 0.7080494140625 0.6756133984375 0.67822641875 0.6884130500000001 0.6556293375 0.697708834375 0.643282546875 0.687910534375 0.613249903125 0.6978209468750001
0 0.7419365046874999 0.7073681421875 0.730686109375 0.7355875578125 0.696080784375 0.7512046609375 0.683330234375 0.793112065625 0.7043223375000001 0.79605965 0.7219274375 0.786692078125 0.7659118515625 0.7743365953125 0.81367849375 0.7682889875 0.850332171875 0.757992753125 0.8785827921875 0.7235238078124999 0.8991315234374999 0.7089071546875 0.9063092875000001 0.6818317671874999 0.8752283953125 0.6772959875 0.8706883187500001 0.6490900125 0.8262279265625001 0.6777939187500001 0.7936468796875 0.6869461296875 0.7592271312500001 0.6936667109375 0.7393399546875 0.6830384171875 0.7419365046874999 0.7073681421875
0 0.6715502328125 0.56204474375 0.6902602625 0.5449964609375 0.7066315359375 0.530079215625 0.7306480234375 0.5174365812499999 0.7410838921875 0.48944597031250003 0.738544021875 0.44298934531249995 0.71868091875 0.4441468125 0.6771400843750001 0.45581587968750004 0.64905096875 0.46960254062500006 0.6428166265625 0.509679503125 0.629622703125 0.5340226703125001 0.6287755734375 0.5681641390625 0.65394513125 0.5714123171875001 0.6715502328125 0.56204474375
0 0.6929616359375 0.57077080625 0.6671786656250001 0.616339096875 0.6842029640625 0.6218753265625 0.70354194375 0.6134947625 0.7274776765625 0.6111932703125 0.754671515625 0.607976553125 0.7911155421875 0.5947910796875 0.8368338328125 0.5834226046875 0.8691004046874999 0.5699365359375 0.8476649296875 0.5494247140625 0.8422295734375 0.5317886859375001 0.85111714375 0.49391454531249995 0.8284393078125 0.5135514718749999 0.774446859375 0.5139776203124999 0.7339302 0.528307121875 0.7138815203125 0.538361109375 0.6929616359375 0.57077080625
0 0.325527153125 0.134477409375 0.35038223749999997 0.1333917296875 0.3809149328125 0.11891865312500001 0.396762084375 0.09677830937500001 0.3966091125 0.0717621703125 0.3718347796875 0.06250670781249999 0.3376246796875 0.072116528125 0.301390303125 0.08819123906250001 0.28291399687499996 0.11991452031250001 0.2722117984375 0.1671427921875 0.2882926734375 0.15967745 0.2991719140625 0.1492510796875 0.325527153125 0.134477409375
0 0.515602153125 0.07371388437500001 0.5220461421875 0.0365261625 0.5117717765625 0.043834489062499996 0.4818198859375 0.0434037609375 0.4522872953125 0.048751509375 0.425327178125 0.066643225 0.4051736734375 0.07525259375 0.3888505453125 0.1137413625 0.38813509062499996 0.1146342453125 0.411366875 0.1147867171875 0.444576871875 0.1143022234375 0.47878697031249995 0.10469240312500001 0.5093437375 0.1020050875 0.515602153125 0.07371388437500001
0 0.8668548296875 0.4461254171875 0.8474716265625 0.4279619046875 0.8224975796875 0.41136889375 0.80070625 0.4124312703125 0.772272346875 0.4136732765625 0.7462092734375 0.4344850453125 0.7387175140625 0.47537470312499996 0.74333925 0.512861609375 0.7709612625 0.5135339812499999 0.7997273796875 0.5037670953125 0.8462902218749999 0.47719681875 0.8668548296875 0.4461254171875
0 0.8885715578125 0.5226543546875 0.9213971203125 0.503315584375 0.9548222765625001 0.492239946875 0.9894839171875001 0.458894915625 0.983385859375 0.4403721515625 0.9628860906250001 0.4461306578125 0.9398680374999999 0.41718401250000003 0.9096629015625 0.4071193828125 0.8884711624999999 0.41644489218749997 0.8605169343749999 0.42429740000000005 0.8725655921875 0.44620754218750003 0.8559405140624999 0.466054434375 0.84983269375 0.49981008750000006 0.8532827859375001 0.5342534921875 0.8885715578125 0.5226543546875
0 1 0.4609998234375 0.9889118640625 0.46411454531249996 0.9654043765625 0.48083581249999996 0.9360937453125 0.5093050875 0.8950018312499999 0.532652234375 0.88131963125 0.5668492656249999 0.8865134234375001 0.5991165406250001 0.91098025625 0.5956162843749999 0.9457893546875 0.5774066421875 0.9688447078125 0.5675576328124999 1 0.5588059265624999 1 0.4609998234375
0 1 0.65192574375 0.9919729171875 0.6504353218750001 0.95947956875 0.661249209375 0.9183876546875 0.6845963562499999 0.8971310765625 0.7192347625 0.8737710468750001 0.7510914140625 0.9091148953125 0.7664578 0.9449757203125 0.7496390328125 1 0.739212784375 1 0.65192574375
0 0.8451701640625 0.841754865625 0.8693971625 0.8349493562499999 0.9000268953124999 0.8246589703125 0.8976009890625001 0.778123684375 0.8725070234375 0.759878046875 0.8627368125 0.7693678046875 0.8290718203124999 0.7771381890625 0.7964585546875 0.78629945 0.777849940625 0.8050172171875 0.7644999578125 0.8306893640625 0.781447490625 0.8545960062500001 0.806366459375 0.8442234953125001 0.8451701640625 0.841754865625
0 0.6364550203125 0.8481085125 0.6596302921875 0.83991213125 0.6685335359375 0.8053712265625 0.660784159375 0.7771944546875 0.630846396875 0.7839178375 0.5852802031250001 0.7849134671875 0.5708784953125 0.8091947375 0.5518452859375 0.848267521875 0.561578196875 0.87757341875 0.5869768375 0.8738114140625 0.613999259375 0.8662206546875 0.6364550203125 0.8481085125
0 0.8278858906250001 0.36769748281250003 0.8009558484375001 0.36345810625 0.7855397140625 0.347552846875 0.7579727796875 0.3738459953125 0.733653403125 0.39248163593749996 0.7158566796875 0.40928502812499995 0.71822750625 0.4288547921875 0.7303685453125001 0.4389348 0.763194109375 0.41959603124999995 0.797670990625 0.40991127031249996 0.8260773531250001 0.39518650312500003 0.8278858906250001 0.36769748281250003
0 0.8786734140625001 0.412451890625 0.91315029375 0.4027671296875 0.944591915625 0.390562365625 0.9359107328125 0.36264734375 0.9145715375 0.356837465625 0.9035746031249999 0.3363182 0.880971384375 0.33929495625 0.864318765625 0.34565908749999996 0.847786065625 0.353675846875 0.8272862984374999 0.3594343515625 0.8341962453124999 0.37604273906249996 0.8286604796875 0.4045787625 0.8529425546875 0.4247387765625 0.8786734140625001 0.412451890625
0 0.546165553125 0.521032134375 0.540095034375 0.5159921296875 0.5113289156249999 0.5257590140625 0.496327615625 0.541777153125 0.46930519375 0.5493679124999999 0.45980235937499997 0.5756456859375 0.4561302078125 0.6036582078125 0.4635473671875 0.6403598625 0.500312459375 0.6097965828125 0.5197329625 0.5891644406250001 0.5338024546875 0.5734080515625 0.546165553125 0.521032134375
0 0.4876819859375 0.6453844890625 0.49272831874999995 0.6625163749999999 0.5224262453125 0.652487740625 0.555639103125 0.6515896109375 0.591287628125 0.6449483546875 0.6194541546875 0.6269183359375 0.6617177125 0.6066146921875 0.679247059375 0.5730232859375 0.671073090625 0.5652015328125 0.6388195765625 0.5793206718749999 0.6314299578125 0.5561017781250001 0.6082546859375 0.5642981625 0.5617842234375 0.579038303125 0.5280268515625 0.5986388218750001 0.5061431421875 0.6115313328124999 0.4876819859375 0.6453844890625
0 1 0.36334 0.9981968640625001 0.33849051874999997 0.9712918828125 0.339218071875 0.93564335625 0.3458593296875 0.94747971875 0.37794698125 0.9403201718749999 0.41031175937500003 0.9573600859375 0.422388265625 0.9835057765625 0.44202477812499996 0.9951946812499999 0.4589770421875 1 0.45895921093750003 1 0.36334
0 0.06576417500000001 0.6744214109375 0.0773516875 0.6897455484374999 0.08613606875 0.6892336640625001 0.09478137343750001 0.6868051453125 0.1075942859375 0.673427428125 0.133391125 0.6642252421875 0.1529125984375 0.65971939375 0.1678332703125 0.652594540625 0.174879209375 0.6281247546875 0.165677603125 0.62288674375 0.1432674890625 0.602779940625 0.1387042859375 0.58548263125 0.111371959375 0.6039167890625 0.1016779296875 0.6222854921875001 0.07829893593750001 0.6572104265625 0.06576417500000001 0.6744214109375
0 0.016865615625 0.7618878687499999 0.024286398437500002 0.7486551328125 0.0407425578125 0.7322983062499999 0.060232092187499996 0.7121558359375 0.0729754671875 0.697819803125 0.062607690625 0.68410873125 0.0662885375 0.6664513171875 0.0781279234375 0.6396571734375 0.099901890625 0.6130058984375 0.0766676328125 0.6195325390625 0.053465314062500005 0.6416958 0.034253929687500004 0.6656715328125 0.014448646875000002 0.6966590421875 0.0123761140625 0.700016846875 0.016865615625 0.7618878687499999
0 0.1891148140625 0.649549978125 0.17949598125 0.6385620703125 0.1604236734375 0.6644544359375 0.1355684203125 0.6714364234375 0.10991065625 0.6825552390625 0.08243925468749999 0.699072765625 0.07070700468749999 0.7121469203124999 0.0606652875 0.72572404375 0.0782659859375 0.74033689375 0.09680827343750001 0.752729546875 0.11584298125 0.7415154859374999 0.13533251875000002 0.721373015625 0.159995125 0.7193343921875 0.1845346265625 0.7231974453125 0.21069512499999998 0.7266051499999999 0.2299544171875 0.726084346875 0.23815055625 0.7022693140625 0.2222723296875 0.7037960515624999 0.1945763453125 0.709620321875 0.19783996406249998 0.6862130093750001 0.20145127031249999 0.6675972812500001 0.1891148140625 0.649549978125
0 0.22682794843749998 0.9861042843750001 0.21652395000000002 0.9664966343750001 0.215657559375 0.9393602203125001 0.184008240625 0.9286937125 0.1564353625 0.9286163015625 0.135833225 0.9334257125000001 0.11015949218750001 0.93672621875 0.098850128125 0.925235346875 0.075455165625 0.9523419671875001 0.06232650468749999 0.9765647281250001 0.092007140625 0.9828950031250001 0.1045011125 0.99370771875 0.22682794843749998 0.9861042843750001
0 0.11712093750000001 0.8047167203125 0.0968129203125 0.8211777078125 0.07943114375 0.8475730421875 0.0932119234375 0.877926675 0.103301546875 0.8878044812500001 0.1211700875 0.868117359375 0.14332368125 0.8618942828125 0.169676821875 0.8603586265625 0.1949492984375 0.8591265343750001 0.20802439218750002 0.8417637687499999 0.23734137031250002 0.8354841546875 0.2314193546875 0.8146571453125 0.2351001984375 0.7969997328125 0.2140808375 0.7960592484375 0.1923980375 0.801172228125 0.167719459375 0.7953925421875 0.1415053953125 0.79884483125 0.11712093750000001 0.8047167203125
0 0.27582337031250004 0.75035776875 0.2923969734375 0.758414190625 0.308221634375 0.7637474421875 0.3353932546875 0.76589326875 0.3599167875 0.7619380109375 0.3615594125 0.7389860484375 0.3601686609375 0.719819728125 0.3705261265625 0.695397565625 0.3445902125 0.70268311875 0.326812840625 0.700831940625 0.3080938796875 0.701200959375 0.2886795421875 0.69198681875 0.272763715625 0.7081918640625 0.2624757859375 0.7335723453125 0.27582337031250004 0.75035776875
0 0.3700054015625 0.8705789046874999 0.36384748125 0.8996884906249999 0.36595523750000003 0.9059413546874999 0.37731817031250003 0.9105722374999999 0.391088640625 0.9027926296875 0.4116212390625 0.8970249015625 0.43070951874999996 0.8789508484375 0.45101753437500003 0.862489859375 0.464686528125 0.8381153171875001 0.46904678125 0.8222227546875001 0.44998013124999997 0.8178001921875 0.4425921640625 0.8071634734375 0.42564924218750005 0.8168120875 0.412889896875 0.8233298140624999 0.39493585000000003 0.834240309375 0.3787418734375 0.846612090625 0.3700054015625 0.8705789046874999
0 0.4745459125 0.8676147921874999 0.48650274375 0.865233896875 0.503129915625 0.8664303234374999 0.520142375 0.857740025 0.5415470250000001 0.84879378125 0.5577250328125001 0.8286036906250001 0.5656430218749999 0.80095539375 0.5459129359375 0.8025862937499999 0.5292002578125 0.7926132406249999 0.510689909375 0.7958572109375 0.488011953125 0.8100503765625 0.475199040625 0.8234280953124999 0.46658567343749996 0.8414932359374999 0.458057815625 0.8683350000000001 0.4745459125 0.8676147921874999
0 0.2703917515625 0.9034502203124999 0.24089809843749999 0.9224915078124999 0.2182737109375 0.9298246812500001 0.220504575 0.9301758687499999 0.2259181984375 0.9667912812499999 0.23912670781249998 0.981660075 0.24696099062500002 0.9848528796875 0.28901239218749997 0.982239103125 0.289880275 0.9820708375 0.32311865 0.976645378125 0.35156357968749996 0.9735442781250001 0.3579996484375 0.9482679578125 0.375413365625 0.9375092437499999 0.3876699765625 0.9164649984375 0.3723161109375 0.9100216453125001 0.35734753124999996 0.8936915671874999 0.3341828140625 0.901176525 0.3036301265625 0.8980247625000001 0.28254122656249997 0.8961259625 0.2703917515625 0.9034502203124999
0 0.1512942265625 0.9261490765625 0.175817759375 0.9221938203125 0.17132409531249998 0.9058548265624999 0.16764890937500002 0.8931973140625 0.1836183046875 0.8701322734374999 0.17112114218750002 0.872664953125 0.1517923125 0.8722274406249999 0.125107453125 0.8767898265625 0.1112138765625 0.8904711078125 0.099288984375 0.908488625 0.11546133125 0.9186134593749999 0.1333777796875 0.92238126875 0.1512942265625 0.9261490765625
0 0.078162484375 0.9212681296874999 0.09205606093749999 0.9075868484375 0.0943780921875 0.8863997343750001 0.068495746875 0.8868252906249999 0.048155790625 0.8876496609375 0.0276320015625 0.9102622671875 0.0303579265625 0.9478289468750001 0.04685519375 0.9457081281249999 0.06328972187500001 0.951847915625 0.08023264531249999 0.9421993015625001 0.078162484375 0.9212681296874999
0 0.056666070312500004 0.4882521625 0.0771826984375 0.4746661234375 0.10149761875 0.4678359171875 0.127433534375 0.4605503640625 0.163148984375 0.4436727328125 0.168226240625 0.414866715625 0.13148369531249998 0.4251879140625 0.10138017343750001 0.4434226703125 0.06627459062499999 0.46110683124999996 0.0504123328125 0.4704518828125 0.04556531875 0.479636234375 0.029788565625000003 0.4977579109375 0.040364954687499996 0.5143439296875 0.056666070312500004 0.4882521625
0 0.1936001953125 0.430229559375 0.2157537890625 0.424006484375 0.24304851562500002 0.42025063124999995 0.22902152656250002 0.4017003578125 0.2198734875 0.3896023546875 0.1749028640625 0.40810196562499995 0.1664981109375 0.42904204999999995 0.1936001953125 0.430229559375
0 0.3164481015625 0.39083160625 0.2985852203125 0.380203803125 0.2822362 0.382840640625 0.2662724640625 0.37559075468750003 0.25121271875 0.38079897812499997 0.22757720625000002 0.38939403125 0.24019181406249998 0.41127460156250006 0.2597292578125 0.4145870625 0.2835733828125 0.40886695624999997 0.30879229218750004 0.41449485937499997 0.3164481015625 0.39083160625
0 0.19679731250000002 0.1095746734375 0.22597521562499998 0.1013784265625 0.2429181390625 0.0917298125 0.2143557640625 0.07041766875 0.199419125 0.0697242109375 0.17989765156249998 0.0742300578125 0.14036228125 0.1068484671875 0.1184652078125 0.1394014234375 0.131796821875 0.1483685390625 0.1533245765625 0.13352061875000001 0.167897559375 0.12160418437500001 0.19679731250000002 0.1095746734375
0 0.2387881296875 0.0880007078125 0.2485300671875 0.0930869375 0.2671635203125 0.08394128906250001 0.28473228125 0.08291751875 0.30382055937499997 0.064843465625 0.3295638296875 0.0625012734375 0.3412105734375 0.0406504953125 0.33307366250000003 0.0272906078125 0.318677353125 0.026445368749999996 0.3044880625 0.0200837515625 0.22631546875000003 0.042042896875 0.23021802343750003 0.0610726171875 0.2387881296875 0.0880007078125
0 0.4276400640625 0 0.4060184203125 0.006799992187499999 0.38102409531250003 0.011865346875 0.35928772656249996 0.02383831875 0.3402689859375 0.0428706890625 0.345233446875 0.058099585937499997 0.3523432640625 0.06490304375 0.35996147343749996 0.055918095312500006 0.37345379375 0.044305225 0.39238136562500003 0.0468111546875 0.4193284046875 0.038263721875000004 0.44167464218749997 0.02709728125 0.44129501718749997 0.006669084375 0.4367362828125 0 0.4276400640625 0
0 0.44464587499999997 0 0.443718525 0.00207690625 0.44632901406250003 0.02285629375 0.458023665625 0.024460446875 0.4708525484375 0.018901037500000002 0.48800408125 0.01212736875 0.5067766125000001 0.00489835625 0.52421431875 0 0.44464587499999997 0
0 0.5024947796875 0.7209091546875 0.52478745 0.7166027125000001 0.543073215625 0.7026654859375 0.5600697046875001 0.6861568765625 0.562739425 0.6697613437500001 0.559133778125 0.6580621468750001 0.5425761421875 0.6578240375 0.5130505515625 0.66122870625 0.4913677515625 0.66634168125 0.47207085937500004 0.6815407875 0.47224187500000003 0.6990940421875 0.45323910156249997 0.7259447234375 0.4793995984375 0.7293524265625 0.5024947796875 0.7209091546875
0 0.7154529265625 0.859591403125 0.7437587796875 0.85457366875 0.7605466562500001 0.8351901109375 0.7767622640625 0.8003217156250001 0.7705085281249999 0.7825214359375 0.737895990625 0.7965717390625 0.7064336546875001 0.8112767921874999 0.6825040234374999 0.808220275 0.6690652703125 0.8129731484375 0.654711209375 0.8658977671875 0.6747730140625 0.8612401359374999 0.6907743484375 0.8538117171874999 0.7154529265625 0.859591403125
0 0.7222949015625 0.9006948296875 0.7067837109374999 0.9155113921875 0.8903161265625 0.8639560453125 0.8760648124999999 0.8467436046874999 0.8490482343749999 0.8543327218749999 0.8133168140624999 0.8633920390625001 0.768175175 0.8643384 0.7239215578125 0.8699245578125 0.7222949015625 0.9006948296875
0 0.2749357625 0.18345437343749998 0.271191040625 0.1698385453125 0.236941540625 0.176525884375 0.213236490625 0.1841626234375 0.2304359328125 0.2008438890625 0.23864238124999998 0.21516208906249998 0.2588056640625 0.2270993953125 0.27960044375000004 0.2173466203125 0.3020697875 0.200278503125 0.2749357625 0.18345437343749998
0 0.5676970640625 0.71261605625 0.5797715796875 0.7038127453125 0.59813254375 0.690537784375 0.6095310031250001 0.686433971875 0.6312176265625 0.6839497406249999 0.6544981890625 0.6683909156250001 0.6614312359375 0.6447973578124999 0.6626256171875 0.6192081546875 0.634168903125 0.6335152374999999 0.605519775 0.6451706203125 0.56783578125 0.6584620296875 0.5637647015625 0.6794478093749999 0.554196784375 0.6947623390625 0.5558496390625 0.7105325609375 0.5676970640625 0.71261605625
0 0.680571359375 0.6773013234375 0.7056677328125 0.665742015625 0.7259528328125 0.6789840828125 0.7438942875000001 0.673944221875 0.7597191953125 0.6397356265624999 0.7731805078125 0.6079948171875 0.7526830453125 0.6128507578125 0.7331329203125 0.623754009375 0.709694625 0.6231226265625 0.685274309375 0.6299824375 0.66583773125 0.6354422859375 0.656156265625 0.656200221875 0.653644446875 0.6776499140625 0.6556032625 0.6906284359375 0.680571359375 0.6773013234375
0 0.7684229296875 0.6896019203125 0.7938399921875 0.6824621171875 0.8173771078125001 0.6704388953125 0.8492730281249999 0.661479140625 0.872716546875 0.6341496109375 0.8811447140625001 0.6101360640625 0.8683993578125 0.5956779578125 0.8568431656250001 0.5835915609375 0.8354130921875 0.589611396875 0.8025845593750001 0.59973504375 0.780221878125 0.606918771875 0.7674860328124999 0.62763278125 0.753027971875 0.659653584375 0.7517547234374999 0.6771476828125 0.7684229296875 0.6896019203125
0 1 0.5634269749999999 0.978924790625 0.5700422125 0.956497971875 0.5763420406249999 0.9223814609375 0.596748584375 0.8905349484375 0.599381034375 0.8804045171875 0.6139516640625 0.8750307312500001 0.6380091328125 0.880009246875 0.6645700828125001 0.9019030140625001 0.671948759375 0.9186059015625 0.670864490625 0.9443289234375 0.6609329890625 0.969859534375 0.64834978125 0.9822105515624999 0.6223323656249999 0.9995305796875 0.5877037828125 1 0.58587605 1 0.5634269749999999
0 1 0.7429096093750001 0.9905163828125 0.7426787609375001 0.9714166421874999 0.75022183125 0.9394665359375001 0.7668192578124999 0.9081003531249999 0.7745412828125 0.9023333796875 0.788139396875 0.903453053125 0.8204925140625001 0.88196426875 0.8374180546875 0.8919368875 0.8563951125000001 0.9030995 0.8603651203125 0.9045726734375 0.859951296875 0.9164519875 0.847330834375 0.953912671875 0.8389857468749999 0.9848916750000001 0.825927875 1 0.8055757078125 1 0.7429096093750001
0 0.1703904890625 0.7883374578125 0.1929076296875 0.78432381875 0.21000568125000002 0.786455546875 0.23213074531250003 0.7860193796875 0.26072449999999997 0.7849218984374999 0.2884141609375 0.7713648125 0.2764064375 0.75855695 0.2607945078125 0.74098263125 0.2662580375 0.7174880906250001 0.2769951515625 0.694823728125 0.2576712625 0.697940365625 0.2461122421875 0.7092778156249999 0.22746475156249998 0.7306969125 0.196088696875 0.7383548546875 0.19109943437500002 0.7594046109375 0.1703904890625 0.7883374578125
0 0.17333716875 0.7840423796875 0.17744120624999998 0.7597739515625 0.19106168437499998 0.7409227515625 0.1642006234375 0.7299757171875 0.1439915109375 0.7298736828125 0.1295491265625 0.7373979703125 0.10978871718750001 0.761441253125 0.0929938625 0.7904303875 0.1208034625 0.7964878515625 0.1394065125 0.7924179234375 0.1645604453125 0.7888193718750001 0.17333716875 0.7840423796875
0 0.10141625781250001 0.8077127296875 0.0910779125 0.7909685875 0.0957572859375 0.774628996875 0.1022704203125 0.7566185109375 0.0894974140625 0.760206525 0.064096909375 0.760407003125 0.043103640625 0.7674599171875001 0.030779337499999997 0.7951932453125 0.043855540625 0.8227260968750001 0.0674222859375 0.8241965125 0.0898572359375 0.8190501812500001 0.10141625781250001 0.8077127296875
0 0.8083357093749999 0.302853409375 0.8168281109375 0.2761964828125 0.8289247156249999 0.254306009375 0.8171635640625 0.2448962171875 0.8028855593750001 0.2546858890625 0.7723947265625 0.2655625015625 0.74693090625 0.273871221875 0.7402533906250001 0.2896163203125 0.754360321875 0.3133922984375 0.76628585625 0.325067471875 0.787279125 0.318014559375 0.8083357093749999 0.302853409375
0 0.557122746875 0.57683773125 0.584255946875 0.564592740625 0.6076394359374999 0.55455684375 0.6294801765625 0.532240740625 0.6450799203125 0.5047430984375 0.64603515 0.4640225046875 0.623435815625 0.46690345312500003 0.6245231703125 0.49086936875 0.620482446875 0.507029559375 0.5969157015625 0.5055591453125 0.5749550203125 0.5082606953125001 0.5512616453125 0.5230067578125001 0.5465189546875 0.5474545890625 0.535636334375 0.5770944984375 0.557122746875 0.57683773125
0 0.0314426234375 0.65161259375 0.05457932343750001 0.63919210625 0.042042496875 0.632055525 0.041414309375 0.604994228125 0.063857946875 0.5738204203125 0.09531385 0.5472205171875 0.051236904687499994 0.56552324375 0.0247247359375 0.56823366875 0.015200321875 0.5934098890625 0.0064352296875 0.61814395625 0.0106466703125 0.6761829453125 0.014532228125 0.667021078125 0.0314426234375 0.65161259375
0 0.031056459375 0.43365388125 0.016991009374999998 0.4335615671875 0.002011128125 0.4418128875 0.0014448546874999998 0.442045834375 0.0015624796875 0.47803287812499995 0.0169722015625 0.469957278125 0.0242060203125 0.4544473203125 0.040376864062500004 0.43642689843750004 0.031056459375 0.43365388125
0 0.039793990625 0.470285471875 0.0187492421875 0.47350148125 0.00991906875 0.48272089687499997 0.0015876406249999999 0.4857302296875 0.0016866859375000002 0.5160326765625001 0.0050483656250000005 0.5150883609375 0.0245926046875 0.5069026796875 0.02316593125 0.49247771250000005 0.039793990625 0.470285471875
0 0.030329118750000002 0.5335949265625 0.0348863734375 0.507380584375 0.0158103546875 0.51678253125 0.0017033187500000001 0.5211214296875 0.0018121984375 0.554432759375 0.002080790625 0.558134290625 0.008716403125 0.55516569375 0.027478971875 0.5519168671875 0.030329118750000002 0.5335949265625
0 0.0039397390625 0.4055545953125 0.0013274390625 0.40612327343750004 0.0014045765625 0.4297231453125 0.00947355625 0.42421701875 0.031321984375 0.426840325 0.045376428125 0.42154455312500005 0.020047753125 0.4023775515625 0.0039397390625 0.4055545953125
0 0.00257979375 0.35539434999999997 0.001162225 0.3555765875 0.0013174093749999999 0.4030549703125 0.0044928 0.40270365 0.0212866375 0.39326888125 0.0214822296875 0.3750187265625 0.0195653234375 0.3486013234375 0.00257979375 0.35539434999999997
0 0.019931292187499998 0.2541529609375 0.0013384031249999999 0.2492673640625 0.0008150953125000001 0.24937428437500003 0.0009184921875 0.28100822812500004 0.009165403125 0.27335068906250004 0.019931292187499998 0.2541529609375
0 0.031550596874999996 0.9642654625 0.0340049484375 0.998089528125 0.07665226093750001 0.9954387109375 0.0798871640625 0.9914015624999999 0.0644429640625 0.9775447171874999 0.06253706249999999 0.956515396875 0.0326990546875 0.9642231734375001 0.031550596874999996 0.9642654625
0 0.085507215625 0.869869221875 0.07969686875000001 0.8526322703125 0.0797486921875 0.8324008078125 0.05832056249999999 0.8303333328125 0.03310584375 0.8441552671875 0.023772465625 0.8570729781249999 0.0274035296875 0.9071136265625 0.0449771578125 0.8873194265625 0.06554267968750001 0.8774990671875 0.0775286453125 0.885588384375 0.085507215625 0.869869221875
0 0.6731931171875 0.9249471890625 0.684086384375 0.9218872062499999 0.709732946875 0.8971624828125 0.7020032578125 0.8652106671875 0.6747642843749999 0.8792603453125001 0.6515976984375 0.8665737140625 0.6322872515625 0.8656000453124999 0.59140266875 0.8738857250000001 0.556620496875 0.8751254609375 0.5444915078125 0.8902623937499999 0.5189382296875 0.9358289828125 0.5384761703125001 0.939937790625 0.55925099375 0.9362347140624999 0.602568340625 0.92833200625 0.64936266875 0.9269170265625 0.6731931171875 0.9249471890625
0 0.494731021875 0.1327324671875 0.49028561093749995 0.12427322031250002 0.49153388124999997 0.11130218750000001 0.4649033578125 0.113928865625 0.45029737968749994 0.12385656406250001 0.4272306515625 0.13033614531249998 0.42082513125 0.147668278125 0.4146957578125 0.1688060328125 0.4411350265625 0.171087075 0.4658110640625 0.164155428125 0.48398083593749996 0.15808063125 0.494731021875 0.1327324671875
0 0.8360647999999999 0.32412435 0.8755872015625 0.33860913593749997 0.9223797078124999 0.333993803125 0.9601104109374999 0.33704135156250004 0.9975985078124999 0.33674546875 0.9980743390625 0.336801953125 0.99195131875 0.2524189984375 0.946140753125 0.2505585796875 0.89086510625 0.25755688125 0.8477494390625001 0.2730799109375 0.8360647999999999 0.32412435