0 0.18738730625 0.1802077171875 0.1958681984375 0.1723101671875 0.1926373828125 0.1529252734375 0.1990990125 0.136412215625 0.18213723125 0.1378481328125 0.1688101171875 0.13066854375 0.15911766875 0.1328224203125 0.14861751875 0.1242069125 0.13569425625 0.131386503125 0.1211555859375 0.13569425625 0.10298224843749999 0.1414379296875 0.096116765625 0.15148935624999998 0.087232021875 0.16513057656250002 0.079558834375 0.1802077171875 0.087232021875 0.18810526562500002 0.094905209375 0.19025914375 0.109040028125 0.18810526562500002 0.13327114375 0.186669346875 0.1494252234375 0.1787717984375 0.1675985609375 0.1758999625 0.18738730625 0.1802077171875
0 0.2818886640625 0.1723101671875 0.30531207656250003 0.16656649375000002 0.306927484375 0.1579509859375 0.3109660046875 0.1414379296875 0.318639190625 0.1198991578125 0.30086970625 0.118463240625 0.29077340625 0.118463240625 0.2734077734375 0.11056569062499999 0.262907621875 0.11200160781249999 0.2503882109375 0.1141554859375 0.235849540625 0.10984773125 0.216464646875 0.1198991578125 0.2059644953125 0.13569425625 0.1958681984375 0.15148935624999998 0.19707975312499998 0.1636946578125 0.20031056875000003 0.173746084375 0.214041534375 0.17446404375 0.224137834375 0.17446404375 0.2451381359375 0.1715922078125 0.26452302968749997 0.17087424843750001 0.2818886640625 0.1723101671875
0 0.14861751875 0.20318240625 0.1474059625 0.19528485625 0.13811736875 0.18882322499999998 0.1235786984375 0.18882322499999998 0.1033861 0.1909771015625 0.0940975046875 0.1988746515625 0.077539575 0.21107995468750002 0.0856166140625 0.22615709375 0.093693653125 0.23118280625 0.10742461875 0.234772603125 0.123174846875 0.22543913437500002 0.13811736875 0.2225672984375 0.1478098140625 0.21610566874999998 0.14861751875 0.20318240625
0 0.19223352968750002 0.19241301875 0.1829449359375 0.1802077171875 0.1696178203125 0.1852334296875 0.1506367796875 0.1916950609375 0.1526560390625 0.2117979140625 0.1627523375 0.2189775046875 0.1748678953125 0.22615709375 0.1926373828125 0.23046484843749998 0.2051567921875 0.2196954625 0.20031056875000003 0.2117979140625 0.19223352968750002 0.19241301875
0 0.2536190265625 0.18379751093750002 0.244734284375 0.1766179203125 0.226560946875 0.1766179203125 0.21161842343749998 0.1780538390625 0.20434908749999997 0.183079553125 0.1966759015625 0.19241301875 0.20313753281250002 0.20749015937499998 0.21202227499999998 0.2175415859375 0.2269647984375 0.2189775046875 0.2463496921875 0.221849340625 0.2641191765625 0.213951790625 0.2641191765625 0.1988746515625 0.2536190265625 0.18379751093750002
0 0.1534637421875 0.2713885125 0.1663870046875 0.26492688124999997 0.1837526390625 0.265644840625 0.1938489375 0.2534395375 0.18981041875 0.23908035625 0.18617575 0.23046484843749998 0.1708293765625 0.22328525781250003 0.157098409375 0.22041342187500002 0.1457905546875 0.22472117656249999 0.129232625 0.23190076718750002 0.10500150781249999 0.239798315625 0.09934757968749999 0.25056770156249997 0.0827896515625 0.2685166765625 0.078347278125 0.2742603484375 0.0827896515625 0.277132184375 0.09167439375 0.285029734375 0.1058092109375 0.28287585625 0.126001809375 0.2800040203125 0.14175203593750002 0.27785014375 0.1534637421875 0.2713885125
0 0.2972350375 0.2749783078125 0.3129852640625 0.2692346359375 0.3065236328125 0.25774729218750003 0.288754146875 0.23908035625 0.294811925 0.22615709375 0.28552333124999996 0.21825954374999998 0.2685615484375 0.21107995468750002 0.2568498421875 0.2196954625 0.23383028125 0.22543913437500002 0.2148492390625 0.2168236265625 0.2059644953125 0.22543913437500002 0.191021975 0.233336684375 0.1954643453125 0.25056770156249997 0.20031056875000003 0.2613370859375 0.21202227499999998 0.2613370859375 0.23019561406250003 0.2627730046875 0.2507920640625 0.2627730046875 0.27260006875 0.2627730046875 0.2972350375 0.2749783078125
0 0.13569425625 0.3094403421875 0.13205958906249998 0.291491365625 0.136098109375 0.28287585625 0.10500150781249999 0.285029734375 0.0900589859375 0.29077340625 0.086020465625 0.29508116093750003 0.077539575 0.3094403421875 0.088443578125 0.323799521875 0.09853987656249999 0.32954319375 0.10742461875 0.3352868671875 0.1199440296875 0.33026115312500004 0.1316557359375 0.32738931718750003 0.1449828515625 0.315901971875 0.13569425625 0.3094403421875
0 0.2051567921875 0.2692346359375 0.19707975312499998 0.2663628 0.176483303125 0.2685166765625 0.15104063125 0.27785014375 0.14336744375 0.2886195296875 0.13569425625 0.2972350375 0.14861751875 0.3151840140625 0.158309965625 0.3151840140625 0.1785025640625 0.315901971875 0.19627205 0.315901971875 0.20273368125000002 0.299388915625 0.1958681984375 0.2792860625 0.2051567921875 0.2692346359375
0 0.2479651 0.2706705546875 0.2245416859375 0.26492688124999997 0.208791459375 0.2685166765625 0.1995028640625 0.2800040203125 0.208791459375 0.302978709375 0.2217147234375 0.30872238125 0.237061096875 0.3080044234375 0.2588691015625 0.3080044234375 0.266946140625 0.2972350375 0.2556382875 0.27785014375 0.2479651 0.2706705546875
0 0.3259085265625 0.317337890625 0.3182353390625 0.302978709375 0.30450437343750003 0.291491365625 0.3194468953125 0.2749783078125 0.31177370781249997 0.2742603484375 0.2968311859375 0.277132184375 0.28350407187500004 0.2706705546875 0.269369253125 0.265644840625 0.2600806578125 0.2706705546875 0.263715325 0.286465653125 0.2697731046875 0.3001068734375 0.27623473593750003 0.30728646406250004 0.28552333124999996 0.3144660546875 0.29965815 0.32164564375000004 0.318639190625 0.32954319375 0.3259085265625 0.317337890625
0 0.1958681984375 0.35538971875 0.189406565625 0.3489280875 0.1780987125 0.3331329890625 0.1938489375 0.31949176874999996 0.1890027140625 0.31805585000000003 0.1696178203125 0.31877380781250003 0.1506367796875 0.3209276859375 0.139328925 0.32738931718750003 0.1199440296875 0.336004825 0.10217454374999999 0.3403125796875 0.0953090609375 0.35036400625 0.081981946875 0.3647231859375 0.097328321875 0.37333869375 0.1082323234375 0.3719027765625 0.1243864015625 0.36759502187500004 0.14134818437500002 0.3647231859375 0.158309965625 0.35826155625 0.1785025640625 0.35969747343749997 0.1958681984375 0.35538971875
0 0.2903695546875 0.343184415625 0.2980427421875 0.328825234375 0.28673488593749996 0.3202097265625 0.2742154765625 0.3080044234375 0.2580613984375 0.3101583 0.243118875 0.31159421875 0.2249455390625 0.30872238125 0.2091953109375 0.31087625937499996 0.1986951609375 0.3209276859375 0.184156490625 0.33456890625 0.19223352968750002 0.34749216875 0.19748360468749998 0.354671759375 0.2063683484375 0.35036400625 0.2277725015625 0.35036400625 0.248772803125 0.34749216875 0.2697731046875 0.34533829374999997 0.2903695546875 0.343184415625
0 0.40869817656249996 0.36328726875 0.41919832812499996 0.343184415625 0.4131405484375 0.33385094843749996 0.40062113750000006 0.3259533984375 0.3864863203125 0.317337890625 0.3747746125 0.31805585000000003 0.3582166828125 0.3202097265625 0.3416587515625 0.3202097265625 0.3283316390625 0.3202097265625 0.3170237828125 0.33385094843749996 0.30490822500000003 0.328825234375 0.29602348125 0.34174849687500003 0.3057159296875 0.35682563749999996 0.317427634375 0.3661591046875 0.3347932703125 0.37118481875 0.3549858671875 0.3704668578125 0.3707360921875 0.3697489 0.39173639531250004 0.3697489 0.40869817656249996 0.36328726875
0 0.25967680625 0.447288475 0.282292515625 0.44226276093749994 0.29602348125 0.427185621875 0.30369666875 0.4034929734375 0.287542590625 0.388415834375 0.26573458437499997 0.3848260390625 0.24958050781250002 0.380518284375 0.22817635468750003 0.3790823671875 0.2067722 0.3776464484375 0.191829678125 0.38626195625 0.1793102671875 0.3963133828125 0.16921396875 0.4106725640625 0.16396389375 0.415698278125 0.177694859375 0.4293394984375 0.18981041875 0.432211334375 0.20071442187500002 0.43580113125000003 0.2217147234375 0.43436521250000004 0.24029191249999998 0.4436986796875 0.25967680625 0.447288475
0 0.396178765625 0.5478027390625 0.4022365453125 0.530571721875 0.40667891718750004 0.5047251968750001 0.40869817656249996 0.4860582625 0.3897171359375 0.47600683593750004 0.3719476484375 0.47098112187499996 0.3574089796875 0.4623656140625 0.3303508984375 0.45733990156250004 0.3073313375 0.45375010624999995 0.28633103437499996 0.44154480312500005 0.2705808078125 0.459493778125 0.25725369531250003 0.48103254843750004 0.24917665625000002 0.5011354015625 0.23665724375 0.5276998859375001 0.2568498421875 0.5320076406250001 0.274619328125 0.5327255984375 0.2972350375 0.5341615171874999 0.3230815625 0.5399051890625 0.35013964375 0.549956615625 0.36831298125 0.5442129437500001 0.396178765625 0.5478027390625
0 0.25967680625 0.53631539375 0.2378688 0.52841784375 0.2382726515625 0.51549458125 0.251195915625 0.49395581093749996 0.2560421390625 0.473135 0.242311171875 0.473135 0.22252242656250001 0.47744275468749997 0.20192597656250003 0.4831864265625 0.185368046875 0.493237853125 0.1680024125 0.5140586640625 0.1760794515625 0.52339213125 0.1837526390625 0.5298537624999999 0.194252790625 0.5334435578125001 0.20959916406249998 0.5442129437500001 0.225349390625 0.5377513125 0.2503882109375 0.54134110625 0.25967680625 0.53631539375
0 0.242311171875 0.4702631640625 0.262907621875 0.46954520468750005 0.2705808078125 0.4523141875 0.2588691015625 0.4523141875 0.242311171875 0.44657051562500005 0.22898405781250003 0.440108884375 0.2059644953125 0.4372370484375 0.1934450859375 0.44657051562500005 0.175271746875 0.4602117375 0.158309965625 0.47098112187499996 0.151848334375 0.48893009843749996 0.159521521875 0.49682764687500003 0.168406265625 0.49610968906249997 0.1817333796875 0.48893009843749996 0.1966759015625 0.48103254843750004 0.21161842343749998 0.47457091875 0.22736865 0.47098112187499996 0.242311171875 0.4702631640625
0 0.13569425625 0.44872439374999995 0.1494252234375 0.44298072031249996 0.1667908578125 0.44585255625000003 0.180925675 0.4523141875 0.19223352968750002 0.44082684375000003 0.180925675 0.432211334375 0.162348484375 0.420723990625 0.165983153125 0.41282644218750003 0.1857718984375 0.389851753125 0.16113692968749999 0.39056971093750004 0.142963590625 0.39056971093750004 0.11752091875 0.39415950624999996 0.096116765625 0.40133909687499997 0.0815780953125 0.420723990625 0.074308759375 0.44082684375000003 0.0726933515625 0.45805785937500004 0.08440505937500001 0.45375010624999995 0.093693653125 0.45087826875000003 0.10217454374999999 0.4501603109375 0.1110592875 0.4515962296875 0.120751734375 0.45087826875000003 0.13569425625 0.44872439374999995
0 0.14215588750000002 0.50257131875 0.15548300312500002 0.49682764687500003 0.1538675953125 0.48103254843750004 0.1566945578125 0.467391328125 0.14215588750000002 0.46523744999999994 0.1215594375 0.46667336875 0.10015528437500001 0.47385295781250003 0.089655134375 0.4867762203125 0.079558834375 0.5011354015625 0.0799626859375 0.5032892796875 0.0856166140625 0.51334070625 0.094905209375 0.5126227453125 0.104193803125 0.509750909375 0.11429010312500001 0.5054431562499999 0.12640566250000002 0.5018533609375 0.14215588750000002 0.50257131875
0 0.41755885781249996 0.47297008125 0.427970903125 0.45892778281249996 0.43335644218749997 0.439779196875 0.44412752187500004 0.414886034375 0.4498720984375 0.3957374484375 0.43802391093750004 0.3931843046875 0.42761186718750005 0.38871630156250003 0.40499260000000004 0.381695153125 0.3924263390625 0.38041858125 0.37950104375 0.3823334390625 0.37124321562499996 0.39190773125 0.35257334375 0.3976523078125 0.334262509375 0.41999232500000006 0.3245685359375 0.437226053125 0.33785286875 0.45126834843749997 0.3471878046875 0.4563746390625 0.3644215328125 0.45892778281249996 0.3744745390625 0.47233179375 0.3909901953125 0.47488493906249996 0.408582959375 0.48190608749999997 0.41755885781249996 0.47297008125
0 0.3364167234375 0.412332890625 0.3500600921875 0.39829059375 0.3453926234375 0.396375734375 0.3292360046875 0.3950991625 0.31702878125 0.39892888125 0.307334809375 0.4072266015625 0.2979998734375 0.42063061093750004 0.2904601171875 0.43594948125000005 0.30087216250000004 0.4487152046875 0.3123613125 0.4506300625 0.322414321875 0.4563746390625 0.3321082921875 0.45126834843749997 0.32995407656250003 0.44105576874999997 0.324927571875 0.43467290781249995 0.3364167234375 0.412332890625
0 0.3812962234375 0.303824234375 0.37662875625000003 0.290420225 0.3809371875 0.279569359375 0.373038396875 0.27254821093750004 0.35867695624999996 0.26744192031249997 0.34180226406249997 0.2648887765625 0.3292360046875 0.26808020625 0.317746853125 0.276377928125 0.30877095312499997 0.28659050625 0.314874565625 0.29935623125 0.3220552859375 0.31148366875 0.3277998609375 0.319781390625 0.3461106953125 0.319781390625 0.36621671093749997 0.316589959375 0.381655259375 0.313398528125 0.3812962234375 0.303824234375
0 0.4480769171875 0.32488768125 0.44412752187500004 0.3140368140625 0.43443354999999995 0.303824234375 0.43335644218749997 0.2897819390625 0.432279334375 0.2782927859375 0.42150825468750003 0.271909925 0.4136094625 0.28084593125 0.40750585 0.285313934375 0.3956576625 0.28339907656249996 0.38560465625 0.2821225046875 0.37914200781249996 0.29297336875 0.3827323671875 0.31020709687500003 0.385963690625 0.31595167343749997 0.3999660953125 0.32552596718750004 0.4154046421875 0.33701511875 0.4304841546875 0.33829169062500003 0.44592270312500004 0.33829169062500003 0.4480769171875 0.32488768125
0 0.4879299140625 0.38041858125 0.5091130359375 0.375312290625 0.520243153125 0.37403571874999997 0.5328094125 0.3759505765625 0.5403491671875 0.372120859375 0.5331684484375 0.359355134375 0.5259877281249999 0.3453128390625 0.5198841171875 0.3325471140625 0.5040865328125 0.3395682625 0.4879299140625 0.335100259375 0.4721323296875 0.3293556828125 0.4559757109375 0.33063225625000003 0.4487949890625 0.3338236875 0.43802391093750004 0.33829169062500003 0.415763678125 0.3453128390625 0.4243805421875 0.359355134375 0.42761186718750005 0.3714825734375 0.4297660828125 0.3823334390625 0.44376848593749996 0.37403571874999997 0.45848896093749997 0.37339743125 0.4721323296875 0.377865434375 0.4879299140625 0.38041858125
0 0.3784239359375 0.27573964218749997 0.38847694375 0.2840373625 0.405710671875 0.285313934375 0.41109621093750004 0.2789310734375 0.41899500312500004 0.2693567796875 0.41073717500000007 0.252123053125 0.3988889875 0.23744246875 0.3888359796875 0.22467674531249998 0.3769877921875 0.21893216875000002 0.3561637046875 0.22212360000000003 0.33390347343750004 0.2157407390625 0.3227733578125 0.2157407390625 0.30948902500000003 0.21957045625 0.291537225 0.2323361796875 0.2994360171875 0.24956990625 0.3076938453125 0.26233563125 0.3155926359375 0.271909925 0.3234914296875 0.266803634375 0.3453926234375 0.2636122046875 0.3611902078125 0.2661653484375 0.3784239359375 0.27573964218749997
0 0.37339743125 0.195953865625 0.380219115625 0.186379571875 0.380219115625 0.1723372765625 0.363344425 0.16531612812500002 0.3446745515625 0.16531612812500002 0.32995407656250003 0.16914584531250001 0.314874565625 0.1748904203125 0.3037444484375 0.1876561453125 0.3066167375 0.190209290625 0.3012311984375 0.1876561453125 0.318464925 0.20169844218750002 0.3263637171875 0.21382587968750003 0.34575165937499996 0.2182938828125 0.36154924374999997 0.20871959062499998 0.37339743125 0.195953865625
0 0.437664875 0.17680527968749998 0.4236624703125 0.1723372765625 0.4078648859375 0.1723372765625 0.3988889875 0.17042241875 0.387399834375 0.1748904203125 0.3809371875 0.185103 0.365139603125 0.211272734375 0.3708841796875 0.2182938828125 0.3798600796875 0.22084702812499998 0.390631159375 0.21893216875000002 0.40140223906249994 0.21254930625 0.4132504265625 0.2036133 0.4250986140625 0.1914858625 0.437664875 0.17680527968749998
0 0.5063157515625 0.276866846875 0.508001225 0.26008703906249997 0.516428584375 0.24570434375 0.516765678125 0.2331194890625 0.504967375 0.2361158828125 0.4904723171875 0.22413030625000002 0.48373042968749996 0.22113391093749998 0.4638418609375 0.22233246874999998 0.4479984265625 0.22113391093749998 0.43518883906249994 0.22113391093749998 0.4233905359375 0.21633967968749998 0.4142889875 0.21454184375000002 0.4082212890625 0.2169389578125 0.3964229859375 0.22177928750000003 0.3964229859375 0.22413030625000002 0.3950746078125 0.23192093125 0.40215359062499995 0.23851299843749998 0.41327770468749997 0.25529280625 0.4203566859375 0.269076221875 0.43620012187499996 0.2792639625 0.44934680312499997 0.27626756874999997 0.472943409375 0.27506901093749997 0.49552873281250004 0.2792639625 0.5063157515625 0.276866846875
0 0.48103367500000005 0.3176178125 0.49182069375 0.329603390625 0.5015964312500001 0.3433868046875 0.5096866953125 0.32241204375 0.5012593359374999 0.30802935 0.4941803546875 0.2948452140625 0.5046302796875 0.283458915625 0.492494884375 0.2816610796875 0.47530307031249996 0.27866468437499997 0.45811125781250006 0.27806540625 0.44563876406249997 0.2804625203125 0.43518883906249994 0.28765386875 0.4348517453125 0.2924480984375 0.4348517453125 0.29844088750000003 0.43822268906249995 0.30443367656250003 0.445975859375 0.30922790624999996 0.4554145015625 0.31282358125 0.4658644265625 0.31522069531249997 0.48103367500000005 0.3176178125
0 0.5582282859375 0.20315554374999997 0.5646330796875 0.1815815046875 0.5575540984375 0.17439015625 0.5305865484375001 0.1725923203125 0.513394734375 0.175588715625 0.504967375 0.183379340625 0.4968771109375 0.19716275625 0.492494884375 0.2061519390625 0.489798128125 0.22053463125 0.49822548749999995 0.230722371875 0.5056415640624999 0.23012309375 0.51845115 0.23012309375 0.5231704703125 0.2253288625 0.5366542453125 0.222931746875 0.5528347765625 0.2193360734375 0.5582282859375 0.20315554374999997
0 0.5885667812500001 0.2702747796875 0.612837575 0.2702747796875 0.6280068234375 0.26488126875 0.6283439171875 0.2481014609375 0.6394680312500001 0.230722371875 0.6357599921875 0.227725978125 0.6253100671875 0.2313216515625 0.6185681796875 0.21993535312499998 0.611152103125 0.22113391093749998 0.59598285625 0.22413030625000002 0.5831732703125 0.2253288625 0.5710378734375 0.2259281421875 0.5562057203124999 0.2265274203125 0.543059040625 0.2271267 0.52451885 0.230722371875 0.5194624343750001 0.242108671875 0.513731828125 0.25649136562499997 0.5106979796875 0.2678776640625 0.5106979796875 0.276866846875 0.5228333765625 0.27806540625 0.536991340625 0.275668290625 0.5514864 0.2702747796875 0.5690153062500001 0.2702747796875 0.5885667812500001 0.2702747796875
0 0.62598425625 0.16659953125 0.634411615625 0.15880890625 0.634411615625 0.14922044375000001 0.6320519546875001 0.13064279843749999 0.634411615625 0.1192564984375 0.6320519546875001 0.110267315625 0.6178939921875 0.10607236406250001 0.6037360265625 0.105473084375 0.58620711875 0.1090687578125 0.5690153062500001 0.11446226875000001 0.5481154546875 0.11985577812499999 0.5342945859375 0.124650009375 0.5251930375 0.1366355875 0.51878824375 0.14802188593750001 0.513057640625 0.1600074640625 0.5150802062500001 0.1731916 0.5309236421875 0.1719930421875 0.5501380218749999 0.17439015625 0.563958890625 0.1773865515625 0.583847459375 0.176787271875 0.6033989328125 0.16659953125 0.62598425625 0.16659953125
0 0.63238905 0.1797836671875 0.6256471609375 0.17019520625 0.6091295375 0.1695959265625 0.600365084375 0.173790878125 0.5848587421875 0.1773865515625 0.570026590625 0.1791843890625 0.564970175 0.1869750140625 0.5595766640625001 0.20075842812500003 0.5562057203124999 0.22113391093749998 0.5717120609374999 0.22233246874999998 0.5831732703125 0.2217331890625 0.600365084375 0.21993535312499998 0.614185953125 0.21993535312499998 0.621602028125 0.20555265937499997 0.62632135 0.1905706875 0.63238905 0.1797836671875
0 0.6900321875000001 0.175588715625 0.69340313125 0.16300385781249999 0.6785709796875 0.168996646875 0.664750109375 0.1671988109375 0.6441873515625 0.1707944828125 0.6337374265625 0.1797836671875 0.62598425625 0.1905706875 0.6219391234375 0.20914833281249998 0.6219391234375 0.22113391093749998 0.6320519546875001 0.2265274203125 0.64317606875 0.2265274203125 0.6556485609375 0.2253288625 0.6674468640625 0.2157404 0.6819419234375 0.20675121718749997 0.67991935625 0.1977620328125 0.6900321875000001 0.175588715625
0 0.6371083703125 0.32181276406250003 0.6607049765624999 0.31462141875 0.6795822609375 0.31222430156250003 0.688346715625 0.302635840625 0.691380565625 0.2870545890625 0.6940773203124999 0.2702747796875 0.6846386765625 0.2702747796875 0.6718290921875 0.2708740578125 0.65665984375 0.2702747796875 0.6364341828125 0.269076221875 0.618905275 0.2708740578125 0.58924096875 0.2702747796875 0.563958890625 0.2732711734375 0.558902475 0.276866846875 0.56159923125 0.28765386875 0.570700778125 0.30922790624999996 0.5814877984375 0.31881636874999997 0.6037360265625 0.32480915781249997 0.621602028125 0.32480915781249997 0.6371083703125 0.32181276406250003
0 0.59631995 0.37275146875 0.6135117640625001 0.3775457015625 0.637782559375 0.3793435375 0.6573340328125 0.373950028125 0.65665984375 0.3655601234375 0.6492437671875 0.3559716609375 0.64014221875 0.3523759875 0.635085803125 0.32900411093750004 0.6202536515625 0.32480915781249997 0.596994140625 0.32480915781249997 0.573734628125 0.32121348437499997 0.5562057203124999 0.3272062734375 0.540699378125 0.32780555312500004 0.529575265625 0.3391918515625 0.5309236421875 0.3517767078125 0.5386768125 0.3625637296875 0.5457557937499999 0.36855651875 0.5578911921875 0.3721521921875 0.5683411171875 0.37814498125 0.5798023265625 0.37275146875 0.59631995 0.37275146875
0 0.564295984375 0.32181276406250003 0.570700778125 0.3116250234375 0.564295984375 0.29604377187500003 0.5575540984375 0.275668290625 0.53530586875 0.283458915625 0.5140689234375 0.27866468437499997 0.5073270359375 0.2816610796875 0.4968771109375 0.2966430515625 0.5022706203125 0.3074300703125 0.5063157515625 0.31581997500000003 0.5127205453125 0.3260077171875 0.523844659375 0.33200050625 0.5332833015625 0.32420987968750004 0.5511493046875 0.32121348437499997 0.564295984375 0.32181276406250003
0 0.718011021875 0.27446973125 0.742281815625 0.269076221875 0.7621703828124999 0.26488126875 0.759136534375 0.249899296875 0.7749799703125 0.229523815625 0.771946121875 0.2217331890625 0.752394646875 0.21813751718750002 0.7385737765625 0.21813751718750002 0.722056153125 0.21813751718750002 0.704864340625 0.21753823749999998 0.6903692828125 0.21274400624999998 0.6738516578125 0.21514112187499998 0.6576711265624999 0.2253288625 0.6408164078125 0.2313216515625 0.6313777671875 0.25049857656249996 0.62969229375 0.26667910625 0.6347487093749999 0.2696755015625 0.64620991875 0.2678776640625 0.661716259375 0.2702747796875 0.6836273937499999 0.26248415468749997 0.6998079234375 0.2732711734375 0.718011021875 0.27446973125
0 0.8407133734375 0.2630834328125 0.8548713375 0.2654805484375 0.8791421312500001 0.26847694375 0.9020645500000001 0.26847694375 0.9175708921875 0.264281990625 0.9168967015625 0.25289569218749997 0.9050984 0.23731444062499998 0.8926259078125 0.22353102656249998 0.8808276046874999 0.21454184375000002 0.8643099796874999 0.21214472812500001 0.846443978125 0.2097476109375 0.8272295984375001 0.2061519390625 0.8117232578125 0.20675121718749997 0.7914975953125001 0.21514112187499998 0.7759912531250001 0.21873679375 0.777676725 0.2265274203125 0.76688970625 0.25109785625000003 0.7726203093749999 0.2678776640625 0.7813847640625 0.266079828125 0.7935201609375 0.26248415468749997 0.8070039359375001 0.259487759375 0.819476428125 0.2558920859375 0.832960203125 0.25409424999999997 0.8407133734375 0.2630834328125
0 0.9040871156250001 0.21034689062499998 0.9162225140625001 0.1965634765625 0.9131886640625 0.188173571875 0.9040871156250001 0.1719930421875 0.8926259078125 0.161206021875 0.8828501703124999 0.15581251093749998 0.8649841687500001 0.1552132328125 0.8471181671875 0.1552132328125 0.8390279015625 0.16839736875 0.8252070312500001 0.183379340625 0.8265554093749999 0.1965634765625 0.829589259375 0.202556265625 0.8423988453125 0.20794977499999998 0.8599277531249999 0.20675121718749997 0.8774566593750001 0.21394256406249998 0.8933000968749999 0.2169389578125 0.9040871156250001 0.21034689062499998
0 0.8201506171874999 0.18278006093750002 0.8275666921875 0.1695959265625 0.8437472218750001 0.15701106874999998 0.8299263531250001 0.158209628125 0.8080152187499999 0.16180529999999999 0.7803734812500001 0.16300385781249999 0.7628445734375 0.1695959265625 0.755428496875 0.1821807828125 0.7537430234375 0.20015915 0.7648671390625 0.20435410156249997 0.771946121875 0.21514112187499998 0.77733963125 0.213343284375 0.7918346890625 0.21214472812500001 0.8073410296875 0.20195698593750003 0.823521559375 0.19356708125 0.8201506171874999 0.18278006093750002
0 0.8120603515625 0.15880890625 0.8359940515625001 0.15341539531249998 0.8639728859375 0.14922044375000001 0.8852098312500001 0.15101828125 0.9027387390625 0.14742260625 0.9128515703125 0.13064279843749999 0.9057725890625001 0.12165361562499999 0.903412928125 0.1090687578125 0.8912775296875 0.1042745265625 0.8804905109375 0.09708318125 0.8636357921875 0.0940867859375 0.8501520156250001 0.09228894843749999 0.8289150703124999 0.0988810171875 0.79823948125 0.10487380625 0.7770025375 0.1114658734375 0.7739686875 0.1210543359375 0.7736315921875 0.1330399140625 0.7625074781250001 0.1438269328125 0.7601478171875 0.15581251093749998 0.7601478171875 0.16300385781249999 0.7699235546875001 0.161206021875 0.7732944984375 0.16180529999999999 0.783070234375 0.16180529999999999 0.7941943499999999 0.158209628125 0.8120603515625 0.15880890625
0 0.6977853578125 0.16060674375 0.715314265625 0.166000253125 0.73688830625 0.1642024171875 0.752394646875 0.1624045796875 0.7567768734375 0.1426283765625 0.77127193125 0.12165361562499999 0.76688970625 0.11266443125 0.7564397796875 0.1072709203125 0.7429560046875 0.1036752484375 0.7267754734375 0.102476690625 0.7004821140625 0.10487380625 0.6755371296875 0.110267315625 0.6586824109375 0.11446226875000001 0.6441873515625 0.122852171875 0.6418276921875 0.13363919375 0.6364341828125 0.158209628125 0.637445465625 0.161206021875 0.64014221875 0.1725923203125 0.6519405234375 0.16839736875 0.661716259375 0.16480169375 0.6718290921875 0.1654009734375 0.6843015828125 0.16180529999999999 0.6977853578125 0.16060674375
0 0.7412705328125 0.0521372640625 0.7311577015624999 0.046144475000000004 0.7126175109374999 0.044945917187500004 0.6927289421875 0.048541590625 0.674862940625 0.052736543749999996 0.6549743734375 0.0623250046875 0.645198634375 0.0713141875 0.6448615421875 0.07970409375000001 0.65295180625 0.10127813125 0.6621694765624999 0.1030338796875 0.66946943125 0.0988810171875 0.6826161109375 0.09528534375 0.6930660359374999 0.0916896703125 0.7099207562500001 0.092888228125 0.721381965625 0.08569688125 0.741944721875 0.085097603125 0.7550914015625 0.075509140625 0.7517204578125 0.0671192359375 0.7520575515625 0.056332215625 0.7412705328125 0.0521372640625
0 0.8558826203125 0.0916896703125 0.850489109375 0.07970409375000001 0.846443978125 0.0653213984375 0.8390279015625 0.0641228421875 0.8309376374999999 0.0623250046875 0.815768390625 0.0545343796875 0.799250765625 0.053335820312500004 0.78408151875 0.0545343796875 0.768912271875 0.059328609374999994 0.755765590625 0.06651995625 0.7540801187499999 0.07610841874999999 0.7439672875000001 0.086296159375 0.752394646875 0.0916896703125 0.7598107234375 0.0916896703125 0.771946121875 0.092888228125 0.79756529375 0.097682459375 0.816442578125 0.097682459375 0.8397020906250001 0.09228894843749999 0.8558826203125 0.0916896703125
0 0.7544172140625001 0.2193360734375 0.7665526109374999 0.21034689062499998 0.7547543078125 0.203754821875 0.7530688359375 0.19536491875 0.7547543078125 0.18038294531250001 0.748349515625 0.1707944828125 0.73419155 0.1695959265625 0.7193593984375 0.1695959265625 0.7004821140625 0.168996646875 0.69340313125 0.1749894359375 0.6856499609375 0.188173571875 0.6839644890625001 0.20075842812500003 0.6866612437499999 0.2097476109375 0.6957627921875 0.213343284375 0.7078981890625 0.2157404 0.7210448703125001 0.21873679375 0.7402592484375 0.2169389578125 0.7544172140625001 0.2193360734375
0 0.7625074781250001 0.267278384375 0.7567768734375 0.2696755015625 0.7446414765625 0.2696755015625 0.73419155 0.2696755015625 0.721381965625 0.27387045312499997 0.69643698125 0.27806540625 0.6907063765625 0.2882531453125 0.6869983390625001 0.3062315125 0.68632415 0.32241204375 0.7021675843749999 0.3260077171875 0.718685209375 0.32540843750000004 0.7352028328125 0.3236106015625 0.7530688359375 0.3098271859375 0.7645300453125 0.2894517046875 0.771946121875 0.2702747796875 0.7625074781250001 0.267278384375
0 0.8349827703124999 0.2810618 0.8407133734375 0.2582892015625 0.832623109375 0.2582892015625 0.8248699374999999 0.25768992343749997 0.8144200125 0.2582892015625 0.8022846140625 0.26368271249999997 0.7837444234375 0.2654805484375 0.771946121875 0.275668290625 0.76419295 0.2906502625 0.7567768734375 0.303834396875 0.7544172140625001 0.31941564843750003 0.7655413281250001 0.32480915781249997 0.7759912531250001 0.32301132187500003 0.78778955625 0.320014928125 0.792508878125 0.30802935 0.8150942000000001 0.30802935 0.826218315625 0.29963944531250003 0.8349827703124999 0.2810618
0 0.7470011375000001 0.3709536328125 0.758799440625 0.3607658921875 0.7625074781250001 0.340390409375 0.7685751765625 0.32780555312500004 0.7601478171875 0.32840483125 0.7510462703125 0.3164192546875 0.7436301921874999 0.32420987968750004 0.7284609468750001 0.33020266875000004 0.7082352828125 0.32780555312500004 0.6920547546875 0.3260077171875 0.6768855078125 0.32061420625000003 0.6627275421875 0.31821709062500003 0.645872825 0.32420987968750004 0.6391309359374999 0.33379834218750004 0.641153503125 0.3505781515625 0.6583453171875 0.36496084375 0.6660984859375 0.36675868125 0.678233884375 0.3733507484375 0.696774075 0.3787442578125 0.7055385296875001 0.37454930625 0.7261012859375 0.3715529125 0.7470011375000001 0.3709536328125
0 0.8700271 0.364361565625 0.8996914046875 0.373950028125 0.9135122750000001 0.367357959375 0.91384936875 0.354773103125 0.9141864640625 0.33619545624999997 0.9007161734375 0.32301132187500003 0.8841985484375 0.31462141875 0.8643099796874999 0.31102574375 0.84172465625 0.3074300703125 0.8221731828125 0.3068307921875 0.7948685390625 0.31462141875 0.78104766875 0.3236106015625 0.7705977421875 0.33200050625 0.7648671390625 0.3409896890625 0.7601478171875 0.354773103125 0.76419295 0.369755075 0.781708375 0.373950028125 0.7928324890625 0.3721521921875 0.8032824140624999 0.36496084375 0.818114565625 0.3655601234375 0.8373289453125 0.369155796875 0.8521610984375 0.369155796875 0.8700271 0.364361565625
0 0.9209283515625 0.28585603125 0.91317518125 0.283458915625 0.9040736328125 0.27626756874999997 0.89362370625 0.2708740578125 0.878791553125 0.2702747796875 0.8602513625 0.269076221875 0.841711171875 0.2702747796875 0.8369918515625001 0.27806540625 0.8299128703124999 0.29844088750000003 0.8423853625 0.3074300703125 0.85249819375 0.3062315125 0.8707012890625 0.31282358125 0.8909269515625 0.3164192546875 0.908455859375 0.31581997500000003 0.9202541625 0.30443367656250003 0.9209283515625 0.28585603125
0 0.5562057203124999 0.450657725 0.55553153125 0.4338779171875 0.5646330796875 0.41829666562499995 0.570026590625 0.40631108749999995 0.57238625 0.393126953125 0.5514864 0.381740653125 0.5423848515625 0.386534884375 0.52451885 0.3895312796875 0.508001225 0.388932 0.500248053125 0.39192839375 0.49485454375 0.4027154140625 0.48912394062500003 0.41589954999999995 0.4857529953125 0.43507647499999996 0.4820449578125 0.45245556249999996 0.48541590156250003 0.4656396984375 0.49654001562500005 0.467437534375 0.5026077156250001 0.46683825624999997 0.5154173015625 0.4638418609375 0.526541415625 0.46264330468750003 0.5440703234375001 0.46504041875 0.5612621359375 0.46444114062499997 0.5562057203124999 0.450657725
0 0.48406752343750004 0.4440656578125 0.48440461875 0.42548801249999996 0.4904723171875 0.40930748125000005 0.49552873281250004 0.39372623125 0.511035075 0.388932 0.5221591875 0.3787442578125 0.505978659375 0.38233993125 0.49485454375 0.383538490625 0.48002239218750004 0.391329115625 0.462830578125 0.396123346875 0.44766133124999996 0.4003182984375 0.4422678203125 0.4242894546875 0.43620012187499996 0.4392714265625 0.4314808015625 0.45724979374999997 0.449009709375 0.45904763125 0.4601338234375 0.45485267812499997 0.4793482015625 0.45005844687499996 0.48406752343750004 0.4440656578125
0 0.4318178953125 0.5477409062499999 0.4203566859375 0.5465423484375 0.4112551375 0.5471416265625 0.40619872187499995 0.5513365796875 0.398782646875 0.5465423484375 0.3836134 0.5447445109375 0.370129625 0.5471416265625 0.3529378125 0.5525351374999999 0.344510453125 0.5573293687499999 0.3391169421875 0.5687156671875 0.36001679375 0.58070124375 0.37350056875000004 0.5795026875 0.398782646875 0.5872933125 0.42709857500000004 0.5884918703124999 0.43721140468749997 0.57470845625 0.4385597828125 0.5525351374999999 0.4318178953125 0.5477409062499999
0 0.43923397187499996 0.6568096640625 0.4557515953125 0.6508168750000001 0.45204355781250005 0.6340370671875 0.45709997343750003 0.6232500453125 0.4486726140625 0.6244486046875 0.44091944375000003 0.631040671875 0.4318178953125 0.6334377875 0.43080661249999996 0.6202536515625 0.4287840453125 0.591488265625 0.41867121406249996 0.5920875437500001 0.40181649531249997 0.5872933125 0.3822650234375 0.581899803125 0.358331321875 0.5783041296875 0.33675728125000004 0.577105571875 0.324621884375 0.58909115 0.310126825 0.6028745640625 0.2956317671875 0.618455815625 0.3040591265625 0.631040671875 0.31046392031250003 0.63823201875 0.3256331671875 0.6424269703125 0.345184640625 0.6412284125000001 0.3748489453125 0.6412284125000001 0.4038390625 0.6412284125000001 0.43923397187499996 0.6568096640625
0 0.43249208437500003 0.6550118281249999 0.42170506406249997 0.6532139906250001 0.4099067609375 0.646621921875 0.40181649531249997 0.6424269703125 0.378219890625 0.6406291328125 0.35799422812500004 0.646621921875 0.3539490953125 0.65381326875 0.34653301875000003 0.6693945203125 0.344510453125 0.6837772140625 0.34484754687499997 0.7005570234375 0.3660844921875 0.69815990625 0.3846246828125 0.6957627921875 0.40923257187499995 0.6933656765625 0.4267614796875 0.6837772140625 0.438896878125 0.6735894734375 0.43721140468749997 0.6663981265625 0.43249208437500003 0.6550118281249999
0 0.35024105625 0.7790625578125 0.3499039625 0.7652791437500001 0.34181369687499996 0.7502971703125 0.331700865625 0.7407087078125 0.32428479062500004 0.7413079875 0.3094526375 0.7449036609374999 0.289226975 0.7496978921874999 0.27270935 0.75389284375 0.2565288203125 0.7682755375 0.2561917265625 0.770672653125 0.2656303671875 0.7892502984374999 0.27608029375 0.799438040625 0.298328521875 0.8066293859375 0.32327350625 0.8072286656250001 0.337094375 0.79823948125 0.35024105625 0.7790625578125
0 0.3428249796875 0.7490986125 0.3411395078125 0.73651375625 0.3478813953125 0.7149397171875 0.3428249796875 0.71134404375 0.32361059999999997 0.702354859375 0.3091155421875 0.699358465625 0.28754150312500004 0.6987591859375 0.26664165156249997 0.702354859375 0.23899991250000002 0.7029541390625 0.22888708124999999 0.7155389953125 0.2379886296875 0.737113034375 0.250461121875 0.743705103125 0.265293275 0.7449036609374999 0.284170559375 0.74610221875 0.3037220328125 0.7401094296874999 0.3225993171875 0.7395101515625 0.3428249796875 0.7490986125
0 0.254169159375 0.797040925 0.264281990625 0.79044885625 0.257877196875 0.777864 0.25754010312500003 0.7652791437500001 0.26259651875 0.7502971703125 0.2501240265625 0.745502940625 0.23899991250000002 0.7401094296874999 0.230235459375 0.7401094296874999 0.2089985140625 0.743705103125 0.1931550765625 0.7514957296875 0.1894470390625 0.76348130625 0.17191813125 0.775466884375 0.1763003578125 0.79044885625 0.1837164359375 0.8012358765625001 0.1911325109375 0.8012358765625001 0.20495338125 0.8030337140625001 0.2194484390625 0.80483155 0.237651534375 0.8066293859375 0.254169159375 0.797040925
0 0.7057443203125 0.4566949921875 0.7092730421875 0.4391298 0.7050385765625 0.41654598125 0.68880645625 0.401490103125 0.6521077515625 0.4002354453125 0.6083516046875 0.4002354453125 0.5801218312499999 0.40274475781249996 0.57235864375 0.415291325 0.5681241781249999 0.43536582968750004 0.584356296875 0.454185678125 0.5921194843750001 0.4654775875 0.6132918140625 0.451676365625 0.6337583999999999 0.4566949921875 0.6669283828125 0.46422293124999997 0.6902179453125 0.4654775875 0.7057443203125 0.4566949921875
0 0.6471675421875001 0.4654775875 0.6281124453125 0.454185678125 0.60199990625 0.46673224375 0.5900022515625001 0.47426018281250004 0.5822390640624999 0.504371940625 0.5998826734375 0.5156638499999999 0.6189377687500001 0.5131545375 0.6386986109375 0.5131545375 0.6556364734375 0.5081359109375 0.6633996609375 0.4968440015625 0.66410540625 0.4767694953125 0.6471675421875001 0.4654775875
0 0.5822390640624999 0.529465071875 0.5772988546875 0.4968440015625 0.5907079953125 0.4767694953125 0.5730643890625 0.46296827343749997 0.5653012015625001 0.4604589609375 0.5356599390625 0.46924155624999997 0.49543251250000003 0.47175086874999994 0.4580280640625 0.475514840625 0.42626956875 0.49308003125 0.41709489375000003 0.5081359109375 0.41144893906249996 0.53824766875 0.43756147968750003 0.5507942328125 0.47284869374999994 0.5332290421875 0.49543251250000003 0.528210415625 0.51801633125 0.528210415625 0.5427173828125 0.5319743859375 0.5730643890625 0.5457756078125 0.5822390640624999 0.529465071875
0 0.4862578375 0.7138995875 0.4537935984375 0.7063716484375 0.4185063828125 0.7026076796875 0.39521681875 0.7038623359375 0.357106625 0.7051169921875 0.35075492656249996 0.723936840625 0.3458147171875 0.7502846296875 0.367692790625 0.75781256875 0.3811019328125 0.75781256875 0.40509723906249995 0.7540485984374999 0.43262126875 0.7628311937500001 0.4672027390625 0.7665951640625 0.47920039374999995 0.7289554671875 0.4862578375 0.7138995875
0 0.6436388203125001 0.7628311937500001 0.6633996609375 0.7540485984374999 0.6669283828125 0.73522875 0.654930728125 0.7201728703125 0.64222733125 0.7113902750000001 0.6161147921875 0.71515424375 0.5963539515625 0.7176635578125 0.5864735296875 0.7063716484375 0.560360990625 0.70762630625 0.5342484515625 0.7051169921875 0.5151933546875 0.7138995875 0.49543251250000003 0.7051169921875 0.487669325 0.721427528125 0.48272911562500004 0.7440113453125 0.49966697812499994 0.759067225 0.5158990984375 0.7678498203124999 0.536365684375 0.7766324171875 0.5653012015625001 0.7816510437499999 0.60341139375 0.78666966875 0.6161147921875 0.7691044765624999 0.6436388203125001 0.7628311937500001
0 0.8024312921875 0.7854150125 0.8101944796874999 0.7640858515625 0.7840819390625 0.7527939421875 0.7819647062499999 0.727700809375 0.742443025 0.74150203125 0.7142132515624999 0.74150203125 0.6845719906250001 0.7389927187499999 0.668339871875 0.7251914968750001 0.669045615625 0.7465206578125 0.6577537062500001 0.7678498203124999 0.6274067 0.772868446875 0.613997559375 0.80548951875 0.631641165625 0.8130174562500001 0.6471675421875001 0.8092534875 0.685277734375 0.8092534875 0.7262109046874999 0.8155267703125 0.7579694 0.8155267703125 0.7840819390625 0.7929429515625 0.8024312921875 0.7854150125
0 0.6824547578125 0.5206824765625 0.66551689375 0.51691850625 0.6295239328125 0.51691850625 0.6048228828125 0.5219371328125 0.5970596953125 0.5545582046875001 0.584356296875 0.5721233953125 0.5815333203125 0.600980496875 0.6027056484375 0.60976309375 0.618232025 0.6059991234375001 0.6351698890625 0.5959618703125 0.6499905187499999 0.587179275 0.6711628484375 0.5821606484374999 0.6817490125 0.5608314859375 0.6824547578125 0.5206824765625
0 0.785493428125 0.6599493562500001 0.768555565625 0.6373655375 0.7650268437500001 0.6210550015625 0.7749072640625 0.59094324375 0.754440678125 0.602235153125 0.708567296875 0.5896885875 0.6732800812499999 0.5921979015625001 0.6556364734375 0.5959618703125 0.6358756328124999 0.6185456890625 0.61117458125 0.651166759375 0.6252894671875 0.6599493562500001 0.64222733125 0.65744004375 0.662693915625 0.6612040125 0.6859834796875 0.66496798125 0.7177419734375 0.66245866875 0.7572636546875 0.663713325 0.785493428125 0.6599493562500001
0 0.41497766093750005 0.12295634375 0.394511075 0.10915512187500001 0.3648698140625 0.10915512187500001 0.3331113203125 0.114173746875 0.31546771093750003 0.1367575671875 0.30347005781249997 0.1743972625 0.31758494531250003 0.17188794999999998 0.3274653640625 0.1656146671875 0.35075492656249996 0.159341384375 0.3719272578125 0.1643600109375 0.398745540625 0.159341384375 0.413566171875 0.14428550625 0.41497766093750005 0.12295634375
0 0.4396787125 0.12546565625 0.422035103125 0.12797496875 0.405802984375 0.1568320703125 0.4051404484375 0.1574209921875 0.42485808125 0.1631053546875 0.453087853125 0.17063329375 0.48272911562500004 0.17063329375 0.5088416546875 0.17565191875 0.5158990984375 0.1530681015625 0.5236622859375 0.12295634375 0.5144876093749999 0.1267203140625 0.48908081406250004 0.1191923734375 0.46367401875 0.1166830609375 0.4396787125 0.12546565625
0 0.7371220140625 0.50953548125 0.7129011375000001 0.5037942359375001 0.6894876234375 0.515276725 0.6806066359375 0.5482888828125 0.6822213609375 0.5813010421875 0.705634875 0.588477596875 0.7306631140625 0.5870422859375 0.7718386046875 0.5755597953125 0.79121530625 0.554030128125 0.7758754171875 0.5339357703125 0.755691353125 0.5138414140625 0.7371220140625 0.50953548125
0 0.8549969484375 0.546853571875 0.8299687078125 0.5310651484375 0.8113993687500001 0.5339357703125 0.78717849375 0.5339357703125 0.79605948125 0.5554654390625 0.78071959375 0.568383240625 0.7734533296875 0.595654153125 0.7742606921874999 0.6257956890624999 0.8049404703124999 0.624360378125 0.8340055203125001 0.615748509375 0.8630705734375 0.6143131984375 0.8945577140625 0.5942188421875 0.8905209015625 0.57699510625 0.872758925 0.57699510625 0.8549969484375 0.546853571875
0 0.97610133125 0.707608428125 0.9987074828125 0.6918200046874999 0.9857896828125 0.6516312906249999 0.96883506875 0.62148975625 0.9559172671875 0.6114425765625 0.9397700171875 0.60713664375 0.913127053125 0.598524775 0.89375035 0.598524775 0.872758925 0.60713664375 0.8461159593750001 0.624360378125 0.8097846453124999 0.63440755625 0.79605948125 0.6602431578125 0.79848156875 0.6889493812499999 0.8194729953125 0.6918200046874999 0.8501527734375 0.6846434484375 0.8703368359375 0.6817728265625 0.9098976015625 0.6817728265625 0.942999465625 0.6989965609375 0.97610133125 0.707608428125
0 0.9946706703125001 0.81669208125 0.98498231875 0.783679921875 0.9599540796875001 0.7851152328125 0.9421921046874999 0.7779386781250001 0.9090902390625001 0.7693268093750001 0.8848693624999999 0.7578443203125 0.8566116734375001 0.75927963125 0.8202803578125 0.7693268093750001 0.80009629375 0.7937271 0.7782975046875 0.81525676875 0.80736255625 0.8367864375 0.8388496968749999 0.8310451921875 0.8864840875000001 0.8353511250000001 0.9268522156250001 0.8410923703125001 0.9639908937499999 0.8482689265625 1 0.84252768125 0.9946706703125001 0.81669208125
0 0.7766827796875 0.8224333250000001 0.7678017921875 0.8281745687500001 0.738736740625 0.8267392578124999 0.71047905 0.8267392578124999 0.6935244359375 0.8382217484375 0.6806066359375 0.85688079375 0.6935244359375 0.8812810843750001 0.7153232265625 0.8784104625 0.748425090625 0.8855870187500001 0.7694165171875 0.8855870187500001 0.79605948125 0.88415170625 0.7968668437499999 0.84396299375 0.7766827796875 0.8224333250000001
0 0.5958335671875 0.78655054375 0.569997965625 0.7851152328125 0.5312445625 0.7750680546875001 0.5175194000000001 0.7922917890625001 0.498950059375 0.8209980140625 0.5054089609375 0.8482689265625 0.52720775 0.8511395484375001 0.5506212640625 0.8511395484375001 0.570805328125 0.8410923703125001 0.590989390625 0.8396570593750001 0.6006777421875 0.8123861453125001 0.5958335671875 0.78655054375
0 0.7032127874999999 0.46647614375 0.6814139984375001 0.47652332187499996 0.665266746875 0.48657050156250004 0.666074109375 0.5037942359375001 0.6757624609375 0.515276725 0.7048275125 0.5066648578125 0.7346999265624999 0.5066648578125 0.759728165625 0.5009236125000001 0.762957615625 0.4779586328125 0.7403514640625 0.46791145624999997 0.7282410265625 0.4506877203125 0.7032127874999999 0.46647614375
0 0.8291613453125001 0.4693467671875 0.8097846453124999 0.46647614375 0.79525211875 0.46791145624999997 0.78071959375 0.47078207812499995 0.762957615625 0.47078207812499995 0.7678017921875 0.48657050156250004 0.7613428921875001 0.50953548125 0.78071959375 0.532500459375 0.8033257453125 0.5281945265625 0.833198159375 0.5281945265625 0.8606484859375 0.5253239046875 0.8549969484375 0.49948830156249996 0.837234971875 0.4894411234375 0.8291613453125001 0.4693467671875
0 0.4706923703125 0.546853571875 0.44727885624999997 0.546853571875 0.43759050625 0.5669479296875 0.4327463296875 0.5899129078125 0.4367831421875 0.6229250671875 0.4698850078125 0.6057013312499999 0.487646984375 0.59278353125 0.5005647859375 0.5827363531249999 0.51428995 0.541112328125 0.5094457734375 0.53537108125 0.484417534375 0.5368063937499999 0.4706923703125 0.546853571875
0 0.6240912562500001 0.6171838203125 0.61763235625 0.6085719546874999 0.5893746671875 0.6128778875 0.584530490625 0.59134821875 0.564346428125 0.59278353125 0.5239783 0.5942188421875 0.49410588437499997 0.6028307093749999 0.474729184375 0.6085719546874999 0.45696720625 0.63297224375 0.4601966578125 0.6487606687499999 0.48603225937500005 0.64732535625 0.51428995 0.6545019125 0.544969725 0.657372534375 0.569997965625 0.6487606687499999 0.60713664375 0.6415841125 0.6240912562500001 0.6171838203125
0 0.9591467187499999 0.6013953984375 0.9478436421875 0.5655126187499999 0.9405773796875 0.518147346875 0.9147417765625001 0.49518236875 0.8864840875000001 0.48800581249999997 0.8558043109375 0.485135190625 0.8638779359375001 0.515276725 0.8558043109375 0.541112328125 0.8695294734375001 0.5554654390625 0.8905209015625 0.57843041875 0.8994018875 0.595654153125 0.9252374906249999 0.6028307093749999 0.9518804546874999 0.6143131984375 0.9591467187499999 0.6013953984375
0 0.1849267671875 0.562635134375 0.192417471875 0.5434922234374999 0.1849267671875 0.53683381875 0.1671363421875 0.51436170625 0.164327328125 0.498547996875 0.1399825390625 0.507703303125 0.130619159375 0.521020109375 0.10861521562500001 0.5451568250000001 0.0969109890625 0.55680903125 0.10580620156250001 0.572622740625 0.1132969046875 0.5742873421875 0.120787609375 0.5742873421875 0.1324918359375 0.5659643375 0.1549639484375 0.5642997359375 0.171818034375 0.5651320359375 0.1849267671875 0.562635134375
0 0.0936338046875 0.5642997359375 0.097847328125 0.550150628125 0.109551553125 0.530175415625 0.129682821875 0.51269710625 0.109551553125 0.51269710625 0.0884839453125 0.5260139125000001 0.0706935234375 0.541827621875 0.0519667625 0.5634674359375 0.0346445078125 0.584274946875 0.0224721140625 0.6150700671875 0.037453521875 0.6225607703125 0.047753240625 0.6225607703125 0.057116621874999995 0.6100762625 0.0720980296875 0.60008865625 0.089888453125 0.58760415 0.10159267812499999 0.57844884375 0.0936338046875 0.5642997359375
0 0.19475831562499998 0.6267222734375 0.216762259375 0.6358775796875 0.2331481765625 0.6400390812500001 0.24157521875 0.62172846875 0.22799831718750002 0.61923156875 0.204121696875 0.6175669687500001 0.20833521875 0.5984240562500001 0.2125487390625 0.583442646875 0.203185359375 0.5651320359375 0.1956946546875 0.5534798296875 0.17790423125 0.5709581406249999 0.15636845625 0.5709581406249999 0.1338963421875 0.5742873421875 0.109551553125 0.5817780453125 0.0987836640625 0.5901010515625 0.089420284375 0.59925635625 0.1034653546875 0.6159023671875 0.11844676406250002 0.630883775 0.13530085 0.6258899718750001 0.153091271875 0.613405465625 0.174158878125 0.6175669687500001 0.19475831562499998 0.6267222734375
0 0.24251155624999998 0.8789093234375001 0.23689352968750002 0.8730832187500001 0.2181667671875 0.8689217171875001 0.1989718375 0.8664248156250001 0.171818034375 0.8630956140625001 0.16151831562500002 0.876412421875 0.151686765625 0.8922261312499999 0.162922821875 0.91386594375 0.1760315546875 0.9155305437499999 0.19850366875 0.9171951453125 0.2195712734375 0.91469824375 0.23033916250000003 0.91220134375 0.2397025421875 0.8997168359375 0.24251155624999998 0.8789093234375001
0 0.20131268125 0.8597664125 0.216762259375 0.8664248156250001 0.20693071093749998 0.8414558015625 0.20786704843749998 0.8181513875 0.18164958281250002 0.801505378125 0.15824113281250002 0.7948469734375 0.1404507078125 0.7940146718750001 0.11844676406250002 0.7906854703125 0.109551553125 0.7782009640625 0.088015778125 0.7956792734375 0.0753752125 0.813157584375 0.100188171875 0.8256420921875 0.1137650734375 0.8422881015625 0.1404507078125 0.84977880625 0.16151831562500002 0.8589341109375 0.1811814140625 0.8547726078125001 0.20131268125 0.8597664125
0 0.2073988796875 0.7332567359375 0.23268000625 0.7349213375 0.22893465468750002 0.7157784265625 0.2331481765625 0.70162931875 0.215357753125 0.6958032140625 0.1966309921875 0.6949709140625 0.1760315546875 0.68415100625 0.153559440625 0.68082180625 0.1324918359375 0.6799895046875 0.1142332421875 0.689144809375 0.097847328125 0.7074554203125001 0.1076788765625 0.7365859390625 0.11563775000000001 0.74740584375 0.1320236671875 0.7349213375 0.15121859531249998 0.7349213375 0.173690709375 0.739915140625 0.1952264859375 0.7449089437499999 0.2073988796875 0.7332567359375
0 0.3441042359375 0.6658403953125 0.3544039546875 0.6475297859375 0.331931840625 0.6475297859375 0.3169504328125 0.64170368125 0.3010326859375 0.6375421796875 0.2851149375 0.6250576718749999 0.27060169843750004 0.635045278125 0.2603019796875 0.6541881890625 0.27060169843750004 0.6716664999999999 0.2841786 0.68248640625 0.29728733281249997 0.6908094109375 0.320227615625 0.6991324171875 0.341295221875 0.70162931875 0.3441042359375 0.68248640625 0.3441042359375 0.6658403953125
0 0.425565646875 0.7915177703125 0.4302473375 0.7790332640625001 0.41432959062499997 0.7707102578125 0.4087115625 0.7598903531250001 0.39373015312500004 0.7640518546874999 0.382494096875 0.76654875625 0.36657635 0.771542559375 0.352063109375 0.7782009640625 0.343167896875 0.7965115734375 0.3361453625 0.8198159875 0.33754986875 0.8256420921875 0.34691325 0.8323004953125 0.3590856453125 0.8289712937499999 0.3768760671875 0.8289712937499999 0.394198321875 0.8181513875 0.41245691406249996 0.8089960812499999 0.425565646875 0.7915177703125
0 0.513581425 0.7840270671875 0.496727340625 0.780697865625 0.4831504375 0.76821335625 0.46723269062500006 0.76654875625 0.44710142187499996 0.773207159375 0.435397196875 0.781530165625 0.426970153125 0.7948469734375 0.41807494375000004 0.8156544859375 0.4321200125 0.8189836875 0.44241973124999995 0.8198159875 0.456464803125 0.8248097921875001 0.4714462109375 0.8214805890625 0.49017297343750005 0.8189836875 0.5051543828125 0.8056668796875 0.513581425 0.7840270671875
0 0.321163953125 0.8797416234375 0.32818648906250003 0.8597664125 0.3436360671875 0.8547726078125001 0.35534029375 0.8397912 0.342699728125 0.83063589375 0.330995503125 0.813157584375 0.3108642359375 0.813989884375 0.2851149375 0.8040022796875 0.26732451562500004 0.7973438749999999 0.256556628125 0.8006730765625001 0.23033916250000003 0.80982838125 0.2106760640625 0.8106606812500001 0.2125487390625 0.8114929828124999 0.214889584375 0.843952703125 0.225189303125 0.8597664125 0.23923437343749998 0.8697540187499999 0.26826085312500003 0.87225091875 0.29681916406250003 0.8755801203125 0.321163953125 0.8797416234375
0 0.1849267671875 0.751567346875 0.174158878125 0.750735046875 0.1577729625 0.7457412437500001 0.13483268125 0.74324434375 0.1221921171875 0.751567346875 0.110956059375 0.7640518546874999 0.1240647921875 0.7765363625 0.1390462015625 0.7840270671875 0.15402760937499999 0.7915177703125 0.1750952171875 0.7940146718750001 0.172286203125 0.7790332640625001 0.16994535625 0.76738105625 0.1849267671875 0.751567346875
0 0.10486986250000001 0.761554953125 0.1081470453125 0.7440766437499999 0.0861431015625 0.7382505390625 0.068820846875 0.7340890375 0.049157748437499996 0.7490704453125 0.031367325 0.7648841562500001 0.027153804687499998 0.782362465625 0.028558310937499998 0.782362465625 0.042135212500000005 0.7798655640625001 0.0641391578125 0.7831947671874999 0.07771605937500001 0.792350071875 0.09269746875 0.78818856875 0.0922292984375 0.7698779578125 0.10486986250000001 0.761554953125
0 0.199908175 0.3603861140625 0.16807268125 0.3603861140625 0.141387046875 0.36870911875 0.110487890625 0.3753675234375 0.0964428203125 0.3795290265625 0.0917611296875 0.38618743125 0.07724788906249999 0.3978396375 0.0852067625 0.41448564687499995 0.100656340625 0.3961750359375 0.118914934375 0.38951663124999997 0.1399825390625 0.38951663124999997 0.16245465312500001 0.38951663124999997 0.193821978125 0.383690528125 0.199908175 0.3603861140625
0 0.1975673296875 0.3720383203125 0.2205076125 0.3795290265625 0.2397025421875 0.3795290265625 0.26311099375 0.38285822812500003 0.25234310625 0.3637153171875 0.245320571875 0.351230809375 0.2059943734375 0.35622461250000004 0.1975673296875 0.3720383203125
0 0.298691840625 0.3603861140625 0.2855831078125 0.3503985078125 0.272474375 0.351230809375 0.2518749375 0.35289540937499997 0.2612383171875 0.3745352234375 0.277624234375 0.38202592812499997 0.29822367031249997 0.38285822812500003 0.319291278125 0.393678134375 0.32725015156250004 0.3753675234375 0.3127369109375 0.362050715625 0.298691840625 0.3603861140625
0 0.2603019796875 0.078236246875 0.2476614171875 0.07407474375 0.23080733125 0.07324244375 0.1952264859375 0.0915530546875 0.174627046875 0.11402516874999999 0.1853949359375 0.124845075 0.20458986562499998 0.11735436875000001 0.2176985984375 0.11069596562499999 0.242979725 0.10736676406250001 0.26826085312500003 0.10736676406250001 0.2832422625 0.1032052609375 0.2603019796875 0.078236246875
0 0.3586174765625 0.0990437578125 0.3698535328125 0.08323005 0.363767334375 0.0699132421875 0.35159494062499996 0.06575173906250001 0.33286817968750004 0.051602631249999996 0.3000963484375 0.054931832812500005 0.2715380375 0.051602631249999996 0.27434705 0.07407474375 0.279965078125 0.0990437578125 0.287923953125 0.1057021625 0.30430986875 0.1023729609375 0.319291278125 0.1057021625 0.33661353125 0.09488225624999999 0.3586174765625 0.0990437578125
0 0.45599663437500004 0.09571455625 0.456932971875 0.078236246875 0.45225128124999997 0.06908094218750001 0.426970153125 0.0699132421875 0.4054343796875 0.068248640625 0.3862394484375 0.07324244375 0.36891719375 0.08489465 0.372194378125 0.0990437578125 0.37781240625 0.1065344640625 0.38483494218750003 0.100708359375 0.3970073375 0.09404995625 0.41292508437500003 0.100708359375 0.436333534375 0.099876059375 0.45599663437500004 0.09571455625
0 0.5500986078125 0.08323005 0.5435442421875 0.07573934375 0.546821425 0.054931832812500005 0.5323081859375 0.0640871375 0.5163904390625 0.06075793593749999 0.4976636765625 0.0565964328125 0.46863719687499994 0.059093334374999994 0.45927381718750004 0.07490704375 0.4602101546875 0.09321765625 0.47004170468749995 0.09737915781249999 0.48127776093749997 0.09571455625 0.4962591703125 0.09404995625 0.5126450859375 0.09238535625 0.5341808609375 0.09238535625 0.5500986078125 0.08323005
0 0.6399870625 0.0915530546875 0.6427960765625 0.07241014375 0.63951889375 0.054931832812500005 0.63109185 0.0557641328125 0.6179831171875 0.047441128124999996 0.5936383281250001 0.0441119265625 0.572570721875 0.0449442265625 0.5543121296875 0.0449442265625 0.5477577640625 0.06325483750000001 0.5500986078125 0.079068546875 0.55618480625 0.0907207546875 0.5744433984375 0.09404995625 0.58942480625 0.0915530546875 0.6170467796875 0.09654685625000001 0.6343690328125 0.1040375625 0.6399870625 0.0915530546875
0 0.5168586078125 0.66084659375 0.5028135359375 0.656685090625 0.477532409375 0.6525235890625 0.45880564843749994 0.6516912875 0.44148339375 0.66001429375 0.44054705624999996 0.6749957015625 0.42275663281250003 0.6933063125000001 0.44476057812500003 0.70246161875 0.4648918453125 0.7007970171875 0.4840867765625 0.70246161875 0.5004726921875 0.6949709140625 0.51592226875 0.6849833078125 0.5191994531249999 0.6716664999999999 0.5168586078125 0.66084659375
0 0.688676640625 0.8173190859374999 0.6601183296875 0.8214805890625 0.6324963578125 0.8264743921875001 0.6123650890625 0.8181513875 0.6006608640625 0.8189836875 0.5852112859374999 0.8605987125000001 0.6025335390625 0.8614310125 0.6165786109375 0.8589341109375 0.6371780484375 0.8697540187499999 0.6615228375 0.87225091875 0.676972415625 0.8597664125 0.6928901625 0.8339650953125 0.688676640625 0.8173190859374999
0 0.7785650937499999 0.9521517671874999 0.8052507296875 0.9479902640625 0.803846221875 0.9213566484375001 0.7860558 0.9163628453125 0.7743515734375 0.897219934375 0.750943121875 0.897219934375 0.7200439671875001 0.8963876328125 0.6816541046875 0.886400028125 0.6437324140625 0.8805739234375001 0.64045523125 0.9063752390625 0.619387625 0.919692046875 0.602065371875 0.9355057562500001 0.62079213125 0.9429964609375 0.65028678125 0.9496548656250001 0.68071776875 0.9529840671875001 0.7059988953125 0.9529840671875001 0.7261301625 0.9521517671874999 0.7481341078125 0.9579778703124999 0.7785650937499999 0.9521517671874999
0 0.3024371921875 0.17644770625 0.27294254375000004 0.1739508046875 0.25234310625 0.1747831046875 0.265920009375 0.193093715625 0.2720062046875 0.20724282343749997 0.28839212187499996 0.22222423125000001 0.3066507140625 0.21889503124999998 0.32678198125 0.20973972500000002 0.3047780375 0.1889322125 0.3024371921875 0.17644770625
0 0.6045407390624999 0.67401494375 0.6071316265625 0.6525201625 0.58208636875 0.6578938578125 0.557041109375 0.6609645421875 0.5242231828125 0.6632675531250001 0.5194732203125 0.6801563109375001 0.5104051093749999 0.6909037015624999 0.5108369234375 0.704721775 0.5207686640625 0.7093278 0.5315640359375 0.704721775 0.5479729984375 0.6978127390625 0.5579047390625 0.6970450687499999 0.5764727749999999 0.7001157515624999 0.5971998859375 0.69243904375 0.6045407390624999 0.67401494375
0 0.6839946640625 0.6686412484375001 0.666722071875 0.6732472734375 0.6468585906250001 0.66710590625 0.625699665625 0.66710590625 0.6088588875000001 0.66710590625 0.5993589609375001 0.6824593218749999 0.5959044421875 0.7001157515624999 0.5967680718749999 0.7116308124999999 0.618790628125 0.7062571171875 0.6408131828125 0.7024187625 0.6572221453125 0.71853985 0.6727674796875001 0.71853985 0.6883128125 0.6932067140625 0.701699071875 0.6694089187500001 0.6839946640625 0.6686412484375001
0 0.783312071875 0.6816916515625 0.7742439609375 0.6686412484375001 0.7556759234375 0.6686412484375001 0.7271761453125001 0.6694089187500001 0.707744478125 0.670176590625 0.6956536640625 0.684762334375 0.6814037749999999 0.7085601296874999 0.6792447015625 0.7231458734375 0.6926309609375 0.73773161875 0.714653515625 0.73773161875 0.7353806265625 0.73312559375 0.763016775 0.73312559375 0.7846075156250001 0.7154691671875 0.7932438125 0.6970450687499999 0.783312071875 0.6816916515625
0 0.9024929593750001 0.6855300062499999 0.8787431453125001 0.6862976765625 0.8593114796875 0.6862976765625 0.8290844406250001 0.6955097265625 0.801880109375 0.69013603125 0.7923801828125 0.7001157515624999 0.786334775 0.7193075203125 0.7889256640625 0.7431053140625 0.8070618859375 0.7546203765625 0.8213117750000001 0.757691059375 0.8437661453124999 0.755388046875 0.866220515625 0.750782021875 0.8783113312499999 0.731590253125 0.8951521078125 0.7062571171875 0.9024929593750001 0.6855300062499999
0 0.9940377 0.7768828296875 0.9996512921875 0.7546203765625 0.9910149968749999 0.7300549109375 0.9845377734375 0.7108631421875 0.9659697375 0.7100954703125 0.9499925890625001 0.7024187625 0.9284018484375001 0.6939743843749999 0.905947478125 0.687065346875 0.8951521078125 0.7154691671875 0.88306129375 0.736196278125 0.8787431453125001 0.750782021875 0.8942884781249999 0.7599940703125 0.9072429218750001 0.7607617421875 0.92753821875 0.7653677671875 0.9530152921875 0.7699737921875001 0.97417421875 0.7761151578125001 0.9940377 0.7768828296875
0 0.9024522609375 0.8628877906250001 0.8930680078125001 0.8406436359375 0.8779489343750001 0.8360094374999999 0.8612658203124999 0.8378631171875 0.8331130625000001 0.84435099375 0.8060030015624999 0.84342415625 0.8002681796875001 0.8536193937500001 0.7992254859375 0.8814245843749999 0.779935634375 0.89069298125 0.787234496875 0.9092297765625 0.797140096875 0.9157176546875 0.8086097390625 0.907376096875 0.8409332734375001 0.9092297765625 0.8680433359374999 0.9055224171875 0.8899399234375001 0.8842051046874999 0.9024522609375 0.8628877906250001
0 0.9697060687500001 0.9926453515624999 0.996294784375 0.9935721921875 0.9978588265624999 0.9666938390625001 0.9900386156250001 0.936108128125 0.980133015625 0.92683973125 0.95250160625 0.9175713328124999 0.9248701968749999 0.9101566171875 0.8951533968750001 0.91664449375 0.8649152515624999 0.9175713328124999 0.831027675 0.9240592124999999 0.842497315625 0.94259600625 0.8607444734374999 0.9453765265625 0.87117141875 0.9620596406249999 0.8909826187500001 0.982450115625 0.9233061546875 0.9861574734375 0.94520274375 0.988011153125 0.9697060687500001 0.9926453515624999
0 0.2584177515625 0.6600935 0.2645046796875 0.6414023281250001 0.2750184640625 0.624678646875 0.2584177515625 0.6227111562500001 0.2479039671875 0.6295973765625 0.2307498984375 0.64336981875 0.2036354015625 0.6423860734375 0.19810183125 0.6591097546875 0.1787343328125 0.678784671875 0.19810183125 0.6807521640624999 0.21248911406249998 0.6866546390625 0.23130325468750002 0.6915733687500001 0.255650965625 0.69747584375 0.2799986765625 0.6925571140625 0.2705916078125 0.678784671875 0.2584177515625 0.6600935
0 0.1770742625 0.627629884375 0.1599201921875 0.6227111562500001 0.14719298125 0.62566239375 0.128932196875 0.6414023281250001 0.11288484218749999 0.6620609921875 0.1361258390625 0.6738659421875 0.15217319375 0.6748496875 0.17375411875 0.677800925 0.18150111875 0.6758334328125 0.18648133125 0.6561585156249999 0.1992085453125 0.64336981875 0.1770742625 0.627629884375
0 0.12284526874999999 0.6354998515625 0.11177812812500001 0.6354998515625 0.090197203125 0.6295973765625 0.07193641875 0.6305811218749999 0.0597625640625 0.6512397859375 0.069169634375 0.677800925 0.0890904890625 0.684687146875 0.1084579859375 0.68567089375 0.11897176875 0.678784671875 0.1112247703125 0.6620609921875 0.116204984375 0.64927229375 0.12284526874999999 0.6354998515625
0 0.761419328125 0.37087220468750004 0.748692115625 0.375790934375 0.722130975 0.37775842656249997 0.6999966921875 0.37874217187500003 0.6933564078125001 0.39054712187499996 0.7038701921875 0.4141570234375 0.7132772625 0.42694572031250005 0.7315380453125 0.425961975 0.7503521859375 0.4180920078125 0.7592058984375 0.39743334375 0.770826396875 0.381693409375 0.761419328125 0.37087220468750004
0 0.58323835 0.513515359375 0.5826849937499999 0.5341740234375 0.5782581375 0.5469627203125 0.5583372828125001 0.5400765 0.5395231421875 0.5371252625 0.518495575 0.5440114828125 0.512962003125 0.5636864015625 0.5018948625 0.58631255625 0.5201556453125 0.5912312859375 0.5439499984375 0.587296303125 0.5644242109375 0.584345065625 0.5843450640625 0.570572621875 0.59928570625 0.5508977046875 0.6026058484375 0.5164665984375 0.58323835 0.513515359375
0 0.1014909171875 0.470726334375 0.129840334375 0.4556066453125 0.091285125 0.4606465421875 0.068605590625 0.456614625 0.058966789062500004 0.47576623125 0.0379882203125 0.5201173203125 0.0317513484375 0.55741255625 0.0374212328125 0.5674923484375001 0.05386389375 0.5382609484375 0.0691725796875 0.5291891343749999 0.0895841609375 0.5241492390625 0.0793783703125 0.5150774250000001 0.080512346875 0.4918939 0.1014909171875 0.470726334375
0 0.082274309375 0.343580384375 0.07033646875 0.34013884375000003 0.05710805 0.343580384375 0.0435569875 0.3453011546875 0.027424768750000002 0.3481691046875 0.0190360171875 0.36021449375 0.0109699078125 0.3768486015625 0.0225851046875 0.38373168125 0.0371041 0.37799578125 0.05097780625 0.37512783125000004 0.0680779578125 0.3711127015625 0.07517613437500001 0.35964090312499997 0.0900177734375 0.3481691046875 0.082274309375 0.343580384375
0 0.069368534375 0.3745542421875 0.0613024265625 0.3802901421875 0.0393626109375 0.3820109109375 0.0261341921875 0.3843052703125 0.013873706250000001 0.397497840625 0.025811548437499998 0.4095432296875 0.037426745312499995 0.4066752796875 0.055172184375 0.4066752796875 0.072272334375 0.40438091875 0.0719496890625 0.391761940625 0.08743661875 0.3768486015625 0.069368534375 0.3745542421875
0 0.08098373125 0.40724886875 0.0642062265625 0.4106904078125 0.0422664109375 0.4112639984375 0.028715346875 0.4112639984375 0.0232303921875 0.41929425781249996 0.0112925515625 0.4250301578125 0.014518996875 0.43650195625 0.027102126562500002 0.44051708593749994 0.041621121875 0.44395862656249996 0.0558174734375 0.44166426718749996 0.0719496890625 0.44338503593749995 0.075498778125 0.428471696875 0.08098373125 0.40724886875
0 0.0951800828125 0.33669730468750003 0.0748534890625 0.3143272953125 0.06097978125 0.3131801171875 0.0425890546875 0.3120329359375 0.0225851046875 0.3143272953125 0.00322644375 0.31145934531249997 0.00032264375 0.326946275 0.004194376562499999 0.33727089375 0.024843615625000003 0.3424332046875 0.048074009375 0.33669730468750003 0.0645288703125 0.330387815625 0.08291959843749999 0.33784448437500003 0.0951800828125 0.33669730468750003
0 0.0477513640625 0.267866509375 0.0383946765625 0.27647035937500003 0.03032856875 0.2890893375 0.0235530375 0.30687062656249997 0.048074009375 0.308591396875 0.061625070312499995 0.31088575625 0.0764667109375 0.30687062656249997 0.0777572890625 0.2913836984375 0.0777572890625 0.26844009999999996 0.0629156484375 0.27016086875 0.0477513640625 0.267866509375
0 0.0261341921875 0.21624341406249997 0.0141963515625 0.2397606015625 0.027747414062499996 0.24262855156250002 0.039039965625 0.23173034375 0.0513004515625 0.22542085312500001 0.06097978125 0.2122282828125 0.0506551640625 0.2122282828125 0.03678145625 0.21165469374999998 0.0261341921875 0.21624341406249997
0 0.0735629125 0.201903665625 0.08388753125000001 0.18813750625 0.068400603125 0.17953365625 0.05323631875 0.1783864765625 0.0364588125 0.18240160625 0.0241983265625 0.19387340625 0.0122604859375 0.21050751406249998 0.008066109375 0.22197931406250002 0.0177454390625 0.22255290312499998 0.0232303921875 0.21739059374999997 0.0342003 0.20936033437499998 0.0464607875 0.20706597499999999 0.0613024265625 0.20936033437499998 0.0735629125 0.201903665625
0 0.0635609375 0.45772478593750004 0.040330543749999996 0.4514152953125 0.0238756828125 0.4514152953125 0.0074208203125 0.45198888593750003 0.001613221875 0.469196584375 0.0025811546875 0.492713771875 0.011937840625 0.4904194125 0.0290379921875 0.492713771875 0.0409758328125 0.4898458234375 0.052268384375 0.4760796640625 0.0635609375 0.45772478593750004
0 0.037426745312499995 0.4932873625 0.021939815625 0.4961553125 0.0087113984375 0.498449671875 0.001613221875 0.5047591625 0.001290578125 0.5196725015625 0.001613221875 0.530570709375 0.009034042187499999 0.52827635 0.0196813046875 0.5248348093749999 0.026779481249999997 0.5185253203125 0.0312965015625 0.5059063421875 0.037426745312499995 0.4932873625
0 0.0893724859375 0.8299846671875001 0.077112 0.8144977390625 0.0767893546875 0.796142859375 0.05097780625 0.79556926875 0.0345229453125 0.791554140625 0.013551062499999999 0.79671645 0.008388753124999999 0.8122033796875 0.014841640625 0.823675178125 0.0261341921875 0.8294110781249999 0.0406531890625 0.8311318468750001 0.0574306953125 0.8328526171874999 0.07582142343750001 0.8420300562499999 0.0893724859375 0.8299846671875001
0 0.1522881328125 0.9125816203125 0.1516428453125 0.8948003312499999 0.15519193281250002 0.8787398140624999 0.1622901078125 0.863826475 0.13454269531250002 0.855222625 0.11615196718750001 0.85350185625 0.105504703125 0.8454715953124999 0.092921571875 0.8426036453125001 0.086146040625 0.852354675 0.0951800828125 0.868988784375 0.1016329703125 0.8798869937499999 0.10389148125 0.8902116124999999 0.11744254375 0.8970946921875 0.125831296875 0.901109821875 0.1368012046875 0.9022570015625 0.1522881328125 0.9125816203125
0 0.0961480171875 0.893653153125 0.0977612375 0.8770190437500001 0.087113975 0.85923775625 0.085178109375 0.8454715953124999 0.06581944687499999 0.8420300562499999 0.0506551640625 0.8380149265625001 0.0345229453125 0.8345733875000001 0.025166259375 0.8426036453125001 0.013228418750000002 0.85350185625 0.0174227953125 0.8752982734374999 0.0264568359375 0.8833285328124999 0.0377493890625 0.8839021234375 0.0513004515625 0.8856228937499999 0.06678738125 0.88275494375 0.0816290203125 0.898241871875 0.0961480171875 0.893653153125
0 0.1016329703125 0.72788565625 0.0977612375 0.7118251359375 0.099051815625 0.6946174375 0.08098373125 0.6877343578125 0.058721271875 0.69347025625 0.04387963125 0.7083835953125 0.024843615625000003 0.7382102734375 0.014518996875 0.759433103125 0.020649239062499998 0.7680369515625001 0.0309738578125 0.759433103125 0.047106075 0.7479613046875 0.0661420921875 0.733047965625 0.084210175 0.729606425 0.09388950625 0.7393574546874999 0.1016329703125 0.72788565625
0 0.3016788625 0.8877383218749999 0.28165307031250003 0.8877383218749999 0.25516734531249996 0.881996159375 0.24160148750000002 0.8911836187500001 0.23384956875000001 0.9130038375 0.2506453921875 0.9233397296874999 0.26744121718749997 0.9267850265625001 0.28746700937499997 0.9302303249999999 0.31330674062499997 0.9244881625 0.3275185921875 0.9084101062500001 0.3242886265625 0.8865898890624999 0.3016788625 0.8877383218749999
0 0.0551978953125 0.1439945078125 0.0413984203125 0.15412745625 0.032698753125 0.16212715 0.0260990046875 0.1711934703125 0.018299303125 0.1850596078125 0.0215991765625 0.192525990625 0.029098890625000002 0.186126234375 0.0377985578125 0.18079310625 0.0464982265625 0.17012684375 0.057297814062499994 0.1631937765625 0.0560978609375 0.15412745625 0.0551978953125 0.1439945078125
0 0.62541116875 0.8713211390625 0.601415803125 0.876766896875 0.58252583125 0.8604296250000001 0.5661885609375 0.85498386875 0.5309613203125 0.8522609890625 0.501350015625 0.84499998125 0.49011814062500003 0.85498386875 0.46561223281249997 0.8876584109375001 0.4819495046875 0.8958270468749999 0.499818396875 0.8976422984375001 0.5370877968750001 0.9012728046875 0.5769098953125 0.9112566921875 0.604479040625 0.9167024484375 0.6300060281250001 0.9003651781249999 0.62541116875 0.8713211390625
0 0.59375770625 0.958453253125 0.5922260875 0.9339473453125 0.587120690625 0.9203329546875001 0.561593703125 0.9167024484375 0.5289191609375 0.90399568125 0.49471299843749994 0.9012728046875 0.4676543921875 0.90218043125 0.4691860109375 0.936670225 0.46816493281250005 0.96026850625 0.47939680625000003 0.9693447687500001 0.5120713484375 0.9747905250000001 0.5539356078125001 0.9811439078124999 0.5763993546874999 0.9747905250000001 0.59375770625 0.958453253125
0 0.7442750296875 0.9929430484375 0.7646966187500001 0.9929430484375 0.761122840625 0.9793286562500001 0.7372193703125001 0.9684371421875 0.7137345421875 0.962991384375 0.68106 0.9566380015625 0.6468538374999999 0.9530074953125001 0.6197952328125 0.9511922437500001 0.6029474203125 0.9530074953125001 0.584567990625 0.9802362812500001 0.60745038125 0.98840491875 0.6294035906250001 0.9911277953125 0.65288841875 0.995665928125 0.6779048640625 0.9974811796875 0.700879153125 0.99838880625 0.7161953453125001 0.9929430484375 0.7442750296875 0.9929430484375
0 0.47037088125000004 0.175175453125 0.45735666718749995 0.1801332484375 0.43737055312499995 0.1801332484375 0.430863446875 0.19335403906249998 0.4243563390625 0.209880025 0.44666642031250003 0.21814301875000003 0.468046915625 0.21814301875000003 0.4838498890625 0.21731671874999997 0.4945401359375 0.198311834375 0.4912865828125 0.1900488421875 0.49314575625 0.17930695000000002 0.47037088125000004 0.175175453125
0 0.9455749656249999 0.850707921875 0.9168963484375 0.841967771875 0.8988697906249999 0.8405110812500001 0.8988697906249999 0.8725582968750001 0.8824820078125001 0.9002354390624999 0.9234514624999999 0.9046055125000001 0.9660596921875 0.9118889703124999 0.9971964765625 0.9133456625 0.9996546437499999 0.885668521875 0.9906413625000001 0.86236145625 0.9685178593750001 0.8521646140625 0.9455749656249999 0.850707921875
0 0.9454629515624999 0.19812226875 0.9309897328125001 0.1891167125 0.9157928546875 0.1859004421875 0.91506919375 0.20069528593750002 0.9031287890625 0.21163060625000002 0.9016814671875 0.22706870625 0.9118127203125 0.23929053281249998 0.9255622765625 0.24186355 0.940397325 0.2412202953125 0.9505285765625 0.2264254515625 0.9411209859375 0.210987353125 0.9454629515624999 0.19812226875
0 0.9534232203125 0.24186355 0.9400354953125 0.24379331249999997 0.9212203109375 0.24379331249999997 0.9201348203125 0.25279887031250003 0.9136218734374999 0.267593715625 0.9248386171874999 0.284318321875 0.9371408515624999 0.28753459375 0.9494430859375 0.28045879687499997 0.9718765749999999 0.2785290359375 0.9762185390625 0.2669504609375 0.9729620656250001 0.2470095828125 0.9534232203125 0.24186355
0 0.9653636265625 0.33063261875 0.9385881734374999 0.32677309375 0.9172401765625 0.3254865859375 0.9157928546875 0.3434977015625 0.9165165156249999 0.3608655640625 0.9299042421875001 0.36987112031249997 0.9472721046875 0.36858461249999996 0.9668109484375 0.36665485000000003 0.9686201000000001 0.34414095625 0.9653636265625 0.33063261875
0 0.9226676328125001 0.29782665937499997 0.9147073640625001 0.3068322171875 0.9074707546875 0.32420007812499996 0.9299042421875001 0.32291356875 0.9436537984375001 0.3203405546875 0.9429301390625 0.31197825 0.9327988859375 0.2965401515625 0.9255622765625 0.290107609375 0.9226676328125001 0.29782665937499997
0 0.9935864000000001 0.20069528593750002 1 0.1859004421875 0.9939482312499999 0.17625162968750002 0.96825826875 0.17046234375 0.9526995609375 0.17239210625 0.9400354953125 0.1852571875 0.9494430859375 0.20584131874999997 0.9505285765625 0.2142036234375 0.9566796953125 0.2322147390625 0.967172778125 0.2425068046875 0.983816978125 0.23929053281249998 0.9993756875 0.22256592656250002 0.9935864000000001 0.20069528593750002
0 0.9993756875 0.583431490625 0.9986520265625 0.5667068828125 1 0.5345441765625 0.9935864000000001 0.5223223484374999 0.9675346093750001 0.52360885625 0.947633934375 0.519106078125 0.9505285765625 0.5480525140625 0.955956034375 0.5660636296875 0.9668109484375 0.587291015625 0.9758567078124999 0.607875146875 0.9877971125 0.6194537203125 0.9993756875 0.6155941953124999 0.9993756875 0.583431490625
0 0.9805605046875 0.3672981046875 0.9707910828124999 0.36987112031249997 0.9563178640625001 0.3718008828125 0.9469102734374999 0.378233425 0.9411209859375 0.3936715234375 0.9552323734374999 0.40846636875 0.9664491171874999 0.40975287656250003 0.9762185390625 0.40267708124999996 0.989968096875 0.402033828125 0.99901385625 0.394314778125 0.9896062656250001 0.3801631875 0.9805605046875 0.3672981046875
0 0.962021384375 0.281763996875 0.9518389203125001 0.2864862984375 0.9412137421875 0.2912086 0.9456409000000001 0.3171812578125 0.9558233625 0.3258388125 0.97353199375 0.3281999625 0.9815008781250001 0.31245895625000003 0.9801727296875 0.29671795156249997 0.973974709375 0.283338096875 0.962021384375 0.281763996875
0 0.9142080796875 0.3667654265625 0.9137653640625001 0.38722873281250003 0.9186352375 0.39824743749999997 0.9314739953125001 0.40454383906249997 0.9407710265624999 0.39352513437500003 0.9407710265624999 0.3769970796875 0.9257186890625 0.371487728125 0.9142080796875 0.3667654265625
0 0.9293916484375 0.42975969999999997 0.9155079421875 0.4210483546875 0.87059006875 0.4065294453125 0.8232221281250001 0.3992699921875 0.7856544515625 0.4021737734375 0.772587434375 0.44282671875 0.805254978125 0.46460508125000005 0.8452727203125001 0.47186453593750005 0.8771235765625001 0.4834796625 0.9089744328125 0.4921910078125 0.9449087328125 0.5067099171875 0.9449087328125 0.45734562656250005 0.9293916484375 0.42975969999999997
0 0.92719929375 0.406233765625 0.93885261875 0.4332559671875 0.9510126109374999 0.45037002812500004 0.9717859265625 0.45037002812500004 0.9641859343749999 0.4359581875 0.9662125984375001 0.4125389453125 0.9489859453125 0.405333025 0.92719929375 0.406233765625