0 0.4184768765625 0.4172240125 0.5209170375000001 0.41084932500000004 0.6436485984375 0.4398898625 0.701384134375 0.440387546875 0.7829304484375 0.42576860781250003 0.8221183484375001 0.4088088234375 0.7379722421875 0.389979471875 0.669171534375 0.3823302796875 0.5650193296875 0.357723896875 0.49726488281250003 0.360849353125 0.4657179546875 0.3964225359375 0.4184768765625 0.4172240125
0 0.523739015625 0.27971035 0.4863266109375 0.30160456875 0.5676509578125 0.30472483281249996 0.64894358125 0.3208684171875 0.7434573531249999 0.33966617499999996 0.8117507921874999 0.33541638281249997 0.8289351359375001 0.325484334375 0.7660633546875 0.3054674671875 0.6974528875 0.2931023890625 0.6318861390625 0.278707190625 0.562197684375 0.26859078125 0.523739015625 0.27971035
0 0 0.590984234375 0.0682270453125 0.5950029390625 0.142037209375 0.6008405625 0.19032454999999998 0.5908137359375 0.16749669375 0.56932761875 0.126406509375 0.5600222171875 0.0788484 0.5642088249999999 0 0.5630136 0 0.590984234375
0 0 0.5609004109375 0.06366151875 0.5613361046875001 0.13553767187500002 0.553931859375 0.1490125109375 0.525823509375 0.10145440312500001 0.5300101171875 0.0374729109375 0.5252652359375001 0 0.5169125343750001 0 0.5609004109375
0 0.33505989375 0.465978475 0.4109943078125 0.48034208125 0.4797632890625 0.50101459375 0.55839266875 0.5097565296875 0.6301103125 0.49404485 0.71114935625 0.46752692656250006 0.6538260265625 0.44457415312500004 0.59843670625 0.4348632484375 0.5550320328125 0.4217477484375 0.4751344234375 0.41997036562499995 0.3737722515625 0.424096384375 0.33505989375 0.465978475
0 0 0.5201324859375 0.045526090625 0.5214235453125 0.13775709687499998 0.5233878843750001 0.19996309375000001 0.5231983328124999 0.2779266921875 0.5117338484375 0.199677790625 0.49356014375 0.143368996875 0.494405340625 0.0413093171875 0.49134826093750006 0 0.488630359375 0 0.5201324859375
0 0.7075984765625 0.38423403125 0.767997253125 0.3921333640625 0.803063446875 0.379452365625 0.843868328125 0.359119578125 0.802619628125 0.3415067421875 0.7463108359375 0.342351940625 0.6884167859375 0.3335468203125 0.6310300062499999 0.3366406859375 0.60078303125 0.352225996875 0.63309080625 0.3712133078125 0.7075984765625 0.38423403125
0 0.5139419562499999 0.33901831875 0.5825524265625 0.35138339531249996 0.6120701687500001 0.341638303125 0.647485115625 0.3325488546875 0.5869278234374999 0.3163420859375 0.5097251828125 0.3089430328125 0.43629549843750004 0.293673640625 0.3637218375 0.29389478593749996 0.3670508609375 0.3215028546875 0.4347735828125 0.3314007171875 0.5139419562499999 0.33901831875
0 0.144954584375 0.28378356718750003 0.193907709375 0.2939631625 0.259125703125 0.304766809375 0.3559856859375 0.314351346875 0.357444153125 0.302670909375 0.4005635234375 0.2861482203125 0.328211825 0.26863016093750003 0.2510091859375 0.2612311078125 0.2022145765625 0.25935894843749996 0.1226974484375 0.248149796875 0.110332321875 0.26098615937499997 0.144954584375 0.28378356718750003
0 0.701288959375 0.479457503125 0.647801921875 0.496011784375 0.6164769578125 0.5138457640625 0.6900968828125 0.524399271875 0.7655240296875 0.5268638921875 0.829727484375 0.51386956875 0.9069935750000001 0.4952219828125 0.943518234375 0.4708605484375 0.88527543125 0.458463878125 0.8234499156249999 0.44922166093750004 0.760039140625 0.430329128125 0.7231657296875 0.4510990140625 0.701288959375 0.479457503125
0 0.4670174625 0.6701307843750001 0.534042675 0.6728455453125 0.5531927546875 0.66313204375 0.6109600125 0.6506064109375 0.5645116171875 0.6395210312499999 0.524118940625 0.63739873125 0.46029596250000004 0.640961284375 0.41058188125 0.649645228125 0.384266375 0.6656676375 0.41410114531250003 0.6725374140625 0.4670174625 0.6701307843750001
0 0.4231579140625 0.586991025 0.37313090937500004 0.5871434640625 0.3245878984375 0.580032184375 0.2747444859375 0.575633521875 0.2367117296875 0.573690834375 0.20210588281250003 0.581272178125 0.186883571875 0.5984372734375001 0.22292748593749998 0.6024446 0.2527600953125 0.6069042375 0.2929499828125 0.6085153125 0.3420131546875 0.6145415453124999 0.390831553125 0.6148261734375 0.435595775 0.6152314984375 0.4585592546875 0.606927209375 0.44514224999999996 0.5911495375 0.4231579140625 0.586991025
0 0.3450270625 0.5811617109375 0.37037713437500003 0.5845515453125001 0.41246406718750006 0.58637353125 0.445494128125 0.5883314625 0.474072259375 0.5766513296875 0.5098867125 0.5686329203125 0.49126810781249997 0.5637057249999999 0.4541838703125 0.5618684953125 0.41114841406249997 0.559941053125 0.3523246140625 0.5596869140625 0.3089066625 0.57314580625 0.3450270625 0.5811617109375
0 0.310467034375 0.640749121875 0.296713409375 0.656934625 0.34458328437499997 0.6571137968749999 0.39107627031250003 0.6559970078124999 0.42233169375 0.642900215625 0.4576259859375 0.6359668515625 0.45213374218749997 0.624498884375 0.43740102968750005 0.6177179640625 0.4004850796875 0.617613759375 0.3699487171875 0.618790271875 0.32388409375 0.6210975640624999 0.310467034375 0.640749121875
0 0.43655945 0.7153405140625 0.40264204687499994 0.7235698359375 0.444637184375 0.7276673734375 0.48034453125 0.72820864375 0.5121201140625 0.7140268046875 0.5483935468750001 0.6946306375 0.5530749859374999 0.6848652078125 0.5201979031249999 0.6909244359375 0.496989653125 0.69348711875 0.46481632343749996 0.6939101953125 0.4234943203125 0.6967447671875 0.43655945 0.7153405140625
0 0.420220384375 0.6952378953125 0.39942934375 0.69692644375 0.36623100000000003 0.6932354843749999 0.34123280624999996 0.687027575 0.32504671875 0.6749421156250001 0.30286348125 0.681618834375 0.280236571875 0.6933891796875 0.2895993984375 0.70928755 0.259476090625 0.7179386953125 0.27101135468750004 0.727221325 0.299543565625 0.7343935828125 0.33413410312499997 0.7330963703125 0.3808106828125 0.727428478125 0.42525364843749996 0.7180836203125 0.42338721562500004 0.7053044484375001 0.420220384375 0.6952378953125
0 0.40017901875 0.672437903125 0.37233525312500004 0.6659136265625001 0.34224256406250003 0.6619965109375 0.2999108578125 0.65443291875 0.27445368281250004 0.6596027656250001 0.240796359375 0.6672895624999999 0.19896950625 0.6649250531249999 0.19815865 0.679120884375 0.22919986250000002 0.6831434546875 0.267997553125 0.6897427 0.29086923593749997 0.6837139609375 0.330141215625 0.6726513203125 0.345026903125 0.6874493984375001 0.379954009375 0.6896182421875 0.4133206359375 0.6950422281249999 0.430684765625 0.6838296500000001 0.40017901875 0.672437903125
0 0.271011409375 0.6917920953125 0.2388533875 0.6859310421875 0.2033296328125 0.6808386671875 0.1761743109375 0.6749623703125 0.14822344375000002 0.6769977734375 0.1253364515625 0.6893106437500001 0.14161433750000002 0.6991205515625001 0.1546947734375 0.7114321671875 0.144490471875 0.7222978875 0.1640576 0.7273305390625 0.2008817546875 0.7297102921875 0.222361240625 0.7286697249999999 0.2473135640625 0.7183007953125 0.277788746875 0.706831575 0.2784160109375 0.6971868453125001 0.271011409375 0.6917920953125
0 0 0.7167819859375 0.014588548437500001 0.7244272625 0.040963628125 0.73193113125 0.084779328125 0.732231003125 0.12403599843749999 0.727452490625 0.14450578125 0.7160137578125 0.14263935 0.7032345859375 0.1285950796875 0.69710164375 0.118880375 0.6840213484375 0.079531909375 0.6910754109374999 0.059674082812499994 0.6991535453125 0.017158782812500002 0.6961410546875 0 0.69974896875 0 0.7167819859375
0 0 0.698786796875 0.0185356703125 0.6974370140625 0.0643402140625 0.695672246875 0.0939433609375 0.6881061484375001 0.113632903125 0.6782949859375 0.08519249062499999 0.6688471781249999 0.05906217968750001 0.6670849140625 0.029214260937499997 0.66890940625 0 0.6711903234375 0 0.698786796875
0 0 0.6641228453125 0.0265522828125 0.6640419359374999 0.0489956 0.65682269375 0.010809865625 0.64686285 0 0.64693608125 0 0.6641228453125
0 0 0.6369891062499999 0.0244563859375 0.6392370265625 0.06923591875 0.633358225 0.0947848875 0.625912825 0.1274172 0.61411199375 0.0853608796875 0.599721746875 0.0287860046875 0.59686044375 0 0.59389043125 0 0.6369891062499999
0 0.21064915156250003 0.5369698546875 0.3065807546875 0.539531190625 0.3593353734375 0.5477118937500001 0.44110195 0.5544871203125 0.4694320046875 0.5460593390625 0.46648743125000003 0.5353122234375001 0.4149726484375 0.5203228703125 0.3762280890625 0.4998068015625 0.3063018375 0.5105564546875 0.23516676093750002 0.51538296875 0.21064915156250003 0.5369698546875
0 0.649330828125 0.5845842921875 0.692538821875 0.566233134375 0.636281684375 0.5611362718749999 0.5777618671875 0.5523146 0.516979375 0.5397681171875 0.47414334374999995 0.5488986375 0.499094834375 0.564407959375 0.5341819125 0.5798863953125 0.58467385625 0.5843422890625 0.649330828125 0.5845842921875
0 0.3414935125 0.47736532499999995 0.301486584375 0.4700455109375 0.259467784375 0.458194190625 0.2170645328125 0.4558730765625 0.198047771875 0.4623744671875 0.1742511875 0.47360956249999997 0.1570284515625 0.48509688593750006 0.1958820734375 0.4913311828125 0.23957958750000002 0.496189428125 0.27417879375 0.4990788390625 0.2974371484375 0.5011860328125 0.3412115515625 0.5041382359375 0.3713513171875 0.498873490625 0.391957078125 0.4925487640625 0.3656104359375 0.48291850468749997 0.3414935125 0.47736532499999995
0 0.5557779109375 0.5069330187500001 0.5358641125 0.5257795125 0.5159759625 0.5340986125 0.5506264125 0.5456093734375 0.5865198828125 0.551035915625 0.6310118984375 0.5559824953125 0.6660467984375 0.55796305 0.7060153015624999 0.551397815625 0.6812704828125 0.5366805234375 0.6518867968750001 0.5281485531250001 0.6180180234375 0.5219898187500001 0.581919528125 0.5117540078125 0.5557779109375 0.5069330187500001
0 0.8350703265625 0.571968440625 0.793243728125 0.5701900859375 0.75099425625 0.5640568890625001 0.703593334375 0.5669239109374999 0.6806553171874999 0.58160499375 0.722251246875 0.5891014718750001 0.7501228234374999 0.5955507390625 0.785516528125 0.5985284796875 0.8385430203125 0.5996374375 0.8692466156249999 0.6001791484375001 0.8894295031249999 0.589499578125 0.9300515515625 0.5815710625 0.900808821875 0.57449070625 0.871053509375 0.57022524375 0.8350703265625 0.571968440625
0 0.7470216671875 0.622967509375 0.7665894343749999 0.627536271875 0.8163610359375 0.63019794375 0.851319046875 0.6340845390625 0.871130309375 0.6276714812499999 0.9084974640624999 0.621295678125 0.8795622968749999 0.60659115625 0.857751984375 0.6032090125 0.82198665 0.60449778125 0.7910652078125 0.6044104984375 0.7643853578125 0.6129317999999999 0.7470216671875 0.622967509375
0 0.849730046875 0.633907875 0.8185907562500001 0.6342750203125 0.7713564374999999 0.6280662609375 0.735027271875 0.6235485749999999 0.695661065625 0.6201291734375001 0.668276428125 0.6213924046875 0.6832694 0.63550414375 0.66359909375 0.6433688140625 0.6845380171875 0.6485686687500001 0.7246218343749999 0.653982440625 0.7704978234375 0.6542964125 0.827560884375 0.659204684375 0.853587190625 0.652046665625 0.8786652140625 0.6486123984375001 0.862723965625 0.6382244109374999 0.849730046875 0.633907875
0 0.640084515625 0.5981548625 0.6146989296875 0.60921329375 0.6351380875 0.611964346875 0.6638169875 0.6132382484375001 0.691483540625 0.6148782453125 0.7356167484375 0.6188276359375 0.74978961875 0.6137022984375 0.771407728125 0.607011475 0.7431132781249999 0.5962073671875 0.709898046875 0.58868535 0.6729922312500001 0.5836249046875001 0.6406227453125 0.584812571875 0.640084515625 0.5981548625
0 0.7459195609375 0.6601794812499999 0.7184452125 0.66861245 0.7063611062499999 0.676363253125 0.6739787984375 0.6828146187499999 0.693905371875 0.6883805671875 0.7190346421875 0.6935676515625 0.7674991578125 0.6989558875 0.7874513750000001 0.6939944437500001 0.8278555765625001 0.6865203546875 0.8624163593749999 0.675524715625 0.8341988015625 0.6628145671875 0.80971025 0.661527896875 0.7768410046875001 0.6602667640625 0.7459195609375 0.6601794812499999
0 0.71002609375 0.6547529390625 0.6892281296875 0.6510047 0.663368425 0.6490869390625 0.6398922218750001 0.6474341734375 0.6101881515625001 0.6517900640625001 0.57419215 0.65879695625 0.5587890843750001 0.66474281875 0.5441036296874999 0.6726830546875 0.55782798125 0.6737302671875 0.581509209375 0.6801923015625 0.614160609375 0.6819078625 0.6448642046875 0.682449571875 0.669711559375 0.684733428125 0.689087125 0.679229225 0.7060151234375 0.6701023703125 0.73132381875 0.660949978125 0.71002609375 0.6547529390625
0 0.6319472640625 0.6168747171875 0.6029864500000001 0.6126975875 0.5676568125 0.6130775015625 0.5316095640625 0.6114630421875 0.48878344062499995 0.6047870859375 0.4637054140625 0.6082213546874999 0.448725221875 0.618522059375 0.4674087765625 0.6301722265625 0.493409440625 0.6335416015625001 0.5272910359375 0.6344366375 0.5660805875 0.63731328125 0.6042166015625 0.6415532046875 0.635355890625 0.6411860593750001 0.6711340484375 0.6346335937500001 0.6540394921875 0.6231600890625 0.6319472640625 0.6168747171875
0 0.9537424140624999 0.42479746093750004 0.98029491875 0.4185335015625 0.9814404328125 0.41817055468750003 0.9821236703125 0.4016934 0.964409009375 0.39479061249999997 0.9321246859375 0.381985234375 0.8947917703125 0.377125671875 0.8518029374999999 0.36596588125 0.83445555 0.371126478125 0.8043538453125001 0.384794028125 0.786569925 0.3934507203125 0.8100856640625 0.4038633640625 0.84259775 0.4110226578125 0.8656959453124999 0.417135321875 0.9072043796875 0.4210412609375 0.9537424140624999 0.42479746093750004
0 0.8001026265625001 0.2411183046875 0.757531340625 0.23425849375 0.690362465625 0.22182824375000001 0.6327213656249999 0.20762157656250002 0.576465775 0.1956957265625 0.5531208265625 0.20302522500000003 0.53617199375 0.22028187500000002 0.5833363484375 0.23048804375 0.5976469671875 0.24200405156250002 0.6510176578125 0.25219130624999997 0.6518337562500001 0.268587340625 0.698998109375 0.27879350937499997 0.7632820828125 0.2894851671875 0.7916566328125 0.2820059296875 0.8299954953125 0.269254178125 0.8666072015624999 0.2626907390625 0.8001026265625001 0.2411183046875
0 0.6497271703124999 0.166976696875 0.6476963515625 0.1660419859375 0.6284700156249999 0.1518526765625 0.59531261875 0.14603949375 0.5343500828125001 0.13359033125 0.46911713749999995 0.1171217578125 0.4261283015625 0.10596196718749999 0.3815072046875 0.105963521875 0.37983695625 0.1327170171875 0.37112528125 0.15088946718750001 0.4117416515625 0.1695836765625 0.461050703125 0.1779015125 0.5094866828125 0.1932115421875 0.5533675828125 0.1895830609375 0.6026007375 0.1851317890625 0.6501447171875 0.1712766765625 0.6497271703124999 0.166976696875
0 0.46446703125 0.1811170421875 0.4154806328125 0.1721261515625 0.358598725 0.15375033437500002 0.30426007187500004 0.1455822390625 0.22587425 0.1255245640625 0.14938637500000002 0.11702071875 0.14278141875 0.14889698906249998 0.1681192046875 0.1580943515625 0.21186722812499997 0.1650849921875 0.268217709375 0.181983875 0.3302431 0.19738690781249998 0.40266933906249996 0.2040213328125 0.48151068593749996 0.21278683437499998 0.532224240625 0.21558941250000002 0.515693021875 0.1931926296875 0.46446703125 0.1811170421875
0 0.71532015625 0.5627607734375 0.77000045625 0.562459740625 0.7909919328125 0.5548685859375 0.8345501765625001 0.551913159375 0.772847440625 0.535837071875 0.7134791859375 0.5278187171875001 0.6535605125 0.5261195015625 0.68263728125 0.5378593406250001 0.7010095359374999 0.5512447671875 0.6826941875 0.5584245265625001 0.71532015625 0.5627607734375
0 0.950894296875 0.3507019796875 0.9672323921875 0.34904006875000004 0.9784590281250001 0.3383072 0.964242103125 0.3313157875 0.9413956875 0.3225919875 0.9197702328125 0.315549871875 0.8873527343750001 0.3084673625 0.853724634375 0.295452984375 0.8290260953124999 0.28072599375 0.8174476921875 0.268230653125 0.8019580453125 0.2808084734375 0.7717134140625 0.2917458484375 0.7937941375 0.3034764 0.8214830015624999 0.311965609375 0.8324198812500001 0.324389625 0.862085040625 0.3358039515625 0.8941403812500001 0.3478705015625 0.9283065390624999 0.35553391093750003 0.950894296875 0.3507019796875
0 0.9864285781250001 0.297875046875 0.9677808765625 0.291514790625 0.933325 0.28304620156250004 0.8876218171874999 0.2698487828125 0.85303141875 0.2687084515625 0.8250114203125 0.27641479687500004 0.8453434828124999 0.2875644484375 0.874594753125 0.30125166718749996 0.913768909375 0.31256374062500003 0.9535845859375 0.3239471375 0.9819667031250001 0.335218815625 0.9848976359374999 0.3347956921875 0.9864285781250001 0.297875046875
0 0.8984655890625 0.272600321875 0.9303553812500001 0.2807836171875 0.9503149671875001 0.2772054296875 0.9611277171875001 0.26874545625 0.9702538859375001 0.25816554687500004 0.9881894921875001 0.25540833281249997 0.988470315625 0.24863593593750002 0.9853296484375 0.2478606203125 0.9513911203125 0.2425414296875 0.9166972578125 0.23597880624999998 0.8713355265624999 0.22629771562499998 0.8389697593750001 0.22192635156249998 0.80804223125 0.22583107500000002 0.7946013140625 0.23554479062499997 0.8035722546875 0.24079350625 0.829802175 0.24950699531249998 0.860005390625 0.2555703546875 0.868790075 0.26543618125 0.8984655890625 0.272600321875
0 0.773814025 0.19574464062500002 0.7383027375 0.189477621875 0.6893402203125001 0.1732124390625 0.657729790625 0.170084509375 0.6337244671875 0.18210205 0.602248528125 0.1956079234375 0.6433989765625 0.2098451125 0.693189271875 0.2215645078125 0.746714875 0.23253973437500003 0.787254865625 0.23395505 0.8131847515624999 0.22215147968750001 0.84091503125 0.21363995624999998 0.8466473406249999 0.2073205390625 0.815388715625 0.203458753125 0.773814025 0.19574464062500002
0 0.6043489203125 0.2433790921875 0.5819060406250001 0.2366325796875 0.5511233859375 0.2289588625 0.50109510625 0.21914543281249999 0.443948009375 0.21008648124999998 0.4012454703125 0.2103631609375 0.3875044828125 0.22352187968749998 0.41350677031250005 0.229891153125 0.46832576875000004 0.23675884374999998 0.4963043515625 0.24605323281249997 0.529953159375 0.25056724375 0.54014505625 0.25749764218750004 0.5656817234375 0.2634286625 0.6100604859375001 0.2695221046875 0.6288612031249999 0.2627231953125 0.64748601875 0.256291215625 0.6043489203125 0.2433790921875
0 0.3545018125 0.1450660875 0.3684675890625 0.1327697171875 0.371310209375 0.11000397343749999 0.41857133125 0.1023326171875 0.34933579843749996 0.0918652671875 0.2785677421875 0.08122753125 0.20977715468749997 0.0597303921875 0.1807483421875 0.0482330375 0.1456845578125 0.1213756671875 0.1649136265625 0.1129086078125 0.271473553125 0.1330652765625 0.3545018125 0.1450660875
0 0 0.4808364515625 0.01685133125 0.482374628125 0.074543496875 0.48324915781250005 0.13500408749999998 0.49181764843750003 0.1509225984375 0.478815109375 0.19430298125 0.46240285468750003 0.12365850781250001 0.4582417578125 0.068487596875 0.4521079125 0.0097078484375 0.44003321093750003 0 0.43783474375000003 0 0.4808364515625
0 0.9784122875 0.429554059375 0.9349330578125 0.4293364390625 0.8786498328125001 0.42215565625 0.8259754499999999 0.4209157265625 0.7897139015625 0.43257981875 0.8338605046875 0.44487416562500004 0.8803800531249999 0.455585790625 0.91911339375 0.4589688515625 0.9559187328125001 0.4529048484375 0.9801234531249999 0.4499311578125 0.98085775 0.4322226953125 0.9784122875 0.429554059375
0 0.21934235625 0.538125146875 0.1622187140625 0.53269746875 0.13987347187500002 0.5523716609375 0.1593513578125 0.5656164484375 0.1892850234375 0.5772538859375 0.2039429046875 0.56688100625 0.248806346875 0.5709456078125 0.2975752578125 0.573597871875 0.32085976562499996 0.5688004484375 0.3481980578125 0.55891409375 0.3470857421875 0.55786715625 0.32956059375 0.5439162 0.27520536875 0.5461824828124999 0.21934235625 0.538125146875
0 0.13907468437499998 0.6594111734375 0.10414310625 0.6619549171875 0.050942715625 0.6635387890625 0.0768115828125 0.6642723953125 0.107183109375 0.6751477078125 0.1175076984375 0.6848654546875 0.13999239531250002 0.6809378781250001 0.1862523640625 0.6742974453125 0.20454987343750003 0.6634769375 0.2705413109375 0.65474529375 0.249547965625 0.6438414046875 0.208966540625 0.6425433046875 0.17225683593750002 0.6448893578125 0.13907468437499998 0.6594111734375
0 0.1466747421875 0.6591849062499999 0.1631941234375 0.648166709375 0.12358780312499999 0.644834553125 0.0885128375 0.6398637203125 0.05036917187499999 0.633480478125 0.0252746296875 0.6467589984375001 0.0362588515625 0.6511939140624999 0.0708462671875 0.657181775 0.10818691093749999 0.66133326875 0.1466747421875 0.6591849062499999
0 0.46364603437499996 0.3745284625 0.5279771453125 0.3536236140625 0.4737061984375 0.342579625 0.41519658593750003 0.333068465625 0.3571430375 0.3226059703125 0.3069497859375 0.3140194140625 0.225154365625 0.3019193625 0.17013226718750002 0.2887877828125 0.12627016875 0.2889214390625 0.075406203125 0.307315390625 0.078383965625 0.32668521250000004 0.1073838984375 0.3429359140625 0.131313578125 0.329563753125 0.1505753765625 0.3076563046875 0.2482523625 0.3195179734375 0.29613847031249996 0.34388066093749997 0.3549700171875 0.34541129375 0.41270163281250005 0.363854315625 0.46364603437499996 0.3745284625
0 0.2767695796875 0.223486540625 0.18561155468749999 0.20533536406250003 0.1113071140625 0.19308660312499998 0.1100294125 0.19575187031250002 0.1033063890625 0.21622555625 0.0963466625 0.22429392187500002 0.07139538281249999 0.27634199531250003 0.07774019062500001 0.28051980312499997 0.087451571875 0.267570946875 0.1027698 0.2502352546875 0.13726929375000002 0.24405047500000002 0.23207579687500002 0.254590965625 0.30118206718749996 0.260270053125 0.3925010578125 0.274430965625 0.443901521875 0.284153778125 0.48534919531250004 0.281747609375 0.5241142 0.2630105453125 0.476818275 0.24472571406250002 0.40379527499999995 0.23259893125 0.351321725 0.2287690546875 0.2767695796875 0.223486540625
0 0.21343112031249997 0.20943035625 0.3052061703125 0.2226399328125 0.3761366796875 0.2245136765625 0.396444725 0.207732746875 0.323421725 0.1956059640625 0.2555495109375 0.18004367968749999 0.1934182640625 0.16712375156249998 0.135482534375 0.14265696875 0.11264799218749999 0.190289546875 0.120314734375 0.1880553296875 0.1688447125 0.1964569640625 0.21343112031249997 0.20943035625
0 0.56386130625 0.5852225375 0.5286713984375 0.5786795812500001 0.5004889484375 0.5751078546875 0.46704794843749997 0.5841043796875 0.47417277812499997 0.5932266765625 0.48500675312499997 0.6010076328125 0.519069834375 0.60830216875 0.546665396875 0.6083012078125 0.580411565625 0.609860925 0.600800125 0.607304978125 0.6196040843749999 0.6032575671875 0.6402039328125 0.595463953125 0.6297690421875 0.58685050625 0.6045562515625 0.5866779531249999 0.56386130625 0.5852225375
0 0.5654677703125001 0.677341309375 0.5473699187500001 0.674114490625 0.5244101953125 0.6721692109374999 0.5068977125 0.6732589859375 0.4656937890625 0.67171476875 0.4356201234375 0.6735337578125 0.4359290640625 0.6784269765625 0.4334330765625 0.686956178125 0.4247093484375 0.6929709078124999 0.4410673359375 0.69539693125 0.46578319375 0.6914638703125 0.5045643156249999 0.6903092859375 0.5372071296875001 0.6875612156249999 0.5502317390625 0.684757765625 0.5553537640624999 0.6895787390625 0.5644433531249999 0.6839083625 0.5654677703125001 0.677341309375
0 0.3838032140625 0.4968991984375 0.364479784375 0.504880909375 0.3940751046875 0.517035096875 0.4359085921875 0.5267511359375 0.473165490625 0.5321595796875 0.5121513296875 0.5339614703125 0.5328138390625 0.5254955078125 0.5475606749999999 0.5132062015625001 0.5180501 0.5054933390625 0.48155596875000006 0.5008028296875 0.442298934375 0.49263949531250006 0.4064828234375 0.48422559062500004 0.3838032140625 0.4968991984375
0 0.982288915625 0.3977083 0.9835411078125 0.3675100765625 0.979596465625 0.3667581203125 0.9408175999999999 0.356918225 0.9025271609375001 0.3521082828125 0.8595891953124999 0.33683033125 0.8273228156249999 0.3255030875 0.8104347421875 0.3385524390625 0.8266863359375 0.3469934765625 0.8350785390625 0.36174776249999996 0.8700239218749999 0.36950290625000004 0.9316704890624999 0.378015259375 0.9687620171875 0.395407459375 0.982288915625 0.3977083
0 0.24360285781250002 0.330984434375 0.23360035156249997 0.32285834062499996 0.2303830390625 0.31081060312500003 0.209088575 0.30236428437499996 0.19412861406249998 0.301168653125 0.174411490625 0.3116017671875 0.14968684999999998 0.32054294687499996 0.129581621875 0.34542856093749996 0.0905855421875 0.3602646828125 0.050525359375 0.37732050625 0.0198050734375 0.3839587578125 0.0131550359375 0.397830659375 0.0175633203125 0.406855534375 0.056684534375 0.4275710484375 0.095818271875 0.4431443375 0.15232811562499998 0.45316785781249996 0.1897217578125 0.45872805000000005 0.22841737499999998 0.4513401484375 0.27995727812500004 0.4444450609375 0.32205802031249997 0.42995411250000004 0.3665749 0.4087177640625 0.398510375 0.3949670578125 0.4218579703125 0.37184473125 0.3662119359375 0.35490322343749997 0.300788696875 0.35324075312500003 0.24360285781250002 0.330984434375