0 0.532109775 0.5732349953125 0.5469298390625 0.534256484375 0.5850385734375 0.5087319015625 0.483415278125 0.524899509375 0.343683246875 0.5071665703125 0.2844029921875 0.512140790625 0.20818551875 0.53466589375 0.1764282375 0.5555402109375 0.27170007812499997 0.5666044171875 0.3458004 0.567814784375 0.46436091093750004 0.5828248968749999 0.532109775 0.5732349953125
0 0.4347207828125 0.6691014375 0.5109382546875 0.6727233906250001 0.5448126875 0.6578261671875001 0.5723356625 0.6321286765624999 0.4876495828125 0.6366879140624999 0.39661204687499996 0.6280698765625 0.2907544453125 0.6180212640625 0.2230055828125 0.6287996703125 0.2103026703125 0.640477203125 0.28440299062499996 0.6547610984375 0.3606204609375 0.66076005625 0.4347207828125 0.6691014375
0 1 0.2941417546875 0.9513058687499999 0.2924645890625 0.8560340296875 0.2956624140625 0.77769940625 0.2967598890625 0.7332392140625 0.31148420312499997 0.7671136453125 0.33105355468750003 0.8136909890625 0.3365683671875 0.8602683359375 0.32782114687499997 0.9491887171875 0.32095406875 1 0.3263219140625 1 0.2941417546875
0 1 0.32665393125 0.9703602359374999 0.3212998875 0.87720555 0.3292863046875 0.8073395328125 0.3435956375 0.8073395328125 0.3733082 0.8539168765625 0.36456098125 0.9216657406250001 0.36329059531249996 0.9936489109375 0.37159739687500004 1 0.36915449218749996 1 0.32665393125
0 0.52575831875 0.5113291156249999 0.6273816140624999 0.4975385140625 0.6464359828124999 0.4514981515625 0.5617499031250001 0.4441723625 0.4812981265625 0.42978472187500005 0.39661204687499996 0.428401446875 0.3309803359375 0.45109945937499996 0.26111431875 0.48561333281249996 0.330980334375 0.503393571875 0.3923777421875 0.5079619546874999 0.443189390625 0.5171114375 0.52575831875 0.5113291156249999
0 1 0.3659502984375 0.9745945421875 0.36415514375 0.9153142843750001 0.3679408625 0.8200424453125 0.37470419375 0.7565278859375 0.380797753125 0.6824275656250001 0.3997919296875 0.7713479484375 0.410752390625 0.8285110546875 0.4045550859375 0.9343686531250001 0.3979646625 1 0.3962025890625 1 0.3659502984375
0 0.430486478125 0.5917796078124999 0.3881434375 0.5756374359375 0.3055745109375 0.56953473125 0.2399427984375 0.5672741921875 0.2103026703125 0.58342908125 0.1785453890625 0.60786890625 0.2293570390625 0.6217724 0.2865201421875 0.6155750953125 0.3500347015625 0.6189895578125 0.40719780468750005 0.6104152484375 0.430486478125 0.5917796078124999
0 0.68454471875 0.6006834453125001 0.6104443984375 0.5970960734374999 0.5257583171875 0.5969013000000001 0.4495408453125 0.5909023421875 0.424135021875 0.6035608890625 0.3923777421875 0.6161156875 0.462243759375 0.6267649109375 0.5448126875 0.6269251015624999 0.6273816140624999 0.6354048109375 0.7014819328125 0.628295659375 0.68454471875 0.6006834453125001
0 0.9703602374999999 0.6517036 0.9767116937500001 0.6375453156249999 0.93013435 0.6177684734375 0.875088396875 0.6121153328125 0.803105228125 0.607374040625 0.6993647828125 0.60686803125 0.703599084375 0.6188222203125 0.667607503125 0.639627375 0.7501764296875 0.6504840875 0.8327453578125 0.65064428125 0.8835570046875001 0.6479087375 0.9703602374999999 0.6517036
0 0.030766903125 0.494450365625 0.030766903125 0.4950956609375 0.03140135625 0.505305159375 0.0875078546875 0.5113016796875 0.15525671875 0.5147853046875001 0.2293570390625 0.5278806968749999 0.2568800140625 0.5033717078125 0.2653486234375 0.47260896875 0.3119259671875 0.450788221875 0.335214640625 0.42977557656250004 0.2547628625 0.426084459375 0.1764282375 0.4307474421875 0.11714798281250001 0.44998369374999997 0.0472819671875 0.47617805 0.030766903125 0.494450365625
0 0.4982353421875 0.254162996875 0.46436091093750004 0.25004417968750003 0.4114321109375 0.2574991515625 0.34156609375 0.261111959375 0.3267460296875 0.2727549109375 0.27381723125 0.2909064046875 0.3267460296875 0.2977134640625 0.36908906875 0.296028096875 0.43260362968750005 0.28636903125 0.4791809734375 0.272867803125 0.4982353421875 0.254162996875
0 0.45106261718749996 0.3206328046875 0.47251595156250004 0.3353204015625 0.4970340484375 0.3374413453125 0.5481134203125 0.3325408140625 0.6012359625 0.3351289859375 0.654358509375 0.334849725 0.6942004171875 0.3332065609375 0.7258696265625 0.322254109375 0.7330207359375 0.30344584375 0.6942004171875 0.302811746875 0.6615096203124999 0.301130796875 0.6196245375 0.30331407499999996 0.5665019921875001 0.30187287500000004 0.516444209375 0.30621660624999997 0.4704727765625 0.3100535984375 0.45106261718749996 0.3206328046875
0 0.5828473875 0.35834159374999996 0.6206461234375 0.34060741875 0.579782628125 0.3359255390625 0.55219976875 0.33490150937499996 0.5082715109375 0.33705141250000004 0.4735375390625 0.338204525 0.45004102812499996 0.352731390625 0.41735023125000004 0.3642406421875 0.4388035671875 0.3674585015625 0.47762388749999996 0.3657986484375 0.5225737328125 0.36366543125 0.5828473875 0.35834159374999996
0 0.53585436875 0.3002252984375 0.5818258015625 0.29352087031249996 0.585912153125 0.2723685984375 0.5920416765625001 0.2546906203125 0.5430054828124999 0.2590510390625 0.49601246093749995 0.2645918046875 0.470472778125 0.2808057578125 0.43778198125 0.2911680375 0.44901944218749995 0.30224784531250004 0.4674080140625 0.3077095890625 0.505206746875 0.304312590625 0.53585436875 0.3002252984375
0 0.40202642343750006 0.2332352953125 0.44288991875 0.22644743437499998 0.42041499375 0.2088757140625 0.45106261718749996 0.1973330890625 0.4061127703125 0.197172359375 0.369335625 0.2000125578125 0.343795940625 0.21737348750000002 0.3162130796875 0.24043591250000002 0.3162130796875 0.2507586796875 0.3468607015625 0.241510003125 0.369335625 0.236715728125 0.40202642343750006 0.2332352953125
0 0.43063086874999995 0.205028171875 0.4388035671875 0.21777838124999999 0.44697626562500004 0.22766115625 0.4674080140625 0.2239804828125 0.5031635734375 0.22456451875 0.5317680203124999 0.22847267031250001 0.55424294375 0.239162546875 0.5736531031250001 0.2303038015625 0.5910200875 0.2162503 0.5736531031250001 0.2010559625 0.600214375 0.189446590625 0.583868978125 0.181150784375 0.55117818125 0.1766023984375 0.516444209375 0.18119643125 0.4714943640625 0.1913584671875 0.43063086874999995 0.205028171875
0 0.45412737812500004 0.2272044765625 0.4418683296875 0.24019443749999997 0.47864547812499997 0.24882397968749997 0.5103146859375001 0.25278219062499996 0.5430054828124999 0.2538896546875 0.5899985015625 0.25752468125 0.6134950109374999 0.2498796578125 0.644142634375 0.2389105203125 0.6880708906249999 0.23733410312499997 0.6819413671875 0.22289680625 0.6482289828125001 0.22177265781250002 0.6053223125 0.2187778640625 0.5848905656250001 0.2270464328125 0.5501565937499999 0.241963234375 0.52768166875 0.2284059234375 0.4909045234375 0.2295256609375 0.45412737812500004 0.2272044765625
0 0.5869337390625 0.20241986406249998 0.5910200890625 0.2122358921875 0.601235965625 0.21699065625 0.636991521875 0.21986864062499997 0.67581184375 0.2216497125 0.7064594671875 0.22501775 0.734042325 0.2203069109375 0.7514093109375 0.205679921875 0.729955975 0.1973006796875 0.7105458140625001 0.186087378125 0.715653753125 0.174127584375 0.6931788296875 0.1708930390625 0.6543585078125 0.1719794046875 0.632905171875 0.1750699046875 0.612473425 0.187926371875 0.5869337390625 0.20241986406249998
0 0.7442582 0.19810778281250002 0.760603596875 0.2104179984375 0.79738074375 0.1995489828125 0.8137261421875 0.189493203125 0.8586759875000001 0.188506959375 0.8831940843750001 0.1803051375 0.8739997984375 0.168685215625 0.8474385234374999 0.159649053125 0.816790903125 0.154560553125 0.7718410578125 0.1584142328125 0.734042325 0.1669726140625 0.7187185125 0.18048600312500002 0.7268912125 0.1932362125 0.7442582 0.19810778281250002
0 0.8024886812500001 0.22257189843749997 0.8300715406249999 0.221875465625 0.8596975734375001 0.217198 0.8923883703125 0.21142361875 0.9250791671874999 0.203928775 0.947554090625 0.19626706562500001 0.949597265625 0.188271621875 0.9230359921875 0.18210289531249998 0.889323609375 0.177537821875 0.8842156718749999 0.182615771875 0.8566328125 0.1873266125 0.8106613796875 0.1934575515625 0.78410010625 0.20391995000000002 0.7687762953124999 0.2157128765625 0.8024886812500001 0.22257189843749997
0 1 0.2139931828125 0.973093775 0.21732976874999999 0.91077694375 0.21745885 0.8648055125 0.22186932812500001 0.8453953500000001 0.231301559375 0.889323609375 0.23775396093749998 0.9189496437500001 0.23479695625 0.964921075 0.229812990625 1 0.22874495781249998 1 0.2139931828125
0 1 0.2552191171875 0.9925039375000001 0.2537765015625 0.9710506000000001 0.24711772187499997 0.9424461531249999 0.2466504921875 0.879107734375 0.2467628875 0.8362010640624999 0.2569582953125 0.8137261421875 0.2669139546875 0.7861432828125 0.2819475609375 0.8362010640624999 0.2925144921875 0.8954531328125 0.2900414046875 0.9720721890625 0.290719425 1 0.2924467734375 1 0.2552191171875
0 0.6539902843750001 0.40367506875 0.7243621 0.3920436578125 0.7388504171875 0.36788045625 0.6395019703125 0.37439096875 0.5815487078125 0.37112055625 0.4946188171875 0.372024425 0.46978170468749997 0.383237709375 0.47806074218749994 0.3938300203125 0.5380837625 0.4041056296875 0.5877579875000001 0.4211835828125 0.6539902843750001 0.40367506875
0 0.3869913328125 0.3551617484375 0.3331775890625 0.35544464374999996 0.2669452921875 0.36133418281249996 0.23175938281250003 0.38399740625 0.291782403125 0.383815934375 0.3559449421875 0.387187771875 0.424247 0.3941129171875 0.463572428125 0.380812490625 0.43045627968750005 0.3674906890625 0.3869913328125 0.3551617484375
0 0.57523244375 0.4300180390625 0.6068933203125 0.4372602703125 0.6342757015625 0.4405897140625 0.6787720671875 0.4441987015625 0.72754693125 0.45220083750000006 0.7720432984375 0.45052583593750006 0.7883015859375 0.44214487187499996 0.8071269734375001 0.42852185 0.8191067656250001 0.4152673734375 0.7763217953125 0.41264706718750005 0.72925833125 0.41187832343749997 0.6924632578125001 0.4122380328125 0.6676479765625001 0.4123130578125 0.621440209375 0.4134797453125 0.5932021296875 0.42166502812499995 0.57523244375 0.4300180390625
0 0.3296467234375 0.4216833390625 0.37157599375 0.4286129328125 0.40066977187499997 0.43100960468749994 0.41179386406249996 0.4100553484375 0.4280521515625 0.39975293437500004 0.38697858281249997 0.39139622812499997 0.3476164109375 0.3893121921875 0.2996972453125 0.3885294734375 0.262902171875 0.3898499078125 0.225251403125 0.40028325625 0.257767978125 0.41282345468750004 0.2919959515625 0.41866653125 0.3296467234375 0.4216833390625
0 0.04726593125 0.3968956515625 0.08320530468750001 0.3917183375 0.126845975 0.3895489953125 0.1730537390625 0.3917448484375 0.2201172046875 0.38434742499999996 0.2363754921875 0.36731993281249997 0.190167725 0.363682990625 0.15850685 0.35980329843750003 0.12085607812500002 0.3601490296875 0.0660913171875 0.3640581203125 0.034430440624999996 0.36642314374999996 0.030766903125 0.3694481953125 0.030766904687500003 0.396138678125 0.04726593125 0.3968956515625
0 0.13540296875 0.3435739453125 0.14823845625 0.331774534375 0.12599027499999998 0.329009315625 0.0737926125 0.3310388859375 0.036141840625 0.33042389375000003 0.030766904687500003 0.3330516859375 0.030766903125 0.3614813984375 0.044698834375 0.3622676046875 0.0806382078125 0.35757065312499997 0.112299084375 0.35472526875 0.13540296875 0.3435739453125
0 0.030766903125 0.3290100828125 0.0378532390625 0.330451846875 0.0695141171875 0.3271261 0.12085607812500002 0.328925453125 0.16021824843750002 0.3300487640625 0.20214751718750001 0.3297729171875 0.2295298984375 0.3258969203125 0.2072817140625 0.31304408281249996 0.22354000312500003 0.30322203281250004 0.1995804203125 0.299948496875 0.155939753125 0.2982749375 0.1088762875 0.3023098234375 0.048121632812499995 0.3027585359375 0.030766903125 0.31005248124999996 0.030766903125 0.3290100828125
0 0.2432210875 0.3645495734375 0.2757376640625 0.36027707656249996 0.26974776718750004 0.3467290796875 0.290284553125 0.3331340109375 0.26803636875 0.33229024375 0.23808689374999997 0.3337224953125 0.20899311250000002 0.3346883625 0.161929646875 0.3348803453125 0.14994985624999999 0.34140974218750003 0.13112446875 0.3502291375 0.16535244375 0.3584740265625 0.20300321718749997 0.3629319234375 0.2432210875 0.3645495734375
0 0.030766903125 0.297183728125 0.0395646375 0.2997365875 0.06523562031249999 0.2987148140625 0.0994635921875 0.2968720859375 0.13112447031250002 0.2940266984375 0.155084053125 0.28288935312499996 0.163641046875 0.2739022328125 0.1935905234375 0.264303815625 0.17048664062500002 0.26056389375 0.1422485625 0.257700834375 0.0900509015625 0.25684823125 0.0720812140625 0.2637601515625 0.034430440624999996 0.2751542265625 0.030766903125 0.2769159421875 0.030766903125 0.297183728125
0 0.16706384375 0.28020285624999997 0.1456713609375 0.291862496875 0.17048664062500002 0.29611073593750004 0.193590521875 0.29792920624999997 0.22097290468750003 0.2974157484375 0.24578818593750001 0.296860359375 0.2740262671875 0.2896358015625 0.307398540625 0.2791325671875 0.32023402968750003 0.2716564203125 0.331358125 0.26223086875 0.3168112328125 0.2624736203125 0.289428853125 0.25818345 0.25520087812500003 0.259545815625 0.22354000312500003 0.2619108390625 0.19701332031250002 0.2619579109375 0.17989933593750002 0.269364171875 0.16706384375 0.28020285624999997
0 0.2201172046875 0.312773378125 0.2432210875 0.322758015625 0.2688920703125 0.32702023125 0.3005529453125 0.3284981109375 0.3364923203125 0.32476188437500003 0.374143090625 0.322975065625 0.42120655625000003 0.3256652578125 0.4451661390625 0.3198119015625 0.45543453125 0.307970559375 0.43061925156249997 0.29795796874999997 0.40238117031250004 0.2970163609375 0.3672974953125 0.299325475 0.3262239265625 0.3000956609375 0.28515035625 0.2994247578125 0.25348948125000004 0.30275050625 0.2201172046875 0.312773378125
0 0.0342938375 0.5518504828124999 0.036219007812499995 0.5828299859375 0.0378034 0.5832207578124999 0.077092140625 0.593111571875 0.1176482609375 0.5944854890625 0.1670760296875 0.6016960499999999 0.1822845765625 0.594829803125 0.206364771875 0.5781479328125 0.2203059359375 0.5677036531249999 0.1911562265625 0.559401384375 0.1544022421875 0.55524370625 0.1277872890625 0.551251640625 0.083429034375 0.5512385515625 0.0342938375 0.5518504828124999
0 0.23678185937500001 0.6974596890625 0.20256263593749999 0.7075727453125 0.2811401171875 0.7230855734375 0.3280331296875 0.72598593125 0.40280847499999994 0.7321875890625 0.46871216875000005 0.741090203125 0.5320811046875 0.7478170140625 0.5523591640625 0.73818770625 0.561230815625 0.7191230203125001 0.508000909375 0.7132732875000001 0.48772285000000004 0.7029815312500001 0.42815604843750005 0.697739759375 0.4192844 0.6812311171875 0.3660544921875 0.675381384375 0.2950812828125 0.6706647640625001 0.2697337078125 0.68092273125 0.23678185937500001 0.6974596890625
0 0.510535665625 0.760982953125 0.46871216875000005 0.7795093984375 0.4712469265625 0.7838196 0.47378168593750003 0.78457246875 0.5003966375 0.797102134375 0.537150621875 0.7998368796875 0.605589071875 0.8066464968749999 0.68036441875 0.8171169546874999 0.7297921890625 0.8243275140625 0.775417825 0.8200925046875 0.764011415625 0.7928704609375 0.764011415625 0.7736608640625 0.7133162640624999 0.75860346875 0.6588189796874999 0.7548674359375 0.6017869359375 0.7439753328125 0.558696059375 0.7518090796875 0.510535665625 0.760982953125
0 1 0.7596573984375 0.9984764796875 0.75401225625 0.9680593890625 0.74711221875 0.9198989984375 0.7441911609375 0.853995303125 0.7324426796875 0.78302209375 0.7227457937499999 0.70571199375 0.7229059312499999 0.620797615625 0.7215189265624999 0.567567709375 0.7234953281250001 0.59545004375 0.7445832921875 0.653749465625 0.7519387625 0.7082467484375 0.7563862640625 0.7754178234375 0.7695783781250001 0.8349846218750001 0.7726857515625001 0.9249685124999999 0.785539028125 1 0.7867646046875 1 0.7596573984375
0 0.23044496875 0.3999631546875 0.24565351093749999 0.39096250781249997 0.2101669078125 0.3896713984375 0.15440224375 0.395163728125 0.13665894218750002 0.4048344390625 0.0935680640625 0.41195671875000006 0.1645412734375 0.42236507031250003 0.2291775890625 0.424843784375 0.291279146875 0.42087789375 0.25579254218749997 0.41176065156249997 0.23044496875 0.3999631546875
0 0.1326549078125 0.6240179375 0.0939624734375 0.6195072296874999 0.0732343828125 0.6265381828125001 0.0573428484375 0.6297694375 0.051124420312499995 0.6416918328125 0.069088765625 0.64741544375 0.09672621718749999 0.654072796875 0.12229086250000001 0.6591448140625 0.1589104875 0.66323379375 0.1996757296875 0.6732085375 0.2321497359375 0.685762940625 0.2501140796875 0.6973046 0.2597871890625 0.683111415625 0.2853518328125 0.6691778046875 0.2570234421875 0.6594062078125 0.22454943749999998 0.6534455921875 0.20727602968749997 0.64191521875 0.171347340625 0.6331830843749999 0.1326549078125 0.6240179375
0 0.0402304625 0.6473816375 0.042222987499999996 0.6794449765625 0.0469788046875 0.6800232390625001 0.0849803 0.6880134906250001 0.1243636703125 0.693311225 0.17756576875000002 0.702325503125 0.2134944546875 0.7001972796875 0.23836816249999998 0.6897432125 0.21211258281249998 0.680393340625 0.175492959375 0.669322703125 0.1298911609375 0.6615961765625 0.0835984296875 0.653858365625 0.0490516125 0.6451488046875 0.0402304625 0.6473816375
0 0.0918896640625 0.7071319765624999 0.11607243593750001 0.6978302328125 0.0780709375 0.69177933125 0.0424611234375 0.6832770171875 0.045005590625 0.7242221578125 0.0504334859375 0.7250725796874999 0.07876187343749999 0.72359595 0.1001809015625 0.7185156328125 0.0918896640625 0.7071319765624999
0 0.1029446453125 0.710415509375 0.098799025 0.721983890625 0.065634084375 0.730751046875 0.088434984375 0.733838571875 0.12574554531249998 0.7359994875 0.1644379765625 0.7393465859374999 0.2155672640625 0.744836178125 0.2508050171875 0.746187496875 0.2805152796875 0.7393032609375 0.28949745 0.7282017484375001 0.2777515328125 0.7237433203125 0.24665940000000003 0.7174174078125 0.2128035203125 0.714149309375 0.19898479375 0.7050025859375 0.16512891406250002 0.700570878125 0.1285092890625 0.6953182890625 0.10985400781250002 0.7008316203125 0.1029446453125 0.710415509375
0 0.25011408125 0.7616910078125 0.28396995937499997 0.762631884375 0.33026269375 0.766490996875 0.3696460640625 0.7694615109375 0.42768471406249997 0.78126988125 0.46154059375 0.7814350171875 0.4801958734375 0.7670006796875 0.5057605171875 0.7503519796875 0.45670404062500003 0.7398539359375 0.4000472609375 0.7327225765625001 0.3399358015625 0.7266983984375 0.2977886875 0.7291129187500001 0.2770605953125 0.7435134 0.2528778265625 0.7547544921875 0.25011408125 0.7616910078125
0 0.445649059375 0.684983703125 0.42975752343750007 0.693257265625 0.4801958734375 0.702226403125 0.5064514531250001 0.706921834375 0.5416892062499999 0.7117639828125 0.5976550484375001 0.71694470625 0.660530253125 0.720686809375 0.704059240625 0.716355509375 0.7116595421875 0.701740596875 0.6819492781250001 0.6977644749999999 0.62252875625 0.6960181515625 0.5893638125 0.6892705109375 0.5527441890625 0.687896621875 0.5389254593749999 0.6818528546875 0.5099061375 0.6782758890625 0.46154059375 0.67632226875 0.445649059375 0.684983703125
0 1 0.7881551015625 0.9934867703125001 0.7925175515625 0.8746454953124999 0.7822371609375 0.7838639656249999 0.77797458125 0.775611096875 0.791738478125 0.7838639656249999 0.8150377796875 0.7392984859375 0.827281959375 0.8152248562500001 0.8313018921875001 0.8928018015625 0.8353487859375001 0.9736798906249999 0.850568559375 1 0.8571834781250001 1 0.7881551015625
0 1 0.40463570000000004 0.9637764499999999 0.4047218453125 0.9043558125000001 0.40931073749999997 0.83833288125 0.40637914999999997 0.828429440625 0.4210426640625 0.7921168328125 0.44176086875 0.8663926265624999 0.43926777968749997 0.9258132671875 0.44023836562499996 0.991836196875 0.446876275 1 0.447842878125 1 0.40463570000000004
0 0.1665495578125 0.5436589265625 0.19791045000000002 0.5284193203124999 0.1467426765625 0.5201708984375 0.093924334375 0.5137486765625 0.0526600015625 0.5140012375 0.032293253125 0.5196574109375 0.0339905015625 0.54696924375 0.0510094265625 0.5454779953125 0.112080640625 0.547402121875 0.1665495578125 0.5436589265625
0 0.6138549156249999 0.372135353125 0.668323834375 0.3646858375 0.729395046875 0.36753654375 0.7904662578125 0.3676075109375 0.80367084375 0.34558527968749997 0.7772616703125 0.3340349484375 0.740949059375 0.32510259218750004 0.73104561875 0.336986365625 0.68317899375 0.33713108593749996 0.632011221875 0.33907504374999997 0.6105537703125 0.34613719375 0.5874457421875 0.3587318625 0.5890963171875 0.35968540312499997 0.6138549156249999 0.372135353125
0 0.6888199265625 0.26092373593749996 0.7252066765625 0.255067646875 0.7520179703125 0.2372293546875 0.786489628125 0.23134198437500003 0.84011220625 0.22469235781250002 0.8133009171875001 0.22640456250000002 0.7769141640624999 0.2182847078125 0.7615934296875 0.20943387656249998 0.740527415625 0.215540215625 0.696480296875 0.226646540625 0.6830746515625 0.23932844062499997 0.6198766124999999 0.2544222421875 0.6466879015625 0.26346076093750004 0.6888199265625 0.26092373593749996
0 0.8228763765625 0.23301140468749998 0.78265944375 0.2323544953125 0.7443576000000001 0.2381793015625 0.7328670484375001 0.2508924828125 0.7749990734375001 0.2505056015625 0.8133009171875001 0.25220630312500003 0.85543294375 0.2550446375 0.8745838640624999 0.23923136406249998 0.8611782203124999 0.235787178125 0.8228763765625 0.23301140468749998
0 1 0.1717296015625 0.9703384734375 0.17414094062500002 0.9435271828125 0.18230358124999999 0.9435271843749999 0.1941293765625 0.9243762609375 0.206717434375 0.92246116875 0.20453600781249998 0.9148008000000001 0.2076361 0.9703384734375 0.21284355000000002 1 0.21157530468750002 1 0.1717296015625
0 0.685178071875 0.5753517265625 0.6171052031250001 0.5621722453125 0.5597806875 0.55620774375 0.5042475578125 0.5834583171875 0.565154859375 0.5894813390625 0.62964494375 0.5935516234375 0.694135025 0.5986275375 0.7496681546875 0.602551515625 0.8392377156249999 0.6070314515625 0.901936409375 0.615094996875 0.946721190625 0.6107983640625 0.989714578125 0.5873654890625 0.9771748390624999 0.5680536796875 0.939555625 0.5543660015625 0.9216417109374999 0.570163484375 0.9126847578125 0.5941523171875 0.8069926734375 0.5914202953125 0.746085371875 0.5713184421874999 0.685178071875 0.5753517265625
0 1 0.6165046281250001 0.99688014375 0.628713390625 0.989714578125 0.64770333125 0.9574695375 0.6572329421875 0.8553602375 0.6555650734375 0.7819131984375 0.6563766375 0.6815952890625 0.6507155078125 0.62427076875 0.6457566375 0.5830687718750001 0.6521230515625 0.5526151203125 0.6747551234375 0.6099396390625 0.688764671875 0.69055224375 0.6941039328125 0.746085371875 0.6929997578125 0.8249065859375 0.6912703437500001 0.9270158859375 0.700983259375 1 0.7057380875 1 0.6165046281250001
0 1 0.71210515 0.9485125812499999 0.7083738046875 0.896562234375 0.69948019375 0.7962443265625 0.69482469375 0.7227972859375 0.6996587812499999 0.7102575484375 0.7185609390625001 0.790870153125 0.7239002 0.8678999749999999 0.7332034625 0.9377642312500001 0.740378421875 1 0.7571999140625 1 0.71210515
0 1 0.22952896093750003 0.9718006656249999 0.2290683484375 0.9359728437499999 0.23150002343749998 0.9198503203125 0.24129298281249997 0.9932973593750001 0.2545602453125 1 0.25606330312500003 1 0.22952896093750003
0 0.285836921875 0.3571857734375 0.31170233281250004 0.3549682578125 0.35402754999999997 0.35257959843750003 0.393217565625 0.3558597390625 0.42378577812499996 0.356799046875 0.453570190625 0.344525525 0.44181318437500006 0.3359734671875 0.4269209796875 0.32913020312499996 0.3885147625 0.3249828640625 0.360297953125 0.327601971875 0.3250269375 0.32922585312499997 0.3054319296875 0.33374579375 0.2881883234375 0.339624146875 0.270944715625 0.3494625078125 0.285836921875 0.3571857734375
0 0.3115724359375 0.24620671718749998 0.3050576234375 0.25280519218749997 0.30722922656249996 0.2595455515625 0.3273165703125 0.26109273125 0.3517471234375 0.2608822484375 0.3691199609375 0.2581183421875 0.41200915312499997 0.255771225 0.44186871875 0.2510779046875 0.4391542109375 0.246157284375 0.437525509375 0.23729242031250003 0.4434974203125 0.230380309375 0.4255816828125 0.2294781359375 0.40223693281250006 0.23580170625000002 0.3631480484375 0.240649040625 0.331116878125 0.246525959375 0.319173053125 0.25059761406250003 0.3115724359375 0.24620671718749998
0 0.523711928125 0.43470244999999996 0.5644593703125 0.43981581406250003 0.581437475 0.42484357968750003 0.5972837015625 0.41493604375000004 0.5610637515625 0.405448846875 0.51352506875 0.39958915781250004 0.47277762343749996 0.3976527859375 0.4320301796875 0.399528803125 0.4150520765625 0.4100532484375 0.40599708906250004 0.42388410312499997 0.4399532921875 0.42888653750000005 0.4795688625 0.430169021875 0.523711928125 0.43470244999999996
0 0.080490965625 0.619293859375 0.12200185781249999 0.6205267375 0.17339629375 0.6319080140625 0.2119421234375 0.6403052640625 0.22281402187500002 0.6255024046875 0.20205857656249998 0.6185054078125 0.186244903125 0.6043763265625001 0.146710721875 0.5998467515625 0.0795026109375 0.59708446875 0.036291209375 0.5839918265625 0.03811345625 0.613315125 0.080490965625 0.619293859375
0 1 0.48116071250000003 0.949909965625 0.4639398015625 0.9022606906249999 0.4518988359375 0.8395642765625 0.447120525 0.79860261875 0.44504361875000004 0.762656675 0.4561884046875 0.713335496875 0.46805327031250005 0.677389553125 0.48670649218750006 0.642279559375 0.512412528125 0.6163650421875 0.5293524953125 0.603825759375 0.5549579265625 0.6690300296875 0.5668163609375 0.7367421578125 0.5622910531249999 0.8061261890625 0.5793798109375 0.8203373765625 0.5866510984375 0.8295328515625 0.59853323125 0.8554473687499999 0.6050571265625 0.8713304578125 0.6048472859375 0.8863775984375 0.5924225828125 0.9072764046874999 0.5810320140624999 0.9156359249999999 0.553950478125 0.9482380609375 0.5352426375 0.9808401984374999 0.5141884125 1 0.5076360249999999 1 0.48116071250000003