0 0.094520871875 0.349001834375 0.0675442171875 0.33006031875 0.027632709374999998 0.3250258578125 0.0067958031249999995 0.328002675 0.0074789515625 0.36097520625 0.029643045312499998 0.35850426875 0.052772575 0.35966805156250004 0.08706224375 0.3578730078125 0.094520871875 0.349001834375
0 0.17305073124999998 0.3265724875 0.0796142171875 0.329767690625 0.0808974 0.3300593734375 0.06947954687499999 0.33640435156250004 0.06873883125 0.3405138734375 0.0913738640625 0.35323732343750003 0.11492728906250001 0.3581104328125 0.16415568125 0.3599433296875 0.2162077921875 0.3494161703125 0.17305073124999998 0.3265724875
0 0.1826151640625 0.3250739109375 0.1753178828125 0.3305245484375 0.198376809375 0.34695732343749996 0.2403477890625 0.3488309125 0.313639103125 0.3494041296875 0.32678164062500004 0.3426100078125 0.291946 0.3237406765625 0.19746901562500002 0.31783117031249997 0.1826151640625 0.3250739109375
0 0.3313394765625 0.345424465625 0.4371778125 0.3395446625 0.4322046140625 0.32250433749999996 0.38746552031250003 0.3122949390625 0.303399425 0.318052665625 0.30366290937499996 0.3197553375 0.289092278125 0.32524698281250003 0.3313394765625 0.345424465625
0 0.015768328125 0.35889137187500003 0.00744815625 0.35948884375 0.0076771109374999995 0.3705394875 0.096400596875 0.3760417328125 0.160537709375 0.3706488203125 0.15858737812499998 0.3588779125 0.0533356125 0.35929935 0.015768328125 0.35889137187500003
0 0.0086234765625 0.4162162359375 0.0181084234375 0.4164377640625 0.09529393124999999 0.42460938437499995 0.0973619328125 0.4109319734375 0.096400596875 0.3760417328125 0.007750059375 0.37406035000000004 0.0086234765625 0.4162162359375
0 0.100657725 0.375862440625 0.0736008265625 0.39894593125 0.0924102046875 0.41526193906250003 0.1664957765625 0.4174897203125 0.2377596890625 0.40561760625 0.23590996406250003 0.3894314546875 0.20363476249999998 0.37178500312499996 0.101213184375 0.3757897984375 0.100657725 0.375862440625
0 0.3778426890625 0.38166213125000004 0.3296182984375 0.3621367796875 0.28646770625 0.355236509375 0.2280530421875 0.3630436875 0.21605926874999998 0.36880303125 0.203341475 0.37451418593749997 0.24258080624999998 0.39484913125 0.2817601328125 0.3934765734375 0.34509445625 0.396945634375 0.37212671249999996 0.39519128281250004 0.3778426890625 0.38166213125000004
0 0.31901472656249996 0.34878349062499997 0.21898444062500003 0.3472354421875 0.1964864859375 0.356893915625 0.1608462578125 0.3676205734375 0.16140903281250002 0.37297780937499997 0.20961195781250003 0.371132871875 0.27410442343749997 0.35825832343749997 0.33827153593750003 0.3637191609375 0.3481899921875 0.3604861046875 0.31901472656249996 0.34878349062499997
0 0.524551528125 0.34684370625 0.5238964187499999 0.34111111250000004 0.47588617343750006 0.34464210781250004 0.43954556875 0.3390814828125 0.3467491625 0.34258240624999997 0.3301127953125 0.350577115625 0.33784764218749996 0.360009834375 0.35950427500000004 0.3588761234375 0.415666790625 0.352543759375 0.47738907499999994 0.357793353125 0.524551528125 0.34684370625
0 0.49976082499999996 0.38409973750000004 0.5069261640625 0.377957746875 0.47133480937499994 0.3577710609375 0.414386571875 0.351932321875 0.36604450625 0.3578552875 0.34172745 0.3615455703125 0.38325684843749996 0.381378703125 0.37057674375 0.3922193625 0.41299515 0.392712615625 0.45236715624999996 0.393026115625 0.49976082499999996 0.38409973750000004
0 0.0121287484375 0.41681292187499996 0.0173548953125 0.44161760625 0.063166528125 0.4453255109375 0.109025228125 0.4388540890625 0.1777587109375 0.43661284843750003 0.16912253593749998 0.4139973890625 0.094666609375 0.41382436718750004 0.0120584109375 0.4164527140625 0.0121287484375 0.41681292187499996
0 0.20273149687499997 0.4380193671875 0.25305595937500003 0.42826110625 0.28478519062499996 0.425243184375 0.33884116875000003 0.43225102031249996 0.44014314062500004 0.444927046875 0.434891659375 0.43604278281250003 0.41136176874999997 0.42608000781250005 0.4042370296875 0.4060992578125 0.3685986015625 0.3960919 0.307377284375 0.3952260546875 0.2376568703125 0.394126675 0.222917296875 0.40812820624999996 0.1771508921875 0.41496215156250005 0.1641922796875 0.43969764375000003 0.20273149687499997 0.4380193671875
0 0.026277887500000003 0.44556046718750003 0.0092664390625 0.447249125 0.00985343125 0.47558060312499995 0.0783579375 0.4723470109375 0.103994365625 0.4689695859375 0.1082909828125 0.4589070265625 0.07849914218750001 0.44180902812499995 0.026277887500000003 0.44556046718750003
0 0.2540858328125 0.474342309375 0.2297231515625 0.46238775781249997 0.1664358953125 0.4487393703125 0.1156810703125 0.438844890625 0.1144858 0.43860676718749997 0.086141915625 0.44514044999999997 0.10332425468749999 0.45781011562499996 0.11063520468750002 0.4635335109375 0.14848724375 0.4717288421875 0.1964889546875 0.4787143859375 0.2540858328125 0.474342309375
0 0.1825477625 0.441450575 0.174363421875 0.459858146875 0.2268073609375 0.468646515625 0.2584745234375 0.47038104687500004 0.346790165625 0.46474008749999995 0.32902332031250003 0.4310688359375 0.27944810468750003 0.42620103593750003 0.2110379140625 0.43656684375 0.1825477625 0.441450575
0 0.4509008546875 0.4596291828125 0.429800790625 0.4444507765625 0.33369519062499997 0.43425873125000003 0.3396098234375 0.465455203125 0.3398410390625 0.46747847187499997 0.36085756406249997 0.466039040625 0.4013706453125 0.47104200937499996 0.43365438125000005 0.478171921875 0.46589311406249995 0.46902121093750004 0.4509008546875 0.4596291828125
0 0.063203 0.47212267656250007 0.0098334421875 0.4746157828125 0.010353796875 0.499730925 0.0944206671875 0.5016974984375 0.196418353125 0.493983378125 0.199496821875 0.4785569265625 0.10966327499999999 0.4656197625 0.063203 0.47212267656250007
0 0.197923315625 0.48067467031250005 0.1827363125 0.49605653906249997 0.204562090625 0.5016985484375 0.230367665625 0.5050968453125 0.266562659375 0.49879208437500006 0.3020019375 0.49116996874999996 0.3478371046875 0.4897882125 0.41479586875 0.4984951953125 0.429989340625 0.49905674062500005 0.4419051953125 0.4974152671875 0.43015201718749996 0.489889046875 0.426844396875 0.47683227656250005 0.3828995546875 0.46827744375 0.3452166625 0.46685783125 0.3057675828125 0.465869909375 0.248926425 0.4715593421875 0.197923315625 0.48067467031250005
0 0.040638696875000005 0.497087384375 0.010331896875 0.498673928125 0.0105117203125 0.507353265625 0.0123035640625 0.5230329265625 0.0757976265625 0.5240812828125 0.11156019375 0.5245837343749999 0.084647921875 0.5005823625 0.040638696875000005 0.497087384375
0 0.250654196875 0.5237475921875 0.2378990859375 0.507453875 0.2345058625 0.5042392203125 0.20772835625 0.5029271765625001 0.179987453125 0.4931848484375 0.1276505890625 0.4959246515625 0.0970088953125 0.49786795625 0.0752045875 0.513596234375 0.10903829375 0.5236980671875 0.1726273703125 0.5241007343749999 0.2037314953125 0.52620396875 0.250654196875 0.5237475921875
0 0.27687719843749997 0.5149117999999999 0.32238054374999997 0.5159220140625 0.3871577640625 0.5108348203124999 0.4104649734375 0.5082577859375 0.411691653125 0.5031051390625 0.40046297500000005 0.4948730046875 0.363559334375 0.489681084375 0.3381391171875 0.4896549015625 0.305577096875 0.4906810484375 0.28776111718749997 0.493649078125 0.25783854375000004 0.5013585984375 0.2382309078125 0.5050619015625 0.24641318281250002 0.5131142859375 0.27687719843749997 0.5149117999999999
0 0.1492024890625 0.5521260875 0.11293042187499999 0.557756425 0.0378108515625 0.5623673484375 0.0170510171875 0.5645758640625 0.0243378 0.6283394078125 0.16239236875000002 0.6304759109375 0.1492024890625 0.5521260875
0 0.0174665796875 0.568212290625 0.0982379171875 0.561578628125 0.151461103125 0.5665946875000001 0.180415753125 0.539297540625 0.1759820578125 0.526978178125 0.11038705156249999 0.53550046875 0.014267150000000001 0.5402154359375 0.0174665796875 0.568212290625
0 0.15234763906249998 0.54217881875 0.1497293296875 0.6202834937499999 0.39034358125 0.6022598171875 0.32819506249999997 0.524437575 0.15234763906249998 0.54217881875
0 0.20140020781249998 0.5534643124999999 0.3651651796875 0.5672804109375 0.44664730468749997 0.5653894703125 0.42216461406250005 0.5100199187500001 0.3008780546875 0.518404571875 0.17757131718750002 0.524567065625 0.1848965171875 0.5414375765624999 0.20140020781249998 0.5534643124999999
0 0.44958022656249996 0.564576209375 0.35835831875 0.565334503125 0.39248225312499996 0.599791990625 0.28774645625 0.6100240515625 0.280949409375 0.6405712343750001 0.3549814421875 0.6370349281250001 0.5054132625000001 0.629499140625 0.5135119953125 0.620933684375 0.44958022656249996 0.564576209375
0 0.24818830468750003 0.6504464828125001 0.3018053859375 0.6483181171875 0.28868844843749997 0.623562621875 0.025032906249999997 0.6344219890625 0.028022568749999997 0.6605832734375 0.125019953125 0.6582511890625 0.24818830468750003 0.6504464828125001
0 0.136492634375 0.6580272953125 0.0281760390625 0.6619262234375001 0.0313967171875 0.690109015625 0.11754851718749999 0.6881926843749999 0.136492634375 0.6580272953125
0 0.103172834375 0.6841960390625 0.031298845312500004 0.689252565625 0.035250671875 0.7238333234375001 0.08138999531249999 0.721294609375 0.103172834375 0.6841960390625
0 0.0349747828125 0.7214191359375 0.03796739375 0.7476062109375 0.07299156875 0.743124409375 0.08005836875 0.71493770625 0.041457079687499995 0.721368434375 0.0349747828125 0.7214191359375
0 0.04812575625 0.8364977250000001 0.0491836703125 0.8366409687499999 0.172653903125 0.842069115625 0.2624124421875 0.8278719015625 0.25280433593749996 0.8073426953125 0.26527442031250004 0.7205257828125 0.250941546875 0.7063125671875 0.2178570890625 0.6815846750000001 0.1861469859375 0.6371095640625 0.106760803125 0.662636796875 0.1068416421875 0.6630124125 0.090788140625 0.6923261375 0.07279888906250001 0.7414383515625 0.042916990625 0.790918034375 0.04812575625 0.8364977250000001
0 0.3022269078125 0.7997452765624999 0.30151461562500004 0.799029840625 0.3117778328125 0.8252916406249999 0.47942405781249997 0.8148193156250001 0.5440471328125 0.8083832765625001 0.5755066140625 0.8030048734375 0.6028321562500001 0.7985213390625 0.6084004578125 0.7995867546875 0.6379696140625 0.804144946875 0.6361175625 0.777443865625 0.595801553125 0.7581819328125 0.5541388625 0.7590060359375 0.4503514625 0.7722415078125 0.34886974843749996 0.7897662515625 0.331068771875 0.7981611562500001 0.3022269078125 0.7997452765624999
0 0.34515775312499997 0.7910339265624999 0.4668672984375 0.7683455984374999 0.6125586640625 0.7558677687500001 0.5748312062500001 0.74240786875 0.5772190296875 0.7219969859375001 0.5482833625 0.7235117515625 0.486320915625 0.73204741875 0.27196828125 0.770169496875 0.26893540625 0.7708570156250001 0.2937236609375 0.7884345015625 0.303929253125 0.8020121625 0.34174849375 0.7956223734375001 0.34515775312499997 0.7910339265624999
0 0.6279127640625 0.7043492875 0.586394775 0.6990257734374999 0.5294362734375 0.6962745515625001 0.50323069375 0.6597206203125 0.49126903593750004 0.6651977765625 0.40794088906250003 0.6726469390625 0.2409144171875 0.6774217 0.2705544796875 0.7715665015625001 0.3128962015625 0.7565610109375001 0.3969367953125 0.741577596875 0.5712632484375 0.724954753125 0.6279127640625 0.7043492875
0 0.46548433593749994 0.629281746875 0.44712885468749997 0.6275288156250001 0.3783718390625 0.6348597218750001 0.3431873109375 0.639415440625 0.344467528125 0.6400268812500001 0.3402159171875 0.666370065625 0.356212171875 0.6580696374999999 0.44260749062500004 0.651511521875 0.5082174968750001 0.648416103125 0.5105252484375 0.626245425 0.46548433593749994 0.629281746875
0 0.3011927984375 0.6426315171875 0.2952691390625 0.6490477343750001 0.199541940625 0.6533805390625 0.20992929531249999 0.6701374359375001 0.278354490625 0.6651985015624999 0.352178840625 0.6545492640624999 0.342543134375 0.6387944984375 0.3011927984375 0.6426315171875
0 0.341511134375 0.67240838125 0.34691029218749997 0.6666980765625 0.3359859125 0.6608595078125 0.295645965625 0.6629363875000001 0.25192380625 0.6669213625 0.252887203125 0.675351646875 0.341511134375 0.67240838125
0 0.4518623046875 0.653062409375 0.3958389296875 0.65531674375 0.35242329843750003 0.66169603125 0.346131040625 0.6704703859375 0.3712965078125 0.6735629640624999 0.45183023593750005 0.6686686125 0.4518623046875 0.653062409375
0 0.5046260484375 0.6482978703125 0.45298837656249996 0.652325003125 0.45299484687499997 0.66826841875 0.5125505875 0.665150709375 0.5046260484375 0.6482978703125
0 0.8234675859375 0.7677634875 0.8645143078125 0.7735526703125 0.9111160343750001 0.7728770875000001 0.9126077234375 0.75839308125 0.8269779312500001 0.7525858109375 0.7277852984375001 0.7566024953125 0.67433905 0.7570483875 0.622630146875 0.7633473625 0.6220487218749999 0.7630197375 0.6364577234375 0.7881372828125001 0.7934288953124999 0.7710999859375 0.8234675859375 0.7677634875
0 0.9052956343749999 0.7540718921875 0.853450453125 0.7088642375 0.8108322453125 0.71227126875 0.694542209375 0.7089510390625 0.618530740625 0.70469824375 0.5809109921875 0.7243075125 0.580626940625 0.7236709265625 0.578810746875 0.7426453515625 0.6158665531249999 0.7548174203125 0.6480704921875 0.7566595406250001 0.701516740625 0.7562136484375 0.8165506640625001 0.7531316718750001 0.9052956343749999 0.7540718921875
0 0.80235851875 0.6427108031250001 0.732310228125 0.62638590625 0.6483911203125 0.6263690484375 0.534214328125 0.609414271875 0.5102403671875 0.6106848031250001 0.5058957421875 0.6691083921875001 0.5328842625 0.6941554046875 0.6312067640625 0.7054721828125 0.8322712531249999 0.7117044765625 0.8690282671875 0.698314334375 0.80235851875 0.6427108031250001
0 0.4909016359375 0.58375305625 0.485150475 0.5931343765625 0.497522209375 0.600424675 0.557004034375 0.6023088078125001 0.6341250234375 0.6070915171875 0.7001303921875001 0.6109861328124999 0.73619165625 0.6052763671875 0.769211934375 0.5959038203125 0.8081675953125 0.5879845484375 0.774868925 0.5673838453125 0.722424609375 0.5765972374999999 0.6910556156250001 0.5820613625 0.6409638828124999 0.5705554828125 0.5978131546875 0.5693026546875 0.552688325 0.5737229015625 0.5070217343750001 0.5825814828125 0.4909016359375 0.58375305625
0 0.5540942671875 0.604270996875 0.55671090625 0.613512321875 0.6138994953125 0.6228664609375001 0.649532196875 0.6271750734375 0.706039828125 0.625980921875 0.68862884375 0.61131046875 0.6251300984375 0.6064026375 0.5539778937500001 0.6033654546875 0.5540942671875 0.604270996875
0 0.787888275 0.607878284375 0.751726815625 0.6127112984374999 0.74150733125 0.605896325 0.6923785796875 0.611996165625 0.6924135687499999 0.6120316406249999 0.701802125 0.6256147671875001 0.7428024484375 0.62640840625 0.78363578125 0.625740796875 0.819750840625 0.6159122406249999 0.8240497328125 0.6030452703125 0.787888275 0.607878284375
0 0.550862109375 0.5073529437500001 0.499634909375 0.5088586640625 0.4740881015625 0.510196025 0.45336715625 0.512456746875 0.42801334375 0.5246619421875 0.4285681046875 0.5249268984375 0.43862620625000004 0.544098246875 0.450582378125 0.566110215625 0.47485828124999996 0.5765993171875 0.4945291 0.583507515625 0.510991946875 0.5852916796875001 0.526974221875 0.578281053125 0.55671233125 0.57231430625 0.5907011437499999 0.57141700625 0.623580434375 0.56998979375 0.6507785234375 0.5647440109375 0.6702971468750001 0.551962290625 0.6732119390625 0.545341740625 0.63313554375 0.5250958484375 0.6037071984375 0.5016465515624999 0.5831198453125 0.5050762734375 0.550862109375 0.5073529437500001
0 0.8177316875 0.556881746875 0.836595359375 0.5429583203125 0.7915317171875 0.5341454406249999 0.772035278125 0.5195841578125 0.740298909375 0.5218335359374999 0.6467206796875 0.5290842875 0.67006705 0.5452080171875 0.6473126578125 0.5663910796875 0.644410021875 0.5683632671875001 0.6599515734375 0.5760193796874999 0.6889401421875 0.5818518015625 0.7581014828125 0.57205728125 0.8177316875 0.556881746875
0 0.9719469546875 0.5385322578125 0.9356666921875 0.523967603125 0.79359055 0.5336984640625 0.8348487796875 0.541299290625 0.8192134828125001 0.555935709375 0.7991604953125 0.5640414296875 0.8119533999999999 0.5704276890625 0.8333292999999999 0.569308671875 0.9346147828125 0.5560684828125 0.996002071875 0.5516789015625 0.9719469546875 0.5385322578125
0 1 0.570505315625 0.9766800718749999 0.5524126328125 0.915072 0.5594597578125 0.8499479765625001 0.5678669328125 0.7927235671874999 0.5717767859375 0.8034316515625 0.587647934375 0.7503119859375 0.6001306609375 0.7531451921875 0.6111542796875 0.811170515625 0.6048827046875 0.861141603125 0.5969747796875 0.93512880625 0.588103621875 0.9791237171875 0.5875645031250001 1 0.5891343109375 1 0.570505315625
0 1 0.5966875546875 0.9897198203125 0.5884960296874999 0.9752422328125 0.5857259453125 0.941908375 0.5877649500000001 0.9086413109375 0.59038845625 0.8595459609375 0.596780546875 0.858048665625 0.5974469265625 0.8581154421875 0.5977684203125 0.8482689578124999 0.608248828125 0.864169646875 0.61888236875 0.884536215625 0.6181101890625 0.9234046859375 0.6140174593750001 0.9543321140625001 0.61386841875 1 0.620688890625 1 0.5966875546875
0 1 0.6212532546875 0.9672140546874999 0.6164442734375 0.935564878125 0.6148671078125 0.8725133062499999 0.61846181875 0.8166472062500001 0.6296482671875 0.8105824671875 0.6502216953125 0.8233419734374999 0.656315703125 0.8659935796875 0.653200921875 0.925061628125 0.6468747625 0.9828661703125 0.64326073125 1 0.6441624203125 1 0.6212532546875
0 1 0.6448608234375001 0.9791164328124999 0.6425750328125 0.9167532125 0.6476037015625 0.8438807781250001 0.660682171875 0.8586593046875001 0.676222734375 0.870155303125 0.6850288703125 1 0.6683694124999999 1 0.6448608234375001
0 1 0.669197734375 0.9290248109375 0.67696535 0.8603852578125 0.686482475 0.868043903125 0.69867955625 0.990310115625 0.694630978125 1 0.6937613453125 1 0.669197734375
0 1 0.7042943078125 0.9681456703125001 0.6934392875000001 0.872181409375 0.6981689624999999 0.8577306765625 0.7045645078125 0.86866366875 0.7224609734375 0.945972040625 0.724293890625 0.9852746828125 0.724000409375 1 0.7206388453125 1 0.7042943078125
0 0.7238397453125 0.520037603125 0.8429443828125001 0.5158605328125 0.7839783140625001 0.5001314828125001 0.71075365625 0.5019067625 0.6097631453125001 0.503959575 0.6087343578125 0.50404743125 0.63834915 0.529216959375 0.7238397453125 0.520037603125
0 0.6890159312499999 0.4906805578125 0.6520659281250001 0.4932028640625 0.6552869046875001 0.5030301890625 0.7552680859375 0.5013242124999999 0.8227169546875001 0.508671240625 0.8388532156249999 0.498418571875 0.8444156171874999 0.4828394734375 0.7759166296875 0.48466136562499995 0.6890159312499999 0.4906805578125
0 0.9281251562499999 0.5131491234375 0.9076323921875 0.5036379703125 0.8505365984375001 0.504274915625 0.8259453296875 0.5093842328125 0.8585296453125 0.5191443953125 0.917911278125 0.5201517765625 0.9281251562499999 0.5131491234375
0 0.5127708015625 0.506503396875 0.608825184375 0.5041471984375 0.6548955765625 0.502837934375 0.654057125 0.4868956703125 0.5538697890625001 0.4965503921875 0.5127708015625 0.506503396875
0 0.5467520343750001 0.4858980671875 0.53657636875 0.4743033296875 0.5073749203125 0.47693450156250006 0.4395721828125 0.48599640156249996 0.44259185 0.49520951875 0.4167449796875 0.501051246875 0.41946797968749994 0.5079962234375001 0.4442826125 0.510004671875 0.5078863984375 0.507226296875 0.5424522171875 0.4999043296875 0.5467520343750001 0.4858980671875
0 0.5710169453125 0.46588542187500004 0.5396331187500001 0.47476309375000003 0.5462372 0.49860369374999997 0.6442815625 0.4874074140625 0.6537440218749999 0.4841558265625 0.6827958515625 0.47161004531249995 0.6500737703125 0.46064435000000004 0.628731015625 0.454595421875 0.5710169453125 0.46588542187500004
0 0.623304021875 0.45873825156250003 0.655539003125 0.4482308203125 0.6528080640625 0.43293887187499996 0.564226159375 0.4408835640625 0.5392862875 0.437779178125 0.5082793421875 0.45042730937500003 0.4616697421875 0.455623528125 0.4599268703125 0.46618845468750003 0.4602399734375 0.46892829843749995 0.4366003078125 0.4768476296875 0.4364134078125 0.49277672343749995 0.5348717374999999 0.47659755156249994 0.623304021875 0.45873825156250003
0 0.4939291015625 0.4539347703125 0.5346489875 0.44022692656249995 0.555918609375 0.41981983593749994 0.5791294765624999 0.4163997734375 0.5553306421875 0.406069446875 0.5307664937500001 0.40625287187500003 0.47191138437499996 0.42476881093749996 0.43672711093750005 0.43492481562499996 0.4351261 0.4470906296875 0.4491111296875 0.46620340625 0.4585735875 0.46295181718749995 0.4939291015625 0.4539347703125
0 0.5386495640625 0.40639144375 0.5751322531249999 0.4072378296875 0.6197241203125 0.401595990625 0.65597019375 0.383161128125 0.6049250234375 0.37535962343749996 0.5155916703125001 0.3767286921875 0.5080217015625 0.3793299625 0.47957170312499997 0.38853675781249997 0.44548247500000004 0.3914238015625 0.40773609375 0.4050053453125 0.42135331562499995 0.4384404328125 0.49156337499999997 0.4160225859375 0.5386495640625 0.40639144375
0 0.694442884375 0.418631884375 0.66484133125 0.4091565734375 0.5556681265625001 0.41762796093750004 0.5439212734375001 0.43482855000000004 0.554638459375 0.4430392140625 0.6493988046875 0.4375273203125 0.694442884375 0.418631884375
0 0.774539884375 0.41388760781249995 0.8163869453125001 0.4100431984375 0.8582234921874999 0.380290740625 0.7821237171875 0.3941969609375 0.7678255843749999 0.3723443421875 0.709297446875 0.3765107484375 0.6562832984375 0.3859009703125 0.6259098515625 0.4035115921875 0.6495135359375 0.41271520781250004 0.6828130703124999 0.41152324374999993 0.7337086234375 0.4094101390625 0.774539884375 0.41388760781249995
0 0.5071033093749999 0.3798988453125 0.5960609375 0.375241965625 0.644187303125 0.3661076171875 0.6668728296875 0.34948513281250004 0.6118548125000001 0.341340359375 0.5305923921875 0.3444919046875 0.47611287031250005 0.3578551 0.5071033093749999 0.3798988453125
0 0.5236242578125 0.3437541890625 0.5710617953125 0.3285921875 0.5413976218750001 0.31856890625 0.4325571265625 0.32097668437500004 0.434642253125 0.3395923984375 0.45579714375 0.34399741875 0.5236242578125 0.3437541890625
0 0.5370595625 0.340845871875 0.5965270140625 0.3448989953125 0.6443646546874999 0.341843475 0.6639296484375 0.323730609375 0.62742258125 0.31406554999999997 0.5445807765625 0.3206072578125 0.53607803125 0.3403762140625 0.5370595625 0.340845871875
0 0.7863851859375 0.34543371875 0.6937434390624999 0.34366849843749997 0.6668728296875 0.34948513281250004 0.6311378000000001 0.37180077968749997 0.6448622671875001 0.38922464843750004 0.6966483765625 0.3776937265625 0.73092546875 0.3764505875 0.7690501656250001 0.37445478125 0.8058980703125 0.3526809328125 0.7863851859375 0.34543371875
0 0.9125874656249999 0.374106896875 0.9313245203125 0.365959815625 0.9040920515625 0.35139926093749996 0.8462039875 0.34395597968749997 0.8074148359375 0.348742803125 0.7723250765625 0.37654333906250004 0.7840127515625 0.393516384375 0.8221130703125 0.38270190625 0.8625059859374999 0.38334359375 0.8910186046874999 0.3746847671875 0.9125874656249999 0.374106896875
0 0.8769257093749999 0.3451457109375 0.9194303609375 0.373748675 0.9886107546874999 0.3767420828125 0.9993952203124999 0.37515301874999996 0.99611899375 0.34648413749999996 0.9328307765625 0.3361136375 0.8769257093749999 0.3451457109375
0 1 0.3806869265625 0.9892752078125 0.37395106562499997 0.9288928203125 0.3704970875 0.89492883125 0.37448006875 0.8605294203125 0.3824049375 0.8156564140624999 0.41225598750000003 0.8991870484375 0.411741934375 0.96276645625 0.40014488750000005 1 0.40234183593750006 1 0.3806869265625
0 0.7566201484375 0.3431331734375 0.8675849843749999 0.341734203125 0.8322572015624999 0.3165724984375 0.760394621875 0.315924490625 0.7289704218749999 0.3242115953125 0.7566201484375 0.3431331734375
0 0.7985441437499999 0.47764767656249996 0.7782171890625 0.46327687187500005 0.7208300921874999 0.46021733906250006 0.6723476265625 0.465609453125 0.680899903125 0.47223010312499997 0.6547807406249999 0.48462236093750005 0.6541406671875001 0.49623205 0.7096108953125 0.4911232296875 0.781574340625 0.4840485046875 0.7985441437499999 0.47764767656249996
0 0.8642316359375 0.4328654671875 0.839316140625 0.43857975312499997 0.8167071015625 0.4386608296875 0.7634807125 0.4375884734375 0.7210700640625001 0.4365011640625 0.6824061578125 0.442383925 0.6511243546875 0.444021509375 0.628000484375 0.45680821250000003 0.6654411812500001 0.4654194734375 0.7191254640625 0.4625115609375 0.7911132875 0.46425550937500004 0.8445657828125 0.45870106718750003 0.8642316359375 0.4328654671875
0 0.92560209375 0.4621763203125 0.909522846875 0.45915933124999997 0.8651570859375 0.45817437187500004 0.8416331125 0.4588545921875 0.7852199390625 0.46356135312499996 0.79750396875 0.47715088437500003 0.7818248234375 0.48624037812500004 0.820012140625 0.4847925421875 0.86857685625 0.4794939734375 0.888980296875 0.477323371875 0.92560209375 0.4621763203125
0 0.8124659984375 0.429743446875 0.7963621734374999 0.4120181609375 0.7394350109375 0.406642525 0.6896037453125 0.41209317656250005 0.6918472984374999 0.4105263359375 0.6508540843749999 0.4358826984375 0.6542728999999999 0.444059465625 0.7221770765625 0.43679105937499996 0.77446088125 0.43776769531250004 0.8124659984375 0.429743446875
0 0.9092467718749999 0.4070371328125 0.87092525625 0.412292696875 0.7982492078125001 0.413372328125 0.8081390374999999 0.42811312968750004 0.7825874671874999 0.4364138578125 0.800317175 0.4466267046875 0.824327803125 0.4393350609375 0.8848758640625001 0.43291595000000005 0.9311657703125 0.42492220625000005 0.9092467718749999 0.4070371328125
0 1 0.4040815390625 0.96243871875 0.40146731874999997 0.9102281765625 0.4083783796875 0.9117779734375 0.4291866015625 0.931867675 0.43749530468750003 0.9852014499999999 0.42673554999999996 1 0.42885078906249996 1 0.4040815390625
0 1 0.42965167656250003 0.9968317921875001 0.42705512343749996 0.9214660328125 0.43424993125 0.8626884953125 0.4336856703125 0.8430067078124999 0.45785395937500006 0.90867273125 0.45998687499999996 0.972039015625 0.4492423625 1 0.4514143265625 1 0.42965167656250003
0 1 0.44962751875 0.970339871875 0.448867103125 0.9217912859374999 0.45883591875 0.8852099671874999 0.4793192421875 0.9707178578125 0.47391453749999995 1 0.472381634375 1 0.44962751875
0 1 0.473197003125 0.98681283125 0.46982252031250005 0.9331668109375 0.478665559375 0.84507003125 0.4824458390625 0.83500329375 0.5037652984375 0.892489996875 0.5067906062499999 0.9674338875 0.49590421874999996 1 0.4981833640625 1 0.473197003125
0 1 0.5005612625 0.9692285125 0.49756937343749996 0.91453506875 0.5057875125 0.9255918703124999 0.51402864375 0.92313835625 0.5214611765625 0.9470116546874999 0.519522290625 0.9738246265624999 0.5181186484375 1 0.52092429375 1 0.5005612625
0 1 0.5200856375 0.9800050515625 0.5181101046875 0.9292838015625 0.5211394671875 0.9765441625 0.5419161421875 1 0.5394208140625001 1 0.5200856375
0 1 0.5517030468749999 0.9884952 0.5523921406250001 1 0.5715922109375 1 0.5517030468749999