0 0.16405144375 0.30321810625 0.12933378125 0.2969112359375 0.072183165625 0.3020167984375 0.057781349999999995 0.3089443125 0.04547726875 0.31583185 0.06897845625 0.3275446109375 0.10209376875000001 0.328145265625 0.1277314265625 0.3266436296875 0.14802790625 0.3287459203125 0.178472628125 0.3287459203125 0.185950278125 0.32123773906249997 0.16405144375 0.30321810625
0 0.174733803125 0.30351843437500003 0.17583690624999998 0.3038361390625 0.16511968125 0.308924325 0.16405144375 0.31252825 0.1827455703125 0.324841665625 0.2030420515625 0.33024755625 0.24630560156249998 0.334151809375 0.2933079765625 0.3272442828125 0.25752207656250004 0.3050200703125 0.174733803125 0.30351843437500003
0 0.2661146828125 0.3041366203125 0.25912443125 0.30862399687500003 0.27781855625 0.32424101250000004 0.31467269375 0.3278449390625 0.3793009578125 0.3317491921875 0.39158567031249997 0.3263433015625 0.3627433046875 0.3080233421875 0.2799550296875 0.298412871875 0.2661146828125 0.3041366203125
0 0.3600727140625 0.3092246515625 0.3953244953125 0.329046246875 0.48932924531250005 0.3287459203125 0.48665865625000004 0.31342923125 0.44820216874999996 0.30231712499999996 0.3734256609375 0.30351843437500003 0.373486478125 0.3050380625 0.3600727140625 0.3092246515625
0 0.115446715625 0.3263433015625 0.067396734375 0.3272736390625 0.0566937453125 0.33355115468749996 0.1069008296875 0.3362541 0.18488204218749998 0.3452639171875 0.2420326578125 0.343461953125 0.241498540625 0.3329505015625 0.148562025 0.32844559375000004 0.115446715625 0.3263433015625
0 0.0534890390625 0.3356534453125 0.024646671875 0.362983221875 0.0604325703125 0.3734946734375 0.111707890625 0.377398928125 0.1790067453125 0.38821070625 0.182211453125 0.37619761875 0.18488204218749998 0.3452639171875 0.0529549203125 0.33535311874999996 0.0534890390625 0.3356534453125
0 0.18865741875 0.3453024859375 0.162449090625 0.3644848578125 0.17740439218749998 0.3798015453125 0.2425667765625 0.385207434375 0.3066609234375 0.3779995828125 0.3066609234375 0.363583875 0.2799550296875 0.346465225 0.1891549859375 0.3452639171875 0.18865741875 0.3453024859375
0 0.354731534375 0.3356534453125 0.30238798125 0.3398580265625 0.29122152031250004 0.3444010421875 0.2794209109375 0.3488678421875 0.312002103125 0.3686894390625 0.3467197671875 0.36929009375 0.40226802812500007 0.37529663750000003 0.4263033328125 0.374996309375 0.43271274843749996 0.3632835484375 0.3921197890625 0.3437622796875 0.354731534375 0.3356534453125
0 0.29597856562499997 0.3254423203125 0.27514796874999997 0.3329505015625 0.24261040937499997 0.340795275 0.2425667765625 0.34556424375 0.2852962078125 0.3461648984375 0.343515059375 0.33775573593749997 0.3995974390625 0.34556424375 0.40867744375 0.34316162499999997 0.38410801875 0.331448865625 0.29597856562499997 0.3254423203125
0 0.5229786734374999 0.335052790625 0.49146571874999995 0.32844559375000004 0.4092115609375 0.3272442828125 0.3937221421875 0.33355115468749996 0.3995974390625 0.34226064375 0.4188256828125 0.34226064375 0.4690327671875 0.339257371875 0.5229786734374999 0.346765553125 0.56570810625 0.339257371875 0.56570810625 0.334151809375 0.5229786734374999 0.335052790625
0 0.5176374953125 0.346465225 0.46796453125 0.3386567171875 0.42470098125 0.341659990625 0.40286681875 0.34380008125 0.437519809375 0.3632835484375 0.4252350984375 0.3722933640625 0.46262335156249995 0.3746959828125 0.497341015625 0.3767982734375 0.5400704468749999 0.37109205625 0.5470139796875 0.36598649375000003 0.5176374953125 0.346465225
0 0.0310560859375 0.38313831249999997 0.0476137421875 0.40416121875 0.0438749171875 0.412270053125 0.1202537765625 0.40356056406249996 0.10262788593750001 0.37563013437500004 0.0406702078125 0.3729271890625 0.041221520312499996 0.375951525 0.0310560859375 0.38313831249999997
0 0.10639246093750002 0.377453928125 0.10850318125 0.39965630937499996 0.148562025 0.4050622 0.189689103125 0.40145827343749996 0.25057854375 0.4026595828125 0.24523736562499998 0.38223733125 0.1795408640625 0.3786334046875 0.10636671093750001 0.37713176875 0.10639246093750002 0.377453928125
0 0.457816290625 0.40416121875 0.453543346875 0.38614158593750003 0.42309862656249997 0.37563013437500004 0.36915271875 0.37202620625 0.307729159375 0.3678216265625 0.2933079765625 0.3795343875 0.25222579375 0.3834635421875 0.23829383124999998 0.404761871875 0.272477378125 0.4050622 0.31787740000000003 0.398755328125 0.3461856484375 0.3975540203125 0.3931880234375 0.406263509375 0.481317478125 0.42218085 0.477578653125 0.41407201718750003 0.457816290625 0.40416121875
0 0.0422725625 0.4290883765625 0.1592443828125 0.42968903125 0.182211453125 0.42788706718749997 0.1870185140625 0.41917757812499995 0.162449090625 0.4026595828125 0.1159808328125 0.40356056406249996 0.0388086953125 0.4071516953125 0.0235784359375 0.42097954218750006 0.0422725625 0.4290883765625
0 0.23936206875 0.4128707078125 0.1955644 0.40175859999999997 0.1945334859375 0.4014923890625 0.16885850625 0.40596318125 0.1827455703125 0.4179762703125 0.18862086875 0.423382159375 0.221202059375 0.432391975 0.26286325625 0.4408011375 0.314138575 0.439599828125 0.29384209375000003 0.42788706718749997 0.23936206875 0.4128707078125
0 0.25431736875 0.40716449062500004 0.24523736562499998 0.4230818328125 0.2906373875 0.43329295781250005 0.31841151875 0.4362962296875 0.39692685 0.4353952484375 0.3846421375 0.404761871875 0.3413785875 0.398154675 0.2799550296875 0.40416121875 0.25431736875 0.40716449062500004
0 0.4722374734375 0.4212798703125 0.38844374375 0.407802484375 0.390517434375 0.435695575 0.390517434375 0.4374975375 0.4092115609375 0.4371972109375 0.44446334375 0.4435040828125 0.4722374734375 0.451312590625 0.5016139578125001 0.444705390625 0.48932924531250005 0.435695575 0.4722374734375 0.4212798703125
0 0.1458914359375 0.42878805 0.03906785625 0.42818739531250005 0.03908476875 0.4276342171875 0.01503255 0.44530604687500003 0.0406702078125 0.45041160781249995 0.087672584375 0.45011128125 0.1704608578125 0.456418153125 0.261260903125 0.4543158625 0.2655338453125 0.4408011375 0.18755263125 0.4251841234375 0.1458914359375 0.42878805
0 0.46689629374999997 0.46963255000000004 0.477578653125 0.4687315671875 0.46796453125 0.461523715625 0.4663621765625 0.44981095312499997 0.42843980625 0.44020048437500003 0.3953244953125 0.4371972109375 0.36060683125000004 0.434494265625 0.30986563125 0.436896884375 0.2639314921875 0.4426031015625 0.248976190625 0.45551717031249994 0.2676703171875 0.461523715625 0.29010326875 0.4657282953125 0.32268446093750003 0.4618240421875 0.354731534375 0.4567184796875 0.3953244953125 0.4576194625 0.453543346875 0.468431240625 0.46689629374999997 0.46963255000000004
0 0.15176673125 0.47537193593750005 0.1832796890625 0.4774742265625 0.16194801718750002 0.4549779671875 0.1234584828125 0.4498441234375 0.087672584375 0.4498441234375 0.032658440625 0.452246740625 0.0177031390625 0.46786375468749997 0.048681978125000004 0.4741706265625 0.071649046875 0.4723686640625 0.08233140625 0.4705667015625 0.15176673125 0.47537193593750005
0 0.27034090625 0.4627581921875 0.24683971875 0.4528473953125 0.20037146093749997 0.4528473953125 0.1731314484375 0.4531477234375 0.15230085 0.4660617921875 0.18114321718749998 0.47657324375 0.23722559687500003 0.47987684374999995 0.264465609375 0.4831804421875 0.30612680625 0.4831804421875 0.2965126828125 0.46816408281250005 0.29384209375000003 0.4651608109375 0.27034090625 0.4627581921875
0 0.441258634375 0.46456015624999997 0.4092115609375 0.45825328593750003 0.38677860937499997 0.457051975 0.35793624375 0.45645132187500004 0.34191270625 0.45825328593750003 0.31472579375 0.46369190781249997 0.29704680156249996 0.4660617921875 0.30345621718750004 0.4735699734375 0.33016211093750003 0.47657324375 0.3702209546875 0.479576515625 0.4279056875 0.47807487968749995 0.4487362859375 0.476873571875 0.4503386390625 0.4723686640625 0.441258634375 0.46456015624999997
0 0.0582961 0.51051021875 0.0315902046875 0.5258269078125 0.0321403234375 0.5261919078124999 0.018771375 0.5648694437499999 0.0497502125 0.5789848234375 0.0764561078125 0.5639684625 0.21746323437499998 0.5735789328124999 0.213724409375 0.50360269375 0.18114321718749998 0.50690629375 0.11437847968749999 0.507506946875 0.0582961 0.51051021875
0 0.08980905624999999 0.48678436875 0.0385337375 0.49008796875 0.0198396109375 0.4948932046875 0.020922375 0.49494190781249997 0.03052196875 0.5246255984375 0.06630786875 0.512612509375 0.16779026875 0.5096092375 0.21425852656250002 0.5165167625 0.2425667765625 0.49369189531249996 0.2398961859375 0.4825797890625 0.18114321718749998 0.48708469687499995 0.08980905624999999 0.48678436875
0 0.21750357187499997 0.49494190781249997 0.20731499375 0.5639684625 0.421496271875 0.5591632265625 0.374493896875 0.487385025 0.21750357187499997 0.49494190781249997
0 0.24630560156249998 0.4957941859375 0.25965854843749997 0.5072066203125 0.40280214531249997 0.527028215625 0.47490806250000006 0.52913050625 0.4588845265625 0.4789758625 0.350992709375 0.4807778265625 0.24154203281250003 0.4805188328125 0.24630560156249998 0.4957941859375
0 0.477578653125 0.5285464359375001 0.3969907515625 0.524989984375 0.42363274375 0.5570775203125 0.33016211093750003 0.561282103125 0.32108210625 0.5880112234375 0.38677860937499997 0.58831155 0.520308084375 0.588611878125 0.528319853125 0.581404025 0.477578653125 0.5285464359375001
0 0.03801639375 0.5700621 0.036931382812500003 0.569407521875 0.0331925578125 0.5922323890625 0.181677334375 0.5964369703125 0.29117150468749997 0.5952356609375 0.3387079984375 0.595836315625 0.32962799375 0.573311775 0.03801639375 0.5700621
0 0.191825575 0.5967704671875 0.0284010078125 0.5941005625 0.0225102 0.6180936984375001 0.1720632125 0.62259860625 0.191825575 0.5967704671875
0 0.024112554687500003 0.6505290375 0.13681143125 0.650228709375 0.1597785015625 0.618394025 0.023059128125 0.62084335 0.0214419640625 0.620496315625 0.024112554687500003 0.6505290375
0 0.067910221875 0.6469416953125 0.0412043265625 0.650545621875 0.0161146828125 0.6514923890625 0.014498431249999999 0.651146275 0.012896078124999998 0.6745717984375 0.034794912500000004 0.676073434375 0.1271973078125 0.6691659078125001 0.13627731406250002 0.644539078125 0.10155965 0.64844333125 0.067910221875 0.6469416953125
0 0.095684353125 0.7028191406250001 0.1287996625 0.669783146875 0.0422725625 0.6733870734375 0 0.6733870734375 0.0006113671874999999 0.7085253578125 0.005418428125 0.708825684375 0.071649046875 0.703720121875 0.095684353125 0.7028191406250001
0 0.098379640625 0.701372196875 0.0668419859375 0.704320775 0.0177031390625 0.70672339375 0.0006113671874999999 0.7142315734375 0 0.7421620046874999 0.028919615625 0.7358551328125 0.0609666890625 0.7340531703125001 0.087672584375 0.722340409375 0.098379640625 0.701372196875
0 0.2794209109375 0.7343534968750001 0.2991832734375 0.6580703859375 0.28796679687500004 0.64482281875 0.261260903125 0.6213972984375 0.23775971562499998 0.5805527968749999 0.16511968125 0.5994734109375 0.16515314375 0.599809696875 0.14802790625 0.6250178078124999 0.1271973078125 0.667664271875 0.087672584375 0.7211225156250001 0.0449431515625 0.7409441109375 0.0967525890625 0.750854909375 0.20517852187500002 0.7613829453125 0.2858303265625 0.7529737828124999 0.2794209109375 0.7343534968750001
0 0.594048265625 0.7439675 0.619685925 0.7493733890625001 0.6207444125 0.7256484609375 0.5871047328125 0.706726925 0.550250596875 0.7055256171875001 0.45731408125 0.71243314375 0.3659799203125 0.723244921875 0.34942226718749997 0.729852121875 0.32380699062499996 0.7299178703125 0.3232504890625 0.729251465625 0.3296599046875 0.752977315625 0.47867879843749994 0.7514756796875 0.5363635312499999 0.7487727343749999 0.5646717812500001 0.7454691359375001 0.5892412046875 0.742766190625 0.594048265625 0.7439675
0 0.5743536453125 0.6738303140624999 0.548662575 0.6738303140624999 0.49311431250000004 0.67851541875 0.300084103125 0.7023313671875 0.29733797812499996 0.70279948125 0.317442934375 0.7195100828125 0.3250808203125 0.7320036953125 0.35910413124999996 0.728099440625 0.362575896875 0.7241951875 0.47228371406249997 0.7097494484375 0.6021277765625 0.7054547703125 0.5701875265624999 0.69178988125 0.5743536453125 0.6738303140624999
0 0.5153336187499999 0.6152665093749999 0.5042239656249999 0.6195611875 0.42992816562499997 0.622294165625 0.28203091874999997 0.6187803374999999 0.2986953953125 0.70350264375 0.3375791796875 0.6921803078125001 0.4132636859375 0.6828100984375001 0.56879881875 0.6761728671875 0.620875315625 0.6605558515625 0.58476894375 0.653918621875 0.534775509375 0.648843090625 0.5153336187499999 0.6152665093749999
0 0.4076421 0.58746984375 0.37612914375 0.5898724609375 0.3771973796875 0.5904731156249999 0.3707879640625 0.6135983109375001 0.385743265625 0.6069911109375 0.46265624375 0.6051891484375 0.52087509375 0.6054894749999999 0.5251480374999999 0.5859682078125 0.4850891953125 0.5865688609374999 0.4690656578125 0.5841662453125 0.4076421 0.58746984375
0 0.37562323124999997 0.5892928703125 0.338740890625 0.5907734437500001 0.33286559375 0.5961793328125 0.247940846875 0.595578678125 0.255418496875 0.610895365625 0.3163079390625 0.6096940578125001 0.3825385578125 0.6036875125 0.37562323124999997 0.5892928703125
0 0.29280675 0.609994384375 0.29280675 0.6175025640625 0.37132208125 0.6190042015625 0.3766632609375 0.6141989640625 0.367610409375 0.6085236390625 0.33179735625 0.6084927484375 0.29280675 0.609994384375
0 0.39749385937500004 0.6214068171875 0.4690656578125 0.6208061640625 0.4706680125 0.6069911109375 0.420995046875 0.6063904578125 0.3820334859375 0.61002604375 0.375595025 0.6175025640625 0.39749385937500004 0.6214068171875
0 0.517717246875 0.60521835 0.47173624687500004 0.6063904578125 0.47013389375000003 0.6205058375 0.5230115671875 0.6205058375 0.517717246875 0.60521835
0 0.866692953125 0.7215966125 0.7917027984375 0.7124866875 0.7037513843750001 0.711445553125 0.6565353625 0.709363284375 0.61026235625 0.7125434046875 0.6097822421875 0.7122264046875 0.619966090625 0.735131359375 0.76022545 0.7273228515625 0.787073778125 0.7257611500000001 0.8227172453125 0.73278880625 0.8639155390625 0.734350509375 0.866692953125 0.7215966125
0 0.6125596546875001 0.660429971875 0.5773790890625 0.6760469859375 0.57719259375 0.6754702359375 0.5736758703125 0.69218456875 0.60515321875 0.7046781796875 0.633390253125 0.7078015828125 0.6806062749999999 0.7098838515625 0.78244475625 0.7124866875 0.8606752234374999 0.717432075 0.81947693125 0.6750058515624999 0.7815189515625 0.6760469859375 0.6792175687500001 0.6677179125 0.6125596546875001 0.660429971875
0 0.6468144171875 0.592467209375 0.54775335 0.572165090625 0.5264660578125 0.5721788203125 0.516738903125 0.6237012390625 0.5380324046875 0.6471267625 0.6236693062499999 0.6617026421875 0.8004979406249999 0.67653880625 0.8342898 0.666387746875 0.7810560484375 0.614070746875 0.720878765625 0.5963714640625 0.6468144171875 0.592467209375
0 0.7917027984375 0.5658895390625001 0.7643915703124999 0.5461079859375 0.717175546875 0.551834225 0.6889385156250001 0.5552179125000001 0.6458886125000001 0.5427099265625001 0.6079306328125 0.539600896875 0.56765814375 0.5414228828125001 0.5264598484375 0.5471491203125 0.51211426875 0.5474392375 0.506092153125 0.5554781953125 0.5162760015625001 0.5625058515625 0.568583946875 0.566930671875 0.6361676671875001 0.57473918125 0.6940304390625001 0.5812462703125 0.7264335921875 0.5778625828124999 0.7565222328125001 0.5710952109375 0.7917027984375 0.5658895390625001
0 0.5658179109375 0.5685329875 0.567195240625 0.576835821875 0.616725775 0.5877677328125 0.6477402203125 0.5932336874999999 0.69773365625 0.5947953890625 0.683846590625 0.581000359375 0.6282983296875 0.57371241875 0.565806534375 0.5677258968750001 0.5658179109375 0.5685329875
0 0.7310626140625 0.5786578078125 0.68708690625 0.581781209375 0.68711420625 0.5818142374999999 0.6940304390625001 0.594274821875 0.7301368078125 0.5968776578125 0.7662431796875 0.5981790765625 0.7991092328125 0.59115141875 0.8042011578125001 0.579959225 0.77179800625 0.5825620609375 0.7393948531250001 0.5851648968750001 0.7310626140625 0.5786578078125
0 0.6014403984375 0.54114316875 0.6306032359375 0.5414034515624999 0.6551370515625 0.538019765625 0.6736531390625 0.527608421875 0.6768934546875001 0.5218821828125 0.6435644968750001 0.5021006296875 0.6199564859375 0.4799765265625 0.6014403984375 0.4820587953125 0.5727404640625 0.4825793625 0.52737605 0.4815382265625 0.5046938437499999 0.4815382265625 0.48617775625000004 0.4825793625 0.46256974375000004 0.49220985468749995 0.463032646875 0.49247013749999996 0.46997617968750005 0.5099091390625 0.47830841875 0.5299509734375001 0.498676115625 0.5403623171875 0.51534059375 0.5473899734375001 0.5296905609375 0.5497325265625 0.54450343125 0.5442665703125 0.57135175625 0.5403623171875 0.6014403984375 0.54114316875
0 0.7384747015625 0.5041790390625 0.6551523078125 0.5062613078125 0.674131296875 0.5216180406250001 0.65191199375 0.5393173234375 0.64915124375 0.5409288203125 0.6620958406249999 0.5484272484375 0.6870925578125 0.5549343390625 0.7491214515625 0.5494683828125 0.80328100625 0.53879675625 0.8213341921874999 0.527344278125 0.7824504078125 0.5174535015624999 0.7667117328125 0.5036584734375 0.7384747015625 0.5041790390625
0 0.78431259375 0.517153203125 0.8199600109375 0.5257945546875 0.8046842390625001 0.5380278828125 0.786168153125 0.5442746890625 0.796814903125 0.55052149375 0.8157938921874999 0.55052149375 0.90652271875 0.5434938375 0.9611451765625001 0.5424527046875001 0.9412403828125001 0.5296988078125 0.9106888390625001 0.515122928125 0.78431259375 0.517153203125
0 0.9426290906249999 0.5734408234374999 0.9708661218750001 0.57708479375 0.974569340625 0.5700571375 0.9440177953125 0.5422067937499999 0.8889324359374999 0.5455904796875 0.8306067609375001 0.5500153015625 0.7797068 0.5508246546875 0.7875568578125 0.56537203125 0.73941503125 0.573961390625 0.7408037390625 0.5838521671875 0.7926487828125001 0.580989046875 0.83755029375 0.5763039421875 0.9037453062499999 0.571879121875 0.9426290906249999 0.5734408234374999
0 0.9518871328125 0.5747566140625 0.939388775 0.5716332125 0.909763034375 0.5718934953125 0.88013729375 0.5726743453124999 0.8361615875 0.5760580328125 0.8347728812499999 0.5765786 0.8347993921875 0.5768663203125 0.8250519359374999 0.585688525 0.838013196875 0.595839584375 0.85606638125 0.59609986875 0.8907840453125001 0.5942778828125 0.9180952734375 0.5955793 0.96994031875 0.6062509265625 0.9671629062499999 0.5890722109375 0.9518871328125 0.5747566140625
0 0.9292049265625 0.5984567937499999 0.9014307953125 0.595593675 0.8454196312500001 0.5958539578125001 0.794984578125 0.6031684046875 0.7875568578125 0.6211014640625 0.7982036078125 0.6270879875 0.8361615875 0.6263071375 0.8889324359374999 0.6234440171875 0.9403145796875 0.6229234499999999 0.9722548296875001 0.6263071375 0.9625338828125001 0.6052241656249999 0.9292049265625 0.5984567937499999
0 0.98567899375 0.643485853125 0.9671629062499999 0.6270879875 0.9370742640625 0.6221426 0.8815260015625 0.6237043 0.8158905187500001 0.6319056203125 0.8273664453125 0.646348971875 0.836624490625 0.654678046875 0.98567899375 0.643485853125
0 0.833384175 0.6666654656250001 0.9417032843750001 0.668747734375 0.9907709171875 0.6669257484375 0.96762580625 0.645842778125 0.8893953390625 0.6502676000000001 0.827854946875 0.6555121546875 0.833384175 0.6666654656250001
0 0.8236882812499999 0.6713975703124999 0.8315325671875 0.687748434375 0.8995791859375 0.69295410625 0.93429685 0.6945158078125 0.9736435359375 0.687748434375 0.92226139375 0.6666654656250001 0.8370873921875001 0.66640518125 0.8236882812499999 0.6713975703124999
0 0.647750309375 0.5059907765625 0.7241291703125 0.5018262390625 0.8296708687500001 0.503648225 0.7792145296874999 0.48699007656250004 0.714408225 0.48516809062500005 0.625068103125 0.482304971875 0.62415124375 0.48233507031249995 0.647750309375 0.5059907765625
0 0.6963550390625 0.4742218078125 0.663488984375 0.47474237500000005 0.66534059375 0.48359201562500004 0.753754909375 0.48671541874999996 0.8125434874999999 0.4963459109375 0.8278192578124999 0.4880168375 0.8342998890625 0.474482090625 0.7736597046875 0.47292038906249995 0.6963550390625 0.4742218078125
0 0.8430950312500001 0.507277821875 0.895402978125 0.5109217921875 0.9051239234375 0.505195553125 0.8879965437499999 0.49582534375 0.8375402046874999 0.493743075 0.8153209 0.49712676250000004 0.8430950312500001 0.507277821875
0 0.6650146015625 0.48340367031250003 0.6658825421875 0.46925074999999994 0.5764845578125 0.47315500468750005 0.53920719375 0.4800618515625 0.6242213453125001 0.4824276078125 0.6650146015625 0.48340367031250003
0 0.5374271875 0.45363373593749995 0.476671275 0.45851405312500004 0.47840715781250004 0.4668105921875 0.45500580468749996 0.4707845078125 0.45670861875 0.4770592578125 0.47840715781250004 0.47998744843749996 0.5348233625 0.4804754796875 0.5660692593750001 0.4755951625 0.5712769078125 0.4633943703125 0.5634654343750001 0.4526576734375 0.5374271875 0.45363373593749995
0 0.59471133125 0.44680129218750003 0.566116915625 0.4532063828125 0.5695410265625 0.47461909843749994 0.6572031265625 0.46925074999999994 0.6658825421875 0.4668105921875 0.6927887312500001 0.4570499578125 0.6650146015625 0.44582522812500003 0.646787828125 0.43948081562499997 0.59471133125 0.44680129218750003
0 0.5695410265625 0.4204475796875 0.5408989531249999 0.4302082140625 0.49923775625 0.43264837187499994 0.49663393125 0.44192097500000005 0.49663393125 0.4443611328125 0.47497108125 0.4502766953125 0.473199509375 0.46437043281249996 0.5617295515625 0.4546097984375 0.641580178125 0.44289703906250005 0.6710901921875 0.43508853125 0.67022225 0.42142364218750006 0.591239565625 0.4243518328125 0.5695410265625 0.4204475796875
0 0.6068625140624999 0.40336646875 0.58689985625 0.393117803125 0.56520131875 0.3921417390625 0.5113889390625 0.405806628125 0.479311359375 0.4131673203125 0.476671275 0.4238638 0.487086575 0.44143294375000003 0.495765990625 0.438992784375 0.5278798296875 0.43264837187499994 0.56520131875 0.42239970624999995 0.5860319171875 0.40531859687500005 0.6068625140624999 0.40336646875
0 0.6337687046875 0.3682281859375 0.55478601875 0.3652999953125 0.5478424859375 0.367252121875 0.5218042390625001 0.374084565625 0.49142628281249995 0.3750606296875 0.456741915625 0.38533528906250003 0.465388034375 0.41556726250000003 0.5296157125 0.398974184375 0.57214485 0.3926297703125 0.6042586890625 0.3950699296875 0.644184003125 0.3921417390625 0.6780337249999999 0.3775007875 0.6337687046875 0.3682281859375
0 0.58256015 0.425815928125 0.6667504828124999 0.425327896875 0.70841168125 0.41068694531250005 0.6832413734375 0.40092631093750003 0.5860319171875 0.40336646875 0.573929415625 0.4180501328125 0.58256015 0.425815928125
0 0.78826230625 0.393117803125 0.77784700625 0.373108503125 0.7257705125 0.374084565625 0.6780337249999999 0.379940946875 0.6494502484375 0.39412435156250003 0.6693543078124999 0.40336646875 0.698864321875 0.4038545015625 0.7439972859374999 0.4043425328125 0.779582890625 0.41019891406250003 0.8169043796875 0.4087348171875 0.8568296921874999 0.38433323124999996 0.78826230625 0.393117803125
0 0.52184608125 0.34676107031250003 0.54697454375 0.3677132046875 0.6259572296875 0.3677132046875 0.6693543078124999 0.36185682343750003 0.6910528484375 0.348191934375 0.6433160609375 0.3384313015625 0.5712769078125 0.3374552375 0.52184608125 0.34676107031250003
0 0.487086575 0.32867066718750004 0.5053133484375001 0.333550984375 0.56520131875 0.336479175 0.608598396875 0.32525444531250003 0.5834280921875 0.3150057796875 0.487123859375 0.31209310156250003 0.487086575 0.32867066718750004
0 0.57653358125 0.33406575781250003 0.5773525 0.334527046875 0.6294289953125001 0.3408714609375 0.6719581328124999 0.340383428125 0.6910528484375 0.32525444531250003 0.6598069515625 0.3150057796875 0.5860319171875 0.31695790625 0.57653358125 0.33406575781250003
0 0.7153552125 0.3442876828125 0.6910528484375 0.348191934375 0.6572627484375 0.36629232031250003 0.667618425 0.38235415625 0.7144872703125 0.3745456484375 0.7448652265625 0.3750336796875 0.7787149484375 0.3750336796875 0.8134326125 0.35746453906250003 0.796941721875 0.35014406249999996 0.7153552125 0.3442876828125
0 0.900226771875 0.36088075937499997 0.849886159375 0.3516081578125 0.8151684953125 0.3540483171875 0.78139469375 0.37703450781250003 0.789998190625 0.392602821875 0.824715853125 0.3847943140625 0.8603014578125 0.387234471875 0.88633970625 0.3808900609375 0.9054344203125 0.38137809218749996 0.9227932531249999 0.3750336796875 0.900226771875 0.36088075937499997
0 0.9115100125 0.38137809218749996 0.9722659234375 0.387234471875 0.9983041703125 0.3847943140625 1 0.3647850140625 0.9271329609375 0.3486799671875 0.8768808046875 0.35408528906250003 0.9115100125 0.38137809218749996
0 0.920189428125 0.3789379328125 0.889811471875 0.3808900609375 0.8586516375000001 0.38631185156250003 0.8160364375 0.4106599953125 0.889811471875 0.4140762171875 0.94709561875 0.406755740625 0.98181328125 0.4106599953125 1 0.418956534375 0.9957003468750001 0.40138739218749997 0.9731338656249999 0.3847943140625 0.920189428125 0.3789379328125
0 0.8403388015625 0.3267185390625 0.776979065625 0.3228142875 0.74840858125 0.32869466406250003 0.770903475 0.346727840625 0.8689808749999999 0.35063209375 0.8403388015625 0.3267185390625
0 0.77784700625 0.4540948171875 0.7275063953124999 0.44872646875 0.6841724703125001 0.4512532578125 0.6910528484375 0.45751104062500003 0.6667504828124999 0.467271675 0.6650146015625 0.47752034062500004 0.7144872703125 0.4755682125 0.7787149484375 0.4726400234375 0.794337896875 0.46775970625 0.77784700625 0.4540948171875
0 0.7301102187499999 0.4277411046875 0.6953925562500001 0.431157328125 0.667618425 0.431157328125 0.6459198859375 0.44140599375 0.67809608125 0.4507649765625 0.7257705125 0.4506785953125 0.7891302484375 0.4555589125 0.8368670359375001 0.45311875312499994 0.8568296921874999 0.431157328125 0.8342632109375 0.43506158125 0.8143005546875 0.4340855171875 0.7674317078125 0.43066929531250003 0.7301102187499999 0.4277411046875
0 0.855093809375 0.4536067859375 0.8342632109375 0.45311875312499994 0.783998859375 0.4546712265625 0.7934699562499999 0.467271675 0.7787149484375 0.47459214843749997 0.8125646703125 0.47508018124999996 0.85596175 0.4726400234375 0.8741885234375 0.471663959375 0.9080382453125001 0.4599511984375 0.89415118125 0.45653497656250003 0.855093809375 0.4536067859375
0 0.7990315484375 0.4095552265625 0.749330471875 0.40215769375 0.704800209375 0.4046737953125 0.7069383765625 0.40339061562499995 0.6682007734375001 0.42393932031250003 0.67039346875 0.4313368546875 0.7310580171875001 0.42804906093749995 0.777104603125 0.4313368546875 0.8114568171875 0.425994190625 0.7990315484375 0.4095552265625
0 0.864812384375 0.41325399375 0.80056044375 0.410841559375 0.8078023265625 0.42435029375 0.784413584375 0.4305149046875 0.7990315484375 0.4403782828125 0.8209584937500001 0.4350356203125 0.8750449578125 0.43215880156250003 0.9167061562500001 0.42722711249999995 0.8991645984375 0.410377175 0.864812384375 0.41325399375
0 0.91605751875 0.4383909015625 0.9642145375 0.4313368546875 0.9992976499999999 0.43832341250000006 1 0.4144869171875 0.9466729812500001 0.40791133124999995 0.899895496875 0.41161009687499994 0.8991645984375 0.43010393125 0.91605751875 0.4383909015625
0 0.9072044796875 0.4350356203125 0.85538500625 0.431811953125 0.8355764562499999 0.45229653125 0.8933174140625001 0.4572282203125 0.9503274703125 0.4506526359375 0.9846796859375001 0.45517335000000003 1 0.456817246875 0.9744471109375 0.43215880156250003 0.9072044796875 0.4350356203125
0 0.8706595687500001 0.473256209375 0.9466729812500001 0.4724342609375 0.99710495625 0.4724342609375 0.9802942968749999 0.4527075046875 0.9488656750000001 0.45024166093750007 0.905011784375 0.456817246875 0.8706595687500001 0.473256209375
0 1 0.481886665625 0.9612909437500001 0.46955744218750006 0.9130516640625 0.4749001046875 0.83491716875 0.474163928125 0.8238820859375 0.492571990625 0.8743140609375001 0.49791465312499994 0.94155669375 0.49175004375000003 0.9781016031249999 0.4962707578125 1 0.4942158859375 1 0.481886665625
0 0.9027993640625 0.5058568046875 0.8998842687499999 0.512323290625 0.9211501296875 0.511713184375 0.9449565265625001 0.511713184375 0.97421855625 0.5164540640624999 0.9980249562499999 0.5125498109375 0.97421855625 0.49804829687499996 0.9429726593750001 0.4933074171875 0.8938719640624999 0.49804829687499996 0.9027993640625 0.5058568046875
0 0.997033021875 0.530118953125 0.9886015890625 0.517848440625 0.950412159375 0.511992059375 0.90534061875 0.512323290625 0.9449565265625001 0.5329077046874999 0.997033021875 0.530118953125
0 0.9985209218750001 0.5424048640625 0.9544477609375001 0.5427362375 0.9727306562500001 0.581741675 0.9975289890625 0.580626175 0.9985209218750001 0.5424048640625