0 0.2671875 0.7328125 0.2984375 0.3125
0 0.1390625 0.47734375 0.1375 0.090625
0 0.103125 0.4046875 0.1015625 0.059375
0 0.75859375 0.88515625 0.2765625 0.2296875
0 0.721875 0.7609375 0.246875 0.16875
0 0.77109375 0.48203125 0.1640625 0.171875
0 0.67265625 0.184375 0.1453125 0.0921875
0 0.7765625 0.178125 0.0984375 0.090625
0 0.8234375 0.2546875 0.134375 0.0703125
0 0.74375 0.2890625 0.0859375 0.084375
0 0.6578125 0.2890625 0.1328125 0.0921875
0 0.64296875 0.3453125 0.109375 0.1046875
0 0.625 0.4171875 0.121875 0.1
0 0.71015625 0.4609375 0.1625 0.10625
0 0.77890625 0.4828125 0.1578125 0.1734375
0 0.71875 0.67109375 0.246875 0.1640625