0 0.5140625 0.44296875 0.153125 0.115625
0 0.1984375 0.55 0.203125 0.1078125
0 0.2328125 0.3078125 0.0640625 0.0421875
0 0.29296875 0.35625 0.0421875 0.0375
0 0.234375 0.3921875 0.0640625 0.040625
0 0.23828125 0.425 0.075 0.04375
0 0.38671875 0.3734375 0.046875 0.0359375
0 0.371875 0.35 0.05 0.021875
0 0.859375 0.6921875 0.1296875 0.09375
0 0.86015625 0.7421875 0.109375 0.0734375
0 0.8234375 0.76796875 0.0859375 0.0546875
0 0.95390625 0.8125 0.0921875 0.059375
0 0.9625 0.86328125 0.075 0.06875
0 0.84609375 0.82578125 0.1125 0.0578125
0 0.95703125 0.71640625 0.0859375 0.0828125
0 0.953125 0.61015625 0.084375 0.0625
0 0.98046875 0.38515625 0.0390625 0.0640625
0 0.97890625 0.4328125 0.0421875 0.034375
0 0.978125 0.46796875 0.04375 0.0515625
0 0.978125 0.50859375 0.04375 0.0546875
0 0.97890625 0.54609375 0.0421875 0.0546875
0 0.83359375 0.56171875 0.0734375 0.0625
0 0.91640625 0.3609375 0.05625 0.075
0 0.8765625 0.3859375 0.05625 0.0515625
0 0.903125 0.46640625 0.0796875 0.0421875
0 0.878125 0.61875 0.0578125 0.0578125
0 0.9265625 0.26171875 0.06875 0.059375
0 0.86953125 0.2625 0.0640625 0.0609375
0 0.9796875 0.26484375 0.040625 0.0453125
0 0.54765625 0.33046875 0.0515625 0.0359375
0 0.33515625 0.34453125 0.0421875 0.0390625
0 0.33203125 0.4015625 0.034375 0.0390625
0 0.3359375 0.421875 0.0390625 0.0390625
0 0.34765625 0.46484375 0.0515625 0.0359375
0 0.38359375 0.4453125 0.0546875 0.03125
0 0.378125 0.39765625 0.0578125 0.0296875
0 0.5015625 0.35 0.04375 0.0234375
0 0.74765625 0.43046875 0.0515625 0.03125
0 0.79921875 0.44921875 0.046875 0.034375
0 0.79609375 0.38359375 0.0375 0.05
0 0.33828125 0.6140625 0.0515625 0.040625
0 0.33828125 0.6390625 0.04375 0.034375
0 0.3375 0.6609375 0.0421875 0.03125
0 0.33515625 0.68359375 0.046875 0.034375
0 0.33359375 0.70703125 0.0375 0.0359375
0 0.2875 0.43515625 0.0640625 0.0390625
0 0.48515625 0.56953125 0.0453125 0.0359375
0 0.525 0.55859375 0.0515625 0.0265625
0 0.08671875 0.34296875 0.059375 0.0359375
0 0.36640625 0.29140625 0.0671875 0.0359375