0 0.86953125 0.72734375 0.2609375 0.5359375
0 0.128125 0.4984375 0.25625 0.303125
0 0.346875 0.2671875 0.2078125 0.1359375
0 0.59140625 0.115625 0.209375 0.1265625
0 0.75 0.1796875 0.1515625 0.1046875
0 0.86640625 0.1421875 0.10625 0.0703125
0 0.859375 0.203125 0.103125 0.059375
0 0.60234375 0.36171875 0.1609375 0.109375
0 0.5 0.45078125 0.140625 0.0875
0 0.60859375 0.41640625 0.1125 0.0796875
0 0.72890625 0.39921875 0.15 0.0734375
0 0.8234375 0.3296875 0.1375 0.0875
0 0.940625 0.36328125 0.11875 0.0828125
0 0.59765625 0.2515625 0.1703125 0.1
0 0.490625 0.20859375 0.1875 0.125
0 0.73125 0.11875 0.1125 0.0984375
0 0.31015625 0.08125 0.1 0.0796875
0 0.38359375 0.346875 0.1171875 0.1078125
0 0.49921875 0.33828125 0.1640625 0.0875
0 0.73671875 0.2828125 0.1390625 0.090625
0 0.928125 0.26640625 0.084375 0.0625
0 0.91640625 0.4140625 0.09375 0.078125
0 0.83125 0.09140625 0.14375 0.0703125
0 0.94765625 0.08671875 0.090625 0.0703125
0 0.93671875 0.20078125 0.090625 0.0703125
0 0.3109375 0.421875 0.1015625 0.0640625