0 0.7328125 0.7328125 0.3 0.3125
0 0.8609375 0.47734375 0.1375 0.090625
0 0.896875 0.4046875 0.1015625 0.059375
0 0.24140625 0.88515625 0.2765625 0.2296875
0 0.278125 0.7609375 0.246875 0.16875
0 0.22890625 0.48203125 0.1640625 0.171875
0 0.32734375 0.184375 0.1453125 0.0921875
0 0.2234375 0.178125 0.0984375 0.090625
0 0.1765625 0.2546875 0.134375 0.0703125
0 0.25625 0.2890625 0.0859375 0.084375
0 0.3421875 0.2890625 0.1328125 0.0921875
0 0.35703125 0.3453125 0.109375 0.1046875
0 0.375 0.4171875 0.121875 0.1
0 0.28984375 0.4609375 0.1625 0.10625
0 0.22109375 0.4828125 0.1578125 0.1734375
0 0.28125 0.67109375 0.246875 0.1640625