0 0.49609375 0.49765625 0.1609375 0.225
0 0.03984375 0.30859375 0.0734375 0.053125
0 0.1421875 0.34609375 0.075 0.0421875
0 0.14453125 0.4 0.0859375 0.0390625
0 0.04765625 0.3578125 0.078125 0.0390625
0 0.05234375 0.38671875 0.078125 0.0375
0 0.14765625 0.475 0.0609375 0.0328125
0 0.14375 0.50390625 0.0609375 0.03125
0 0.27421875 0.3296875 0.0625 0.0296875
0 0.2859375 0.26875 0.071875 0.04375
0 0.4203125 0.29921875 0.065625 0.0375
0 0.365625 0.340625 0.0453125 0.03125
0 0.37890625 0.36328125 0.0625 0.0296875
0 0.2765625 0.38359375 0.0765625 0.0359375
0 0.315625 0.35078125 0.065625 0.0390625
0 0.384375 0.41875 0.0734375 0.0421875
0 0.38828125 0.525 0.059375 0.028125
0 0.1390625 0.54375 0.084375 0.046875
0 0.0796875 0.5 0.0609375 0.0421875
0 0.046875 0.4640625 0.084375 0.04375
0 0.03203125 0.55 0.0609375 0.0359375
0 0.13515625 0.609375 0.0796875 0.05
0 0.04609375 0.63359375 0.0859375 0.034375
0 0.034375 0.6015625 0.05625 0.03125
0 0.05546875 0.684375 0.0828125 0.04375
0 0.1296875 0.70859375 0.075 0.028125
0 0.1296875 0.659375 0.0875 0.04375
0 0.27734375 0.43046875 0.06875 0.0296875
0 0.3328125 0.40546875 0.0578125 0.0296875
0 0.4296875 0.34765625 0.05 0.03125
0 0.54609375 0.64765625 0.0515625 0.0296875
0 0.54453125 0.6703125 0.0546875 0.0203125
0 0.3140625 0.303125 0.06875 0.046875
0 0.3796875 0.31796875 0.053125 0.0359375
0 0.63125 0.47890625 0.065625 0.05625
0 0.759375 0.5484375 0.0578125 0.028125