0 0.58359375 0.24765625 0.35 0.265625
0 0.06484375 0.46015625 0.1296875 0.0671875
0 0.06640625 0.365625 0.1328125 0.0640625
0 0.0640625 0.271875 0.128125 0.0609375
0 0.06640625 0.18046875 0.1328125 0.0609375
0 0.071875 0.09296875 0.14375 0.0609375
0 0.309375 0.1359375 0.1234375 0.0640625
0 0.38125 0.075 0.128125 0.06875
0 0.30625 0.03515625 0.115625 0.0703125
0 0.484375 0.05234375 0.090625 0.065625
0 0.584375 0.0546875 0.121875 0.059375
0 0.0796875 0.57890625 0.078125 0.078125
0 0.0515625 0.6609375 0.103125 0.075
0 0.08125 0.5140625 0.0828125 0.0671875
0 0.0734375 0.03046875 0.0875 0.0609375
0 0.10703125 0.13671875 0.14375 0.0671875
0 0.4140625 0.178125 0.09375 0.0703125
0 0.50390625 0.0984375 0.13125 0.0609375
0 0.73046875 0.0328125 0.1203125 0.065625