0 0.67734375 0.1484375 0.2234375 0.171875
0 0.9328125 0.63046875 0.134375 0.1046875
0 0.925 0.74609375 0.15 0.0734375
0 0.63671875 0.58671875 0.153125 0.1125
0 0.803125 0.6140625 0.1546875 0.1203125
0 0.790625 0.725 0.153125 0.1140625
0 0.32578125 0.203125 0.1015625 0.04375
0 0.30703125 0.24453125 0.0734375 0.0609375
0 0.42421875 0.25234375 0.071875 0.071875
0 0.3140625 0.2953125 0.1015625 0.0625
0 0.27578125 0.4234375 0.0875 0.0609375
0 0.37109375 0.2671875 0.0640625 0.0734375
0 0.9421875 0.54921875 0.115625 0.115625
0 0.93125 0.89765625 0.1171875 0.0765625
0 0.6875 0.5109375 0.0984375 0.075
0 0.3125 0.365625 0.0921875 0.0546875