0 0.88046875 0.55234375 0.090625 0.059375
0 0.7703125 0.53828125 0.115625 0.0671875
0 0.58046875 0.4609375 0.1734375 0.096875
0 0.25703125 0.4375 0.23125 0.2265625
0 0.346875 0.71328125 0.0765625 0.0421875
0 0.40078125 0.67578125 0.06875 0.0421875
0 0.425 0.71484375 0.09375 0.0359375
0 0.49296875 0.67109375 0.065625 0.0375
0 0.4859375 0.63671875 0.0703125 0.040625
0 0.39375 0.60625 0.0640625 0.0375
0 0.42265625 0.6484375 0.0890625 0.0390625
0 0.33828125 0.628125 0.0828125 0.0515625
0 0.340625 0.5828125 0.0640625 0.05
0 0.4015625 0.57421875 0.1 0.03125
0 0.27421875 0.17734375 0.09375 0.05
0 0.45625 0.20078125 0.1 0.05625
0 0.475 0.23046875 0.078125 0.053125
0 0.47421875 0.303125 0.0796875 0.0328125
0 0.40234375 0.28828125 0.09375 0.040625
0 0.275 0.2609375 0.103125 0.046875
0 0.46484375 0.3359375 0.0890625 0.053125
0 0.596875 0.23515625 0.075 0.0453125
0 0.10390625 0.29375 0.0828125 0.04375
0 0.10625 0.26015625 0.096875 0.0375
0 0.60234375 0.29296875 0.0578125 0.0359375
0 0.59921875 0.3484375 0.0828125 0.0390625
0 0.40625 0.22734375 0.090625 0.05
0 0.32109375 0.22109375 0.0953125 0.0546875
0 0.10234375 0.36640625 0.1015625 0.0359375