0 0.18125 0.21328125 0.3609375 0.4265625
0 0.95390625 0.07265625 0.0921875 0.0828125
0 0.89453125 0.1125 0.1234375 0.071875
0 0.95859375 0.40625 0.0828125 0.0484375
0 0.96171875 0.2984375 0.0765625 0.05625
0 0.93984375 0.25703125 0.1203125 0.0890625
0 0.94765625 0.1859375 0.1046875 0.071875
0 0.8625 0.1875 0.090625 0.0609375
0 0.8734375 0.3109375 0.1125 0.090625
0 0.871875 0.3515625 0.1078125 0.06875
0 0.76640625 0.315625 0.1296875 0.06875
0 0.7609375 0.35546875 0.1375 0.071875
0 0.7578125 0.3921875 0.1359375 0.0546875
0 0.76328125 0.4203125 0.11875 0.059375
0 0.7671875 0.4703125 0.1671875 0.0703125
0 0.64609375 0.3265625 0.0984375 0.05