0 0.52734375 0.8265625 0.8671875 0.346875
0 0.05234375 0.67578125 0.1046875 0.0828125
0 0.26875 0.6953125 0.25625 0.1359375
0 0.49375 0.32265625 0.140625 0.090625
0 0.9125 0.54453125 0.175 0.1
0 0.9046875 0.471875 0.1421875 0.08125
0 0.9171875 0.41171875 0.165625 0.1
0 0.8984375 0.3453125 0.1296875 0.10625
0 0.91796875 0.26015625 0.1640625 0.0953125
0 0.9140625 0.1109375 0.171875 0.071875
0 0.89765625 0.053125 0.1171875 0.096875
0 0.896875 0.596875 0.1390625 0.078125
0 0.92734375 0.78515625 0.1140625 0.0921875
0 0.48203125 0.42109375 0.1140625 0.0796875
0 0.62109375 0.453125 0.11875 0.0875
0 0.59609375 0.3171875 0.0796875 0.0734375
0 0.73671875 0.2515625 0.1234375 0.0765625
0 0.72265625 0.38359375 0.075 0.0625
0 0.7484375 0.3390625 0.1109375 0.059375
0 0.74921875 0.4234375 0.1296875 0.0671875
0 0.7546875 0.04296875 0.1546875 0.0859375
0 0.6359375 0.1578125 0.09375 0.0609375
0 0.6328125 0.07734375 0.071875 0.05
0 0.79453125 0.190625 0.071875 0.065625