0 0.35625 0.0671875 0.1125 0.0765625
0 0.10390625 0.0421875 0.2078125 0.084375
0 0.07890625 0.08203125 0.1578125 0.1046875
0 0.20703125 0.0921875 0.13125 0.075
0 0.2578125 0.04296875 0.134375 0.06875
0 0.321875 0.10859375 0.125 0.0703125
0 0.31484375 0.153125 0.0859375 0.075
0 0.24140625 0.16171875 0.1046875 0.0921875
0 0.08515625 0.2171875 0.1703125 0.128125
0 0.1140625 0.26796875 0.228125 0.1015625
0 0.21796875 0.21015625 0.13125 0.0703125
0 0.30078125 0.27265625 0.071875 0.0734375
0 0.37421875 0.28828125 0.096875 0.0765625
0 0.378125 0.19921875 0.096875 0.0859375
0 0.321875 0.2171875 0.109375 0.071875
0 0.0984375 0.3375 0.16875 0.09375
0 0.21015625 0.3328125 0.13125 0.06875
0 0.3015625 0.321875 0.0625 0.0734375
0 0.3109375 0.3671875 0.1 0.0765625
0 0.38125 0.38046875 0.0859375 0.06875
0 0.11328125 0.4078125 0.2046875 0.0828125
0 0.23828125 0.39296875 0.09375 0.059375
0 0.21484375 0.4640625 0.1109375 0.065625
0 0.49375 0.2359375 0.13125 0.0609375
0 0.4921875 0.2703125 0.1359375 0.0578125
0 0.48671875 0.31953125 0.121875 0.0625
0 0.48671875 0.38671875 0.134375 0.06875
0 0.5828125 0.2390625 0.0875 0.0578125
0 0.63671875 0.23515625 0.0734375 0.046875
0 0.6921875 0.265625 0.0671875 0.0453125
0 0.66015625 0.31640625 0.06875 0.0359375
0 0.58671875 0.31328125 0.109375 0.0625
0 0.4578125 0.65703125 0.915625 0.6859375