0 0.67109375 0.234375 0.1484375 0.10625
0 0.76171875 0.31953125 0.1421875 0.109375
0 0.5640625 0.18203125 0.1484375 0.071875
0 0.571875 0.23671875 0.1015625 0.0734375
0 0.675 0.35078125 0.14375 0.0890625
0 0.7390625 0.421875 0.140625 0.084375
0 0.6640625 0.44765625 0.1421875 0.0828125
0 0.57890625 0.42578125 0.0890625 0.0765625
0 0.48046875 0.41328125 0.1203125 0.0859375
0 0.45390625 0.35546875 0.0828125 0.0765625
0 0.55390625 0.378125 0.109375 0.08125
0 0.4703125 0.30859375 0.1234375 0.0703125
0 0.421875 0.25546875 0.140625 0.0640625
0 0.38125 0.2125 0.078125 0.0578125
0 0.3 0.209375 0.1109375 0.0609375
0 0.3015625 0.12421875 0.11875 0.071875
0 0.38125 0.159375 0.0859375 0.075
0 0.125 0.1125 0.1421875 0.0703125
0 0.13671875 0.07734375 0.10625 0.071875
0 0.3734375 0.0609375 0.1125 0.0796875
0 0.4578125 0.05 0.09375 0.05625
0 0.57265625 0.084375 0.134375 0.0734375
0 0.5765625 0.0359375 0.1125 0.071875
0 0.11171875 0.0328125 0.1140625 0.065625
0 0.90078125 0.38515625 0.1828125 0.14375
0 0.78046875 0.48359375 0.11875 0.06875
0 0.9265625 0.10859375 0.0671875 0.053125
0 0.80859375 0.0453125 0.090625 0.0625
0 0.80625 0.1640625 0.096875 0.05625
0 0.7671875 0.11640625 0.071875 0.0484375
0 0.24375 0.37578125 0.4875 0.5921875