0 0.52421875 0.41328125 0.3625 0.6015625
0 0.78125 0.04453125 0.1375 0.0828125
0 0.71328125 0.7921875 0.0859375 0.0515625
0 0.8375 0.5984375 0.1140625 0.0703125
0 0.76484375 0.55546875 0.125 0.065625
0 0.746875 0.509375 0.103125 0.0640625
0 0.8515625 0.5078125 0.1484375 0.0734375
0 0.76328125 0.4625 0.125 0.071875
0 0.8703125 0.46015625 0.1296875 0.0765625
0 0.86015625 0.4078125 0.1375 0.078125
0 0.78671875 0.3625 0.1046875 0.0765625
0 0.759375 0.30703125 0.078125 0.06875
0 0.78515625 0.2453125 0.134375 0.084375
0 0.85703125 0.2984375 0.1515625 0.0921875
0 0.95703125 0.26875 0.0765625 0.0734375
0 0.88203125 0.34765625 0.1015625 0.05625
0 0.89296875 0.225 0.10625 0.05625
0 0.77890625 0.24375 0.14375 0.08125
0 0.8640625 0.1875 0.1453125 0.0796875
0 0.9515625 0.171875 0.0921875 0.0671875
0 0.78203125 0.14453125 0.13125 0.0796875
0 0.8625 0.090625 0.1234375 0.06875
0 0.95859375 0.0796875 0.0828125 0.084375
0 0.88515625 0.13359375 0.10625 0.06875
0 0.6421875 0.11953125 0.1046875 0.0640625