0 0.69296875 0.825 0.4859375 0.35
0 0.93203125 0.50390625 0.1359375 0.1328125
0 0.9796875 0.4171875 0.040625 0.084375
0 0.32734375 0.7859375 0.3734375 0.271875
0 0.24375 0.70390625 0.21875 0.3
0 0.3453125 0.4 0.178125 0.1828125
0 0.41640625 0.5671875 0.234375 0.1921875
0 0.471875 0.15234375 0.13125 0.0890625
0 0.371875 0.1421875 0.09375 0.0875
0 0.47578125 0.24765625 0.1296875 0.0625
0 0.4921875 0.29609375 0.1015625 0.0875
0 0.3421875 0.26953125 0.1171875 0.0875
0 0.3109375 0.21171875 0.0671875 0.065625
0 0.21953125 0.0640625 0.1125 0.0796875
0 0.159375 0.1671875 0.0984375 0.0703125