0 0.71484375 0.290625 0.5703125 0.409375
0 0.146875 0.184375 0.1109375 0.0609375
0 0.15625 0.2140625 0.1140625 0.06875
0 0.1546875 0.2515625 0.1 0.0609375
0 0.1640625 0.28125 0.1015625 0.0546875
0 0.16328125 0.321875 0.1046875 0.06875
0 0.171875 0.37421875 0.1 0.046875
0 0.16640625 0.421875 0.1109375 0.059375
0 0.275 0.2390625 0.0953125 0.053125
0 0.284375 0.29453125 0.0859375 0.0640625
0 0.28046875 0.3390625 0.0796875 0.06875
0 0.29140625 0.3703125 0.075 0.059375
0 0.6796875 0.82890625 0.121875 0.1078125
0 0.5671875 0.79375 0.125 0.08125
0 0.715625 0.7421875 0.14375 0.1234375
0 0.6390625 0.71875 0.128125 0.1125
0 0.3390625 0.20234375 0.0671875 0.0390625
0 0.3453125 0.31875 0.071875 0.034375
0 0.3796875 0.234375 0.0703125 0.0390625
0 0.38125 0.290625 0.06875 0.0359375
0 0.028125 0.3125 0.05625 0.05625
0 0.028125 0.24296875 0.05625 0.0578125
0 0.02421875 0.15703125 0.0453125 0.0578125
0 0.26796875 0.165625 0.0875 0.0578125
0 0.328125 0.16328125 0.0578125 0.0453125
0 0.38203125 0.1796875 0.065625 0.0328125
0 0.44296875 0.2140625 0.0734375 0.0390625
0 0.03203125 0.4140625 0.0640625 0.06875
0 0.02890625 0.48359375 0.0578125 0.06875