0 0.921875 0.34375 0.15625 0.1515625
0 0.7109375 0.14375 0.08125 0.0671875
0 0.65 0.14765625 0.08125 0.0578125
0 0.57265625 0.1515625 0.0828125 0.0578125
0 0.496875 0.1671875 0.0734375 0.0515625
0 0.421875 0.16171875 0.084375 0.040625
0 0.6515625 0.290625 0.059375 0.0578125
0 0.7328125 0.340625 0.08125 0.059375
0 0.59609375 0.3 0.0671875 0.0609375
0 0.54296875 0.31171875 0.0765625 0.0734375
0 0.47890625 0.2984375 0.05625 0.0515625
0 0.43984375 0.30703125 0.0578125 0.0640625
0 0.4796875 0.38984375 0.0859375 0.0609375
0 0.578125 0.42421875 0.075 0.05625
0 0.24765625 0.79375 0.146875 0.109375
0 0.2046875 0.88125 0.16875 0.096875
0 0.16640625 0.953125 0.2078125 0.09375
0 0.31953125 0.6546875 0.084375 0.08125
0 0.6421875 0.3640625 0.05625 0.0453125
0 0.65 0.34140625 0.09375 0.0640625
0 0.721875 0.21875 0.0921875 0.0515625
0 0.82890625 0.1921875 0.0765625 0.0484375
0 0.903125 0.19765625 0.0796875 0.0484375
0 0.96640625 0.19140625 0.0640625 0.0609375
0 0.64765625 0.44453125 0.071875 0.0359375
0 0.5671875 0.49140625 0.090625 0.040625
0 0.4890625 0.45625 0.05 0.053125
0 0.571875 0.56015625 0.08125 0.0734375
0 0.72578125 0.2953125 0.08125 0.0359375
0 0.72890625 0.38515625 0.0828125 0.053125
0 0.53984375 0.2421875 0.078125 0.04375
0 0.328125 0.78359375 0.1 0.0421875
0 0.6046875 0.64140625 0.078125 0.1109375
0 0.63828125 0.21875 0.1 0.04375
0 0.41875 0.23828125 0.0703125 0.0515625
0 0.390625 0.34375 0.09375 0.0546875
0 0.7578125 0.49921875 0.0625 0.0515625
0 0.76015625 0.425 0.0578125 0.053125
0 0.8265625 0.259375 0.053125 0.040625
0 0.81875 0.225 0.078125 0.04375
0 0.88515625 0.2640625 0.065625 0.0359375
0 0.88828125 0.23359375 0.0640625 0.0296875
0 0.603125 0.740625 0.090625 0.0875
0 0.32578125 0.70625 0.103125 0.0578125