0 0.08125 0.325 0.1625 0.084375
0 0.4453125 0.30625 0.15625 0.1484375
0 0.52578125 0.08671875 0.071875 0.065625
0 0.59140625 0.084375 0.075 0.0640625
0 0.6671875 0.08046875 0.0828125 0.0609375
0 0.74609375 0.08125 0.084375 0.059375
0 0.828125 0.071875 0.084375 0.05
0 0.3671875 0.15625 0.059375 0.0453125
0 0.3046875 0.1640625 0.0671875 0.053125
0 0.42890625 0.14921875 0.078125 0.0484375
0 0.92890625 0.57578125 0.0984375 0.075
0 0.9046875 0.65 0.1359375 0.071875
0 0.77890625 0.63359375 0.121875 0.0625
0 0.6609375 0.61484375 0.1171875 0.0609375
0 0.6546875 0.69765625 0.1265625 0.0671875
0 0.29140625 0.65546875 0.09375 0.046875
0 0.209375 0.64296875 0.0953125 0.0515625
0 0.12734375 0.64296875 0.0875 0.0515625
0 0.05859375 0.64140625 0.0859375 0.03125
0 0.165625 0.5625 0.08125 0.0515625
0 0.31015625 0.6015625 0.06875 0.065625
0 0.25078125 0.6 0.0859375 0.0671875
0 0.8625 0.575 0.0609375 0.075
0 0.89296875 0.49765625 0.0921875 0.0890625
0 0.8234375 0.49453125 0.075 0.0875
0 0.7609375 0.48515625 0.0734375 0.075
0 0.2484375 0.509375 0.053125 0.05625
0 0.2 0.50859375 0.059375 0.053125
0 0.85546875 0.4171875 0.09375 0.059375
0 0.75625 0.42109375 0.0953125 0.0453125
0 0.66328125 0.41953125 0.1046875 0.046875
0 0.228125 0.465625 0.05625 0.059375
0 0.8546875 0.37578125 0.0890625 0.0578125
0 0.74921875 0.3765625 0.0734375 0.0546875
0 0.66171875 0.35 0.0828125 0.0484375
0 0.85390625 0.34140625 0.1078125 0.046875
0 0.75234375 0.35078125 0.090625 0.0484375
0 0.871875 0.29921875 0.065625 0.046875
0 0.85078125 0.26796875 0.109375 0.059375
0 0.865625 0.21171875 0.06875 0.0640625
0 0.59296875 0.3359375 0.0671875 0.0421875
0 0.58671875 0.309375 0.0734375 0.05625
0 0.59453125 0.27265625 0.0921875 0.0625
0 0.7484375 0.22421875 0.075 0.059375
0 0.803125 0.2234375 0.065625 0.075
0 0.74921875 0.27109375 0.08125 0.0625
0 0.67578125 0.26796875 0.071875 0.0515625
0 0.65703125 0.3484375 0.0828125 0.0453125
0 0.83203125 0.14921875 0.08125 0.04375
0 0.70078125 0.16171875 0.06875 0.05
0 0.609375 0.15234375 0.0828125 0.046875
0 0.52578125 0.1703125 0.0765625 0.0515625
0 0.3375 0.27421875 0.05 0.05
0 0.58046875 0.221875 0.0671875 0.071875
0 0.690625 0.21953125 0.0765625 0.084375
0 0.38203125 0.21484375 0.040625 0.0328125
0 0.43203125 0.20703125 0.05625 0.03125
0 0.253125 0.16640625 0.0578125 0.0453125
0 0.246875 0.4171875 0.0609375 0.0375
0 0.17890625 0.46015625 0.0671875 0.0625
0 0.09609375 0.2484375 0.065625 0.0328125
0 0.0921875 0.2265625 0.065625 0.03125
0 0.24765625 0.2203125 0.0578125 0.034375