0 0.46640625 0.3796875 0.584375 0.428125
0 0.9015625 0.790625 0.1421875 0.084375
0 0.78203125 0.7828125 0.13125 0.078125
0 0.07109375 0.2953125 0.13125 0.0671875
0 0.06875 0.39140625 0.128125 0.06875
0 0.08359375 0.496875 0.121875 0.1140625
0 0.22734375 0.8375 0.1859375 0.075
0 0.0765625 0.8453125 0.153125 0.0875
0 0.065625 0.7859375 0.13125 0.103125
0 0.19609375 0.31875 0.128125 0.0703125
0 0.0796875 0.21328125 0.1328125 0.0984375
0 0.12734375 0.159375 0.1015625 0.103125
0 0.2046875 0.16484375 0.096875 0.078125
0 0.27578125 0.17421875 0.0828125 0.1015625
0 0.30546875 0.09609375 0.1203125 0.0578125
0 0.409375 0.1078125 0.109375 0.0765625
0 0.5140625 0.1203125 0.0953125 0.0703125
0 0.64375 0.10625 0.075 0.059375
0 0.7125 0.13359375 0.08125 0.06875
0 0.7875 0.13828125 0.084375 0.05625
0 0.75625 0.70625 0.09375 0.1125
0 0.82421875 0.7078125 0.1078125 0.10625
0 0.89140625 0.71484375 0.090625 0.121875
0 0.95234375 0.6796875 0.0953125 0.078125
0 0.84765625 0.57890625 0.078125 0.08125
0 0.68359375 0.24765625 0.071875 0.084375
0 0.6328125 0.24375 0.065625 0.08125
0 0.7390625 0.275 0.0671875 0.0890625
0 0.79140625 0.2859375 0.059375 0.09375
0 0.43671875 0.02890625 0.096875 0.053125
0 0.5046875 0.03359375 0.096875 0.0671875
0 0.14140625 0.06875 0.1078125 0.0703125
0 0.853125 0.21171875 0.0859375 0.0515625
0 0.771875 0.396875 0.0921875 0.065625