0 0.8640625 0.484375 0.271875 0.28125
0 0.14609375 0.7890625 0.2921875 0.41875
0 0.06171875 0.45390625 0.1234375 0.09375
0 0.14296875 0.475 0.1265625 0.0671875
0 0.38046875 0.4875 0.1625 0.096875
0 0.4890625 0.47578125 0.1265625 0.0765625
0 0.25390625 0.50234375 0.140625 0.0890625
0 0.23671875 0.43984375 0.1296875 0.0890625
0 0.1109375 0.40703125 0.15 0.09375
0 0.05078125 0.346875 0.1015625 0.125
0 0.1328125 0.3546875 0.1203125 0.1015625
0 0.24609375 0.3953125 0.16875 0.1171875
0 0.38203125 0.42109375 0.1265625 0.0875
0 0.47890625 0.3765625 0.1234375 0.096875
0 0.35390625 0.35703125 0.1703125 0.09375
0 0.215625 0.3125 0.1015625 0.084375