0 0.38671875 0.4359375 0.346875 0.25
0 0.92734375 0.53046875 0.04375 0.025
0 0.93203125 0.5015625 0.034375 0.025
0 0.9328125 0.47578125 0.0359375 0.0359375
0 0.9390625 0.41171875 0.0546875 0.040625
0 0.9265625 0.36015625 0.0703125 0.0375
0 0.9375 0.303125 0.0734375 0.0421875
0 0.93828125 0.24375 0.0828125 0.0484375
0 0.865625 0.29375 0.08125 0.046875
0 0.87109375 0.34453125 0.0671875 0.04375
0 0.87578125 0.396875 0.078125 0.0515625
0 0.8890625 0.45625 0.0734375 0.0484375
0 0.77109375 0.315625 0.0515625 0.034375
0 0.76953125 0.2859375 0.0765625 0.04375
0 0.78203125 0.34296875 0.0734375 0.04375
0 0.6328125 0.2171875 0.0828125 0.034375
0 0.49140625 0.25625 0.0875 0.05625
0 0.60078125 0.30390625 0.046875 0.0390625
0 0.63828125 0.2765625 0.0796875 0.0265625
0 0.6421875 0.30546875 0.0671875 0.028125
0 0.59921875 0.25390625 0.075 0.046875
0 0.53359375 0.27890625 0.08125 0.046875
0 0.534375 0.32265625 0.0609375 0.034375
0 0.5875 0.33828125 0.059375 0.0515625
0 0.64609375 0.3375 0.078125 0.0546875
0 0.5859375 0.36640625 0.0625 0.05
0 0.590625 0.41796875 0.075 0.0359375
0 0.64921875 0.41328125 0.0578125 0.03125
0 0.63984375 0.3890625 0.0671875 0.040625
0 0.5890625 0.6046875 0.0671875 0.0390625
0 0.58125 0.640625 0.0546875 0.053125