0 0.078125 0.34375 0.15625 0.1515625
0 0.2890625 0.14375 0.08125 0.0671875
0 0.35 0.14765625 0.0796875 0.0578125
0 0.42734375 0.1515625 0.0828125 0.0578125
0 0.503125 0.1671875 0.0734375 0.0515625
0 0.578125 0.16171875 0.084375 0.040625
0 0.3484375 0.290625 0.0609375 0.0578125
0 0.2671875 0.340625 0.0796875 0.059375
0 0.40390625 0.3 0.06875 0.0609375
0 0.45703125 0.31171875 0.0765625 0.0734375
0 0.52109375 0.2984375 0.05625 0.0515625
0 0.56015625 0.30703125 0.0578125 0.0640625
0 0.5203125 0.38984375 0.0859375 0.0609375
0 0.421875 0.42421875 0.075 0.05625
0 0.75234375 0.79375 0.146875 0.109375
0 0.7953125 0.88125 0.16875 0.096875
0 0.83359375 0.953125 0.2078125 0.09375
0 0.68046875 0.6546875 0.084375 0.08125
0 0.3578125 0.3640625 0.05625 0.0453125
0 0.35 0.34140625 0.09375 0.0640625
0 0.278125 0.21875 0.0921875 0.0515625
0 0.17109375 0.1921875 0.0765625 0.0484375
0 0.096875 0.19765625 0.0796875 0.0484375
0 0.03359375 0.19140625 0.0640625 0.0609375
0 0.35234375 0.44453125 0.071875 0.0359375
0 0.4328125 0.49140625 0.090625 0.040625
0 0.5109375 0.45625 0.05 0.053125
0 0.428125 0.56015625 0.08125 0.0734375
0 0.27421875 0.2953125 0.08125 0.0359375
0 0.27109375 0.38515625 0.084375 0.053125
0 0.46015625 0.2421875 0.078125 0.04375
0 0.671875 0.78359375 0.1 0.0421875
0 0.3953125 0.64140625 0.078125 0.1109375
0 0.36171875 0.21875 0.1 0.04375
0 0.58125 0.23828125 0.0703125 0.0515625
0 0.609375 0.34375 0.09375 0.0546875
0 0.2421875 0.49921875 0.0625 0.0515625
0 0.23984375 0.425 0.0578125 0.053125
0 0.1734375 0.259375 0.053125 0.040625
0 0.18125 0.225 0.078125 0.04375
0 0.11484375 0.2640625 0.065625 0.0359375
0 0.11171875 0.23359375 0.0640625 0.0296875
0 0.396875 0.740625 0.090625 0.0875
0 0.67421875 0.70625 0.103125 0.0578125