0 0.53671875 0.5921875 0.178125 0.096875
0 0.70078125 0.6453125 0.0828125 0.0625
0 0.4953125 0.446875 0.096875 0.0484375
0 0.38984375 0.31328125 0.0671875 0.046875
0 0.29765625 0.28046875 0.0921875 0.0578125
0 0.22578125 0.27109375 0.0703125 0.0453125
0 0.1734375 0.25859375 0.0578125 0.0609375
0 0.10703125 0.24140625 0.1046875 0.05
0 0.153125 0.290625 0.10625 0.06875
0 0.2421875 0.309375 0.0921875 0.046875
0 0.09140625 0.32890625 0.109375 0.0546875
0 0.15625 0.359375 0.096875 0.0453125
0 0.0921875 0.4046875 0.103125 0.05625
0 0.1765625 0.43359375 0.0578125 0.0421875
0 0.29296875 0.41875 0.103125 0.0515625
0 0.2421875 0.37421875 0.0953125 0.040625
0 0.3 0.34375 0.09375 0.040625
0 0.090625 0.465625 0.0953125 0.053125
0 0.2515625 0.45078125 0.1015625 0.0546875
0 0.31328125 0.459375 0.0703125 0.053125
0 0.178125 0.53046875 0.0828125 0.0609375
0 0.09921875 0.54375 0.0875 0.05
0 0.24453125 0.51953125 0.090625 0.053125
0 0.1625 0.49609375 0.0984375 0.05625
0 0.25 0.58671875 0.09375 0.034375
0 0.1765625 0.59375 0.071875 0.0421875
0 0.253125 0.6546875 0.1015625 0.0515625
0 0.23203125 0.61484375 0.06875 0.0390625
0 0.3 0.49140625 0.08125 0.0375
0 0.17109375 0.45625 0.065625 0.05
0 0.10078125 0.6109375 0.09375 0.053125
0 0.0875 0.646875 0.0765625 0.0515625
0 0.17578125 0.6296875 0.0578125 0.05
0 0.18046875 0.6703125 0.071875 0.0546875
0 0.246875 0.684375 0.0703125 0.046875
0 0.1234375 0.70546875 0.071875 0.0359375
0 0.47578125 0.7640625 0.059375 0.0359375
0 0.534375 0.7796875 0.053125 0.0359375
0 0.5296875 0.51953125 0.046875 0.034375
0 0.47734375 0.49921875 0.0328125 0.0375
0 0.4359375 0.4890625 0.040625 0.04375
0 0.38984375 0.41640625 0.0578125 0.04375
0 0.11953125 0.7453125 0.0515625 0.034375
0 0.271875 0.74765625 0.0484375 0.0359375
0 0.39375 0.3609375 0.0546875 0.03125
0 0.39765625 0.49765625 0.06875 0.0328125