0 0.88046875 0.4359375 0.2265625 0.23125
0 0.63984375 0.41953125 0.140625 0.0859375
0 0.14921875 0.71953125 0.0859375 0.0484375
0 0.16171875 0.628125 0.096875 0.0625
0 0.165625 0.54375 0.1 0.0515625
0 0.16875 0.4921875 0.096875 0.0515625
0 0.14921875 0.4390625 0.1 0.0375
0 0.1546875 0.38125 0.11875 0.0484375
0 0.16484375 0.334375 0.0875 0.0390625
0 0.06796875 0.403125 0.090625 0.0421875
0 0.06875 0.3453125 0.0796875 0.034375
0 0.0640625 0.4546875 0.0875 0.05625
0 0.0375 0.5125 0.065625 0.04375
0 0.0546875 0.6109375 0.0828125 0.0515625
0 0.09375 0.5546875 0.075 0.0421875
0 0.325 0.24375 0.0953125 0.0359375
0 0.3515625 0.27421875 0.06875 0.0375
0 0.31171875 0.3046875 0.0828125 0.03125
0 0.35390625 0.334375 0.075 0.046875
0 0.30859375 0.36875 0.0890625 0.0453125
0 0.31484375 0.4203125 0.065625 0.0484375
0 0.303125 0.48359375 0.0609375 0.053125
0 0.31171875 0.5984375 0.06875 0.05
0 0.30859375 0.6375 0.0671875 0.04375
0 0.3125 0.48359375 0.0921875 0.034375
0 0.30859375 0.5375 0.078125 0.046875
0 0.309375 0.7109375 0.059375 0.0296875
0 0.3078125 0.68203125 0.0578125 0.028125
0 0.05078125 0.2890625 0.0734375 0.053125
0 0.4625 0.26484375 0.08125 0.05625
0 0.465625 0.3234375 0.0796875 0.046875
0 0.4125 0.34296875 0.078125 0.04375
0 0.4671875 0.38125 0.075 0.0421875
0 0.465625 0.4421875 0.075 0.0453125
0 0.49375 0.62578125 0.0671875 0.03125
0 0.54140625 0.57109375 0.0703125 0.0421875
0 0.54765625 0.62421875 0.075 0.0515625
0 0.5 0.6734375 0.059375 0.028125
0 0.55625 0.6765625 0.071875 0.0359375
0 0.609375 0.65859375 0.0671875 0.03125
0 0.540625 0.3046875 0.0625 0.0390625