0 0.32890625 0.234375 0.146875 0.10625
0 0.23828125 0.31953125 0.1421875 0.109375
0 0.4359375 0.18203125 0.1484375 0.071875
0 0.428125 0.23671875 0.1015625 0.0734375
0 0.325 0.35078125 0.14375 0.0890625
0 0.2609375 0.421875 0.140625 0.084375
0 0.3359375 0.44765625 0.1421875 0.0828125
0 0.42109375 0.42578125 0.0890625 0.0765625
0 0.51953125 0.41328125 0.1203125 0.0859375
0 0.54609375 0.35546875 0.0828125 0.0765625
0 0.44609375 0.378125 0.109375 0.08125
0 0.5296875 0.30859375 0.121875 0.0703125
0 0.578125 0.25546875 0.140625 0.0640625
0 0.61875 0.2125 0.078125 0.0578125
0 0.7 0.209375 0.1109375 0.0609375
0 0.6984375 0.12421875 0.1171875 0.071875
0 0.61875 0.159375 0.0859375 0.075
0 0.875 0.1125 0.1421875 0.0703125
0 0.86328125 0.07734375 0.10625 0.071875
0 0.6265625 0.0609375 0.1125 0.0796875
0 0.5421875 0.05 0.09375 0.05625
0 0.42734375 0.084375 0.134375 0.0734375
0 0.4234375 0.0359375 0.1125 0.071875
0 0.88828125 0.0328125 0.1140625 0.065625
0 0.09921875 0.38515625 0.1828125 0.14375
0 0.21953125 0.48359375 0.11875 0.06875
0 0.0734375 0.10859375 0.0671875 0.053125
0 0.19140625 0.0453125 0.090625 0.0625
0 0.19375 0.1640625 0.096875 0.05625
0 0.2328125 0.11640625 0.071875 0.0484375
0 0.75625 0.37578125 0.4875 0.5921875