0 0.4859375 0.44296875 0.1546875 0.115625
0 0.8015625 0.55 0.203125 0.1078125
0 0.7671875 0.3078125 0.0640625 0.0421875
0 0.70703125 0.35625 0.0421875 0.0375
0 0.765625 0.3921875 0.0640625 0.040625
0 0.76171875 0.425 0.075 0.04375
0 0.61328125 0.3734375 0.046875 0.0359375
0 0.628125 0.35 0.05 0.021875
0 0.140625 0.6921875 0.1296875 0.09375
0 0.13984375 0.7421875 0.1078125 0.0734375
0 0.1765625 0.76796875 0.0859375 0.0546875
0 0.04609375 0.8125 0.0921875 0.059375
0 0.0375 0.86328125 0.075 0.06875
0 0.15390625 0.82578125 0.1125 0.0578125
0 0.04296875 0.71640625 0.0859375 0.0828125
0 0.046875 0.61015625 0.084375 0.0625
0 0.01953125 0.38515625 0.0390625 0.0640625
0 0.02109375 0.4328125 0.0421875 0.034375
0 0.021875 0.46796875 0.04375 0.0515625
0 0.021875 0.50859375 0.04375 0.0546875
0 0.02109375 0.54609375 0.0421875 0.0546875
0 0.16640625 0.56171875 0.0734375 0.0625
0 0.08359375 0.3609375 0.05625 0.075
0 0.1234375 0.3859375 0.05625 0.0515625
0 0.096875 0.46640625 0.0796875 0.0421875
0 0.121875 0.61875 0.0578125 0.0578125
0 0.0734375 0.26171875 0.06875 0.059375
0 0.13046875 0.2625 0.0640625 0.0609375
0 0.0203125 0.26484375 0.040625 0.0453125
0 0.45234375 0.33046875 0.0515625 0.0359375
0 0.66484375 0.34453125 0.0421875 0.0390625
0 0.66796875 0.4015625 0.034375 0.0390625
0 0.6640625 0.421875 0.0390625 0.0390625
0 0.65234375 0.46484375 0.0515625 0.0359375
0 0.61640625 0.4453125 0.0546875 0.03125
0 0.621875 0.39765625 0.0578125 0.0296875
0 0.4984375 0.35 0.04375 0.0234375
0 0.25234375 0.43046875 0.053125 0.03125
0 0.20078125 0.44921875 0.046875 0.034375
0 0.20390625 0.38359375 0.0375 0.05
0 0.66171875 0.6140625 0.0515625 0.040625
0 0.66171875 0.6390625 0.04375 0.034375
0 0.6625 0.6609375 0.0421875 0.03125
0 0.66484375 0.68359375 0.046875 0.034375
0 0.66640625 0.70703125 0.0359375 0.0359375
0 0.7125 0.43515625 0.0640625 0.0390625
0 0.51484375 0.56953125 0.0453125 0.0359375
0 0.475 0.55859375 0.0515625 0.0265625
0 0.91328125 0.34296875 0.059375 0.0359375
0 0.63359375 0.29140625 0.0671875 0.0359375