0 0.74453125 0.046875 0.171875 0.09375
0 0.93046875 0.53203125 0.1390625 0.109375
0 0.90859375 0.62109375 0.1640625 0.1046875
0 0.75859375 0.5921875 0.1609375 0.0953125
0 0.61328125 0.58046875 0.1578125 0.1109375
0 0.896875 0.73359375 0.15625 0.0875
0 0.753125 0.72109375 0.153125 0.096875
0 0.79765625 0.78203125 0.103125 0.0984375
0 0.90859375 0.8296875 0.1484375 0.096875
0 0.68515625 0.4484375 0.06875 0.065625
0 0.2734375 0.24765625 0.08125 0.0640625
0 0.2875 0.2125 0.0546875 0.0671875
0 0.3375 0.27421875 0.06875 0.0671875
0 0.2890625 0.29609375 0.1015625 0.0609375
0 0.275 0.37421875 0.084375 0.05
0 0.25390625 0.42578125 0.0953125 0.0578125
0 0.790625 0.65 0.103125 0.0671875
0 0.734375 0.8390625 0.06875 0.075
0 0.90390625 0.8796875 0.109375 0.0765625
0 0.64609375 0.496875 0.075 0.0875
0 0.71484375 0.503125 0.090625 0.078125
0 0.678125 0.390625 0.075 0.040625
0 0.678125 0.353125 0.06875 0.05
0 0.3921875 0.2609375 0.0640625 0.0859375
0 0.46171875 0.22734375 0.0734375 0.05