0 0.4859375 0.86953125 0.565625 0.2609375
0 0.2109375 0.7046875 0.103125 0.0734375
0 0.259375 0.8140625 0.1328125 0.0875
0 0.94375 0.18828125 0.1125 0.1109375
0 0.94765625 0.240625 0.1046875 0.103125
0 0.94140625 0.29140625 0.1171875 0.075
0 0.94609375 0.353125 0.1078125 0.0765625
0 0.94140625 0.42578125 0.1171875 0.090625
0 0.93984375 0.4890625 0.1203125 0.0875
0 0.94296875 0.553125 0.1140625 0.0703125
0 0.94140625 0.6078125 0.1171875 0.075
0 0.93984375 0.66015625 0.1203125 0.0703125
0 0.93984375 0.709375 0.1203125 0.06875
0 0.93984375 0.76953125 0.1203125 0.0734375
0 0.94921875 0.86171875 0.1015625 0.059375
0 0.80703125 0.6859375 0.159375 0.09375
0 0.8171875 0.234375 0.1265625 0.06875
0 0.59609375 0.45078125 0.1125 0.0734375