0 0.13046875 0.72734375 0.2609375 0.5359375
0 0.871875 0.4984375 0.25625 0.303125
0 0.653125 0.2671875 0.2078125 0.1359375
0 0.40859375 0.115625 0.209375 0.1265625
0 0.25 0.1796875 0.1515625 0.1046875
0 0.13359375 0.1421875 0.10625 0.0703125
0 0.140625 0.203125 0.103125 0.059375
0 0.39765625 0.36171875 0.1625 0.109375
0 0.5 0.45078125 0.140625 0.0875
0 0.39140625 0.41640625 0.1125 0.0796875
0 0.27109375 0.39921875 0.1484375 0.0734375
0 0.1765625 0.3296875 0.1375 0.0875
0 0.059375 0.36328125 0.11875 0.0828125
0 0.40234375 0.2515625 0.1703125 0.1
0 0.509375 0.20859375 0.1875 0.125
0 0.26875 0.11875 0.1125 0.0984375
0 0.68984375 0.08125 0.0984375 0.0796875
0 0.61640625 0.346875 0.1171875 0.1078125
0 0.50078125 0.33828125 0.1640625 0.0875
0 0.26328125 0.2828125 0.1390625 0.090625
0 0.071875 0.26640625 0.084375 0.0625
0 0.08359375 0.4140625 0.09375 0.078125
0 0.16875 0.09140625 0.14375 0.0703125
0 0.05234375 0.08671875 0.090625 0.0703125
0 0.06328125 0.20078125 0.090625 0.0703125
0 0.6890625 0.421875 0.1015625 0.0640625