0 0.734375 0.29609375 0.240625 0.153125
0 0.2234375 0.10859375 0.084375 0.0515625
0 0.315625 0.1140625 0.09375 0.053125
0 0.39140625 0.11015625 0.1015625 0.0625
0 0.46171875 0.11015625 0.0859375 0.0671875
0 0.528125 0.10234375 0.09375 0.059375
0 0.37578125 0.6625 0.1078125 0.046875
0 0.43046875 0.61484375 0.084375 0.08125
0 0.39921875 0.5140625 0.0609375 0.0875
0 0.3796875 0.4484375 0.0984375 0.046875
0 0.2875 0.45703125 0.1 0.046875
0 0.29765625 0.378125 0.1 0.053125
0 0.18515625 0.3734375 0.1140625 0.0484375
0 0.06171875 0.9546875 0.1234375 0.090625
0 0.0328125 0.91796875 0.065625 0.1640625
0 0.17578125 0.94921875 0.125 0.1015625
0 0.10390625 0.88671875 0.0859375 0.0671875
0 0.37890625 0.75078125 0.10625 0.065625
0 0.87109375 0.7015625 0.1171875 0.0625
0 0.9359375 0.60390625 0.1046875 0.065625
0 0.9609375 0.69453125 0.078125 0.0671875
0 0.8421875 0.54375 0.0671875 0.0734375
0 0.55 0.3078125 0.096875 0.06875
0 0.47578125 0.24296875 0.0703125 0.0703125
0 0.46328125 0.2984375 0.1015625 0.0625
0 0.378125 0.309375 0.1046875 0.0609375
0 0.3 0.25625 0.06875 0.06875
0 0.35703125 0.19765625 0.0796875 0.0515625
0 0.45 0.17890625 0.090625 0.0546875
0 0.70703125 0.17421875 0.0625 0.046875
0 0.76875 0.17109375 0.0859375 0.0515625
0 0.23828125 0.26640625 0.0640625 0.09375
0 0.20078125 0.3078125 0.1140625 0.05
0 0.303125 0.3421875 0.103125 0.0453125
0 0.4671875 0.33828125 0.09375 0.06875
0 0.1859375 0.24609375 0.1015625 0.0578125
0 0.228125 0.18671875 0.090625 0.0453125
0 0.39609375 0.3796875 0.09375 0.059375
0 0.30078125 0.415625 0.0734375 0.0484375
0 0.53046875 0.184375 0.090625 0.065625
0 0.6125 0.65 0.078125 0.04375