0 0.26953125 0.2078125 0.134375 0.0984375
0 0.17734375 0.92734375 0.3328125 0.1453125
0 0.45 0.9296875 0.25625 0.140625
0 0.70234375 0.91171875 0.278125 0.1765625
0 0.43125 0.85625 0.190625 0.0953125
0 0.953125 0.85390625 0.09375 0.1171875
0 0.88359375 0.79140625 0.0953125 0.1140625
0 0.9203125 0.64765625 0.1453125 0.1125
0 0.4390625 0.1078125 0.0625 0.03125
0 0.4125 0.13515625 0.0671875 0.0390625
0 0.40625 0.17578125 0.0640625 0.034375
0 0.39765625 0.22578125 0.0421875 0.0203125
0 0.625 0.2359375 0.05625 0.025
0 0.67109375 0.23203125 0.040625 0.028125
0 0.7125 0.2359375 0.0421875 0.025
0 0.9484375 0.20546875 0.0984375 0.0796875
0 0.62734375 0.14453125 0.0578125 0.04375
0 0.72265625 0.1515625 0.0546875 0.0390625
0 0.621875 0.19609375 0.0625 0.0296875
0 0.7578125 0.221875 0.046875 0.0328125
0 0.9375 0.26640625 0.1203125 0.053125
0 0.940625 0.3921875 0.11875 0.0515625
0 0.921875 0.35078125 0.06875 0.0546875
0 0.94140625 0.08828125 0.071875 0.0703125
0 0.7078125 0.190625 0.0640625 0.0265625
0 0.54140625 0.18359375 0.0578125 0.028125
0 0.5375 0.20546875 0.0625 0.0359375
0 0.8015625 0.2609375 0.0546875 0.0421875
0 0.321875 0.12265625 0.0609375 0.0375
0 0.78046875 0.18515625 0.0796875 0.0375