0 0.1359375 0.484375 0.271875 0.28125
0 0.85390625 0.7890625 0.2921875 0.41875
0 0.93828125 0.45390625 0.1234375 0.09375
0 0.85703125 0.475 0.1265625 0.0671875
0 0.61953125 0.4875 0.1625 0.096875
0 0.5109375 0.47578125 0.125 0.0765625
0 0.74609375 0.50234375 0.140625 0.0890625
0 0.76328125 0.43984375 0.1296875 0.0890625
0 0.8890625 0.40703125 0.15 0.09375
0 0.94921875 0.346875 0.1015625 0.125
0 0.8671875 0.3546875 0.1203125 0.1015625
0 0.75390625 0.3953125 0.16875 0.1171875
0 0.61796875 0.42109375 0.125 0.0875
0 0.52109375 0.3765625 0.1234375 0.096875
0 0.64609375 0.35703125 0.1703125 0.09375
0 0.784375 0.3125 0.1015625 0.084375