0 0.50390625 0.49765625 0.1609375 0.225
0 0.96015625 0.30859375 0.0734375 0.053125
0 0.8578125 0.34609375 0.0765625 0.0421875
0 0.85546875 0.4 0.0859375 0.0390625
0 0.95234375 0.3578125 0.078125 0.0390625
0 0.94765625 0.38671875 0.078125 0.0375
0 0.85234375 0.475 0.0625 0.0328125
0 0.85625 0.50390625 0.0609375 0.03125
0 0.72578125 0.3296875 0.0625 0.0296875
0 0.7140625 0.26875 0.071875 0.04375
0 0.5796875 0.29921875 0.065625 0.0375
0 0.634375 0.340625 0.04375 0.03125
0 0.62109375 0.36328125 0.0625 0.0296875
0 0.7234375 0.38359375 0.075 0.0359375
0 0.684375 0.35078125 0.065625 0.0390625
0 0.615625 0.41875 0.0734375 0.0421875
0 0.61171875 0.525 0.059375 0.028125
0 0.8609375 0.54375 0.0859375 0.046875
0 0.9203125 0.5 0.0609375 0.0421875
0 0.953125 0.4640625 0.084375 0.04375
0 0.96796875 0.55 0.0609375 0.0359375
0 0.86484375 0.609375 0.0796875 0.05
0 0.95390625 0.63359375 0.0859375 0.034375
0 0.965625 0.6015625 0.05625 0.03125
0 0.94453125 0.684375 0.0828125 0.04375
0 0.8703125 0.70859375 0.075 0.028125
0 0.8703125 0.659375 0.0890625 0.04375
0 0.72265625 0.43046875 0.06875 0.0296875
0 0.6671875 0.40546875 0.0578125 0.0296875
0 0.5703125 0.34765625 0.05 0.03125
0 0.45390625 0.64765625 0.0515625 0.0296875
0 0.45546875 0.6703125 0.0546875 0.0203125
0 0.6859375 0.303125 0.0671875 0.046875
0 0.6203125 0.31796875 0.053125 0.0359375
0 0.36875 0.47890625 0.065625 0.05625
0 0.240625 0.5484375 0.0578125 0.028125