0 0.265625 0.29609375 0.240625 0.153125
0 0.7765625 0.10859375 0.084375 0.0515625
0 0.684375 0.1140625 0.09375 0.053125
0 0.60859375 0.11015625 0.1015625 0.0625
0 0.53828125 0.11015625 0.0859375 0.0671875
0 0.471875 0.10234375 0.09375 0.059375
0 0.62421875 0.6625 0.10625 0.046875
0 0.56953125 0.61484375 0.084375 0.08125
0 0.60078125 0.5140625 0.0609375 0.0875
0 0.6203125 0.4484375 0.0984375 0.046875
0 0.7125 0.45703125 0.1 0.046875
0 0.70234375 0.378125 0.0984375 0.053125
0 0.81484375 0.3734375 0.1140625 0.0484375
0 0.93828125 0.9546875 0.1234375 0.090625
0 0.9671875 0.91796875 0.065625 0.1640625
0 0.82421875 0.94921875 0.125 0.1015625
0 0.89609375 0.88671875 0.0875 0.0671875
0 0.62109375 0.75078125 0.10625 0.065625
0 0.12890625 0.7015625 0.1171875 0.0625
0 0.0640625 0.60390625 0.1046875 0.065625
0 0.0390625 0.69453125 0.078125 0.0671875
0 0.1578125 0.54375 0.0671875 0.0734375
0 0.45 0.3078125 0.096875 0.06875
0 0.52421875 0.24296875 0.0703125 0.0703125
0 0.53671875 0.2984375 0.1015625 0.0625
0 0.621875 0.309375 0.1046875 0.0609375
0 0.7 0.25625 0.06875 0.06875
0 0.64296875 0.19765625 0.0796875 0.0515625
0 0.55 0.17890625 0.090625 0.0546875
0 0.29296875 0.17421875 0.0625 0.046875
0 0.23125 0.17109375 0.0859375 0.0515625
0 0.76171875 0.26640625 0.0640625 0.09375
0 0.79921875 0.3078125 0.1140625 0.05
0 0.696875 0.3421875 0.1046875 0.0453125
0 0.5328125 0.33828125 0.09375 0.06875
0 0.8140625 0.24609375 0.1015625 0.0578125
0 0.771875 0.18671875 0.090625 0.0453125
0 0.60390625 0.3796875 0.09375 0.059375
0 0.69921875 0.415625 0.0734375 0.0484375
0 0.46953125 0.184375 0.090625 0.065625
0 0.3875 0.65 0.078125 0.04375