0 0.64375 0.0671875 0.1125 0.0765625
0 0.89609375 0.0421875 0.2078125 0.084375
0 0.92109375 0.08203125 0.1578125 0.1046875
0 0.79296875 0.0921875 0.13125 0.075
0 0.7421875 0.04296875 0.134375 0.06875
0 0.678125 0.10859375 0.125 0.0703125
0 0.68515625 0.153125 0.0875 0.075
0 0.75859375 0.16171875 0.1046875 0.0921875
0 0.91484375 0.2171875 0.1703125 0.128125
0 0.8859375 0.26796875 0.228125 0.1015625
0 0.78203125 0.21015625 0.13125 0.0703125
0 0.69921875 0.27265625 0.071875 0.0734375
0 0.62578125 0.28828125 0.096875 0.0765625
0 0.621875 0.19921875 0.096875 0.0859375
0 0.678125 0.2171875 0.109375 0.071875
0 0.9015625 0.3375 0.16875 0.09375
0 0.78984375 0.3328125 0.13125 0.06875
0 0.6984375 0.321875 0.0625 0.0734375
0 0.6890625 0.3671875 0.0984375 0.0765625
0 0.61875 0.38046875 0.0859375 0.06875
0 0.88671875 0.4078125 0.2046875 0.0828125
0 0.76171875 0.39296875 0.09375 0.059375
0 0.78515625 0.4640625 0.1109375 0.065625
0 0.50625 0.2359375 0.13125 0.0609375
0 0.5078125 0.2703125 0.1359375 0.0578125
0 0.51328125 0.31953125 0.121875 0.0625
0 0.51328125 0.38671875 0.134375 0.06875
0 0.4171875 0.2390625 0.0875 0.0578125
0 0.36328125 0.23515625 0.0734375 0.046875
0 0.3078125 0.265625 0.06875 0.0453125
0 0.33984375 0.31640625 0.06875 0.0359375
0 0.41328125 0.31328125 0.109375 0.0625
0 0.5421875 0.65703125 0.915625 0.6859375