0 0.35859375 0.39609375 0.0890625 0.0421875
0 0.35546875 0.43203125 0.0859375 0.0359375
0 0.3453125 0.45390625 0.06875 0.0390625
0 0.34765625 0.478125 0.0765625 0.040625
0 0.34609375 0.49765625 0.071875 0.0421875
0 0.3453125 0.5234375 0.0734375 0.04375
0 0.34609375 0.55390625 0.0765625 0.0390625
0 0.34765625 0.57734375 0.078125 0.0328125
0 0.34453125 0.6015625 0.0703125 0.0359375
0 0.34296875 0.6265625 0.078125 0.0453125
0 0.346875 0.65703125 0.0859375 0.0515625
0 0.3453125 0.68125 0.078125 0.0453125
0 0.34609375 0.70546875 0.0796875 0.0484375
0 0.3453125 0.73046875 0.0796875 0.04375
0 0.34921875 0.75703125 0.0796875 0.0421875
0 0.34296875 0.77578125 0.078125 0.04375
0 0.3453125 0.803125 0.0796875 0.0375
0 0.4109375 0.421875 0.08125 0.0375
0 0.4140625 0.45234375 0.0890625 0.0296875
0 0.40703125 0.475 0.078125 0.0328125
0 0.4140625 0.50234375 0.084375 0.021875
0 0.40859375 0.5234375 0.084375 0.03125
0 0.4046875 0.54921875 0.08125 0.025
0 0.403125 0.5734375 0.09375 0.0359375
0 0.40703125 0.59921875 0.08125 0.03125
0 0.4109375 0.628125 0.090625 0.0296875
0 0.4109375 0.65 0.078125 0.0328125
0 0.409375 0.68046875 0.0859375 0.0296875
0 0.409375 0.70390625 0.0859375 0.028125
0 0.4046875 0.7296875 0.078125 0.028125
0 0.409375 0.753125 0.0796875 0.0203125
0 0.4109375 0.7796875 0.075 0.0265625
0 0.41796875 0.81015625 0.0828125 0.0359375
0 0.478125 0.40703125 0.075 0.0375
0 0.4796875 0.43359375 0.071875 0.028125
0 0.475 0.4609375 0.05625 0.025
0 0.4765625 0.48125 0.078125 0.0296875
0 0.48125 0.50703125 0.0796875 0.0296875
0 0.4765625 0.53359375 0.0765625 0.03125
0 0.4765625 0.56171875 0.0796875 0.03125
0 0.46796875 0.5859375 0.084375 0.025
0 0.47734375 0.6140625 0.0828125 0.03125
0 0.478125 0.6390625 0.0765625 0.028125
0 0.47734375 0.66640625 0.0828125 0.025
0 0.47578125 0.69140625 0.0984375 0.028125
0 0.47578125 0.71640625 0.0921875 0.0234375
0 0.4734375 0.73828125 0.09375 0.021875
0 0.4734375 0.75703125 0.0765625 0.0359375
0 0.4765625 0.78359375 0.0734375 0.028125
0 0.48671875 0.80546875 0.0828125 0.0296875
0 0.54765625 0.4265625 0.0859375 0.0328125
0 0.5421875 0.4546875 0.090625 0.028125
0 0.54453125 0.48125 0.0921875 0.0296875
0 0.54296875 0.4984375 0.078125 0.0234375
0 0.5453125 0.52578125 0.0875 0.028125
0 0.54296875 0.5578125 0.08125 0.03125
0 0.54140625 0.57890625 0.075 0.03125
0 0.53671875 0.60078125 0.0765625 0.03125
0 0.53828125 0.62578125 0.0890625 0.034375
0 0.5453125 0.6515625 0.0828125 0.034375
0 0.54140625 0.678125 0.078125 0.0296875
0 0.54140625 0.70625 0.075 0.03125
0 0.5359375 0.72890625 0.08125 0.03125
0 0.54453125 0.75390625 0.0765625 0.028125
0 0.54609375 0.77890625 0.078125 0.025
0 0.53671875 0.80625 0.0671875 0.0265625
0 0.6015625 0.4109375 0.078125 0.0359375
0 0.59921875 0.44140625 0.0796875 0.0265625
0 0.60625 0.46796875 0.0796875 0.021875
0 0.6109375 0.490625 0.0765625 0.021875
0 0.60625 0.51484375 0.0828125 0.028125
0 0.6078125 0.53984375 0.075 0.0203125
0 0.6109375 0.56171875 0.065625 0.03125
0 0.60703125 0.58984375 0.0796875 0.0265625
0 0.60234375 0.61640625 0.0796875 0.0296875
0 0.60078125 0.6421875 0.0796875 0.0234375
0 0.60234375 0.6671875 0.0828125 0.034375
0 0.603125 0.69453125 0.075 0.0390625
0 0.5984375 0.71875 0.0796875 0.03125
0 0.59921875 0.73359375 0.08125 0.0296875
0 0.6078125 0.75546875 0.084375 0.0359375
0 0.5984375 0.7828125 0.075 0.040625
0 0.6109375 0.8015625 0.09375 0.03125
0 0.66796875 0.41953125 0.0734375 0.04375
0 0.66875 0.4453125 0.0671875 0.0390625
0 0.66875 0.46953125 0.0625 0.028125
0 0.6609375 0.4984375 0.0828125 0.03125
0 0.66640625 0.521875 0.0734375 0.0296875
0 0.66484375 0.54453125 0.075 0.03125
0 0.665625 0.56953125 0.075 0.025
0 0.66875 0.5921875 0.075 0.0265625
0 0.66953125 0.61171875 0.0703125 0.0296875
0 0.6703125 0.6359375 0.0671875 0.028125
0 0.66640625 0.6625 0.071875 0.03125
0 0.6640625 0.6875 0.075 0.03125
0 0.66484375 0.71015625 0.0734375 0.0296875
0 0.665625 0.7375 0.075 0.0234375
0 0.66953125 0.759375 0.0703125 0.0265625
0 0.66640625 0.78203125 0.075 0.0234375
0 0.66015625 0.8015625 0.090625 0.028125