0 0.31484375 0.14296875 0.1390625 0.0828125
0 0.58046875 0.115625 0.153125 0.0734375
0 0.240625 0.18671875 0.1375 0.08125
0 0.2171875 0.2375 0.11875 0.075
0 0.2203125 0.2875 0.1140625 0.0796875
0 0.221875 0.34296875 0.125 0.0546875
0 0.22734375 0.39453125 0.115625 0.05
0 0.21953125 0.43828125 0.1078125 0.0515625
0 0.22265625 0.4921875 0.1140625 0.053125
0 0.21953125 0.53984375 0.115625 0.0515625
0 0.22421875 0.5875 0.11875 0.0609375
0 0.22265625 0.628125 0.11875 0.0546875
0 0.22265625 0.6796875 0.1109375 0.0640625
0 0.22265625 0.71875 0.11875 0.059375
0 0.2171875 0.76640625 0.1140625 0.0734375
0 0.2234375 0.8140625 0.11875 0.05
0 0.22421875 0.8484375 0.1109375 0.0671875
0 0.22890625 0.8921875 0.11875 0.0609375
0 0.33046875 0.20234375 0.115625 0.0796875
0 0.3328125 0.25078125 0.1296875 0.0515625
0 0.31484375 0.30703125 0.1203125 0.0609375
0 0.29921875 0.36171875 0.1171875 0.0546875
0 0.3015625 0.4171875 0.115625 0.05625
0 0.3015625 0.4625 0.115625 0.0578125
0 0.30625 0.5140625 0.109375 0.046875
0 0.31015625 0.5640625 0.10625 0.0546875
0 0.29140625 0.6125 0.140625 0.0390625
0 0.30234375 0.66171875 0.134375 0.04375
0 0.3078125 0.7125 0.1265625 0.04375
0 0.3140625 0.7578125 0.1109375 0.0375
0 0.3109375 0.80234375 0.1328125 0.0421875
0 0.30078125 0.8515625 0.1375 0.046875
0 0.32421875 0.89921875 0.128125 0.06875
0 0.4109375 0.14140625 0.0859375 0.0890625
0 0.41953125 0.2046875 0.11875 0.0515625
0 0.39921875 0.26953125 0.1234375 0.0828125
0 0.384375 0.33125 0.1234375 0.0671875
0 0.38046875 0.38125 0.109375 0.0515625
0 0.38359375 0.43671875 0.1328125 0.0625
0 0.38984375 0.48984375 0.1296875 0.0515625
0 0.39375 0.5421875 0.1390625 0.0546875
0 0.38984375 0.58828125 0.1359375 0.0484375
0 0.38984375 0.634375 0.134375 0.04375
0 0.3953125 0.68125 0.1296875 0.0421875
0 0.38984375 0.734375 0.1296875 0.059375
0 0.39296875 0.7859375 0.125 0.053125
0 0.40546875 0.83046875 0.1109375 0.053125
0 0.38671875 0.88359375 0.1265625 0.0546875
0 0.503125 0.16328125 0.1328125 0.075
0 0.49921875 0.23359375 0.1328125 0.05625
0 0.48515625 0.3015625 0.1265625 0.0546875
0 0.48671875 0.3546875 0.134375 0.05625
0 0.48203125 0.40703125 0.1390625 0.046875
0 0.48203125 0.46328125 0.1375 0.059375
0 0.49296875 0.51484375 0.1421875 0.0546875
0 0.49140625 0.56640625 0.128125 0.059375
0 0.49296875 0.61875 0.1296875 0.046875
0 0.4890625 0.66640625 0.1453125 0.05
0 0.4921875 0.71640625 0.1140625 0.0578125
0 0.4875 0.76953125 0.1140625 0.046875
0 0.48046875 0.809375 0.0953125 0.0421875
0 0.4828125 0.8640625 0.1328125 0.059375
0 0.4765625 0.91640625 0.1375 0.0609375
0 0.58359375 0.20859375 0.1359375 0.06875
0 0.57578125 0.271875 0.1421875 0.0515625
0 0.5859375 0.3234375 0.1328125 0.0578125
0 0.584375 0.38515625 0.1375 0.0640625
0 0.57890625 0.440625 0.1375 0.05625
0 0.584375 0.4921875 0.1375 0.0484375
0 0.5890625 0.54375 0.1359375 0.0546875
0 0.59375 0.60234375 0.1390625 0.059375
0 0.58984375 0.659375 0.1390625 0.05
0 0.5921875 0.71015625 0.121875 0.04375
0 0.575 0.75234375 0.1453125 0.0484375
0 0.5734375 0.8046875 0.13125 0.053125
0 0.56953125 0.84921875 0.1296875 0.053125
0 0.56328125 0.91171875 0.1328125 0.0625
0 0.6625 0.9296875 0.134375 0.0546875
0 0.671875 0.140625 0.1453125 0.06875
0 0.67890625 0.19375 0.1453125 0.0375
0 0.665625 0.24609375 0.1453125 0.05
0 0.6765625 0.30390625 0.1375 0.0546875
0 0.67890625 0.359375 0.1375 0.0484375
0 0.68671875 0.41328125 0.1453125 0.05625
0 0.6875 0.475 0.146875 0.05625
0 0.69375 0.525 0.1421875 0.05
0 0.6921875 0.57890625 0.1375 0.0546875
0 0.7015625 0.6390625 0.15 0.0671875
0 0.68203125 0.6984375 0.1515625 0.0625
0 0.69140625 0.740625 0.1390625 0.0546875
0 0.68203125 0.7921875 0.1421875 0.05625
0 0.6765625 0.8296875 0.15 0.0421875
0 0.65859375 0.87890625 0.125 0.05
0 0.771875 0.1109375 0.134375 0.096875
0 0.7828125 0.1703125 0.125 0.075
0 0.77890625 0.215625 0.1296875 0.05
0 0.78203125 0.27421875 0.134375 0.0625
0 0.784375 0.3296875 0.1328125 0.0578125
0 0.7859375 0.3890625 0.1375 0.0625
0 0.78359375 0.4546875 0.1453125 0.059375
0 0.78203125 0.50546875 0.1421875 0.04375
0 0.78359375 0.559375 0.1359375 0.0484375
0 0.7875 0.61640625 0.140625 0.0625
0 0.7890625 0.6796875 0.1421875 0.0609375
0 0.7921875 0.72890625 0.1296875 0.046875
0 0.78203125 0.765625 0.1390625 0.046875
0 0.7875 0.80625 0.1234375 0.0390625
0 0.78203125 0.85390625 0.140625 0.05625
0 0.78046875 0.896875 0.1328125 0.0421875
0 0.77421875 0.9359375 0.140625 0.053125