0 0.19609375 0.1390625 0.11875 0.0640625
0 0.1859375 0.19453125 0.11875 0.0578125
0 0.18671875 0.24921875 0.128125 0.0625
0 0.1890625 0.30234375 0.1234375 0.0515625
0 0.1875 0.9328125 0.121875 0.053125
0 0.18125 0.89140625 0.11875 0.0484375
0 0.18046875 0.8546875 0.1234375 0.0609375
0 0.178125 0.803125 0.11875 0.0546875
0 0.1796875 0.76015625 0.1234375 0.059375
0 0.18125 0.7125 0.121875 0.059375
0 0.17890625 0.6625 0.1234375 0.0734375
0 0.1765625 0.61015625 0.1125 0.0546875
0 0.178125 0.565625 0.1171875 0.0546875
0 0.18125 0.51640625 0.125 0.0609375
0 0.18125 0.46328125 0.1171875 0.059375
0 0.1828125 0.4109375 0.125 0.0671875
0 0.18359375 0.35390625 0.125 0.0640625
0 0.3078125 0.94375 0.121875 0.05625
0 0.3015625 0.90078125 0.125 0.0625
0 0.2765625 0.846875 0.125 0.0625
0 0.2984375 0.8078125 0.1234375 0.071875
0 0.3 0.75703125 0.125 0.0515625
0 0.2890625 0.70390625 0.125 0.0609375
0 0.2703125 0.6546875 0.1234375 0.0546875
0 0.2859375 0.6078125 0.125 0.0515625
0 0.29609375 0.56015625 0.1234375 0.0484375
0 0.29140625 0.5109375 0.1265625 0.0578125
0 0.29765625 0.45390625 0.1234375 0.065625
0 0.2828125 0.390625 0.125 0.06875
0 0.28359375 0.3296875 0.125 0.06875
0 0.284375 0.271875 0.1234375 0.075
0 0.2921875 0.21875 0.1234375 0.05
0 0.296875 0.175 0.1203125 0.0546875
0 0.2921875 0.11796875 0.1203125 0.0640625
0 0.4265625 0.9375 0.1203125 0.059375
0 0.38125 0.8875 0.1265625 0.04375
0 0.40390625 0.84453125 0.1234375 0.046875
0 0.39765625 0.79296875 0.1203125 0.0578125
0 0.3890625 0.73671875 0.1234375 0.059375
0 0.37734375 0.68671875 0.125 0.0484375
0 0.38984375 0.64296875 0.121875 0.05
0 0.39140625 0.59453125 0.1265625 0.059375
0 0.40625 0.5453125 0.1265625 0.0625
0 0.4046875 0.49375 0.1234375 0.059375
0 0.40546875 0.440625 0.11875 0.0515625
0 0.3859375 0.39765625 0.1234375 0.0640625
0 0.3859375 0.34296875 0.1234375 0.0703125
0 0.39609375 0.2890625 0.1171875 0.0578125
0 0.4171875 0.24296875 0.115625 0.0578125
0 0.40546875 0.18828125 0.115625 0.0609375
0 0.46640625 0.2390625 0.0015625 0.0015625
0 0.3984375 0.140625 0.0984375 0.0625
0 0.52421875 0.92109375 0.121875 0.0609375
0 0.48359375 0.890625 0.109375 0.05
0 0.5171875 0.84921875 0.1078125 0.06875
0 0.51015625 0.80859375 0.11875 0.0546875
0 0.51171875 0.765625 0.115625 0.0625
0 0.49609375 0.73515625 0.115625 0.084375
0 0.49296875 0.68828125 0.115625 0.0640625
0 0.509375 0.63984375 0.11875 0.065625
0 0.5140625 0.590625 0.1203125 0.0609375
0 0.52265625 0.540625 0.1171875 0.059375
0 0.5234375 0.48984375 0.1171875 0.0640625
0 0.52421875 0.44140625 0.1171875 0.0609375
0 0.50546875 0.39140625 0.1171875 0.0734375
0 0.5109375 0.33984375 0.1203125 0.065625
0 0.51328125 0.2890625 0.11875 0.05625
0 0.5296875 0.23125 0.1125 0.078125
0 0.49609375 0.19453125 0.1 0.0734375
0 0.5125 0.13125 0.1171875 0.075
0 0.61328125 0.92578125 0.11875 0.075
0 0.58671875 0.88203125 0.1203125 0.05625
0 0.61875 0.85234375 0.1125 0.03125
0 0.625 0.81796875 0.1140625 0.0421875
0 0.62578125 0.77890625 0.1203125 0.059375
0 0.6140625 0.73125 0.121875 0.0609375
0 0.60859375 0.68671875 0.1203125 0.0578125
0 0.62734375 0.64453125 0.1171875 0.05625
0 0.62734375 0.5984375 0.1203125 0.0625
0 0.63203125 0.5453125 0.1203125 0.0671875
0 0.63828125 0.4921875 0.121875 0.065625
0 0.634375 0.446875 0.11875 0.0796875
0 0.62421875 0.39765625 0.121875 0.065625
0 0.628125 0.34609375 0.1203125 0.053125
0 0.63046875 0.2921875 0.1171875 0.0609375
0 0.625 0.23828125 0.1171875 0.059375
0 0.63515625 0.1859375 0.1203125 0.053125
0 0.61015625 0.14375 0.1140625 0.0828125
0 0.7171875 0.93671875 0.1125 0.0484375
0 0.7234375 0.8921875 0.125 0.05625
0 0.721875 0.85234375 0.11875 0.065625
0 0.734375 0.8078125 0.1109375 0.059375
0 0.7375 0.77265625 0.109375 0.0546875
0 0.73671875 0.7328125 0.1203125 0.0546875
0 0.7296875 0.6828125 0.1234375 0.046875
0 0.7421875 0.63828125 0.115625 0.0484375
0 0.74375 0.59140625 0.11875 0.0578125
0 0.74453125 0.54765625 0.1171875 0.0625
0 0.74375 0.50234375 0.1140625 0.065625
0 0.74140625 0.4546875 0.11875 0.05625
0 0.740625 0.40625 0.115625 0.053125
0 0.7421875 0.35390625 0.1125 0.05625
0 0.740625 0.30390625 0.1125 0.0609375
0 0.73671875 0.25703125 0.1140625 0.053125
0 0.734375 0.21015625 0.1125 0.046875
0 0.72265625 0.15703125 0.115625 0.0671875