0 0.20625 0.89609375 0.1484375 0.0390625
0 0.1984375 0.8546875 0.1453125 0.05625
0 0.1953125 0.8265625 0.140625 0.053125
0 0.19609375 0.79609375 0.1453125 0.04375
0 0.2 0.76015625 0.1578125 0.0515625
0 0.196875 0.71796875 0.153125 0.0546875
0 0.19609375 0.66875 0.153125 0.05
0 0.1921875 0.61875 0.1421875 0.0578125
0 0.19609375 0.57890625 0.1515625 0.04375
0 0.19453125 0.540625 0.15 0.046875
0 0.1953125 0.49296875 0.15 0.059375
0 0.19609375 0.44453125 0.14375 0.0484375
0 0.1984375 0.39765625 0.1484375 0.0484375
0 0.19921875 0.35078125 0.15 0.0578125
0 0.196875 0.303125 0.14375 0.0515625
0 0.1984375 0.25390625 0.1484375 0.0578125
0 0.20546875 0.19765625 0.15 0.0671875
0 0.340625 0.9046875 0.1390625 0.0359375
0 0.33671875 0.871875 0.1421875 0.0375
0 0.31328125 0.8375 0.15625 0.0796875
0 0.321875 0.790625 0.15625 0.05625
0 0.3171875 0.75078125 0.1546875 0.059375
0 0.31875 0.70703125 0.1578125 0.0546875
0 0.32578125 0.66171875 0.1625 0.0703125
0 0.3203125 0.60859375 0.1484375 0.0546875
0 0.31328125 0.56484375 0.14375 0.05625
0 0.3125 0.5125 0.1515625 0.0515625
0 0.30703125 0.46796875 0.1515625 0.0515625
0 0.31171875 0.425 0.153125 0.0640625
0 0.31953125 0.3734375 0.1625 0.0578125
0 0.3109375 0.32109375 0.1625 0.0625
0 0.32421875 0.27578125 0.15625 0.0484375
0 0.3171875 0.22265625 0.1578125 0.0640625
0 0.35234375 0.18046875 0.146875 0.0484375
0 0.44765625 0.8890625 0.1453125 0.046875
0 0.44765625 0.8515625 0.1375 0.0359375
0 0.440625 0.81953125 0.1390625 0.0546875
0 0.44375 0.778125 0.140625 0.0515625
0 0.45078125 0.725 0.14375 0.0609375
0 0.45078125 0.68046875 0.140625 0.059375
0 0.4375 0.62890625 0.165625 0.0515625
0 0.4265625 0.5828125 0.1546875 0.0515625
0 0.4328125 0.53828125 0.1609375 0.040625
0 0.434375 0.4890625 0.1453125 0.0609375
0 0.4359375 0.44140625 0.153125 0.0578125
0 0.44296875 0.3859375 0.1390625 0.0671875
0 0.4328125 0.33671875 0.15625 0.059375
0 0.43828125 0.28828125 0.1515625 0.0515625
0 0.44921875 0.240625 0.1578125 0.0484375
0 0.45703125 0.19375 0.15625 0.0546875
0 0.5421875 0.8859375 0.10625 0.065625
0 0.5640625 0.84921875 0.1328125 0.05625
0 0.57109375 0.821875 0.1375 0.075
0 0.5703125 0.78203125 0.1421875 0.0859375
0 0.56171875 0.73515625 0.1421875 0.08125
0 0.559375 0.6859375 0.159375 0.0515625
0 0.54765625 0.63828125 0.1578125 0.0484375
0 0.54609375 0.590625 0.140625 0.0546875
0 0.55078125 0.54921875 0.146875 0.0421875
0 0.553125 0.50859375 0.165625 0.0609375
0 0.55390625 0.46640625 0.1484375 0.06875
0 0.5421875 0.421875 0.14375 0.05625
0 0.5453125 0.371875 0.1453125 0.078125
0 0.55078125 0.30625 0.15 0.071875
0 0.55234375 0.25546875 0.1375 0.0453125
0 0.559375 0.2109375 0.1125 0.046875
0 0.64140625 0.89375 0.1375 0.0421875
0 0.65390625 0.8515625 0.1375 0.05625
0 0.66640625 0.8140625 0.1640625 0.05
0 0.6765625 0.7734375 0.1453125 0.0453125
0 0.6734375 0.7265625 0.1421875 0.0515625
0 0.67578125 0.68515625 0.1578125 0.053125
0 0.67578125 0.6484375 0.153125 0.0828125
0 0.66796875 0.60078125 0.153125 0.0671875
0 0.67109375 0.553125 0.1484375 0.0625
0 0.6625 0.5046875 0.159375 0.0421875
0 0.66953125 0.4625 0.1515625 0.05
0 0.67578125 0.4203125 0.15625 0.04375
0 0.67421875 0.37890625 0.153125 0.0609375
0 0.66328125 0.328125 0.1421875 0.0765625
0 0.66640625 0.27109375 0.134375 0.0625
0 0.6765625 0.228125 0.15 0.0421875
0 0.67109375 0.18046875 0.140625 0.08125
0 0.7703125 0.8921875 0.153125 0.059375
0 0.7765625 0.85703125 0.13125 0.065625
0 0.77578125 0.81875 0.134375 0.0671875
0 0.7765625 0.7859375 0.140625 0.078125
0 0.77734375 0.734375 0.1328125 0.046875
0 0.7875 0.6984375 0.1359375 0.0859375
0 0.784375 0.65234375 0.134375 0.0546875
0 0.77890625 0.60859375 0.140625 0.0515625
0 0.778125 0.5640625 0.140625 0.04375
0 0.78046875 0.5203125 0.140625 0.05
0 0.7828125 0.4890625 0.140625 0.0640625
0 0.78515625 0.44375 0.146875 0.046875
0 0.78671875 0.396875 0.146875 0.0609375
0 0.7765625 0.34296875 0.1515625 0.0546875
0 0.78203125 0.29296875 0.140625 0.05625
0 0.78359375 0.2390625 0.13125 0.053125
0 0.77578125 0.19453125 0.1421875 0.0546875