0 0.75703125 0.66171875 0.1171875 0.0640625
0 0.40625 0.47265625 0.115625 0.0640625
0 0.23125 0.88359375 0.109375 0.0703125
0 0.3109375 0.5125 0.109375 0.065625
0 0.77421875 0.1546875 0.1125 0.0875
0 0.3671875 0.1453125 0.1109375 0.0953125
0 0.32421875 0.390625 0.115625 0.065625
0 0.7640625 0.540625 0.11875 0.06875
0 0.7640625 0.421875 0.121875 0.06875
0 0.6515625 0.88203125 0.109375 0.078125
0 0.7671875 0.35625 0.1171875 0.0703125
0 0.5 0.18359375 0.1140625 0.0796875
0 0.6796875 0.11953125 0.1203125 0.084375
0 0.3046875 0.45 0.109375 0.059375
0 0.58125 0.48125 0.115625 0.0625
0 0.67109375 0.571875 0.11875 0.0625
0 0.39453125 0.53828125 0.1125 0.0703125
0 0.75859375 0.88203125 0.1140625 0.065625
0 0.50234375 0.45 0.1171875 0.065625
0 0.4984375 0.26171875 0.1171875 0.06875
0 0.49296875 0.51015625 0.1140625 0.0640625
0 0.225 0.3671875 0.1140625 0.0640625
0 0.65859375 0.75859375 0.1140625 0.0625
0 0.765625 0.22578125 0.121875 0.078125
0 0.3109375 0.26484375 0.1171875 0.0765625
0 0.22890625 0.60390625 0.1140625 0.0609375
0 0.32421875 0.571875 0.1171875 0.065625
0 0.58046875 0.22578125 0.115625 0.0703125
0 0.2296875 0.6640625 0.1125 0.06875
0 0.75859375 0.71796875 0.115625 0.065625
0 0.5 0.38671875 0.115625 0.0671875
0 0.3984375 0.665625 0.1140625 0.0625
0 0.76171875 0.60234375 0.115625 0.0625
0 0.5765625 0.603125 0.1109375 0.059375
0 0.31640625 0.63828125 0.1140625 0.0671875
0 0.58125 0.54453125 0.1171875 0.0625
0 0.7609375 0.4828125 0.1171875 0.065625
0 0.48046875 0.5703125 0.11875 0.0640625
0 0.67109375 0.18671875 0.121875 0.0640625
0 0.5984375 0.2890625 0.11875 0.06875
0 0.23125 0.54453125 0.115625 0.0640625
0 0.31875 0.33359375 0.115625 0.0703125
0 0.5875 0.66484375 0.11875 0.0671875
0 0.5890625 0.35625 0.1171875 0.0671875
0 0.40390625 0.41953125 0.1109375 0.0703125
0 0.67421875 0.453125 0.1140625 0.065625
0 0.2265625 0.17421875 0.1140625 0.090625
0 0.2296875 0.48359375 0.1171875 0.0640625
0 0.48984375 0.69453125 0.1171875 0.0625
0 0.67265625 0.63515625 0.1171875 0.0625
0 0.22578125 0.309375 0.1171875 0.0640625
0 0.4078125 0.23125 0.1171875 0.0640625
0 0.4 0.290625 0.11875 0.0640625
0 0.5 0.325 0.1171875 0.065625
0 0.75859375 0.77109375 0.115625 0.065625
0 0.66953125 0.69765625 0.1171875 0.065625
0 0.23359375 0.72578125 0.115625 0.0625
0 0.225 0.246875 0.1171875 0.071875
0 0.75625 0.8328125 0.1140625 0.06875
0 0.50078125 0.63203125 0.115625 0.065625
0 0.315625 0.2 0.11875 0.071875
0 0.41015625 0.859375 0.1109375 0.0671875
0 0.334375 0.76484375 0.115625 0.0609375
0 0.7640625 0.290625 0.121875 0.065625
0 0.49375 0.759375 0.115625 0.0671875
0 0.5921875 0.42265625 0.1171875 0.0671875
0 0.68203125 0.2546875 0.1203125 0.0734375
0 0.66640625 0.51796875 0.1125 0.0625
0 0.315625 0.7015625 0.115625 0.0703125
0 0.4078125 0.7265625 0.115625 0.06875
0 0.6796875 0.3234375 0.1171875 0.0703125
0 0.67890625 0.3890625 0.1171875 0.0703125
0 0.40703125 0.60546875 0.1140625 0.0671875
0 0.23203125 0.83203125 0.1140625 0.071875
0 0.66484375 0.81796875 0.1140625 0.0671875
0 0.40625 0.35625 0.115625 0.0625
0 0.22578125 0.4265625 0.1125 0.0625
0 0.32578125 0.81796875 0.1125 0.0671875
0 0.57578125 0.72421875 0.1171875 0.059375
0 0.33046875 0.88046875 0.1109375 0.08125
0 0.23046875 0.771875 0.10625 0.0515625
0 0.41875 0.7921875 0.1140625 0.0671875
0 0.49921875 0.88125 0.115625 0.0640625
0 0.578125 0.7875 0.1140625 0.065625
0 0.57578125 0.85390625 0.115625 0.065625
0 0.48828125 0.8234375 0.1140625 0.0640625
0 0.5703125 0.13828125 0.1125 0.0796875