0 0.6515625 0.35859375 0.1359375 0.053125
0 0.6578125 0.31015625 0.1265625 0.0609375
0 0.75703125 0.3359375 0.125 0.053125
0 0.4515625 0.371875 0.134375 0.0609375
0 0.65859375 0.2578125 0.1203125 0.0703125
0 0.225 0.36328125 0.1265625 0.0625
0 0.3453125 0.2234375 0.134375 0.0671875
0 0.221875 0.40390625 0.128125 0.0546875
0 0.22890625 0.48359375 0.1375 0.0484375
0 0.465625 0.23984375 0.128125 0.05625
0 0.75703125 0.2546875 0.1296875 0.0703125
0 0.3375 0.30703125 0.1453125 0.0546875
0 0.7546875 0.5296875 0.11875 0.059375
0 0.546875 0.3109375 0.1265625 0.0609375
0 0.225 0.3203125 0.13125 0.059375
0 0.75390625 0.48515625 0.11875 0.0515625
0 0.33203125 0.56171875 0.1390625 0.053125
0 0.44296875 0.54296875 0.1375 0.0515625
0 0.328125 0.5171875 0.1375 0.046875
0 0.22734375 0.44296875 0.13125 0.04375
0 0.34296875 0.3921875 0.140625 0.0546875
0 0.5421875 0.44296875 0.1203125 0.0578125
0 0.23046875 0.23203125 0.1328125 0.0625
0 0.44765625 0.4984375 0.1375 0.0484375
0 0.75390625 0.37578125 0.125 0.04375
0 0.75625 0.2984375 0.128125 0.0671875
0 0.334375 0.47890625 0.134375 0.0515625
0 0.2375 0.80859375 0.1375 0.0546875
0 0.33359375 0.34921875 0.134375 0.0453125
0 0.22734375 0.27890625 0.13125 0.0515625
0 0.57421875 0.23046875 0.1328125 0.0578125
0 0.353125 0.4359375 0.140625 0.0484375
0 0.5515625 0.27734375 0.1265625 0.0546875
0 0.5484375 0.53046875 0.13125 0.04375
0 0.74453125 0.82890625 0.128125 0.0484375
0 0.55625 0.3578125 0.1390625 0.05625
0 0.55546875 0.40390625 0.1359375 0.0484375
0 0.54375 0.60859375 0.1265625 0.05
0 0.5421875 0.5671875 0.1296875 0.0546875
0 0.2296875 0.5234375 0.1375 0.046875
0 0.7546875 0.4453125 0.11875 0.040625
0 0.74453125 0.796875 0.1203125 0.0578125
0 0.4390625 0.7375 0.1328125 0.053125
0 0.5484375 0.48828125 0.134375 0.05625
0 0.7484375 0.75859375 0.11875 0.0625
0 0.4515625 0.32734375 0.128125 0.04375
0 0.753125 0.56796875 0.11875 0.0515625
0 0.44765625 0.2875 0.13125 0.04375
0 0.75546875 0.4125 0.11875 0.04375
0 0.2265625 0.634375 0.1296875 0.053125
0 0.33671875 0.7390625 0.1328125 0.0703125
0 0.6609375 0.48515625 0.1203125 0.065625
0 0.43828125 0.4171875 0.1375 0.046875
0 0.34453125 0.26328125 0.140625 0.046875
0 0.22734375 0.596875 0.1296875 0.0546875
0 0.35078125 0.8390625 0.1328125 0.0546875
0 0.22578125 0.56171875 0.134375 0.0578125
0 0.44296875 0.58671875 0.1390625 0.04375
0 0.746875 0.72109375 0.128125 0.053125
0 0.4578125 0.83515625 0.1234375 0.0484375
0 0.6453125 0.82734375 0.1234375 0.0453125
0 0.65625 0.5328125 0.1328125 0.0796875
0 0.44375 0.45546875 0.1359375 0.0421875
0 0.45 0.659375 0.1375 0.0515625
0 0.24375 0.84765625 0.1390625 0.0421875
0 0.659375 0.44453125 0.1328125 0.0625
0 0.2328125 0.70703125 0.1375 0.0328125
0 0.22890625 0.67578125 0.134375 0.046875
0 0.74921875 0.6 0.1125 0.0484375
0 0.6421875 0.73046875 0.13125 0.0640625
0 0.44140625 0.68828125 0.1390625 0.05
0 0.33828125 0.6375 0.1375 0.046875
0 0.23046875 0.74453125 0.128125 0.046875
0 0.659375 0.40625 0.1265625 0.0546875
0 0.74609375 0.68671875 0.1171875 0.046875
0 0.65234375 0.7921875 0.1265625 0.0390625
0 0.2296875 0.77890625 0.1203125 0.046875
0 0.559375 0.84453125 0.14375 0.0421875
0 0.53984375 0.7390625 0.125 0.0578125
0 0.65234375 0.66484375 0.13125 0.059375
0 0.3375 0.60078125 0.1375 0.04375
0 0.53984375 0.80546875 0.1140625 0.0375
0 0.546875 0.640625 0.1328125 0.04375
0 0.75078125 0.62734375 0.1109375 0.0484375
0 0.7484375 0.6578125 0.1125 0.0546875
0 0.5484375 0.67890625 0.1125 0.04375
0 0.34296875 0.66640625 0.1375 0.0421875
0 0.4390625 0.7765625 0.1484375 0.0421875
0 0.3453125 0.6984375 0.1390625 0.05
0 0.34609375 0.81328125 0.146875 0.0578125
0 0.653125 0.6296875 0.125 0.0375
0 0.64296875 0.60078125 0.1296875 0.034375
0 0.4453125 0.61953125 0.1375 0.034375
0 0.64765625 0.69921875 0.125 0.0515625
0 0.6453125 0.7609375 0.1359375 0.046875
0 0.5375 0.76953125 0.1109375 0.046875
0 0.45078125 0.80703125 0.1265625 0.0328125
0 0.325 0.7796875 0.128125 0.0671875
0 0.54375 0.70703125 0.121875 0.05625
0 0.66015625 0.5625 0.125 0.05625