0 0.26328125 0.315625 0.1125 0.0421875
0 0.259375 0.35390625 0.1140625 0.040625
0 0.25703125 0.39296875 0.115625 0.040625
0 0.25625 0.434375 0.121875 0.0453125
0 0.2484375 0.4703125 0.1078125 0.059375
0 0.2453125 0.50546875 0.103125 0.046875
0 0.2484375 0.5375 0.1140625 0.04375
0 0.24609375 0.57109375 0.1140625 0.0453125
0 0.24453125 0.60625 0.1171875 0.046875
0 0.240625 0.63828125 0.10625 0.05
0 0.240625 0.67578125 0.1078125 0.059375
0 0.2453125 0.703125 0.1171875 0.053125
0 0.24140625 0.7421875 0.1171875 0.0546875
0 0.23984375 0.7796875 0.1203125 0.0453125
0 0.24140625 0.8171875 0.1203125 0.0484375
0 0.240625 0.84609375 0.1140625 0.0515625
0 0.24375 0.86953125 0.1125 0.05
0 0.353125 0.30546875 0.1234375 0.046875
0 0.33671875 0.34296875 0.1125 0.05
0 0.34296875 0.3765625 0.1171875 0.0375
0 0.334375 0.41484375 0.121875 0.0484375
0 0.3328125 0.46171875 0.115625 0.0453125
0 0.33671875 0.50390625 0.1078125 0.0390625
0 0.3359375 0.54140625 0.1109375 0.046875
0 0.3421875 0.5796875 0.1078125 0.0625
0 0.3328125 0.61015625 0.1109375 0.059375
0 0.33359375 0.65234375 0.109375 0.0578125
0 0.328125 0.68515625 0.1078125 0.05625
0 0.3359375 0.715625 0.121875 0.0359375
0 0.33671875 0.74453125 0.109375 0.04375
0 0.34609375 0.778125 0.1125 0.0453125
0 0.3390625 0.81015625 0.115625 0.046875
0 0.34609375 0.84375 0.11875 0.0390625
0 0.359375 0.875 0.13125 0.0328125
0 0.43203125 0.34921875 0.0890625 0.0609375
0 0.425 0.390625 0.109375 0.0453125
0 0.42109375 0.42734375 0.1 0.040625
0 0.425 0.4671875 0.115625 0.0375
0 0.4265625 0.50625 0.1203125 0.0484375
0 0.43359375 0.5421875 0.1109375 0.0328125
0 0.4328125 0.57890625 0.109375 0.040625
0 0.43046875 0.60859375 0.125 0.046875
0 0.425 0.640625 0.1140625 0.0453125
0 0.4296875 0.68125 0.1140625 0.0390625
0 0.42890625 0.71015625 0.1 0.0359375
0 0.4359375 0.74140625 0.109375 0.046875
0 0.43359375 0.7734375 0.125 0.05
0 0.43046875 0.8078125 0.121875 0.05
0 0.43359375 0.8375 0.0953125 0.04375
0 0.44375 0.86875 0.1203125 0.04375
0 0.52109375 0.34453125 0.1078125 0.053125
0 0.51015625 0.38671875 0.1046875 0.046875
0 0.51171875 0.4234375 0.1078125 0.046875
0 0.5109375 0.45703125 0.1046875 0.0421875
0 0.51484375 0.48671875 0.1046875 0.05
0 0.5203125 0.525 0.109375 0.0515625
0 0.52265625 0.56171875 0.1078125 0.05
0 0.5171875 0.60078125 0.11875 0.0359375
0 0.51328125 0.63046875 0.1015625 0.0359375
0 0.51796875 0.6625 0.0890625 0.03125
0 0.5265625 0.69921875 0.1109375 0.0484375
0 0.5109375 0.73671875 0.1125 0.034375
0 0.5140625 0.7671875 0.1125 0.034375
0 0.52265625 0.8015625 0.115625 0.0359375
0 0.5234375 0.840625 0.115625 0.0328125
0 0.5140625 0.86875 0.090625 0.034375
0 0.6046875 0.3359375 0.10625 0.0546875
0 0.5953125 0.37578125 0.1125 0.03125
0 0.60390625 0.40859375 0.1109375 0.0390625
0 0.60078125 0.44296875 0.109375 0.0375
0 0.60390625 0.4765625 0.1171875 0.0296875
0 0.6046875 0.5078125 0.1171875 0.040625
0 0.61015625 0.54609375 0.109375 0.04375
0 0.60625 0.58203125 0.1140625 0.0421875
0 0.6125 0.609375 0.1125 0.0390625
0 0.6078125 0.64375 0.1046875 0.0421875
0 0.6109375 0.6796875 0.103125 0.04375
0 0.59765625 0.71484375 0.1203125 0.0390625
0 0.5984375 0.75625 0.1140625 0.0390625
0 0.5921875 0.78046875 0.103125 0.0375
0 0.6140625 0.81484375 0.1203125 0.053125
0 0.6046875 0.8453125 0.115625 0.0515625
0 0.61015625 0.86796875 0.1078125 0.0515625
0 0.6921875 0.34921875 0.1046875 0.0515625
0 0.69453125 0.39140625 0.1015625 0.0265625
0 0.69296875 0.4234375 0.1 0.0328125
0 0.690625 0.453125 0.1046875 0.03125
0 0.69765625 0.48828125 0.0953125 0.0359375
0 0.69609375 0.52109375 0.096875 0.03125
0 0.69296875 0.55 0.1015625 0.0390625
0 0.6875 0.58671875 0.10625 0.03125
0 0.68984375 0.615625 0.103125 0.0375
0 0.6890625 0.65078125 0.0984375 0.034375
0 0.68984375 0.6859375 0.1015625 0.0390625
0 0.68671875 0.71953125 0.0984375 0.0328125
0 0.68671875 0.75234375 0.109375 0.0375
0 0.68515625 0.7828125 0.115625 0.0375
0 0.6828125 0.8140625 0.1171875 0.0328125
0 0.68125 0.84453125 0.1125 0.0390625
0 0.6890625 0.86796875 0.0953125 0.0390625