0 0.76171875 0.17734375 0.1109375 0.05625
0 0.2671875 0.63125 0.1140625 0.05625
0 0.26875 0.43203125 0.1140625 0.0578125
0 0.26796875 0.58359375 0.115625 0.059375
0 0.2671875 0.33984375 0.115625 0.0578125
0 0.26484375 0.48046875 0.1109375 0.0625
0 0.26640625 0.71875 0.1125 0.059375
0 0.26484375 0.5328125 0.1109375 0.0578125
0 0.27109375 0.29375 0.11875 0.0546875
0 0.7671875 0.22734375 0.1046875 0.0578125
0 0.775 0.49609375 0.096875 0.0484375
0 0.76796875 0.278125 0.1 0.053125
0 0.57578125 0.48671875 0.10625 0.06875
0 0.27109375 0.24921875 0.11875 0.0640625
0 0.47578125 0.86640625 0.103125 0.0546875
0 0.77265625 0.40703125 0.0984375 0.05
0 0.26640625 0.3859375 0.1140625 0.0625
0 0.55625 0.12890625 0.1046875 0.0671875
0 0.67578125 0.5421875 0.1078125 0.059375
0 0.578125 0.5359375 0.1046875 0.0703125
0 0.76796875 0.32109375 0.0984375 0.04375
0 0.3734375 0.66484375 0.109375 0.046875
0 0.66875 0.3171875 0.103125 0.046875
0 0.375 0.83515625 0.1078125 0.053125
0 0.3828125 0.28984375 0.1125 0.05
0 0.3640625 0.14375 0.1046875 0.0453125
0 0.678125 0.49609375 0.1015625 0.0578125
0 0.57265625 0.86171875 0.096875 0.0640625
0 0.37578125 0.38828125 0.1109375 0.05
0 0.371875 0.2375 0.1140625 0.059375
0 0.475 0.31015625 0.10625 0.065625
0 0.37265625 0.5265625 0.109375 0.0578125
0 0.575 0.5796875 0.10625 0.059375
0 0.378125 0.71015625 0.1109375 0.05
0 0.67265625 0.6671875 0.1015625 0.0625
0 0.46953125 0.5546875 0.1125 0.053125
0 0.653125 0.14140625 0.0984375 0.0515625
0 0.478125 0.45859375 0.1109375 0.059375
0 0.3796875 0.61953125 0.1125 0.0546875
0 0.4671875 0.2640625 0.1109375 0.053125
0 0.7703125 0.659375 0.09375 0.0546875
0 0.7703125 0.36328125 0.096875 0.046875
0 0.3796875 0.3390625 0.115625 0.053125
0 0.46875 0.39765625 0.1078125 0.0671875
0 0.7671875 0.57421875 0.0953125 0.0453125
0 0.67109375 0.5859375 0.1046875 0.0640625
0 0.26875 0.6734375 0.1140625 0.05625
0 0.68203125 0.44921875 0.10625 0.0578125
0 0.26640625 0.7640625 0.1140625 0.0453125
0 0.37421875 0.48203125 0.1125 0.0578125
0 0.66796875 0.22734375 0.1015625 0.046875
0 0.4515625 0.1265625 0.096875 0.04375
0 0.47734375 0.50859375 0.1125 0.0546875
0 0.48046875 0.69140625 0.10625 0.0453125
0 0.7515625 0.1390625 0.103125 0.0453125
0 0.76484375 0.7359375 0.090625 0.065625
0 0.27109375 0.2015625 0.1125 0.0453125
0 0.375 0.878125 0.10625 0.0421875
0 0.26953125 0.84296875 0.1078125 0.0375
0 0.475 0.81875 0.10625 0.04375
0 0.37421875 0.571875 0.1109375 0.05
0 0.57578125 0.78125 0.0984375 0.0640625
0 0.47265625 0.60390625 0.1125 0.0515625
0 0.3765625 0.4328125 0.1109375 0.0515625
0 0.26796875 0.16015625 0.1140625 0.059375
0 0.571875 0.25078125 0.10625 0.0578125
0 0.75625 0.84453125 0.096875 0.05625
0 0.753125 0.81171875 0.09375 0.05625
0 0.76953125 0.6171875 0.0953125 0.046875
0 0.77109375 0.53828125 0.090625 0.04375
0 0.6734375 0.40546875 0.1046875 0.046875
0 0.671875 0.27265625 0.0984375 0.0515625
0 0.67890625 0.62421875 0.096875 0.0671875
0 0.47578125 0.65 0.1078125 0.0484375
0 0.5703125 0.4390625 0.1109375 0.053125
0 0.66328125 0.18359375 0.1015625 0.040625
0 0.76640625 0.69921875 0.0953125 0.059375
0 0.48046875 0.7796875 0.10625 0.0421875
0 0.37421875 0.18671875 0.1078125 0.0484375
0 0.67578125 0.36015625 0.1015625 0.0453125
0 0.27421875 0.878125 0.1078125 0.040625
0 0.77421875 0.45078125 0.0953125 0.0484375
0 0.471875 0.21328125 0.1078125 0.059375
0 0.57734375 0.3 0.1015625 0.059375
0 0.37734375 0.78828125 0.10625 0.04375
0 0.3734375 0.75234375 0.1109375 0.04375
0 0.6671875 0.709375 0.1015625 0.0515625
0 0.57734375 0.74375 0.09375 0.05625
0 0.5671875 0.3984375 0.10625 0.0640625
0 0.57578125 0.35 0.1109375 0.0609375
0 0.271875 0.80625 0.115625 0.04375
0 0.6640625 0.85859375 0.0953125 0.0484375
0 0.76328125 0.771875 0.0890625 0.0578125
0 0.47421875 0.35390625 0.1046875 0.0546875
0 0.67421875 0.7484375 0.1015625 0.0546875
0 0.57421875 0.61953125 0.1046875 0.053125
0 0.57421875 0.7015625 0.1 0.0546875
0 0.4828125 0.73671875 0.10625 0.0515625
0 0.46953125 0.1625 0.1046875 0.0453125
0 0.57265625 0.2140625 0.1 0.0515625
0 0.66953125 0.78828125 0.1046875 0.04375
0 0.5765625 0.66171875 0.1015625 0.046875
0 0.55390625 0.17734375 0.090625 0.0390625
0 0.5578125 0.821875 0.103125 0.05625
0 0.65703125 0.82109375 0.09375 0.034375