0 0.30234375 0.16796875 0.1265625 0.078125
0 0.29609375 0.22734375 0.134375 0.05625
0 0.2828125 0.2703125 0.115625 0.053125
0 0.2828125 0.31796875 0.1328125 0.053125
0 0.28046875 0.36796875 0.1328125 0.05
0 0.27734375 0.4171875 0.1265625 0.0609375
0 0.27734375 0.47421875 0.121875 0.05625
0 0.278125 0.521875 0.1265625 0.046875
0 0.278125 0.5703125 0.128125 0.05625
0 0.275 0.61328125 0.121875 0.0484375
0 0.2765625 0.6546875 0.125 0.046875
0 0.27734375 0.7 0.128125 0.0515625
0 0.27265625 0.74609375 0.1171875 0.0578125
0 0.27578125 0.79921875 0.1265625 0.0609375
0 0.27578125 0.85078125 0.1328125 0.05625
0 0.2765625 0.89765625 0.134375 0.04375
0 0.2796875 0.9328125 0.1390625 0.0390625
0 0.39609375 0.1953125 0.1328125 0.0625
0 0.39765625 0.2484375 0.1234375 0.046875
0 0.3796875 0.28828125 0.1359375 0.0546875
0 0.38125 0.34296875 0.13125 0.0546875
0 0.3640625 0.39140625 0.1359375 0.04375
0 0.36015625 0.43984375 0.134375 0.0578125
0 0.36484375 0.49296875 0.1390625 0.053125
0 0.34609375 0.54140625 0.128125 0.04375
0 0.35859375 0.584375 0.1359375 0.0546875
0 0.3640625 0.62890625 0.1265625 0.0453125
0 0.36484375 0.67578125 0.140625 0.0609375
0 0.365625 0.7296875 0.13125 0.05
0 0.35703125 0.7828125 0.14375 0.05625
0 0.375 0.83671875 0.14375 0.0515625
0 0.3890625 0.8828125 0.1390625 0.046875
0 0.39140625 0.93125 0.15 0.0671875
0 0.47578125 0.19296875 0.1296875 0.0859375
0 0.4890625 0.2546875 0.115625 0.0515625
0 0.46328125 0.30859375 0.13125 0.059375
0 0.46875 0.36328125 0.134375 0.0546875
0 0.4640625 0.4203125 0.125 0.065625
0 0.44375 0.46640625 0.1125 0.0390625
0 0.4515625 0.503125 0.1328125 0.0546875
0 0.4515625 0.55078125 0.1328125 0.05
0 0.46015625 0.59609375 0.134375 0.0609375
0 0.475 0.65 0.1390625 0.0546875
0 0.4625 0.70390625 0.1359375 0.0578125
0 0.45078125 0.7578125 0.140625 0.05625
0 0.47265625 0.80078125 0.140625 0.04375
0 0.48359375 0.84765625 0.1375 0.0578125
0 0.46171875 0.90625 0.1390625 0.0625
0 0.55234375 0.93515625 0.146875 0.05625
0 0.56484375 0.21171875 0.128125 0.065625
0 0.553125 0.27265625 0.1296875 0.0515625
0 0.56328125 0.32265625 0.13125 0.0609375
0 0.565625 0.37734375 0.1328125 0.0546875
0 0.54453125 0.43125 0.1046875 0.0640625
0 0.55390625 0.47578125 0.1375 0.05
0 0.54765625 0.52109375 0.1421875 0.046875
0 0.5625 0.56796875 0.125 0.053125
0 0.56484375 0.62109375 0.140625 0.0609375
0 0.5703125 0.67734375 0.1390625 0.05625
0 0.5578125 0.72890625 0.140625 0.05625
0 0.578125 0.7765625 0.134375 0.0578125
0 0.57109375 0.8234375 0.1328125 0.0546875
0 0.56171875 0.878125 0.1421875 0.0609375
0 0.634375 0.17890625 0.1203125 0.0921875
0 0.63671875 0.246875 0.1296875 0.0609375
0 0.65859375 0.28828125 0.1359375 0.0546875
0 0.65859375 0.34140625 0.1359375 0.0625
0 0.659375 0.3953125 0.140625 0.059375
0 0.65703125 0.44765625 0.140625 0.0703125
0 0.6390625 0.4984375 0.140625 0.0484375
0 0.64921875 0.54609375 0.1421875 0.059375
0 0.65546875 0.59765625 0.140625 0.05
0 0.67265625 0.64765625 0.1421875 0.0578125
0 0.6703125 0.70078125 0.1421875 0.0515625
0 0.67265625 0.75234375 0.140625 0.0578125
0 0.671875 0.80703125 0.1390625 0.0578125
0 0.6609375 0.8609375 0.14375 0.0609375
0 0.65703125 0.9234375 0.140625 0.071875
0 0.7515625 0.165625 0.1296875 0.0625
0 0.73984375 0.22421875 0.134375 0.0609375
0 0.74765625 0.278125 0.1328125 0.0578125
0 0.74765625 0.325 0.134375 0.053125
0 0.75859375 0.37890625 0.1359375 0.06875
0 0.74765625 0.4328125 0.1375 0.0671875
0 0.7546875 0.51015625 0.134375 0.059375
0 0.75 0.565625 0.14375 0.053125
0 0.75703125 0.6140625 0.1390625 0.0515625
0 0.7609375 0.6625 0.1390625 0.0515625
0 0.75625 0.71484375 0.121875 0.0625
0 0.75859375 0.7703125 0.1359375 0.0546875
0 0.7609375 0.82578125 0.1375 0.0546875
0 0.7578125 0.88046875 0.140625 0.05625
0 0.7515625 0.9328125 0.134375 0.0578125
0 0.8546875 0.2015625 0.1375 0.0828125
0 0.84765625 0.253125 0.1421875 0.0703125
0 0.8484375 0.30703125 0.1375 0.06875
0 0.846875 0.3609375 0.1359375 0.0625
0 0.8484375 0.4109375 0.13125 0.05
0 0.859375 0.45 0.103125 0.0375
0 0.8546875 0.48359375 0.1296875 0.0546875
0 0.8546875 0.534375 0.140625 0.059375
0 0.8609375 0.58046875 0.1234375 0.0484375
0 0.8546875 0.62734375 0.14375 0.05625
0 0.8546875 0.67890625 0.140625 0.065625
0 0.85390625 0.73515625 0.14375 0.059375
0 0.85703125 0.78515625 0.125 0.05625
0 0.85078125 0.83515625 0.125 0.05625
0 0.8578125 0.8859375 0.128125 0.05625
0 0.85234375 0.9328125 0.1328125 0.0515625