0 0.31015625 0.2796875 0.075 0.0359375
0 0.3046875 0.3109375 0.075 0.0265625
0 0.3078125 0.33984375 0.0765625 0.0359375
0 0.30703125 0.36875 0.0796875 0.040625
0 0.3078125 0.403125 0.078125 0.0359375
0 0.309375 0.43359375 0.0765625 0.034375
0 0.30625 0.4578125 0.078125 0.0359375
0 0.3015625 0.48828125 0.078125 0.0359375
0 0.30078125 0.5171875 0.0765625 0.0328125
0 0.30078125 0.54609375 0.075 0.0328125
0 0.29921875 0.575 0.078125 0.0296875
0 0.3 0.60546875 0.075 0.028125
0 0.29765625 0.63203125 0.071875 0.03125
0 0.3 0.65859375 0.0765625 0.0234375
0 0.29921875 0.6859375 0.071875 0.025
0 0.2984375 0.71171875 0.0703125 0.028125
0 0.29609375 0.7375 0.075 0.0234375
0 0.29609375 0.76953125 0.0734375 0.03125
0 0.2984375 0.8 0.0703125 0.0296875
0 0.37421875 0.303125 0.06875 0.040625
0 0.38125 0.33515625 0.06875 0.03125
0 0.38203125 0.36328125 0.0734375 0.0375
0 0.37890625 0.39296875 0.075 0.0359375
0 0.37890625 0.42421875 0.0703125 0.034375
0 0.37890625 0.4546875 0.071875 0.0359375
0 0.3765625 0.48203125 0.071875 0.0328125
0 0.375 0.51328125 0.0765625 0.0359375
0 0.37578125 0.540625 0.075 0.034375
0 0.371875 0.57421875 0.06875 0.0375
0 0.37265625 0.6 0.0703125 0.0375
0 0.37265625 0.62734375 0.0734375 0.0359375
0 0.371875 0.65546875 0.0671875 0.0390625
0 0.371875 0.68125 0.0734375 0.0390625
0 0.3703125 0.71171875 0.0703125 0.0390625
0 0.36796875 0.7390625 0.06875 0.0421875
0 0.37109375 0.7671875 0.06875 0.04375
0 0.37109375 0.79609375 0.0734375 0.0421875
0 0.42421875 0.28203125 0.0734375 0.0390625
0 0.43125 0.3203125 0.0703125 0.0390625
0 0.44921875 0.3546875 0.0671875 0.0296875
0 0.4484375 0.3859375 0.06875 0.0375
0 0.446875 0.41640625 0.065625 0.0359375
0 0.4484375 0.4484375 0.0734375 0.0359375
0 0.446875 0.4796875 0.071875 0.034375
0 0.4453125 0.509375 0.071875 0.0328125
0 0.44375 0.5375 0.071875 0.028125
0 0.440625 0.56640625 0.071875 0.034375
0 0.440625 0.59609375 0.0703125 0.0296875
0 0.44140625 0.62578125 0.0671875 0.0359375
0 0.4421875 0.6546875 0.0703125 0.0328125
0 0.44296875 0.68359375 0.0734375 0.034375
0 0.43828125 0.7140625 0.0765625 0.0328125
0 0.43828125 0.740625 0.071875 0.028125
0 0.4390625 0.7703125 0.071875 0.028125
0 0.44140625 0.8 0.06875 0.028125
0 0.528125 0.28125 0.06875 0.0515625
0 0.48203125 0.3015625 0.0578125 0.0296875
0 0.4953125 0.3359375 0.078125 0.0390625
0 0.50625 0.37109375 0.0671875 0.03125
0 0.51171875 0.403125 0.06875 0.0375
0 0.51171875 0.43515625 0.0671875 0.03125
0 0.50859375 0.46640625 0.06875 0.0359375
0 0.51015625 0.4984375 0.0640625 0.028125
0 0.509375 0.52734375 0.0671875 0.03125
0 0.509375 0.5546875 0.0671875 0.0328125
0 0.5078125 0.58828125 0.0671875 0.0328125
0 0.50625 0.6140625 0.06875 0.028125
0 0.50859375 0.6453125 0.0734375 0.03125
0 0.51328125 0.6765625 0.0703125 0.028125
0 0.50625 0.703125 0.0703125 0.0296875
0 0.5078125 0.73125 0.0703125 0.03125
0 0.50859375 0.759375 0.0640625 0.028125
0 0.5046875 0.79296875 0.0625 0.0421875
0 0.546875 0.315625 0.0671875 0.03125
0 0.56015625 0.3453125 0.06875 0.0421875
0 0.56875 0.36796875 0.065625 0.046875
0 0.57578125 0.39296875 0.0640625 0.0375
0 0.5734375 0.4265625 0.0625 0.034375
0 0.57265625 0.45625 0.0671875 0.034375
0 0.57421875 0.48515625 0.0671875 0.0296875
0 0.57734375 0.5140625 0.065625 0.028125
0 0.5734375 0.54375 0.0671875 0.028125
0 0.5734375 0.57265625 0.06875 0.0328125
0 0.57265625 0.60078125 0.0671875 0.0328125
0 0.5734375 0.6265625 0.0625 0.0296875
0 0.575 0.65234375 0.0640625 0.0328125
0 0.57578125 0.6828125 0.06875 0.0390625
0 0.57578125 0.7109375 0.065625 0.0375
0 0.571875 0.7390625 0.0703125 0.0359375
0 0.571875 0.76640625 0.0671875 0.0296875
0 0.5734375 0.7953125 0.0671875 0.0265625
0 0.61484375 0.29765625 0.0703125 0.0359375
0 0.6203125 0.32421875 0.06875 0.034375
0 0.63125 0.35390625 0.065625 0.03125
0 0.634375 0.384375 0.0640625 0.0359375
0 0.634375 0.4125 0.065625 0.0296875
0 0.63828125 0.440625 0.0671875 0.034375
0 0.6375 0.46796875 0.0703125 0.03125
0 0.6390625 0.4953125 0.0671875 0.028125
0 0.63828125 0.52265625 0.065625 0.0328125
0 0.63984375 0.55 0.0671875 0.0359375
0 0.6390625 0.5734375 0.065625 0.0390625
0 0.63828125 0.60390625 0.0671875 0.0390625
0 0.63671875 0.63125 0.0640625 0.0421875
0 0.6390625 0.65234375 0.065625 0.04375
0 0.640625 0.68046875 0.0625 0.0515625
0 0.6375 0.70625 0.065625 0.0390625
0 0.63828125 0.7328125 0.065625 0.040625
0 0.63671875 0.7578125 0.065625 0.0328125
0 0.63671875 0.7890625 0.0625 0.0296875