0 0.30234375 0.84921875 0.1296875 0.0421875
0 0.2890625 0.81015625 0.1171875 0.04375
0 0.2875 0.771875 0.1140625 0.0390625
0 0.28671875 0.73046875 0.1109375 0.046875
0 0.28515625 0.690625 0.1109375 0.04375
0 0.28671875 0.65625 0.1125 0.04375
0 0.2828125 0.61484375 0.1046875 0.05
0 0.28515625 0.56953125 0.1078125 0.0515625
0 0.284375 0.5265625 0.10625 0.0453125
0 0.28671875 0.48828125 0.109375 0.0421875
0 0.28359375 0.44140625 0.1015625 0.05625
0 0.2859375 0.39609375 0.10625 0.0515625
0 0.28984375 0.3546875 0.1125 0.0375
0 0.290625 0.31328125 0.1109375 0.05
0 0.2921875 0.26640625 0.109375 0.053125
0 0.2921875 0.2171875 0.1015625 0.0859375
0 0.39609375 0.83671875 0.11875 0.0515625
0 0.3828125 0.7953125 0.1234375 0.05
0 0.37890625 0.76171875 0.1171875 0.046875
0 0.36875 0.721875 0.125 0.0484375
0 0.3640625 0.67734375 0.11875 0.04375
0 0.36640625 0.63515625 0.121875 0.04375
0 0.36171875 0.59296875 0.1203125 0.0421875
0 0.3546875 0.54921875 0.1140625 0.0484375
0 0.3578125 0.50859375 0.1234375 0.0359375
0 0.3609375 0.46796875 0.11875 0.0484375
0 0.35625 0.421875 0.115625 0.0484375
0 0.3640625 0.37578125 0.1171875 0.046875
0 0.3765625 0.3296875 0.1171875 0.0484375
0 0.371875 0.2859375 0.1125 0.0421875
0 0.36953125 0.2375 0.109375 0.059375
0 0.4625 0.82734375 0.1234375 0.05
0 0.4609375 0.78671875 0.115625 0.0390625
0 0.45625 0.74453125 0.1171875 0.0515625
0 0.44765625 0.69921875 0.1203125 0.0421875
0 0.45078125 0.65546875 0.1171875 0.046875
0 0.45703125 0.609375 0.11875 0.046875
0 0.446875 0.5671875 0.1203125 0.0421875
0 0.4453125 0.5265625 0.1171875 0.04375
0 0.44453125 0.4859375 0.115625 0.0421875
0 0.44921875 0.44375 0.1171875 0.046875
0 0.434375 0.4015625 0.115625 0.040625
0 0.44765625 0.36015625 0.1140625 0.0453125
0 0.4484375 0.309375 0.1125 0.0546875
0 0.45078125 0.25546875 0.109375 0.05625
0 0.44140625 0.20859375 0.103125 0.046875
0 0.53515625 0.840625 0.11875 0.034375
0 0.53671875 0.803125 0.121875 0.046875
0 0.5421875 0.75625 0.1140625 0.05
0 0.525 0.71015625 0.11875 0.0546875
0 0.53828125 0.66640625 0.109375 0.046875
0 0.5375 0.62890625 0.115625 0.0484375
0 0.5375 0.5828125 0.115625 0.046875
0 0.5296875 0.54609375 0.1140625 0.034375
0 0.53125 0.509375 0.11875 0.04375
0 0.52734375 0.46484375 0.1125 0.0484375
0 0.52890625 0.4203125 0.115625 0.0453125
0 0.51953125 0.38125 0.1140625 0.0375
0 0.5140625 0.3375 0.1125 0.053125
0 0.51171875 0.28671875 0.109375 0.0546875
0 0.52265625 0.2421875 0.1109375 0.046875
0 0.53984375 0.20546875 0.109375 0.046875
0 0.609375 0.825 0.1171875 0.046875
0 0.6125 0.7796875 0.1140625 0.046875
0 0.60703125 0.73203125 0.1140625 0.0546875
0 0.60703125 0.6875 0.11875 0.0484375
0 0.62578125 0.6421875 0.1171875 0.0484375
0 0.615625 0.60078125 0.121875 0.0390625
0 0.61484375 0.5640625 0.1109375 0.0390625
0 0.60703125 0.52734375 0.1125 0.0390625
0 0.60859375 0.48515625 0.1140625 0.0484375
0 0.60390625 0.44140625 0.115625 0.0421875
0 0.6 0.40078125 0.109375 0.0390625
0 0.596875 0.359375 0.109375 0.0484375
0 0.5875 0.3140625 0.109375 0.053125
0 0.59453125 0.2734375 0.103125 0.05
0 0.59609375 0.23671875 0.1046875 0.04375
0 0.6859375 0.825 0.1015625 0.0421875
0 0.67890625 0.78671875 0.1171875 0.0453125
0 0.6859375 0.7453125 0.115625 0.05
0 0.69140625 0.703125 0.1078125 0.0484375
0 0.68515625 0.66640625 0.11875 0.040625
0 0.69609375 0.62421875 0.1109375 0.046875
0 0.69296875 0.58203125 0.1125 0.04375
0 0.68671875 0.54375 0.1140625 0.0359375
0 0.68671875 0.5046875 0.1171875 0.046875
0 0.6828125 0.46328125 0.1125 0.040625
0 0.68125 0.421875 0.1078125 0.04375
0 0.68046875 0.38125 0.109375 0.0453125
0 0.6703125 0.340625 0.10625 0.0484375
0 0.665625 0.303125 0.10625 0.0453125
0 0.67109375 0.2609375 0.10625 0.0453125
0 0.646875 0.21875 0.1015625 0.0453125
0 0.72890625 0.2046875 0.1125 0.075
0 0.75859375 0.821875 0.1109375 0.046875
0 0.75703125 0.7875 0.109375 0.040625
0 0.7609375 0.75078125 0.103125 0.04375
0 0.75703125 0.71328125 0.109375 0.0484375
0 0.7609375 0.6703125 0.1 0.04375
0 0.7578125 0.6421875 0.1015625 0.0421875
0 0.7609375 0.60546875 0.103125 0.046875
0 0.759375 0.56328125 0.1046875 0.04375
0 0.75625 0.52109375 0.1015625 0.040625
0 0.7546875 0.48203125 0.103125 0.040625
0 0.75390625 0.44296875 0.1 0.040625
0 0.7515625 0.4015625 0.1 0.0421875
0 0.7484375 0.3625 0.1 0.0390625
0 0.74609375 0.328125 0.0984375 0.0390625
0 0.7390625 0.29296875 0.1015625 0.0484375
0 0.740625 0.25234375 0.096875 0.0671875