0 0.615625 0.19921875 0.0953125 0.0890625
0 0.70625 0.16796875 0.0984375 0.0546875
0 0.23984375 0.4796875 0.1078125 0.0515625
0 0.2375 0.65234375 0.1046875 0.0546875
0 0.2359375 0.56640625 0.10625 0.05
0 0.440625 0.221875 0.1046875 0.065625
0 0.71171875 0.21640625 0.1078125 0.05
0 0.25625 0.30703125 0.109375 0.0625
0 0.3359375 0.77734375 0.1046875 0.0640625
0 0.33984375 0.69296875 0.1078125 0.05
0 0.43984375 0.503125 0.109375 0.053125
0 0.2375 0.6953125 0.10625 0.053125
0 0.7390625 0.66640625 0.10625 0.05
0 0.24140625 0.3921875 0.1046875 0.0640625
0 0.53828125 0.3890625 0.109375 0.065625
0 0.6390625 0.5921875 0.1125 0.0515625
0 0.64375 0.50234375 0.109375 0.059375
0 0.7453125 0.50078125 0.1046875 0.05625
0 0.25390625 0.265625 0.1109375 0.05625
0 0.2390625 0.7390625 0.1078125 0.0515625
0 0.34296875 0.521875 0.10625 0.053125
0 0.34140625 0.43046875 0.10625 0.05
0 0.25078125 0.22421875 0.1015625 0.0421875
0 0.4359375 0.59609375 0.1109375 0.053125
0 0.5359375 0.61328125 0.1046875 0.0640625
0 0.52578125 0.24609375 0.1015625 0.0703125
0 0.528125 0.2875 0.1015625 0.0671875
0 0.3359375 0.5625 0.10625 0.0484375
0 0.33046875 0.60234375 0.103125 0.0453125
0 0.6453125 0.54609375 0.10625 0.0515625
0 0.53984375 0.56328125 0.10625 0.06875
0 0.634375 0.71328125 0.109375 0.059375
0 0.5484375 0.43515625 0.103125 0.059375
0 0.240625 0.78046875 0.1046875 0.046875
0 0.346875 0.3921875 0.109375 0.053125
0 0.728125 0.33359375 0.103125 0.0484375
0 0.43671875 0.76640625 0.10625 0.0546875
0 0.62734375 0.3328125 0.1078125 0.059375
0 0.4359375 0.5515625 0.109375 0.053125
0 0.54140625 0.3359375 0.0984375 0.0671875
0 0.52890625 0.20078125 0.0984375 0.0609375
0 0.6453125 0.41640625 0.1078125 0.0484375
0 0.72890625 0.25859375 0.103125 0.0453125
0 0.73828125 0.715625 0.10625 0.0546875
0 0.6234375 0.24765625 0.109375 0.065625
0 0.63125 0.29140625 0.10625 0.0671875
0 0.74140625 0.45703125 0.1046875 0.0609375
0 0.2453125 0.3484375 0.1046875 0.0703125
0 0.2390625 0.52265625 0.10625 0.05
0 0.33515625 0.64765625 0.09375 0.05
0 0.340625 0.209375 0.0984375 0.04375
0 0.73828125 0.37421875 0.1046875 0.0484375
0 0.346875 0.34453125 0.10625 0.0515625
0 0.53671875 0.6546875 0.1078125 0.05
0 0.24140625 0.85546875 0.10625 0.04375
0 0.63515625 0.63515625 0.1109375 0.04375
0 0.43671875 0.7203125 0.109375 0.0515625
0 0.44609375 0.42265625 0.1078125 0.053125
0 0.6390625 0.37421875 0.1015625 0.0578125
0 0.44140625 0.37734375 0.109375 0.053125
0 0.74453125 0.54609375 0.103125 0.046875
0 0.55 0.4765625 0.1046875 0.0546875
0 0.35 0.2515625 0.1046875 0.0484375
0 0.346875 0.2953125 0.109375 0.053125
0 0.64453125 0.4578125 0.1078125 0.0484375
0 0.346875 0.8640625 0.10625 0.0515625
0 0.24375 0.4375 0.103125 0.0515625
0 0.43359375 0.6390625 0.109375 0.0515625
0 0.53203125 0.7328125 0.1046875 0.059375
0 0.63515625 0.89296875 0.10625 0.0609375
0 0.2390625 0.815625 0.103125 0.0421875
0 0.53828125 0.52265625 0.1078125 0.065625
0 0.44609375 0.46328125 0.1078125 0.0484375
0 0.73828125 0.6234375 0.1046875 0.0453125
0 0.7265625 0.2953125 0.1046875 0.0484375
0 0.3421875 0.4734375 0.103125 0.0515625
0 0.3421875 0.7359375 0.109375 0.0578125
0 0.2390625 0.61015625 0.109375 0.0484375
0 0.6359375 0.671875 0.109375 0.05
0 0.4484375 0.85 0.1078125 0.05625
0 0.4421875 0.32578125 0.10625 0.0578125
0 0.6359375 0.75390625 0.109375 0.0515625
0 0.43828125 0.275 0.1078125 0.0515625
0 0.4265625 0.68046875 0.1078125 0.04375
0 0.45078125 0.89296875 0.10625 0.0546875
0 0.5328125 0.68984375 0.10625 0.04375
0 0.34296875 0.8234375 0.1109375 0.0546875
0 0.44140625 0.80703125 0.1046875 0.040625
0 0.74296875 0.58671875 0.103125 0.04375
0 0.53203125 0.7703125 0.0984375 0.0515625
0 0.54453125 0.809375 0.109375 0.05625
0 0.7328125 0.8203125 0.1046875 0.04375
0 0.4171875 0.175 0.096875 0.0578125
0 0.53359375 0.85234375 0.103125 0.0515625
0 0.734375 0.78515625 0.103125 0.0515625
0 0.25078125 0.890625 0.1 0.0390625
0 0.73984375 0.415625 0.096875 0.0453125
0 0.7296875 0.89140625 0.103125 0.0484375
0 0.72578125 0.8578125 0.1046875 0.0375
0 0.53671875 0.8953125 0.09375 0.053125
0 0.73203125 0.75390625 0.103125 0.0484375
0 0.35078125 0.9 0.1015625 0.04375
0 0.63046875 0.8265625 0.10625 0.046875
0 0.63515625 0.78984375 0.10625 0.0375
0 0.63125 0.8640625 0.1046875 0.034375