0 0.2046875 0.17265625 0.1546875 0.0671875
0 0.2015625 0.2328125 0.1484375 0.0484375
0 0.196875 0.265625 0.140625 0.05625
0 0.2 0.31328125 0.1421875 0.053125
0 0.20546875 0.3640625 0.1625 0.0421875
0 0.1890625 0.40234375 0.1265625 0.0609375
0 0.1953125 0.459375 0.15 0.05
0 0.1953125 0.503125 0.15 0.059375
0 0.184375 0.53984375 0.1390625 0.0625
0 0.1953125 0.58984375 0.15 0.071875
0 0.20078125 0.6375 0.15625 0.0625
0 0.19375 0.67734375 0.146875 0.0578125
0 0.20234375 0.71875 0.165625 0.0390625
0 0.19609375 0.765625 0.1453125 0.0765625
0 0.19609375 0.80234375 0.1390625 0.071875
0 0.20546875 0.84921875 0.1734375 0.078125
0 0.19765625 0.875 0.1453125 0.065625
0 0.30703125 0.2 0.1421875 0.075
0 0.31953125 0.25546875 0.15 0.040625
0 0.30625 0.29765625 0.15 0.0609375
0 0.30625 0.34140625 0.15 0.0609375
0 0.309375 0.3953125 0.14375 0.05625
0 0.3 0.43984375 0.16875 0.059375
0 0.31015625 0.48671875 0.1421875 0.0484375
0 0.30234375 0.540625 0.1671875 0.0609375
0 0.3203125 0.5796875 0.1515625 0.0515625
0 0.315625 0.6171875 0.159375 0.065625
0 0.3234375 0.665625 0.146875 0.0671875
0 0.30703125 0.71328125 0.1484375 0.0640625
0 0.32109375 0.75390625 0.1375 0.0703125
0 0.32109375 0.79921875 0.146875 0.0828125
0 0.32421875 0.8390625 0.134375 0.059375
0 0.3328125 0.88359375 0.1671875 0.04375
0 0.425 0.19375 0.1203125 0.078125
0 0.4359375 0.24921875 0.1421875 0.0625
0 0.4296875 0.2828125 0.1375 0.078125
0 0.42109375 0.33125 0.1484375 0.0671875
0 0.4109375 0.378125 0.146875 0.053125
0 0.42265625 0.42734375 0.146875 0.0625
0 0.42890625 0.478125 0.1609375 0.053125
0 0.44296875 0.5203125 0.14375 0.05
0 0.415625 0.56015625 0.140625 0.090625
0 0.459375 0.61171875 0.14375 0.059375
0 0.43515625 0.6625 0.15625 0.075
0 0.44453125 0.71484375 0.134375 0.078125
0 0.4421875 0.7453125 0.1359375 0.0703125
0 0.45859375 0.78515625 0.1359375 0.0765625
0 0.44375 0.81953125 0.115625 0.059375
0 0.46171875 0.86328125 0.1453125 0.059375
0 0.559375 0.1765625 0.15 0.059375
0 0.5484375 0.23046875 0.1546875 0.0515625
0 0.5546875 0.278125 0.15 0.065625
0 0.55078125 0.3234375 0.134375 0.0546875
0 0.5484375 0.37109375 0.14375 0.04375
0 0.54140625 0.40625 0.140625 0.05
0 0.5421875 0.44921875 0.1515625 0.05
0 0.54375 0.49765625 0.140625 0.0484375
0 0.540625 0.54453125 0.15 0.05
0 0.55390625 0.5859375 0.13125 0.0453125
0 0.55625 0.63359375 0.134375 0.046875
0 0.553125 0.68828125 0.1578125 0.04375
0 0.5515625 0.7296875 0.134375 0.04375
0 0.55546875 0.77265625 0.1328125 0.046875
0 0.56796875 0.81640625 0.1328125 0.053125
0 0.58203125 0.8578125 0.1390625 0.0625
0 0.6515625 0.19921875 0.125 0.05
0 0.65234375 0.24296875 0.1296875 0.0390625
0 0.66015625 0.2859375 0.1390625 0.046875
0 0.66015625 0.3328125 0.140625 0.0515625
0 0.66328125 0.3703125 0.1359375 0.053125
0 0.6609375 0.4078125 0.13125 0.0578125
0 0.64609375 0.4546875 0.1421875 0.0421875
0 0.6515625 0.4984375 0.128125 0.0671875
0 0.65 0.5359375 0.1359375 0.0671875
0 0.65234375 0.5671875 0.1375 0.059375
0 0.66875 0.6109375 0.1359375 0.059375
0 0.65859375 0.65234375 0.153125 0.040625
0 0.64453125 0.7 0.15 0.0453125
0 0.66484375 0.74296875 0.1484375 0.0421875
0 0.6640625 0.78203125 0.140625 0.0421875
0 0.6640625 0.8171875 0.1359375 0.04375
0 0.66015625 0.8671875 0.16875 0.059375
0 0.76015625 0.16484375 0.1375 0.05
0 0.765625 0.2171875 0.13125 0.05625
0 0.7640625 0.25546875 0.13125 0.05625
0 0.76484375 0.2921875 0.1359375 0.0453125
0 0.76484375 0.3296875 0.1296875 0.0375
0 0.77109375 0.3765625 0.1265625 0.0625
0 0.76640625 0.41796875 0.134375 0.04375
0 0.76875 0.46171875 0.1296875 0.0453125
0 0.76875 0.4953125 0.1296875 0.04375
0 0.76953125 0.53046875 0.1265625 0.0359375
0 0.7640625 0.5640625 0.134375 0.040625
0 0.7734375 0.61484375 0.11875 0.071875
0 0.76640625 0.65703125 0.1265625 0.0625
0 0.7671875 0.7 0.1375 0.065625
0 0.771875 0.7375 0.1078125 0.0703125
0 0.77421875 0.78515625 0.121875 0.06875
0 0.7671875 0.8234375 0.1296875 0.05
0 0.7703125 0.86015625 0.1296875 0.05