0 0.671875 0.11953125 0.1328125 0.0953125
0 0.32421875 0.14140625 0.1328125 0.0953125
0 0.7671875 0.5390625 0.115625 0.0875
0 0.76171875 0.60390625 0.1296875 0.08125
0 0.565625 0.12421875 0.1234375 0.090625
0 0.7703125 0.121875 0.1234375 0.0953125
0 0.49921875 0.559375 0.15 0.0625
0 0.21328125 0.778125 0.1421875 0.0765625
0 0.52734375 0.62421875 0.1390625 0.0796875
0 0.4171875 0.253125 0.1453125 0.08125
0 0.20390625 0.21328125 0.1359375 0.0984375
0 0.4421875 0.10703125 0.15 0.1015625
0 0.44765625 0.8109375 0.1375 0.090625
0 0.684375 0.51796875 0.1203125 0.0671875
0 0.75859375 0.18359375 0.121875 0.071875
0 0.59375 0.47265625 0.1296875 0.084375
0 0.515625 0.278125 0.15 0.075
0 0.5078125 0.70078125 0.140625 0.0765625
0 0.76171875 0.709375 0.109375 0.078125
0 0.396875 0.53671875 0.1515625 0.075
0 0.28984375 0.3 0.1453125 0.0828125
0 0.7640625 0.65546875 0.1109375 0.0765625
0 0.32421875 0.7671875 0.153125 0.0734375
0 0.3203125 0.43828125 0.146875 0.0765625
0 0.2046875 0.134375 0.140625 0.09375
0 0.41015625 0.60703125 0.1515625 0.0796875
0 0.6859375 0.24921875 0.1171875 0.096875
0 0.21875 0.9234375 0.1515625 0.0703125
0 0.5140625 0.2125 0.14375 0.071875
0 0.43203125 0.89375 0.14375 0.10625
0 0.59921875 0.53984375 0.1390625 0.071875
0 0.41484375 0.46171875 0.1515625 0.075
0 0.21015625 0.60859375 0.14375 0.075
0 0.3171875 0.21875 0.1578125 0.0859375
0 0.41796875 0.7421875 0.1375 0.0671875
0 0.209375 0.48125 0.1453125 0.06875
0 0.20390625 0.27421875 0.134375 0.1078125
0 0.67734375 0.1875 0.121875 0.0921875
0 0.76484375 0.36875 0.1171875 0.0640625
0 0.5921875 0.6 0.1359375 0.0765625
0 0.58671875 0.190625 0.1375 0.0796875
0 0.21015625 0.3515625 0.1453125 0.0921875
0 0.49765625 0.49296875 0.140625 0.0796875
0 0.3125 0.50390625 0.15625 0.078125
0 0.76640625 0.48359375 0.1171875 0.065625
0 0.77109375 0.3125 0.128125 0.06875
0 0.5109375 0.425 0.153125 0.06875
0 0.67734375 0.37890625 0.1328125 0.08125
0 0.76171875 0.7671875 0.11875 0.09375
0 0.67109375 0.76328125 0.121875 0.0796875
0 0.42578125 0.17265625 0.14375 0.06875
0 0.3265625 0.57578125 0.153125 0.0734375
0 0.50859375 0.8390625 0.1328125 0.078125
0 0.33984375 0.8609375 0.1484375 0.0640625
0 0.684375 0.31953125 0.1171875 0.0890625
0 0.41171875 0.321875 0.1515625 0.075
0 0.53125 0.76875 0.140625 0.0625
0 0.3265625 0.36875 0.1515625 0.0796875
0 0.21171875 0.415625 0.153125 0.08125
0 0.44296875 0.67109375 0.1484375 0.075
0 0.32890625 0.703125 0.15 0.0671875
0 0.7671875 0.4265625 0.125 0.0640625
0 0.6015625 0.26171875 0.14375 0.075
0 0.68671875 0.57734375 0.128125 0.071875
0 0.6 0.396875 0.140625 0.071875
0 0.590625 0.8046875 0.1265625 0.065625
0 0.51796875 0.35078125 0.1375 0.078125
0 0.7640625 0.8265625 0.1109375 0.096875
0 0.4234375 0.39296875 0.153125 0.0796875
0 0.60390625 0.73125 0.1328125 0.0625
0 0.678125 0.7 0.134375 0.0546875
0 0.67734375 0.83125 0.128125 0.0984375
0 0.21171875 0.546875 0.1453125 0.0703125
0 0.209375 0.665625 0.1375 0.0609375
0 0.76875 0.2453125 0.11875 0.065625
0 0.6734375 0.88046875 0.10625 0.0828125
0 0.60390625 0.33125 0.1453125 0.0625
0 0.68046875 0.4484375 0.140625 0.0671875
0 0.22109375 0.71171875 0.1515625 0.0625
0 0.590625 0.6734375 0.1359375 0.0625
0 0.33203125 0.64453125 0.15625 0.0703125
0 0.21875 0.878125 0.134375 0.078125
0 0.52265625 0.90390625 0.140625 0.0609375
0 0.66796875 0.64453125 0.1296875 0.059375
0 0.31953125 0.91171875 0.1078125 0.05625
0 0.2109375 0.82421875 0.125 0.05625
0 0.58203125 0.8703125 0.10625 0.0609375
0 0.33359375 0.81640625 0.1578125 0.0671875
0 0.7640625 0.8765625 0.1203125 0.1015625
0 0.77890625 0.85859375 0.0875 0.071875