0 0.7234375 0.08359375 0.20625 0.071875
0 0.4765625 0.1296875 0.1515625 0.078125
0 0.83515625 0.859375 0.1703125 0.0515625
0 0.20234375 0.26171875 0.16875 0.05625
0 0.6125 0.38515625 0.159375 0.0578125
0 0.8484375 0.1078125 0.146875 0.0546875
0 0.59296875 0.1140625 0.165625 0.0984375
0 0.203125 0.6625 0.1625 0.05625
0 0.60859375 0.76796875 0.153125 0.0671875
0 0.6015625 0.28515625 0.1734375 0.059375
0 0.47734375 0.25546875 0.1609375 0.0703125
0 0.859375 0.68828125 0.1421875 0.0703125
0 0.34453125 0.59921875 0.1703125 0.05625
0 0.4734375 0.5140625 0.1609375 0.09375
0 0.46640625 0.309375 0.165625 0.0640625
0 0.859375 0.45390625 0.15625 0.0671875
0 0.36484375 0.103125 0.171875 0.0640625
0 0.85625 0.59765625 0.15625 0.0609375
0 0.2 0.159375 0.1703125 0.0625
0 0.86328125 0.35234375 0.153125 0.0734375
0 0.6171875 0.58515625 0.1640625 0.0578125
0 0.4828125 0.19765625 0.1640625 0.065625
0 0.725 0.859375 0.15 0.071875
0 0.34375 0.25234375 0.1703125 0.0734375
0 0.6140625 0.49140625 0.1640625 0.075
0 0.49453125 0.77890625 0.15 0.0734375
0 0.209375 0.1078125 0.1609375 0.059375
0 0.7265625 0.546875 0.1546875 0.0578125
0 0.86484375 0.25703125 0.1578125 0.065625
0 0.85625 0.4015625 0.146875 0.0546875
0 0.73046875 0.2546875 0.153125 0.065625
0 0.62265625 0.4421875 0.165625 0.0703125
0 0.33125 0.45625 0.1765625 0.0671875
0 0.60390625 0.3375 0.1671875 0.05625
0 0.85390625 0.15703125 0.1484375 0.053125
0 0.20078125 0.2125 0.1734375 0.059375
0 0.33515625 0.6984375 0.1703125 0.0703125
0 0.85859375 0.51640625 0.153125 0.0734375
0 0.6140625 0.23203125 0.1640625 0.0640625
0 0.490625 0.359375 0.165625 0.0578125
0 0.7375 0.39296875 0.1640625 0.065625
0 0.34765625 0.64921875 0.1640625 0.0578125
0 0.59296875 0.625 0.1484375 0.0484375
0 0.196875 0.31953125 0.1671875 0.065625
0 0.21171875 0.7625 0.1734375 0.0734375
0 0.19765625 0.4625 0.165625 0.0546875
0 0.86015625 0.20625 0.153125 0.0609375
0 0.48828125 0.41484375 0.171875 0.0546875
0 0.2078125 0.51875 0.1734375 0.0546875
0 0.20546875 0.5640625 0.1703125 0.0484375
0 0.3296875 0.3140625 0.178125 0.0828125
0 0.72109375 0.14609375 0.165625 0.0609375
0 0.34375 0.75390625 0.1796875 0.078125
0 0.3296875 0.5078125 0.178125 0.0734375
0 0.34375 0.55703125 0.1625 0.0703125
0 0.74453125 0.50078125 0.1625 0.0625
0 0.61875 0.53984375 0.153125 0.0609375
0 0.20703125 0.715625 0.1609375 0.0625
0 0.20234375 0.60859375 0.1640625 0.0578125
0 0.47421875 0.65 0.153125 0.0859375
0 0.34296875 0.20234375 0.1765625 0.075
0 0.5984375 0.86484375 0.1640625 0.0671875
0 0.21875 0.8796875 0.1671875 0.0609375
0 0.7421875 0.3 0.1625 0.065625
0 0.7359375 0.2 0.15625 0.0609375
0 0.84765625 0.775 0.1515625 0.04375
0 0.86171875 0.309375 0.1546875 0.0703125
0 0.73515625 0.60625 0.16875 0.0875
0 0.60546875 0.675 0.1484375 0.059375
0 0.2046875 0.42421875 0.1703125 0.0578125
0 0.20234375 0.3734375 0.1671875 0.065625
0 0.846875 0.81484375 0.15625 0.05
0 0.853125 0.7296875 0.1578125 0.0609375
0 0.61015625 0.721875 0.140625 0.0671875
0 0.7375 0.3453125 0.1578125 0.0515625
0 0.359375 0.88046875 0.184375 0.046875
0 0.3515625 0.8421875 0.16875 0.05
0 0.6015625 0.18359375 0.1625 0.053125
0 0.721875 0.72578125 0.15 0.08125
0 0.34609375 0.15234375 0.171875 0.065625
0 0.33671875 0.4109375 0.1734375 0.065625
0 0.74921875 0.4484375 0.1640625 0.0734375
0 0.4796875 0.8578125 0.1359375 0.0515625
0 0.478125 0.5609375 0.15625 0.0828125
0 0.35078125 0.7921875 0.1609375 0.0546875
0 0.48046875 0.69453125 0.1671875 0.078125
0 0.6015625 0.8171875 0.15625 0.0546875
0 0.3359375 0.3578125 0.18125 0.0765625
0 0.475 0.82421875 0.16875 0.0703125
0 0.221875 0.85 0.1796875 0.0484375
0 0.73046875 0.6875 0.140625 0.071875
0 0.85625 0.646875 0.1578125 0.0640625
0 0.725 0.77578125 0.1515625 0.084375
0 0.4859375 0.45859375 0.15625 0.053125
0 0.21484375 0.81171875 0.1734375 0.046875
0 0.484375 0.73515625 0.1640625 0.071875
0 0.721875 0.8171875 0.159375 0.071875
0 0.48359375 0.59765625 0.14375 0.053125
0 0.8546875 0.55546875 0.1546875 0.04375
0 0.7265625 0.64375 0.1578125 0.0734375