0 0.2921875 0.2828125 0.0890625 0.0453125
0 0.2875 0.3234375 0.09375 0.040625
0 0.2859375 0.36640625 0.09375 0.0546875
0 0.2828125 0.4046875 0.0921875 0.0515625
0 0.2828125 0.44375 0.0953125 0.053125
0 0.27890625 0.48046875 0.0953125 0.05
0 0.2796875 0.51953125 0.0953125 0.0390625
0 0.275 0.553125 0.0921875 0.04375
0 0.27421875 0.58984375 0.09375 0.0515625
0 0.2734375 0.63046875 0.0984375 0.05625
0 0.2703125 0.67109375 0.0921875 0.0515625
0 0.271875 0.70546875 0.096875 0.0484375
0 0.26953125 0.74296875 0.09375 0.0453125
0 0.26875 0.7796875 0.0953125 0.0515625
0 0.26875 0.8140625 0.096875 0.0453125
0 0.2671875 0.8515625 0.09375 0.053125
0 0.26640625 0.88671875 0.096875 0.0421875
0 0.2671875 0.91953125 0.090625 0.0421875
0 0.37109375 0.30390625 0.0875 0.053125
0 0.36328125 0.3453125 0.0890625 0.0515625
0 0.3703125 0.3890625 0.0875 0.0546875
0 0.3703125 0.43359375 0.090625 0.0359375
0 0.36640625 0.471875 0.0921875 0.046875
0 0.365625 0.509375 0.0921875 0.040625
0 0.365625 0.5484375 0.0921875 0.040625
0 0.3640625 0.5890625 0.09375 0.04375
0 0.36328125 0.62734375 0.0921875 0.04375
0 0.36484375 0.66484375 0.09375 0.0390625
0 0.359375 0.7015625 0.0890625 0.0421875
0 0.3640625 0.740625 0.090625 0.0484375
0 0.3640625 0.77890625 0.09375 0.04375
0 0.3609375 0.8125 0.090625 0.0421875
0 0.35625 0.85078125 0.0875 0.046875
0 0.359375 0.8859375 0.090625 0.040625
0 0.3578125 0.91796875 0.0875 0.0453125
0 0.45390625 0.29375 0.08125 0.03125
0 0.44453125 0.32890625 0.08125 0.0453125
0 0.44921875 0.3734375 0.090625 0.0515625
0 0.440625 0.415625 0.0921875 0.040625
0 0.45 0.45625 0.0921875 0.04375
0 0.45 0.4953125 0.0875 0.0390625
0 0.45 0.53515625 0.09375 0.0421875
0 0.44609375 0.5703125 0.0890625 0.040625
0 0.44765625 0.60859375 0.0890625 0.0390625
0 0.4484375 0.6484375 0.09375 0.040625
0 0.45 0.68828125 0.090625 0.0453125
0 0.446875 0.72578125 0.0875 0.0390625
0 0.44921875 0.76328125 0.0875 0.046875
0 0.45078125 0.8015625 0.09375 0.0390625
0 0.44453125 0.8390625 0.0875 0.0390625
0 0.4453125 0.8765625 0.096875 0.04375
0 0.44375 0.91796875 0.0875 0.0421875
0 0.53515625 0.321875 0.0875 0.0375
0 0.53515625 0.3609375 0.084375 0.0390625
0 0.521875 0.39375 0.09375 0.034375
0 0.53515625 0.43359375 0.0875 0.0421875
0 0.53671875 0.4765625 0.090625 0.0375
0 0.534375 0.51484375 0.09375 0.0390625
0 0.534375 0.55078125 0.0890625 0.046875
0 0.5328125 0.5875 0.090625 0.0359375
0 0.5328125 0.62578125 0.084375 0.0421875
0 0.5359375 0.6625 0.08125 0.0390625
0 0.5328125 0.696875 0.08125 0.0484375
0 0.534375 0.73203125 0.078125 0.0515625
0 0.5296875 0.77109375 0.0875 0.0421875
0 0.5296875 0.8109375 0.09375 0.0453125
0 0.51953125 0.84140625 0.09375 0.046875
0 0.52109375 0.8796875 0.0875 0.0515625
0 0.53125 0.91328125 0.0859375 0.0515625
0 0.6109375 0.30234375 0.0796875 0.046875
0 0.61640625 0.33984375 0.08125 0.040625
0 0.6140625 0.37578125 0.0859375 0.040625
0 0.6078125 0.41328125 0.0828125 0.040625
0 0.6078125 0.4515625 0.084375 0.0453125
0 0.61484375 0.48984375 0.08125 0.0375
0 0.6171875 0.5265625 0.084375 0.0421875
0 0.61796875 0.56640625 0.0828125 0.0421875
0 0.61796875 0.603125 0.090625 0.0359375
0 0.61796875 0.6390625 0.0828125 0.0390625
0 0.621875 0.67265625 0.0859375 0.0421875
0 0.615625 0.709375 0.0828125 0.040625
0 0.61171875 0.74296875 0.0859375 0.04375
0 0.61015625 0.78046875 0.0828125 0.04375
0 0.61796875 0.81796875 0.0859375 0.0359375
0 0.60390625 0.85234375 0.0859375 0.0421875
0 0.61171875 0.88125 0.0828125 0.0609375
0 0.6140625 0.909375 0.078125 0.053125
0 0.68828125 0.32421875 0.08125 0.046875
0 0.69375 0.36171875 0.075 0.03125
0 0.696875 0.39609375 0.0828125 0.0390625
0 0.69296875 0.43046875 0.0859375 0.040625
0 0.69296875 0.46640625 0.0796875 0.040625
0 0.69609375 0.4984375 0.084375 0.0359375
0 0.7 0.53671875 0.0828125 0.0359375
0 0.70234375 0.575 0.08125 0.0390625
0 0.6984375 0.609375 0.078125 0.0375
0 0.69921875 0.64375 0.08125 0.0390625
0 0.7 0.68046875 0.08125 0.04375
0 0.69921875 0.71875 0.0859375 0.0359375
0 0.69765625 0.75234375 0.0796875 0.040625
0 0.69765625 0.7859375 0.0859375 0.0328125
0 0.6953125 0.81953125 0.084375 0.0390625
0 0.6921875 0.8453125 0.0859375 0.0390625
0 0.69140625 0.8796875 0.0859375 0.0453125
0 0.6890625 0.91328125 0.0828125 0.040625