0 0.23984375 0.15859375 0.121875 0.071875
0 0.23984375 0.2125 0.1203125 0.0515625
0 0.23828125 0.2609375 0.1265625 0.046875
0 0.23984375 0.31640625 0.1296875 0.05
0 0.23046875 0.36875 0.1203125 0.0546875
0 0.23046875 0.415625 0.1171875 0.046875
0 0.23671875 0.4609375 0.121875 0.04375
0 0.2421875 0.50078125 0.125 0.0546875
0 0.24375 0.5390625 0.1296875 0.05
0 0.23671875 0.57578125 0.125 0.0546875
0 0.23984375 0.62109375 0.121875 0.0515625
0 0.2421875 0.675 0.125 0.0578125
0 0.24296875 0.71796875 0.121875 0.05
0 0.2453125 0.7578125 0.125 0.05
0 0.24375 0.79921875 0.13125 0.046875
0 0.24921875 0.840625 0.1328125 0.05
0 0.3390625 0.12109375 0.1328125 0.0609375
0 0.33515625 0.1765625 0.134375 0.040625
0 0.33515625 0.22578125 0.125 0.046875
0 0.3140625 0.27890625 0.1140625 0.0484375
0 0.30390625 0.3359375 0.1203125 0.053125
0 0.3171875 0.3859375 0.1203125 0.053125
0 0.33125 0.428125 0.134375 0.05
0 0.31640625 0.48046875 0.1046875 0.0515625
0 0.321875 0.52265625 0.1234375 0.0375
0 0.3234375 0.56328125 0.128125 0.046875
0 0.3234375 0.609375 0.1265625 0.0453125
0 0.32578125 0.65625 0.1328125 0.05625
0 0.3375 0.70859375 0.1390625 0.053125
0 0.3296875 0.75234375 0.1265625 0.0390625
0 0.34296875 0.79140625 0.1140625 0.0484375
0 0.340625 0.84140625 0.1296875 0.071875
0 0.41328125 0.14453125 0.1109375 0.03125
0 0.40859375 0.1921875 0.1359375 0.05
0 0.41328125 0.24921875 0.1359375 0.05
0 0.4015625 0.29296875 0.125 0.05
0 0.4078125 0.340625 0.128125 0.046875
0 0.415625 0.39296875 0.125 0.0515625
0 0.41328125 0.44609375 0.1296875 0.0578125
0 0.41875 0.496875 0.1328125 0.0359375
0 0.4171875 0.54609375 0.1296875 0.046875
0 0.41484375 0.59765625 0.125 0.0515625
0 0.4171875 0.64921875 0.1359375 0.053125
0 0.4359375 0.6984375 0.1296875 0.05
0 0.421875 0.7375 0.1390625 0.0421875
0 0.4265625 0.78046875 0.128125 0.0421875
0 0.403125 0.82578125 0.15625 0.0515625
0 0.50234375 0.85546875 0.1453125 0.053125
0 0.5140625 0.80078125 0.1375 0.0578125
0 0.49375 0.11796875 0.1484375 0.034375
0 0.4984375 0.165625 0.14375 0.0484375
0 0.5046875 0.2171875 0.13125 0.0546875
0 0.51640625 0.26640625 0.1328125 0.0484375
0 0.503125 0.31015625 0.1328125 0.046875
0 0.50390625 0.35546875 0.1328125 0.046875
0 0.50078125 0.40703125 0.125 0.053125
0 0.496875 0.4640625 0.140625 0.05
0 0.496875 0.51875 0.128125 0.053125
0 0.50625 0.5734375 0.1375 0.0515625
0 0.503125 0.628125 0.1375 0.046875
0 0.5203125 0.6828125 0.1359375 0.0515625
0 0.5234375 0.72265625 0.115625 0.03125
0 0.50703125 0.75703125 0.1140625 0.0296875
0 0.5859375 0.13359375 0.1234375 0.0484375
0 0.59921875 0.18984375 0.146875 0.05625
0 0.59765625 0.2421875 0.109375 0.040625
0 0.62421875 0.29296875 0.1203125 0.05625
0 0.6046875 0.3328125 0.1359375 0.05
0 0.59609375 0.37265625 0.1328125 0.0625
0 0.5875 0.43515625 0.1328125 0.0515625
0 0.57734375 0.48359375 0.1328125 0.0421875
0 0.590625 0.5375 0.1453125 0.0546875
0 0.60390625 0.59296875 0.125 0.05625
0 0.603125 0.6484375 0.1265625 0.05
0 0.62109375 0.69765625 0.1546875 0.04375
0 0.60234375 0.7375 0.1265625 0.0390625
0 0.59296875 0.78203125 0.125 0.053125
0 0.61171875 0.83828125 0.1375 0.05625
0 0.68984375 0.1015625 0.1359375 0.04375
0 0.70390625 0.15078125 0.140625 0.0625
0 0.70703125 0.21328125 0.1359375 0.05625
0 0.69921875 0.2671875 0.125 0.0703125
0 0.721875 0.32421875 0.125 0.05
0 0.6953125 0.37109375 0.125 0.059375
0 0.6890625 0.42109375 0.1296875 0.0578125
0 0.68203125 0.47109375 0.1359375 0.040625
0 0.678125 0.51328125 0.1359375 0.053125
0 0.6859375 0.5625 0.1359375 0.046875
0 0.70078125 0.6140625 0.1328125 0.0515625
0 0.70625 0.66796875 0.140625 0.046875
0 0.70703125 0.71328125 0.125 0.040625
0 0.70234375 0.75859375 0.125 0.046875
0 0.69140625 0.809375 0.1546875 0.04375
0 0.6828125 0.85625 0.1453125 0.0421875
0 0.7984375 0.140625 0.1328125 0.065625
0 0.79453125 0.190625 0.1359375 0.0390625
0 0.79765625 0.24375 0.1359375 0.0609375
0 0.80234375 0.29921875 0.128125 0.0625
0 0.79921875 0.35703125 0.140625 0.0546875
0 0.796875 0.4078125 0.14375 0.0390625
0 0.7984375 0.45234375 0.1453125 0.0453125
0 0.7984375 0.503125 0.1375 0.0421875
0 0.79453125 0.54375 0.1484375 0.05
0 0.7984375 0.5875 0.1421875 0.046875
0 0.8015625 0.628125 0.13125 0.0390625
0 0.796875 0.66875 0.1390625 0.0578125
0 0.79765625 0.72421875 0.128125 0.05625
0 0.79609375 0.76953125 0.1328125 0.046875
0 0.796875 0.8078125 0.128125 0.0546875
0 0.80234375 0.85078125 0.1125 0.0609375