0 0.23203125 0.32578125 0.09375 0.0625
0 0.21796875 0.36640625 0.075 0.0484375
0 0.21796875 0.39921875 0.0734375 0.0421875
0 0.21796875 0.43828125 0.0765625 0.0390625
0 0.2171875 0.47734375 0.0734375 0.0421875
0 0.2171875 0.51875 0.075 0.04375
0 0.21875 0.5578125 0.078125 0.0421875
0 0.2171875 0.59609375 0.075 0.0390625
0 0.2171875 0.63203125 0.078125 0.0390625
0 0.215625 0.6703125 0.0734375 0.0375
0 0.2125 0.709375 0.0734375 0.0421875
0 0.2125 0.7484375 0.0734375 0.040625
0 0.2140625 0.78203125 0.0734375 0.0421875
0 0.21875 0.8171875 0.0765625 0.0390625
0 0.28984375 0.3171875 0.0703125 0.0671875
0 0.28359375 0.37109375 0.0828125 0.05
0 0.27109375 0.41484375 0.0875 0.0453125
0 0.2765625 0.45546875 0.0828125 0.0421875
0 0.26796875 0.49296875 0.08125 0.0421875
0 0.2734375 0.53125 0.0796875 0.0421875
0 0.26875 0.57265625 0.08125 0.040625
0 0.271875 0.61328125 0.0796875 0.04375
0 0.27109375 0.65625 0.078125 0.04375
0 0.2734375 0.6984375 0.090625 0.046875
0 0.271875 0.73984375 0.0875 0.0421875
0 0.275 0.78125 0.0875 0.046875
0 0.2828125 0.8203125 0.0796875 0.0375
0 0.3625 0.3328125 0.075 0.0671875
0 0.334375 0.3890625 0.08125 0.046875
0 0.334375 0.42890625 0.08125 0.0453125
0 0.32734375 0.46796875 0.0828125 0.040625
0 0.3296875 0.50703125 0.08125 0.0421875
0 0.3203125 0.546875 0.0921875 0.0390625
0 0.32421875 0.590625 0.084375 0.046875
0 0.328125 0.63359375 0.0953125 0.04375
0 0.32734375 0.678125 0.084375 0.0484375
0 0.33125 0.7203125 0.0859375 0.04375
0 0.328125 0.7609375 0.0859375 0.0421875
0 0.3390625 0.803125 0.084375 0.046875
0 0.4328125 0.3171875 0.0859375 0.053125
0 0.39140625 0.359375 0.08125 0.0375
0 0.3828125 0.40234375 0.0828125 0.0453125
0 0.38046875 0.44765625 0.090625 0.0421875
0 0.3859375 0.48671875 0.084375 0.0390625
0 0.38125 0.52734375 0.084375 0.0421875
0 0.38359375 0.56796875 0.0875 0.04375
0 0.3828125 0.60625 0.0859375 0.0390625
0 0.38359375 0.65 0.09375 0.046875
0 0.3859375 0.69296875 0.0796875 0.0484375
0 0.39453125 0.7359375 0.0875 0.0421875
0 0.38359375 0.7765625 0.1 0.04375
0 0.3875 0.81796875 0.0921875 0.0421875
0 0.478125 0.3359375 0.0796875 0.0609375
0 0.4421875 0.39296875 0.0859375 0.04375
0 0.4359375 0.42890625 0.0890625 0.0359375
0 0.44140625 0.46640625 0.096875 0.0390625
0 0.43671875 0.50703125 0.090625 0.0390625
0 0.4421875 0.55 0.0953125 0.0421875
0 0.44140625 0.58828125 0.090625 0.0390625
0 0.43671875 0.628125 0.1015625 0.0390625
0 0.43828125 0.6703125 0.084375 0.04375
0 0.4390625 0.7125 0.09375 0.046875
0 0.4453125 0.75859375 0.09375 0.0484375
0 0.43828125 0.803125 0.0828125 0.04375
0 0.49375 0.3734375 0.0921875 0.04375
0 0.49921875 0.4140625 0.090625 0.0375
0 0.49921875 0.45234375 0.084375 0.0375
0 0.496875 0.4921875 0.0875 0.04375
0 0.4984375 0.53125 0.09375 0.0453125
0 0.5015625 0.571875 0.084375 0.0390625
0 0.5 0.61015625 0.08125 0.0390625
0 0.496875 0.65078125 0.0921875 0.0390625
0 0.496875 0.69140625 0.0953125 0.040625
0 0.49375 0.73125 0.0875 0.04375
0 0.50625 0.7828125 0.0953125 0.0578125
0 0.49140625 0.81796875 0.090625 0.046875
0 0.54375 0.32578125 0.09375 0.059375
0 0.5515625 0.3578125 0.0859375 0.0390625
0 0.55078125 0.3984375 0.0828125 0.0421875
0 0.55390625 0.4359375 0.0828125 0.0359375
0 0.5515625 0.471875 0.0828125 0.05
0 0.5515625 0.51328125 0.084375 0.0421875
0 0.55234375 0.553125 0.0828125 0.0421875
0 0.55234375 0.59375 0.08125 0.04375
0 0.5515625 0.63046875 0.0828125 0.0421875
0 0.55390625 0.6703125 0.075 0.0421875
0 0.5546875 0.71015625 0.0734375 0.04375
0 0.5484375 0.74609375 0.0859375 0.0421875
0 0.553125 0.7890625 0.075 0.053125
0 0.55078125 0.81953125 0.0828125 0.0421875