0 0.234375 0.1890625 0.090625 0.06875
0 0.240625 0.240625 0.11875 0.0484375
0 0.24453125 0.28515625 0.121875 0.0421875
0 0.23984375 0.33203125 0.109375 0.0609375
0 0.24453125 0.37265625 0.1109375 0.0453125
0 0.24140625 0.41640625 0.1203125 0.046875
0 0.23828125 0.4515625 0.121875 0.0390625
0 0.23671875 0.5015625 0.1109375 0.0515625
0 0.2375 0.5453125 0.1140625 0.04375
0 0.2328125 0.59296875 0.1140625 0.053125
0 0.2375 0.63984375 0.109375 0.04375
0 0.2328125 0.68515625 0.1140625 0.0484375
0 0.23359375 0.7265625 0.1140625 0.0609375
0 0.2328125 0.77890625 0.1140625 0.06875
0 0.23671875 0.81171875 0.1109375 0.0734375
0 0.2359375 0.84765625 0.1140625 0.05625
0 0.2375 0.89609375 0.1125 0.06875
0 0.3203125 0.1609375 0.115625 0.0609375
0 0.3359375 0.21875 0.1078125 0.0609375
0 0.3375 0.27109375 0.1078125 0.0484375
0 0.3359375 0.3140625 0.1078125 0.0484375
0 0.3390625 0.3640625 0.125 0.0453125
0 0.35234375 0.41484375 0.115625 0.0390625
0 0.35234375 0.46171875 0.1125 0.05625
0 0.35703125 0.496875 0.1140625 0.05
0 0.35078125 0.54921875 0.1140625 0.0484375
0 0.3484375 0.59453125 0.1140625 0.046875
0 0.35 0.6375 0.1078125 0.046875
0 0.34453125 0.68984375 0.1078125 0.059375
0 0.3515625 0.73046875 0.1140625 0.053125
0 0.34296875 0.78046875 0.1125 0.04375
0 0.346875 0.82421875 0.1125 0.046875
0 0.35 0.865625 0.1140625 0.046875
0 0.35234375 0.9078125 0.1171875 0.0484375
0 0.45390625 0.128125 0.121875 0.0609375
0 0.44140625 0.17890625 0.11875 0.0453125
0 0.4484375 0.21953125 0.1296875 0.0484375
0 0.45078125 0.259375 0.115625 0.0375
0 0.45078125 0.30234375 0.1171875 0.0453125
0 0.45234375 0.33984375 0.1203125 0.0375
0 0.46640625 0.3828125 0.125 0.0453125
0 0.465625 0.42734375 0.121875 0.0515625
0 0.4671875 0.48125 0.11875 0.046875
0 0.46484375 0.52421875 0.1078125 0.04375
0 0.4671875 0.58359375 0.11875 0.065625
0 0.46015625 0.628125 0.125 0.03125
0 0.453125 0.671875 0.121875 0.046875
0 0.46796875 0.72734375 0.128125 0.0546875
0 0.46171875 0.7765625 0.11875 0.046875
0 0.46015625 0.82109375 0.1140625 0.040625
0 0.4671875 0.86640625 0.11875 0.0421875
0 0.46640625 0.90546875 0.1125 0.0359375
0 0.55859375 0.175 0.115625 0.059375
0 0.56328125 0.215625 0.115625 0.053125
0 0.56796875 0.25234375 0.1203125 0.065625
0 0.56328125 0.2953125 0.1140625 0.0484375
0 0.565625 0.340625 0.1171875 0.0578125
0 0.57421875 0.38828125 0.0984375 0.0484375
0 0.57265625 0.4359375 0.0984375 0.0484375
0 0.56796875 0.48515625 0.1015625 0.0578125
0 0.55625 0.5359375 0.1203125 0.071875
0 0.58359375 0.58515625 0.125 0.071875
0 0.5671875 0.634375 0.1296875 0.0703125
0 0.5578125 0.6828125 0.1140625 0.0546875
0 0.578125 0.734375 0.1140625 0.0484375
0 0.575 0.7828125 0.115625 0.06875
0 0.5640625 0.81875 0.10625 0.0625
0 0.5671875 0.85859375 0.1046875 0.0671875
0 0.5734375 0.89609375 0.1015625 0.05625
0 0.67890625 0.121875 0.1171875 0.065625
0 0.6796875 0.17734375 0.1203125 0.059375
0 0.67734375 0.225 0.1171875 0.0453125
0 0.67421875 0.26640625 0.11875 0.0453125
0 0.67578125 0.30546875 0.121875 0.0421875
0 0.67734375 0.35078125 0.1171875 0.05
0 0.67265625 0.4015625 0.128125 0.0515625
0 0.67734375 0.45 0.1171875 0.0515625
0 0.675 0.4953125 0.121875 0.053125
0 0.6765625 0.53984375 0.121875 0.053125
0 0.69765625 0.59921875 0.1265625 0.059375
0 0.6796875 0.6546875 0.115625 0.059375
0 0.67578125 0.7 0.11875 0.0484375
0 0.68515625 0.73671875 0.1203125 0.05
0 0.671875 0.77890625 0.115625 0.04375
0 0.67265625 0.8234375 0.1140625 0.0515625
0 0.678125 0.86328125 0.115625 0.0640625
0 0.6765625 0.90546875 0.1125 0.0609375
0 0.79453125 0.1359375 0.1109375 0.059375
0 0.796875 0.19140625 0.128125 0.065625
0 0.790625 0.23828125 0.1265625 0.0453125
0 0.7921875 0.2859375 0.1296875 0.0703125
0 0.79140625 0.334375 0.125 0.0640625
0 0.79296875 0.371875 0.1171875 0.034375
0 0.8015625 0.4125 0.1296875 0.0390625
0 0.7984375 0.45625 0.11875 0.0484375
0 0.79609375 0.503125 0.1203125 0.059375
0 0.79609375 0.5546875 0.1171875 0.0421875
0 0.80078125 0.6046875 0.1234375 0.0671875
0 0.79921875 0.6578125 0.1203125 0.04375
0 0.796875 0.70625 0.1125 0.04375
0 0.7890625 0.74375 0.109375 0.0375
0 0.7828125 0.78515625 0.10625 0.0375
0 0.78515625 0.81875 0.115625 0.0359375
0 0.78984375 0.8625 0.1171875 0.0609375
0 0.78671875 0.915625 0.1109375 0.046875