0 0.2734375 0.21328125 0.0984375 0.05625
0 0.26875 0.26015625 0.10625 0.0453125
0 0.27109375 0.30625 0.1109375 0.053125
0 0.27109375 0.35390625 0.10625 0.0515625
0 0.27265625 0.39609375 0.1109375 0.053125
0 0.26953125 0.43828125 0.10625 0.05
0 0.27109375 0.47578125 0.10625 0.0515625
0 0.27109375 0.51875 0.109375 0.05625
0 0.27109375 0.559375 0.109375 0.053125
0 0.271875 0.60234375 0.10625 0.0546875
0 0.271875 0.640625 0.1109375 0.04375
0 0.27890625 0.67890625 0.1109375 0.040625
0 0.2765625 0.7125 0.1078125 0.0421875
0 0.278125 0.75625 0.1125 0.05
0 0.27734375 0.7890625 0.1109375 0.05
0 0.28203125 0.8296875 0.1078125 0.046875
0 0.284375 0.8703125 0.1109375 0.046875
0 0.284375 0.90859375 0.109375 0.040625
0 0.359375 0.1921875 0.0984375 0.065625
0 0.365625 0.24375 0.10625 0.0515625
0 0.3703125 0.2921875 0.1109375 0.046875
0 0.37109375 0.3375 0.103125 0.05
0 0.36953125 0.38125 0.103125 0.04375
0 0.36953125 0.4234375 0.103125 0.0453125
0 0.36796875 0.465625 0.1015625 0.0421875
0 0.36796875 0.5046875 0.1 0.0421875
0 0.37265625 0.5453125 0.10625 0.040625
0 0.3703125 0.5890625 0.1046875 0.046875
0 0.3734375 0.63359375 0.1046875 0.046875
0 0.3734375 0.6671875 0.09375 0.0421875
0 0.37734375 0.703125 0.0984375 0.0453125
0 0.37890625 0.74921875 0.0953125 0.0515625
0 0.38046875 0.7890625 0.09375 0.05625
0 0.3765625 0.82109375 0.0953125 0.0578125
0 0.38359375 0.86484375 0.096875 0.059375
0 0.3828125 0.8984375 0.09375 0.046875
0 0.45625 0.190625 0.0890625 0.04375
0 0.45859375 0.22890625 0.0921875 0.04375
0 0.465625 0.26875 0.096875 0.0515625
0 0.46484375 0.31328125 0.096875 0.0453125
0 0.4671875 0.3578125 0.096875 0.053125
0 0.46796875 0.40546875 0.09375 0.0515625
0 0.46953125 0.446875 0.096875 0.0484375
0 0.46328125 0.48359375 0.1 0.046875
0 0.46171875 0.5265625 0.0921875 0.053125
0 0.46328125 0.56953125 0.090625 0.046875
0 0.4671875 0.6140625 0.090625 0.05
0 0.46796875 0.65546875 0.09375 0.040625
0 0.46328125 0.6953125 0.096875 0.0390625
0 0.47734375 0.73359375 0.103125 0.0453125
0 0.4765625 0.7765625 0.0953125 0.04375
0 0.47734375 0.81484375 0.0984375 0.040625
0 0.4796875 0.8578125 0.103125 0.0453125
0 0.47734375 0.8953125 0.0984375 0.0421875
0 0.54296875 0.20234375 0.0890625 0.05
0 0.54921875 0.253125 0.0921875 0.053125
0 0.56015625 0.29609375 0.096875 0.04375
0 0.5625 0.33828125 0.1046875 0.046875
0 0.56328125 0.3765625 0.1046875 0.0390625
0 0.5640625 0.41796875 0.1015625 0.0421875
0 0.5609375 0.45546875 0.1015625 0.040625
0 0.55625 0.4953125 0.1015625 0.05
0 0.5484375 0.53515625 0.103125 0.0546875
0 0.5515625 0.57109375 0.096875 0.059375
0 0.55859375 0.60859375 0.096875 0.05625
0 0.5640625 0.6453125 0.0984375 0.05
0 0.56015625 0.6828125 0.1 0.04375
0 0.56953125 0.71875 0.09375 0.046875
0 0.5671875 0.76171875 0.09375 0.0421875
0 0.56328125 0.80078125 0.096875 0.0421875
0 0.56796875 0.84140625 0.09375 0.0390625
0 0.565625 0.88046875 0.0859375 0.046875
0 0.6296875 0.19375 0.090625 0.0484375
0 0.64296875 0.24140625 0.096875 0.046875
0 0.64453125 0.278125 0.096875 0.0375
0 0.64765625 0.31484375 0.0984375 0.0390625
0 0.6515625 0.35546875 0.09375 0.0390625
0 0.65546875 0.390625 0.09375 0.0390625
0 0.65625 0.434375 0.09375 0.0421875
0 0.65078125 0.475 0.0953125 0.0421875
0 0.6484375 0.5125 0.1 0.0390625
0 0.64765625 0.5484375 0.09375 0.0375
0 0.64765625 0.58671875 0.09375 0.04375
0 0.6515625 0.621875 0.0875 0.0390625
0 0.65234375 0.65859375 0.09375 0.0484375
0 0.65234375 0.69375 0.1015625 0.0390625
0 0.65390625 0.73671875 0.0921875 0.0515625
0 0.65546875 0.7765625 0.0984375 0.046875
0 0.6515625 0.8109375 0.0984375 0.040625
0 0.65546875 0.846875 0.0984375 0.04375
0 0.65234375 0.8828125 0.0953125 0.0453125
0 0.72734375 0.20234375 0.0890625 0.05625
0 0.73125 0.2453125 0.09375 0.05
0 0.73671875 0.290625 0.0828125 0.0390625
0 0.740625 0.325 0.09375 0.0375
0 0.74140625 0.3640625 0.090625 0.053125
0 0.7421875 0.40859375 0.096875 0.04375
0 0.74375 0.446875 0.09375 0.0421875
0 0.74453125 0.48515625 0.0890625 0.040625
0 0.74375 0.521875 0.096875 0.04375
0 0.7390625 0.55625 0.09375 0.0359375
0 0.7453125 0.5921875 0.096875 0.0359375
0 0.74140625 0.62421875 0.090625 0.0359375
0 0.73984375 0.65859375 0.090625 0.040625
0 0.74296875 0.6984375 0.090625 0.05
0 0.74609375 0.734375 0.0921875 0.0515625
0 0.74375 0.76953125 0.0890625 0.0546875
0 0.74296875 0.7984375 0.0890625 0.0484375
0 0.7453125 0.83359375 0.0828125 0.04375
0 0.74609375 0.871875 0.090625 0.0421875