0 0.47265625 0.45078125 0.06875 0.040625
0 0.53671875 0.53984375 0.065625 0.0390625
0 0.46953125 0.54140625 0.0671875 0.0421875
0 0.40546875 0.61875 0.071875 0.0328125
0 0.34375 0.33203125 0.0734375 0.0359375
0 0.6 0.31953125 0.0671875 0.0375
0 0.54140625 0.70078125 0.0640625 0.0515625
0 0.46484375 0.33203125 0.06875 0.0328125
0 0.59921875 0.48984375 0.0640625 0.0375
0 0.39609375 0.28515625 0.06875 0.0359375
0 0.40234375 0.31640625 0.071875 0.0375
0 0.4796875 0.5109375 0.0671875 0.0453125
0 0.53984375 0.43046875 0.0671875 0.0390625
0 0.3453125 0.45390625 0.071875 0.034375
0 0.471875 0.65546875 0.0640625 0.046875
0 0.4109375 0.44296875 0.06875 0.0359375
0 0.275 0.34140625 0.075 0.0375
0 0.41953125 0.71015625 0.06875 0.0359375
0 0.415625 0.53125 0.0703125 0.0328125
0 0.45859375 0.62421875 0.071875 0.0390625
0 0.4140625 0.5921875 0.065625 0.0359375
0 0.53828125 0.45546875 0.065625 0.0359375
0 0.59921875 0.515625 0.0640625 0.0390625
0 0.3453125 0.54296875 0.0703125 0.03125
0 0.60078125 0.40234375 0.0625 0.0375
0 0.34453125 0.36484375 0.0703125 0.0328125
0 0.3390625 0.39453125 0.071875 0.0359375
0 0.53828125 0.56640625 0.0625 0.0453125
0 0.60078125 0.43125 0.0625 0.0359375
0 0.53828125 0.5109375 0.0671875 0.0390625
0 0.5328125 0.340625 0.065625 0.034375
0 0.6 0.5453125 0.065625 0.0390625
0 0.346875 0.62734375 0.071875 0.0375
0 0.40703125 0.35078125 0.071875 0.0375
0 0.27578125 0.578125 0.075 0.034375
0 0.34453125 0.51328125 0.0703125 0.0328125
0 0.33828125 0.29453125 0.0671875 0.0359375
0 0.4765625 0.42265625 0.065625 0.0375
0 0.275 0.28046875 0.0765625 0.0453125
0 0.28046875 0.74765625 0.0765625 0.028125
0 0.540625 0.67265625 0.0625 0.0484375
0 0.59609375 0.284375 0.0671875 0.034375
0 0.54140625 0.59296875 0.065625 0.046875
0 0.41796875 0.678125 0.06875 0.03125
0 0.53125 0.6203125 0.06875 0.0421875
0 0.6 0.6484375 0.0640625 0.0359375
0 0.275 0.37421875 0.078125 0.0390625
0 0.275 0.4015625 0.0734375 0.0375
0 0.35078125 0.74140625 0.071875 0.03125
0 0.27734375 0.52265625 0.075 0.0359375
0 0.34453125 0.4859375 0.0734375 0.0328125
0 0.53515625 0.28125 0.06875 0.0390625
0 0.4671875 0.2734375 0.071875 0.034375
0 0.478125 0.68046875 0.065625 0.0515625
0 0.40703125 0.3828125 0.071875 0.0328125
0 0.46796875 0.303125 0.06875 0.03125
0 0.275 0.49296875 0.071875 0.034375
0 0.3453125 0.56875 0.0703125 0.0328125
0 0.47421875 0.39140625 0.06875 0.0359375
0 0.47734375 0.59765625 0.065625 0.0375
0 0.34765625 0.5984375 0.071875 0.03125
0 0.6 0.72109375 0.0625 0.034375
0 0.35078125 0.71328125 0.071875 0.034375
0 0.5984375 0.37578125 0.065625 0.034375
0 0.415625 0.5015625 0.0703125 0.034375
0 0.53515625 0.371875 0.0671875 0.0359375
0 0.35234375 0.68828125 0.0734375 0.0390625
0 0.47890625 0.73203125 0.065625 0.0359375
0 0.2765625 0.55234375 0.0734375 0.0390625
0 0.53828125 0.65 0.065625 0.0484375
0 0.471875 0.56796875 0.0703125 0.040625
0 0.5390625 0.3984375 0.0671875 0.0359375
0 0.60078125 0.69921875 0.0625 0.0390625
0 0.2765625 0.43359375 0.075 0.0359375
0 0.6 0.45859375 0.0640625 0.0359375
0 0.4140625 0.559375 0.06875 0.034375
0 0.46953125 0.36484375 0.06875 0.0375
0 0.3453125 0.4265625 0.071875 0.0328125
0 0.27578125 0.4640625 0.075 0.034375
0 0.41171875 0.6515625 0.0671875 0.034375
0 0.6 0.59609375 0.0671875 0.0359375
0 0.41796875 0.7359375 0.065625 0.0375
0 0.27890625 0.6921875 0.0765625 0.034375
0 0.41484375 0.47421875 0.06875 0.0359375
0 0.6015625 0.5671875 0.0640625 0.0359375
0 0.41171875 0.4140625 0.06875 0.0328125
0 0.275 0.66171875 0.071875 0.03125
0 0.2765625 0.71796875 0.0734375 0.0296875
0 0.3453125 0.6578125 0.0703125 0.0390625
0 0.59765625 0.346875 0.065625 0.0265625
0 0.5375 0.484375 0.065625 0.034375
0 0.59921875 0.6203125 0.065625 0.034375
0 0.6015625 0.671875 0.0625 0.034375
0 0.275 0.6359375 0.075 0.028125
0 0.48203125 0.70703125 0.065625 0.046875
0 0.2734375 0.3125 0.075 0.0359375
0 0.27734375 0.60703125 0.075 0.03125
0 0.5390625 0.7265625 0.0625 0.040625
0 0.47109375 0.48671875 0.071875 0.0515625
0 0.53515625 0.3125 0.0671875 0.03125