0 0.80546875 0.0625 0.159375 0.09375
0 0.6984375 0.103125 0.13125 0.071875
0 0.58828125 0.1234375 0.146875 0.071875
0 0.4109375 0.13125 0.15 0.0875
0 0.8109375 0.1296875 0.1453125 0.05625
0 0.72734375 0.15859375 0.15 0.0609375
0 0.60234375 0.1875 0.15625 0.071875
0 0.2328125 0.88203125 0.1328125 0.0703125
0 0.23203125 0.8375 0.1375 0.04375
0 0.32578125 0.88984375 0.1296875 0.078125
0 0.228125 0.803125 0.1265625 0.0390625
0 0.2203125 0.75859375 0.13125 0.0578125
0 0.21875 0.70546875 0.13125 0.0703125
0 0.40234375 0.87578125 0.140625 0.05
0 0.328125 0.83125 0.13125 0.0546875
0 0.4875 0.90390625 0.15 0.0546875
0 0.221875 0.653125 0.125 0.05625
0 0.22109375 0.60078125 0.1203125 0.0609375
0 0.2171875 0.55625 0.109375 0.0515625
0 0.2203125 0.5125 0.13125 0.05625
0 0.21796875 0.4640625 0.13125 0.0609375
0 0.2125 0.41015625 0.125 0.0703125
0 0.21953125 0.359375 0.13125 0.0671875
0 0.21953125 0.31171875 0.13125 0.0515625
0 0.21640625 0.259375 0.1421875 0.0609375
0 0.22109375 0.2078125 0.125 0.0546875
0 0.21953125 0.1609375 0.1109375 0.0671875
0 0.31875 0.78125 0.1328125 0.053125
0 0.3140625 0.73125 0.134375 0.0515625
0 0.31171875 0.67890625 0.1390625 0.0546875
0 0.30546875 0.6265625 0.13125 0.053125
0 0.303125 0.58125 0.1265625 0.0421875
0 0.3046875 0.53828125 0.1296875 0.0453125
0 0.296875 0.4890625 0.1375 0.0515625
0 0.296875 0.440625 0.1296875 0.0484375
0 0.290625 0.3921875 0.134375 0.059375
0 0.29296875 0.3375 0.140625 0.053125
0 0.30625 0.28359375 0.134375 0.059375
0 0.30859375 0.225 0.1390625 0.0625
0 0.30625 0.175 0.1265625 0.046875
0 0.28828125 0.13515625 0.125 0.0453125
0 0.40546875 0.190625 0.1421875 0.0484375
0 0.39140625 0.2453125 0.14375 0.0640625
0 0.3953125 0.3015625 0.1421875 0.059375
0 0.384375 0.35390625 0.1421875 0.0515625
0 0.38828125 0.40390625 0.140625 0.059375
0 0.396875 0.46171875 0.1390625 0.059375
0 0.40234375 0.5140625 0.1453125 0.0515625
0 0.40390625 0.56015625 0.1484375 0.0484375
0 0.403125 0.6078125 0.1453125 0.059375
0 0.40625 0.659375 0.1453125 0.059375
0 0.4046875 0.7078125 0.15 0.0515625
0 0.409375 0.75703125 0.1453125 0.053125
0 0.41328125 0.80859375 0.146875 0.0515625
0 0.4984375 0.16015625 0.1328125 0.059375
0 0.503125 0.21328125 0.1453125 0.05625
0 0.50078125 0.27109375 0.1484375 0.059375
0 0.49609375 0.325 0.1484375 0.0578125
0 0.49140625 0.37734375 0.1421875 0.053125
0 0.48046875 0.42890625 0.1515625 0.059375
0 0.490625 0.484375 0.15 0.05625
0 0.5015625 0.54140625 0.1484375 0.053125
0 0.5046875 0.59296875 0.146875 0.0546875
0 0.5078125 0.64609375 0.1484375 0.0484375
0 0.5046875 0.69296875 0.1484375 0.05
0 0.50078125 0.74140625 0.1234375 0.0515625
0 0.52109375 0.7875 0.1453125 0.0484375
0 0.4875 0.84453125 0.140625 0.059375
0 0.6171875 0.246875 0.1453125 0.059375
0 0.59921875 0.30078125 0.1375 0.059375
0 0.6015625 0.3578125 0.1453125 0.05625
0 0.5890625 0.40703125 0.1515625 0.0625
0 0.58515625 0.45859375 0.1515625 0.0640625
0 0.58828125 0.5125 0.146875 0.0515625
0 0.5984375 0.56640625 0.1484375 0.0625
0 0.6140625 0.61953125 0.146875 0.053125
0 0.609375 0.66875 0.1484375 0.0546875
0 0.60078125 0.72578125 0.1515625 0.0671875
0 0.60390625 0.77578125 0.1546875 0.053125
0 0.596875 0.83046875 0.146875 0.059375
0 0.59375 0.89609375 0.15 0.0703125
0 0.709375 0.21875 0.1515625 0.078125
0 0.69765625 0.28984375 0.1453125 0.0625
0 0.70390625 0.33984375 0.1375 0.0515625
0 0.696875 0.38828125 0.1375 0.0546875
0 0.7 0.44375 0.14375 0.0578125
0 0.7 0.4890625 0.1609375 0.0453125
0 0.703125 0.53828125 0.1578125 0.053125
0 0.715625 0.59296875 0.15625 0.065625
0 0.70546875 0.65234375 0.1578125 0.0375
0 0.71328125 0.70625 0.1609375 0.059375
0 0.71171875 0.76171875 0.1515625 0.065625
0 0.70859375 0.8125 0.159375 0.046875
0 0.6796875 0.86484375 0.1578125 0.0546875
0 0.696875 0.91796875 0.15 0.0484375
0 0.80859375 0.1875 0.1515625 0.065625
0 0.8109375 0.25078125 0.15 0.0703125
0 0.81015625 0.3109375 0.1515625 0.0515625
0 0.8125 0.3609375 0.1484375 0.0484375
0 0.81171875 0.4125 0.1453125 0.05
0 0.815625 0.4625 0.15 0.046875
0 0.8171875 0.5109375 0.153125 0.05
0 0.81640625 0.56015625 0.1578125 0.0546875
0 0.8171875 0.61796875 0.1546875 0.065625
0 0.8203125 0.67109375 0.1515625 0.0578125
0 0.81640625 0.72109375 0.15 0.0734375
0 0.815625 0.771875 0.1515625 0.065625
0 0.8140625 0.83125 0.15 0.0671875
0 0.81640625 0.87578125 0.1421875 0.0375
0 0.8140625 0.9125 0.140625 0.0578125