0 0.29375 0.8 0.1109375 0.04375
0 0.28828125 0.7640625 0.103125 0.040625
0 0.28203125 0.72734375 0.0953125 0.04375
0 0.2859375 0.6953125 0.1 0.0484375
0 0.28828125 0.665625 0.1 0.0375
0 0.28671875 0.63671875 0.103125 0.046875
0 0.28671875 0.60234375 0.1046875 0.0484375
0 0.28671875 0.56484375 0.1015625 0.04375
0 0.2875 0.53046875 0.1015625 0.040625
0 0.28828125 0.48984375 0.1 0.053125
0 0.2890625 0.44921875 0.1015625 0.0515625
0 0.2921875 0.409375 0.1 0.0421875
0 0.28984375 0.3671875 0.09375 0.0578125
0 0.29140625 0.3296875 0.1015625 0.0515625
0 0.29921875 0.29453125 0.1015625 0.0359375
0 0.29921875 0.253125 0.1015625 0.053125
0 0.3703125 0.8 0.1046875 0.0546875
0 0.36875 0.7609375 0.109375 0.0421875
0 0.3671875 0.72734375 0.1078125 0.0390625
0 0.36640625 0.69296875 0.109375 0.0359375
0 0.3703125 0.6625 0.1109375 0.034375
0 0.35546875 0.63125 0.1109375 0.0359375
0 0.35234375 0.590625 0.1046875 0.046875
0 0.35703125 0.5515625 0.1015625 0.034375
0 0.36171875 0.51796875 0.103125 0.0375
0 0.34921875 0.4796875 0.109375 0.04375
0 0.35546875 0.4390625 0.1109375 0.04375
0 0.35703125 0.40078125 0.0953125 0.0375
0 0.3546875 0.3625 0.10625 0.046875
0 0.3640625 0.31875 0.1078125 0.0484375
0 0.37421875 0.27890625 0.103125 0.040625
0 0.378125 0.2375 0.1078125 0.0578125
0 0.43828125 0.7921875 0.1125 0.046875
0 0.440625 0.75078125 0.1078125 0.0390625
0 0.4375 0.7140625 0.1078125 0.040625
0 0.45 0.68125 0.109375 0.03125
0 0.446875 0.646875 0.1109375 0.040625
0 0.42890625 0.60859375 0.1109375 0.0375
0 0.425 0.5734375 0.1140625 0.0359375
0 0.43671875 0.5375 0.1109375 0.040625
0 0.43125 0.496875 0.1125 0.0453125
0 0.42890625 0.459375 0.1078125 0.0375
0 0.43203125 0.425 0.1078125 0.0375
0 0.42578125 0.38515625 0.1078125 0.0453125
0 0.43203125 0.346875 0.1046875 0.0390625
0 0.4390625 0.30859375 0.1125 0.0453125
0 0.440625 0.26484375 0.1125 0.0453125
0 0.45546875 0.215625 0.10625 0.0625
0 0.49453125 0.8109375 0.115625 0.0359375
0 0.50625 0.775 0.1078125 0.0421875
0 0.528125 0.73984375 0.109375 0.04375
0 0.528125 0.703125 0.1140625 0.0453125
0 0.53125 0.66640625 0.10625 0.0359375
0 0.509375 0.6296875 0.1125 0.040625
0 0.5125 0.59453125 0.1171875 0.0390625
0 0.50625 0.5578125 0.1125 0.0390625
0 0.50625 0.51796875 0.1109375 0.040625
0 0.51171875 0.4796875 0.115625 0.04375
0 0.50703125 0.44140625 0.109375 0.0390625
0 0.50625 0.4015625 0.11875 0.0421875
0 0.50859375 0.36328125 0.1125 0.0390625
0 0.51328125 0.32734375 0.103125 0.0359375
0 0.5125 0.28984375 0.109375 0.0453125
0 0.51328125 0.24453125 0.1125 0.0515625
0 0.5828125 0.81015625 0.103125 0.059375
0 0.59375 0.7734375 0.10625 0.0484375
0 0.60859375 0.73671875 0.1109375 0.05
0 0.60078125 0.6953125 0.1125 0.05
0 0.596875 0.65078125 0.1109375 0.0515625
0 0.596875 0.6109375 0.1125 0.0390625
0 0.5953125 0.57578125 0.1140625 0.040625
0 0.5765625 0.5390625 0.1109375 0.0375
0 0.5890625 0.4984375 0.1125 0.0453125
0 0.5953125 0.4609375 0.1046875 0.0328125
0 0.5859375 0.425 0.1125 0.04375
0 0.5828125 0.3828125 0.109375 0.046875
0 0.5859375 0.346875 0.1125 0.034375
0 0.5890625 0.31015625 0.109375 0.0484375
0 0.5875 0.265625 0.1109375 0.04375
0 0.6484375 0.24375 0.109375 0.0484375
0 0.6640625 0.80703125 0.109375 0.0515625
0 0.6671875 0.76328125 0.1109375 0.0390625
0 0.67890625 0.72265625 0.1125 0.0484375
0 0.66796875 0.6796875 0.1140625 0.04375
0 0.671875 0.63828125 0.1078125 0.0453125
0 0.6796875 0.5984375 0.11875 0.0390625
0 0.6640625 0.559375 0.115625 0.04375
0 0.6625 0.51953125 0.1171875 0.0421875
0 0.675 0.48046875 0.1125 0.0515625
0 0.6734375 0.4421875 0.1078125 0.040625
0 0.6625 0.40703125 0.121875 0.0359375
0 0.6671875 0.37109375 0.109375 0.04375
0 0.675 0.33046875 0.10625 0.046875
0 0.66875 0.2890625 0.1125 0.0453125
0 0.73203125 0.8171875 0.1171875 0.046875
0 0.734375 0.7796875 0.1109375 0.0359375
0 0.74375 0.74375 0.1 0.040625
0 0.7359375 0.70390625 0.1046875 0.0515625
0 0.74375 0.66328125 0.1015625 0.046875
0 0.74765625 0.6171875 0.103125 0.0546875
0 0.74296875 0.575 0.1078125 0.0546875
0 0.73984375 0.53515625 0.115625 0.0453125
0 0.7421875 0.50390625 0.10625 0.0375
0 0.740625 0.46875 0.10625 0.0453125
0 0.740625 0.43046875 0.1015625 0.0484375
0 0.74296875 0.3984375 0.0921875 0.040625
0 0.73515625 0.36171875 0.1046875 0.0390625
0 0.74140625 0.31640625 0.103125 0.05
0 0.73671875 0.26484375 0.1078125 0.0546875
0 0.73203125 0.22109375 0.10625 0.08125